2.3784E+03,-0.014589,0.009430,0.06382,0.0
2.3784E+03,-0.014612,0.009509,0.06382,0.0
2.3793E+03,-0.014612,0.009509,0.05112,2000.0
2.3793E+03,-0.014868,0.009116,0.05112,2000.0
2.3793E+03,-0.015268,0.008414,0.05112,2000.0
2.3794E+03,-0.015497,0.007999,0.05112,2000.0
2.3794E+03,-0.015841,0.007276,0.05112,2000.0
2.3794E+03,-0.015842,0.007276,0.05112,2000.0
2.3795E+03,-0.016039,0.006849,0.05112,2000.0
2.3795E+03,-0.016330,0.006098,0.05112,2000.0
2.3795E+03,-0.016500,0.005649,0.05112,2000.0
2.3796E+03,-0.016732,0.004887,0.05112,2000.0
2.3796E+03,-0.016871,0.004416,0.05112,2000.0
2.3797E+03,-0.017044,0.003651,0.05112,2000.0
2.3797E+03,-0.017150,0.003171,0.05112,2000.0
2.3798E+03,-0.017265,0.002396,0.05112,2000.0
2.3798E+03,-0.017336,0.001907,0.05112,2000.0
2.3799E+03,-0.017394,0.001126,0.05112,2000.0
2.3799E+03,-0.017429,0.000645,0.05112,2000.0
2.3800E+03,-0.017429,-0.000645,0.05112,2000.0
2.3800E+03,-0.017394,-0.001126,0.05112,2000.0
2.3801E+03,-0.017336,-0.001907,0.05112,2000.0
2.3801E+03,-0.017265,-0.002396,0.05112,2000.0
2.3801E+03,-0.017150,-0.003171,0.05112,2000.0
2.3802E+03,-0.017044,-0.003651,0.05112,2000.0
2.3802E+03,-0.016871,-0.004419,0.05112,2000.0
2.3803E+03,-0.016732,-0.004887,0.05112,2000.0
2.3803E+03,-0.016500,-0.005649,0.05112,2000.0
2.3803E+03,-0.016330,-0.006098,0.05112,2000.0
2.3804E+03,-0.016035,-0.006859,0.05112,2000.0
2.3804E+03,-0.015842,-0.007276,0.05112,2000.0
2.3804E+03,-0.015841,-0.007276,0.05112,2000.0
2.3805E+03,-0.015497,-0.007999,0.05112,2000.0
2.3805E+03,-0.015268,-0.008414,0.05112,2000.0
2.3806E+03,-0.014868,-0.009116,0.05112,2000.0
2.3806E+03,-0.014612,-0.009509,0.05112,2000.0
2.3806E+03,-0.014167,-0.010172,0.05112,2000.0
2.3807E+03,-0.013878,-0.010552,0.05112,2000.0
2.3807E+03,-0.013377,-0.011190,0.05112,2000.0
2.3808E+03,-0.013069,-0.011538,0.05112,2000.0
2.3808E+03,-0.012515,-0.012146,0.05112,2000.0
2.3809E+03,-0.012191,-0.012464,0.05112,2000.0
2.3809E+03,-0.011602,-0.013021,0.05112,2000.0
2.3809E+03,-0.011249,-0.013321,0.05112,2000.0
2.3810E+03,-0.010626,-0.013828,0.05112,2000.0
2.3810E+03,-0.010232,-0.014117,0.05112,2000.0
2.3811E+03,-0.009579,-0.014573,0.05112,2000.0
2.3811E+03,-0.009169,-0.014830,0.05112,2000.0
2.3812E+03,-0.008491,-0.015233,0.05112,2000.0
2.3812E+03,-0.008038,-0.015473,0.05112,2000.0
2.3812E+03,-0.007359,-0.015811,0.05112,2000.0
2.3813E+03,-0.006926,-0.016002,0.05112,2000.0
2.3813E+03,-0.006169,-0.016312,0.05112,2000.0
2.3814E+03,-0.005715,-0.016473,0.05112,2000.0
2.3814E+03,-0.004970,-0.016716,0.05112,2000.0
2.3814E+03,-0.004489,-0.016849,0.05112,2000.0
2.3815E+03,-0.003730,-0.017035,0.05112,2000.0
2.3815E+03,-0.003251,-0.017131,0.05112,2000.0
2.3816E+03,-0.002467,-0.017263,0.05112,2000.0
2.3816E+03,-0.001973,-0.017326,0.05112,2000.0
2.3817E+03,-0.001201,-0.017398,0.05112,2000.0
2.3817E+03,-0.000732,-0.017423,0.05112,2000.0
2.3818E+03,0.000072,-0.017437,0.05112,2000.0
2.3818E+03,0.000580,-0.017428,0.05112,2000.0
2.3818E+03,0.001337,-0.017386,0.05112,2000.0
2.3819E+03,0.001850,-0.017340,0.05112,2000.0
2.3819E+03,0.002618,-0.017240,0.05112,2000.0
2.3820E+03,0.003093,-0.017163,0.05112,2000.0
2.3820E+03,0.003879,-0.017000,0.05112,2000.0
2.3820E+03,0.004353,-0.016887,0.05112,2000.0
2.3821E+03,0.005095,-0.016676,0.05112,2000.0
2.3821E+03,0.005576,-0.016524,0.05112,2000.0
2.3822E+03,0.006320,-0.016251,0.05112,2000.0
2.3822E+03,0.006771,-0.016071,0.05112,2000.0
2.3823E+03,0.007465,-0.015757,0.05112,2000.0
2.3823E+03,0.007934,-0.015529,0.05112,2000.0
2.3824E+03,0.008614,-0.015159,0.05112,2000.0
2.3824E+03,0.009053,-0.014906,0.05112,2000.0
2.3824E+03,0.009709,-0.014483,0.05112,2000.0
2.3825E+03,0.010094,-0.014221,0.05112,2000.0
2.3825E+03,0.010753,-0.013724,0.05112,2000.0
2.3826E+03,0.011123,-0.013433,0.05112,2000.0
2.3826E+03,0.011728,-0.012901,0.05112,2000.0
2.3826E+03,0.012070,-0.012588,0.05112,2000.0
2.3827E+03,0.012639,-0.012009,0.05112,2000.0
2.3827E+03,0.012968,-0.011661,0.05112,2000.0
2.3828E+03,0.013465,-0.011074,0.05112,2000.0
2.3828E+03,0.013786,-0.010682,0.05112,2000.0
2.3829E+03,0.014241,-0.010055,0.05112,2000.0
2.3829E+03,0.014525,-0.009654,0.05112,2000.0
2.3829E+03,0.014950,-0.008967,0.05112,2000.0
2.3830E+03,0.015193,-0.008563,0.05112,2000.0
2.3830E+03,0.015556,-0.007868,0.05112,2000.0
2.3831E+03,0.015778,-0.007430,0.05112,2000.0
2.3831E+03,0.016090,-0.006705,0.05112,2000.0
2.3832E+03,0.016284,-0.006242,0.05112,2000.0
2.3832E+03,0.016538,-0.005510,0.05112,2000.0
2.3832E+03,0.016698,-0.005035,0.05112,2000.0
2.3833E+03,0.016897,-0.004282,0.05112,2000.0
2.3833E+03,0.017021,-0.003802,0.05112,2000.0
2.3834E+03,0.017165,-0.003032,0.05112,2000.0
2.3834E+03,0.017254,-0.002548,0.05112,2000.0
2.3835E+03,0.017341,-0.001767,0.05112,2000.0
2.3835E+03,0.017340,-0.001767,0.05112,2000.0
2.3835E+03,0.017393,-0.001276,0.05112,2000.0
2.3835E+03,0.017423,-0.000491,0.05112,2000.0
2.3836E+03,0.017441,0.000000,0.05112,2000.0
2.3836E+03,0.017423,0.000488,0.05112,2000.0
2.3837E+03,0.017393,0.001276,0.05112,2000.0
2.3837E+03,0.017340,0.001767,0.05112,2000.0
2.3837E+03,0.017341,0.001767,0.05112,2000.0
2.3837E+03,0.017254,0.002548,0.05112,2000.0
2.3838E+03,0.017166,0.003026,0.05112,2000.0
2.3838E+03,0.017021,0.003802,0.05112,2000.0
2.3839E+03,0.016899,0.004273,0.05112,2000.0
2.3839E+03,0.016698,0.005035,0.05112,2000.0
2.3840E+03,0.016543,0.005495,0.05112,2000.0
2.3840E+03,0.016284,0.006242,0.05112,2000.0
2.3840E+03,0.016096,0.006691,0.05112,2000.0
2.3841E+03,0.015778,0.007430,0.05112,2000.0
2.3841E+03,0.015565,0.007850,0.05112,2000.0
2.3842E+03,0.015193,0.008563,0.05112,2000.0
2.3842E+03,0.014950,0.008967,0.05112,2000.0
2.3843E+03,0.014525,0.009654,0.05112,2000.0
2.3843E+03,0.014253,0.010038,0.05112,2000.0
2.3843E+03,0.013786,0.010682,0.05112,2000.0
2.3844E+03,0.013465,0.011074,0.05112,2000.0
2.3844E+03,0.012968,0.011661,0.05112,2000.0
2.3845E+03,0.012639,0.012009,0.05112,2000.0
2.3845E+03,0.012070,0.012588,0.05112,2000.0
2.3845E+03,0.011728,0.012901,0.05112,2000.0
2.3846E+03,0.011123,0.013433,0.05112,2000.0
2.3846E+03,0.010753,0.013724,0.05112,2000.0
2.3847E+03,0.010094,0.014221,0.05112,2000.0
2.3847E+03,0.009709,0.014483,0.05112,2000.0
2.3848E+03,0.009053,0.014906,0.05112,2000.0
2.3848E+03,0.008614,0.015159,0.05112,2000.0
2.3849E+03,0.007934,0.015529,0.05112,2000.0
2.3849E+03,0.007464,0.015757,0.05112,2000.0
2.3849E+03,0.006771,0.016071,0.05112,2000.0
2.3850E+03,0.006320,0.016251,0.05112,2000.0
2.3850E+03,0.005576,0.016524,0.05112,2000.0
2.3851E+03,0.005095,0.016676,0.05112,2000.0
2.3851E+03,0.004353,0.016887,0.05112,2000.0
2.3851E+03,0.003879,0.017000,0.05112,2000.0
2.3852E+03,0.003093,0.017163,0.05112,2000.0
2.3852E+03,0.002618,0.017240,0.05112,2000.0
2.3853E+03,0.001850,0.017340,0.05112,2000.0
2.3853E+03,0.001337,0.017386,0.05112,2000.0
2.3854E+03,0.000580,0.017428,0.05112,2000.0
2.3854E+03,0.000072,0.017437,0.05112,2000.0
2.3855E+03,-0.000732,0.017423,0.05112,2000.0
2.3855E+03,-0.001201,0.017398,0.05112,2000.0
2.3855E+03,-0.001973,0.017326,0.05112,2000.0
2.3856E+03,-0.002467,0.017263,0.05112,2000.0
2.3856E+03,-0.003251,0.017131,0.05112,2000.0
2.3857E+03,-0.003730,0.017035,0.05112,2000.0
2.3857E+03,-0.004489,0.016849,0.05112,2000.0
2.3857E+03,-0.004970,0.016716,0.05112,2000.0
2.3858E+03,-0.005715,0.016473,0.05112,2000.0
2.3858E+03,-0.006169,0.016312,0.05112,2000.0
2.3859E+03,-0.006926,0.016002,0.05112,2000.0
2.3859E+03,-0.007359,0.015811,0.05112,2000.0
2.3860E+03,-0.008040,0.015472,0.05112,2000.0
2.3860E+03,-0.008491,0.015233,0.05112,2000.0
2.3860E+03,-0.009169,0.014830,0.05112,2000.0
2.3861E+03,-0.009579,0.014573,0.05112,2000.0
2.3861E+03,-0.010232,0.014117,0.05112,2000.0
2.3862E+03,-0.010626,0.013828,0.05112,2000.0
2.3862E+03,-0.011249,0.013321,0.05112,2000.0
2.3862E+03,-0.011602,0.013021,0.05112,2000.0
2.3863E+03,-0.012191,0.012464,0.05112,2000.0
2.3863E+03,-0.012515,0.012146,0.05112,2000.0
2.3864E+03,-0.013069,0.011538,0.05112,2000.0
2.3864E+03,-0.013384,0.011182,0.05112,2000.0
2.3865E+03,-0.013878,0.010552,0.05112,2000.0
2.3865E+03,-0.014167,0.010172,0.05112,2000.0
2.3866E+03,-0.014612,0.009509,0.05112,0.0
2.3874E+03,-0.014612,0.009509,0.06382,0.0
2.3875E+03,-0.013200,0.008562,0.06382,0.0
2.3883E+03,-0.013200,0.008562,0.05112,2000.0
2.3884E+03,-0.013412,0.008237,0.05112,2000.0
2.3884E+03,-0.013791,0.007572,0.05112,2000.0
2.3884E+03,-0.013982,0.007227,0.05112,2000.0
2.3885E+03,-0.014324,0.006509,0.05112,2000.0
2.3885E+03,-0.014476,0.006178,0.05112,2000.0
2.3886E+03,-0.014740,0.005496,0.05112,2000.0
2.3886E+03,-0.014893,0.005093,0.05112,2000.0
2.3886E+03,-0.015106,0.004392,0.05112,2000.0
2.3887E+03,-0.015224,0.003993,0.05112,2000.0
2.3887E+03,-0.015386,0.003276,0.05112,2000.0
2.3887E+03,-0.015476,0.002868,0.05112,2000.0
2.3888E+03,-0.015583,0.002146,0.05112,2000.0
2.3888E+03,-0.015584,0.002146,0.05112,2000.0
2.3888E+03,-0.015645,0.001723,0.05112,2000.0
2.3889E+03,-0.015699,0.001003,0.05112,2000.0
2.3889E+03,-0.015698,0.001003,0.05112,2000.0
2.3889E+03,-0.015729,0.000577,0.05112,2000.0
2.3890E+03,-0.015729,-0.000577,0.05112,2000.0
2.3890E+03,-0.015698,-0.001003,0.05112,2000.0
2.3890E+03,-0.015699,-0.001003,0.05112,2000.0
2.3891E+03,-0.015645,-0.001723,0.05112,2000.0
2.3891E+03,-0.015584,-0.002146,0.05112,2000.0
2.3891E+03,-0.015583,-0.002146,0.05112,2000.0
2.3891E+03,-0.015476,-0.002868,0.05112,2000.0
2.3892E+03,-0.015386,-0.003277,0.05112,2000.0
2.3892E+03,-0.015228,-0.003980,0.05112,2000.0
2.3892E+03,-0.015102,-0.004403,0.05112,2000.0
2.3892E+03,-0.015103,-0.004403,0.05112,2000.0
2.3893E+03,-0.014893,-0.005093,0.05112,2000.0
2.3893E+03,-0.014745,-0.005484,0.05112,2000.0
2.3894E+03,-0.014472,-0.006188,0.05112,2000.0
2.3894E+03,-0.014329,-0.006496,0.05112,2000.0
2.3894E+03,-0.013982,-0.007227,0.05112,2000.0
2.3895E+03,-0.013791,-0.007572,0.05112,2000.0
2.3895E+03,-0.013412,-0.008237,0.05112,2000.0
2.3895E+03,-0.013200,-0.008562,0.05112,2000.0
2.3896E+03,-0.012780,-0.009187,0.05112,2000.0
2.3896E+03,-0.012541,-0.009502,0.05112,2000.0
2.3897E+03,-0.012073,-0.010098,0.05112,2000.0
2.3897E+03,-0.011812,-0.010393,0.05112,2000.0
2.3898E+03,-0.011286,-0.010971,0.05112,2000.0
2.3898E+03,-0.011000,-0.011251,0.05112,2000.0
2.3898E+03,-0.010466,-0.011756,0.05112,2000.0
2.3899E+03,-0.010176,-0.012002,0.05112,2000.0
2.3899E+03,-0.009579,-0.012487,0.05112,2000.0
2.3899E+03,-0.009246,-0.012732,0.05112,2000.0
2.3900E+03,-0.008636,-0.013158,0.05112,2000.0
2.3900E+03,-0.008300,-0.013369,0.05112,2000.0
2.3901E+03,-0.007658,-0.013751,0.05112,2000.0
2.3901E+03,-0.007280,-0.013951,0.05112,2000.0
2.3901E+03,-0.006623,-0.014278,0.05112,2000.0
2.3902E+03,-0.006265,-0.014436,0.05112,2000.0
2.3902E+03,-0.005562,-0.014724,0.05112,2000.0
2.3902E+03,-0.005169,-0.014863,0.05112,2000.0
2.3903E+03,-0.004494,-0.015083,0.05112,2000.0
2.3903E+03,-0.004044,-0.015208,0.05112,2000.0
2.3904E+03,-0.003365,-0.015374,0.05112,2000.0
2.3904E+03,-0.002925,-0.015462,0.05112,2000.0
2.3904E+03,-0.002221,-0.015581,0.05112,2000.0
2.3905E+03,-0.001807,-0.015634,0.05112,2000.0
2.3905E+03,-0.001077,-0.015702,0.05112,2000.0
2.3905E+03,-0.000669,-0.015724,0.05112,2000.0
2.3906E+03,0.000072,-0.015736,0.05112,2000.0
2.3906E+03,0.000535,-0.015728,0.05112,2000.0
2.3907E+03,0.001208,-0.015691,0.05112,2000.0
2.3907E+03,0.001652,-0.015651,0.05112,2000.0
2.3907E+03,0.002385,-0.015556,0.05112,2000.0
2.3908E+03,0.002774,-0.015493,0.05112,2000.0
2.3908E+03,0.003512,-0.015340,0.05112,2000.0
2.3909E+03,0.003933,-0.015239,0.05112,2000.0
2.3909E+03,0.004603,-0.015049,0.05112,2000.0
2.3909E+03,0.005022,-0.014916,0.05112,2000.0
2.3910E+03,0.005717,-0.014661,0.05112,2000.0
2.3910E+03,0.006101,-0.014508,0.05112,2000.0
2.3911E+03,0.006752,-0.014214,0.05112,2000.0
2.3911E+03,0.007155,-0.014018,0.05112,2000.0
2.3911E+03,0.007778,-0.013679,0.05112,2000.0
2.3912E+03,0.008169,-0.013453,0.05112,2000.0
2.3912E+03,0.008788,-0.013054,0.05112,2000.0
2.3912E+03,0.009093,-0.012846,0.05112,2000.0
2.3913E+03,0.009729,-0.012367,0.05112,2000.0
2.3913E+03,0.010026,-0.012134,0.05112,2000.0
2.3914E+03,0.010605,-0.011624,0.05112,2000.0
2.3914E+03,0.010882,-0.011371,0.05112,2000.0
2.3914E+03,0.011426,-0.010817,0.05112,2000.0
2.3915E+03,0.011707,-0.010521,0.05112,2000.0
2.3915E+03,0.012150,-0.009997,0.05112,2000.0
2.3915E+03,0.012439,-0.009644,0.05112,2000.0
2.3916E+03,0.012854,-0.009072,0.05112,2000.0
2.3916E+03,0.013107,-0.008715,0.05112,2000.0
2.3917E+03,0.013493,-0.008091,0.05112,2000.0
2.3917E+03,0.013709,-0.007731,0.05112,2000.0
2.3917E+03,0.014040,-0.007099,0.05112,2000.0
2.3918E+03,0.014234,-0.006717,0.05112,2000.0
2.3918E+03,0.014522,-0.006048,0.05112,2000.0
2.3919E+03,0.014697,-0.005631,0.05112,2000.0
2.3919E+03,0.014927,-0.004967,0.05112,2000.0
2.3919E+03,0.015068,-0.004550,0.05112,2000.0
2.3920E+03,0.015251,-0.003857,0.05112,2000.0
2.3920E+03,0.015360,-0.003434,0.05112,2000.0
2.3921E+03,0.015493,-0.002725,0.05112,2000.0
2.3921E+03,0.015570,-0.002306,0.05112,2000.0
2.3921E+03,0.015651,-0.001579,0.05112,2000.0
2.3922E+03,0.015696,-0.001159,0.05112,2000.0
2.3922E+03,0.015724,-0.000429,0.05112,2000.0
2.3922E+03,0.015740,-0.000001,0.05112,2000.0
2.3923E+03,0.015724,0.000423,0.05112,2000.0
2.3923E+03,0.015696,0.001159,0.05112,2000.0
2.3923E+03,0.015651,0.001579,0.05112,2000.0
2.3924E+03,0.015570,0.002304,0.05112,2000.0
2.3924E+03,0.015495,0.002714,0.05112,2000.0
2.3925E+03,0.015362,0.003427,0.05112,2000.0
2.3925E+03,0.015255,0.003839,0.05112,2000.0
2.3925E+03,0.015067,0.004550,0.05112,2000.0
2.3926E+03,0.014937,0.004938,0.05112,2000.0
2.3926E+03,0.014697,0.005631,0.05112,2000.0
2.3927E+03,0.014534,0.006019,0.05112,2000.0
2.3927E+03,0.014234,0.006716,0.05112,2000.0
2.3927E+03,0.014058,0.007064,0.05112,2000.0
2.3928E+03,0.013713,0.007725,0.05112,2000.0
2.3928E+03,0.013504,0.008073,0.05112,2000.0
2.3929E+03,0.013107,0.008715,0.05112,2000.0
2.3929E+03,0.012877,0.009040,0.05112,2000.0
2.3929E+03,0.012439,0.009644,0.05112,2000.0
2.3930E+03,0.012150,0.009997,0.05112,2000.0
2.3930E+03,0.011707,0.010520,0.05112,2000.0
2.3930E+03,0.011426,0.010817,0.05112,2000.0
2.3931E+03,0.010882,0.011371,0.05112,2000.0
2.3931E+03,0.010605,0.011624,0.05112,2000.0
2.3932E+03,0.010026,0.012134,0.05112,2000.0
2.3932E+03,0.009729,0.012367,0.05112,2000.0
2.3932E+03,0.009093,0.012846,0.05112,2000.0
2.3933E+03,0.008788,0.013054,0.05112,2000.0
2.3933E+03,0.008169,0.013453,0.05112,2000.0
2.3933E+03,0.007778,0.013679,0.05112,2000.0
2.3934E+03,0.007164,0.014012,0.05112,2000.0
2.3934E+03,0.006722,0.014227,0.05112,2000.0
2.3935E+03,0.006111,0.014504,0.05112,2000.0
2.3935E+03,0.005717,0.014661,0.05112,2000.0
2.3935E+03,0.005022,0.014916,0.05112,2000.0
2.3936E+03,0.004603,0.015049,0.05112,2000.0
2.3936E+03,0.003933,0.015239,0.05112,2000.0
2.3936E+03,0.003512,0.015340,0.05112,2000.0
2.3937E+03,0.002774,0.015493,0.05112,2000.0
2.3937E+03,0.002385,0.015556,0.05112,2000.0
2.3938E+03,0.001652,0.015651,0.05112,2000.0
2.3938E+03,0.001208,0.015691,0.05112,2000.0
2.3939E+03,0.000535,0.015728,0.05112,2000.0
2.3939E+03,0.000072,0.015736,0.05112,2000.0
2.3939E+03,-0.000669,0.015724,0.05112,2000.0
2.3940E+03,-0.001077,0.015702,0.05112,2000.0
2.3940E+03,-0.001807,0.015634,0.05112,2000.0
2.3940E+03,-0.002221,0.015581,0.05112,2000.0
2.3941E+03,-0.002925,0.015462,0.05112,2000.0
2.3941E+03,-0.003365,0.015374,0.05112,2000.0
2.3942E+03,-0.004044,0.015208,0.05112,2000.0
2.3942E+03,-0.004494,0.015083,0.05112,2000.0
2.3942E+03,-0.005169,0.014863,0.05112,2000.0
2.3943E+03,-0.005562,0.014724,0.05112,2000.0
2.3943E+03,-0.006265,0.014436,0.05112,2000.0
2.3943E+03,-0.006623,0.014278,0.05112,2000.0
2.3944E+03,-0.007282,0.013950,0.05112,2000.0
2.3944E+03,-0.007658,0.013751,0.05112,2000.0
2.3945E+03,-0.008300,0.013369,0.05112,2000.0
2.3945E+03,-0.008636,0.013158,0.05112,2000.0
2.3945E+03,-0.009246,0.012732,0.05112,2000.0
2.3946E+03,-0.009579,0.012487,0.05112,2000.0
2.3946E+03,-0.010176,0.012002,0.05112,2000.0
2.3946E+03,-0.010466,0.011756,0.05112,2000.0
2.3947E+03,-0.011007,0.011244,0.05112,2000.0
2.3947E+03,-0.011286,0.010971,0.05112,2000.0
2.3948E+03,-0.011812,0.010393,0.05112,2000.0
2.3948E+03,-0.012077,0.010093,0.05112,2000.0
2.3949E+03,-0.012540,0.009503,0.05112,2000.0
2.3949E+03,-0.012780,0.009187,0.05112,2000.0
2.3949E+03,-0.013200,0.008562,0.05112,0.0
2.3958E+03,-0.013200,0.008562,0.06382,0.0
2.3959E+03,-0.011776,0.007633,0.06382,0.0
2.3967E+03,-0.011776,0.007633,0.05112,2000.0
2.3967E+03,-0.011961,0.007349,0.05112,2000.0
2.3968E+03,-0.012314,0.006730,0.05112,2000.0
2.3968E+03,-0.012465,0.006458,0.05112,2000.0
2.3969E+03,-0.012789,0.005778,0.05112,2000.0
2.3969E+03,-0.012910,0.005514,0.05112,2000.0
2.3969E+03,-0.013155,0.004882,0.05112,2000.0
2.3969E+03,-0.013281,0.004550,0.05112,2000.0
2.3970E+03,-0.013479,0.003898,0.05112,2000.0
2.3970E+03,-0.013480,0.003898,0.05112,2000.0
2.3970E+03,-0.013578,0.003566,0.05112,2000.0
2.3971E+03,-0.013728,0.002901,0.05112,2000.0
2.3971E+03,-0.013802,0.002566,0.05112,2000.0
2.3971E+03,-0.013934,0.001676,0.05112,2000.0
2.3971E+03,-0.013955,0.001527,0.05112,2000.0
2.3972E+03,-0.014029,0.000509,0.05112,2000.0
2.3973E+03,-0.014029,-0.000509,0.05112,2000.0
2.3974E+03,-0.013955,-0.001527,0.05112,2000.0
2.3974E+03,-0.013927,-0.001723,0.05112,2000.0
2.3974E+03,-0.013801,-0.002570,0.05112,2000.0
2.3974E+03,-0.013728,-0.002904,0.05112,2000.0
2.3974E+03,-0.013727,-0.002904,0.05112,2000.0
2.3975E+03,-0.013579,-0.003561,0.05112,2000.0
2.3975E+03,-0.013414,-0.004116,0.05112,2000.0
2.3976E+03,-0.013285,-0.004537,0.05112,2000.0
2.3976E+03,-0.013160,-0.004869,0.05112,2000.0
2.3976E+03,-0.012907,-0.005522,0.05112,2000.0
2.3976E+03,-0.012793,-0.005767,0.05112,2000.0
2.3977E+03,-0.012464,-0.006459,0.05112,2000.0
2.3977E+03,-0.012314,-0.006730,0.05112,2000.0
2.3978E+03,-0.011961,-0.007349,0.05112,2000.0
2.3978E+03,-0.011776,-0.007633,0.05112,2000.0
2.3978E+03,-0.011398,-0.008196,0.05112,2000.0
2.3979E+03,-0.011204,-0.008452,0.05112,2000.0
2.3979E+03,-0.010762,-0.009015,0.05112,2000.0
2.3979E+03,-0.010555,-0.009249,0.05112,2000.0
2.3980E+03,-0.010066,-0.009786,0.05112,2000.0
2.3980E+03,-0.009811,-0.010036,0.05112,2000.0
2.3980E+03,-0.009332,-0.010489,0.05112,2000.0
2.3981E+03,-0.009076,-0.010706,0.05112,2000.0
2.3981E+03,-0.008535,-0.011145,0.05112,2000.0
2.3981E+03,-0.008273,-0.011338,0.05112,2000.0
2.3982E+03,-0.007701,-0.011738,0.05112,2000.0
2.3982E+03,-0.007396,-0.011929,0.05112,2000.0
2.3982E+03,-0.006832,-0.012264,0.05112,2000.0
2.3983E+03,-0.006485,-0.012448,0.05112,2000.0
2.3983E+03,-0.005896,-0.012741,0.05112,2000.0
2.3983E+03,-0.005604,-0.012870,0.05112,2000.0
2.3984E+03,-0.004967,-0.013131,0.05112,2000.0
2.3984E+03,-0.004602,-0.013260,0.05112,2000.0
2.3984E+03,-0.004009,-0.013453,0.05112,2000.0
2.3985E+03,-0.003605,-0.013566,0.05112,2000.0
2.3985E+03,-0.003001,-0.013713,0.05112,2000.0
2.3985E+03,-0.002610,-0.013791,0.05112,2000.0
2.3986E+03,-0.001973,-0.013899,0.05112,2000.0
2.3986E+03,-0.001637,-0.013942,0.05112,2000.0
2.3987E+03,-0.000956,-0.014006,0.05112,2000.0
2.3987E+03,-0.000603,-0.014025,0.05112,2000.0
2.3987E+03,0.000071,-0.014036,0.05112,2000.0
2.3988E+03,0.000492,-0.014028,0.05112,2000.0
2.3988E+03,0.001075,-0.013996,0.05112,2000.0
2.3988E+03,0.001463,-0.013961,0.05112,2000.0
2.3989E+03,0.002144,-0.013873,0.05112,2000.0
2.3989E+03,0.002455,-0.013823,0.05112,2000.0
2.3989E+03,0.003148,-0.013679,0.05112,2000.0
2.3990E+03,0.003490,-0.013597,0.05112,2000.0
2.3990E+03,0.004139,-0.013413,0.05112,2000.0
2.3990E+03,0.004459,-0.013312,0.05112,2000.0
2.3991E+03,0.005131,-0.013065,0.05112,2000.0
2.3991E+03,0.005433,-0.012944,0.05112,2000.0
2.3991E+03,0.006008,-0.012685,0.05112,2000.0
2.3992E+03,0.006384,-0.012502,0.05112,2000.0
2.3992E+03,0.006937,-0.012201,0.05112,2000.0
2.3992E+03,0.007282,-0.012002,0.05112,2000.0
2.3993E+03,0.007867,-0.011625,0.05112,2000.0
2.3993E+03,0.008093,-0.011470,0.05112,2000.0
2.3993E+03,0.008693,-0.011019,0.05112,2000.0
2.3994E+03,0.008935,-0.010829,0.05112,2000.0
2.3994E+03,0.009481,-0.010348,0.05112,2000.0
2.3994E+03,0.009481,-0.010349,0.05112,2000.0
2.3994E+03,0.009696,-0.010153,0.05112,2000.0
2.3995E+03,0.010213,-0.009626,0.05112,2000.0
2.3995E+03,0.010436,-0.009391,0.05112,2000.0
2.3995E+03,0.010852,-0.008899,0.05112,2000.0
2.3996E+03,0.011092,-0.008607,0.05112,2000.0
2.3996E+03,0.011467,-0.008089,0.05112,2000.0
2.3996E+03,0.011689,-0.007776,0.05112,2000.0
2.3997E+03,0.012035,-0.007216,0.05112,2000.0
2.3997E+03,0.012228,-0.006895,0.05112,2000.0
2.3998E+03,0.012524,-0.006329,0.05112,2000.0
2.3998E+03,0.012700,-0.005983,0.05112,2000.0
2.3998E+03,0.012955,-0.005390,0.05112,2000.0
2.3998E+03,0.012954,-0.005390,0.05112,2000.0
2.3998E+03,0.013114,-0.005009,0.05112,2000.0
2.3999E+03,0.013317,-0.004422,0.05112,2000.0
2.3999E+03,0.013437,-0.004068,0.05112,2000.0
2.4000E+03,0.013607,-0.003423,0.05112,2000.0
2.4000E+03,0.013608,-0.003423,0.05112,2000.0
2.4000E+03,0.013699,-0.003070,0.05112,2000.0
2.4000E+03,0.013821,-0.002418,0.05112,2000.0
2.4001E+03,0.013886,-0.002065,0.05112,2000.0
2.4001E+03,0.013961,-0.001391,0.05112,2000.0
2.4001E+03,0.013962,-0.001391,0.05112,2000.0
2.4001E+03,0.013999,-0.001044,0.05112,2000.0
2.4002E+03,0.014025,-0.000365,0.05112,2000.0
2.4002E+03,0.014039,-0.000001,0.05112,2000.0
2.4002E+03,0.014025,0.000359,0.05112,2000.0
2.4003E+03,0.013999,0.001044,0.05112,2000.0
2.4003E+03,0.013962,0.001390,0.05112,2000.0
2.4003E+03,0.013888,0.002053,0.05112,2000.0
2.4003E+03,0.013824,0.002402,0.05112,2000.0
2.4004E+03,0.013701,0.003062,0.05112,2000.0
2.4004E+03,0.013612,0.003404,0.05112,2000.0
2.4004E+03,0.013611,0.003404,0.05112,2000.0
2.4005E+03,0.013435,0.004070,0.05112,2000.0
2.4005E+03,0.013326,0.004396,0.05112,2000.0
2.4005E+03,0.013109,0.005023,0.05112,2000.0
2.4006E+03,0.012973,0.005347,0.05112,2000.0
2.4006E+03,0.012972,0.005347,0.05112,2000.0
2.4006E+03,0.012689,0.006004,0.05112,2000.0
2.4006E+03,0.012551,0.006277,0.05112,2000.0
2.4007E+03,0.012225,0.006902,0.05112,2000.0
2.4007E+03,0.012058,0.007179,0.05112,2000.0
2.4007E+03,0.011691,0.007773,0.05112,2000.0
2.4008E+03,0.011489,0.008058,0.05112,2000.0
2.4008E+03,0.011092,0.008607,0.05112,2000.0
2.4008E+03,0.010853,0.008898,0.05112,2000.0
2.4009E+03,0.010438,0.009388,0.05112,2000.0
2.4009E+03,0.010213,0.009626,0.05112,2000.0
2.4009E+03,0.009696,0.010153,0.05112,2000.0
2.4010E+03,0.009481,0.010349,0.05112,2000.0
2.4010E+03,0.009481,0.010348,0.05112,2000.0
2.4010E+03,0.008935,0.010829,0.05112,2000.0
2.4010E+03,0.008693,0.011019,0.05112,2000.0
2.4011E+03,0.008093,0.011470,0.05112,2000.0
2.4011E+03,0.007867,0.011625,0.05112,2000.0
2.4011E+03,0.007286,0.011999,0.05112,2000.0
2.4012E+03,0.006927,0.012207,0.05112,2000.0
2.4012E+03,0.006406,0.012490,0.05112,2000.0
2.4012E+03,0.005978,0.012698,0.05112,2000.0
2.4013E+03,0.005444,0.012940,0.05112,2000.0
2.4013E+03,0.005131,0.013065,0.05112,2000.0
2.4014E+03,0.004459,0.013312,0.05112,2000.0
2.4014E+03,0.004139,0.013413,0.05112,2000.0
2.4014E+03,0.003490,0.013597,0.05112,2000.0
2.4014E+03,0.003152,0.013678,0.05112,2000.0
2.4015E+03,0.002455,0.013823,0.05112,2000.0
2.4015E+03,0.002144,0.013873,0.05112,2000.0
2.4016E+03,0.001463,0.013961,0.05112,2000.0
2.4016E+03,0.001075,0.013996,0.05112,2000.0
2.4016E+03,0.000492,0.014028,0.05112,2000.0
2.4017E+03,0.000071,0.014036,0.05112,2000.0
2.4017E+03,-0.000603,0.014025,0.05112,2000.0
2.4017E+03,-0.000956,0.014006,0.05112,2000.0
2.4018E+03,-0.001637,0.013942,0.05112,2000.0
2.4018E+03,-0.001973,0.013899,0.05112,2000.0
2.4018E+03,-0.002610,0.013791,0.05112,2000.0
2.4019E+03,-0.003001,0.013713,0.05112,2000.0
2.4019E+03,-0.003605,0.013566,0.05112,2000.0
2.4019E+03,-0.004009,0.013453,0.05112,2000.0
2.4020E+03,-0.004601,0.013260,0.05112,2000.0
2.4020E+03,-0.004967,0.013131,0.05112,2000.0
2.4020E+03,-0.005604,0.012870,0.05112,2000.0
2.4021E+03,-0.005898,0.012740,0.05112,2000.0
2.4021E+03,-0.006490,0.012446,0.05112,2000.0
2.4021E+03,-0.006832,0.012264,0.05112,2000.0
2.4022E+03,-0.007401,0.011926,0.05112,2000.0
2.4022E+03,-0.007701,0.011738,0.05112,2000.0
2.4022E+03,-0.008273,0.011338,0.05112,2000.0
2.4023E+03,-0.008535,0.011145,0.05112,2000.0
2.4023E+03,-0.009083,0.010700,0.05112,2000.0
2.4023E+03,-0.009322,0.010497,0.05112,2000.0
2.4024E+03,-0.009838,0.010009,0.05112,2000.0
2.4024E+03,-0.010066,0.009786,0.05112,2000.0
2.4025E+03,-0.010555,0.009249,0.05112,2000.0
2.4025E+03,-0.010773,0.009002,0.05112,2000.0
2.4025E+03,-0.011186,0.008475,0.05112,2000.0
2.4025E+03,-0.011398,0.008196,0.05112,2000.0
2.4026E+03,-0.011776,0.007633,0.05112,0.0
2.4034E+03,-0.011776,0.007633,0.06382,0.0
2.4035E+03,-0.010894,0.006817,0.06382,0.0
2.4043E+03,-0.010894,0.006817,0.05112,2000.0
2.4044E+03,-0.010537,0.007322,0.05112,2000.0
2.4044E+03,-0.010037,0.008025,0.05112,2000.0
2.4045E+03,-0.009455,0.008675,0.05112,2000.0
2.4045E+03,-0.009043,0.009128,0.05112,2000.0
2.4046E+03,-0.008379,0.009723,0.05112,2000.0
2.4046E+03,-0.007911,0.010122,0.05112,2000.0
2.4047E+03,-0.007197,0.010630,0.05112,2000.0
2.4047E+03,-0.006682,0.010972,0.05112,2000.0
2.4048E+03,-0.005904,0.011401,0.05112,2000.0
2.4048E+03,-0.005352,0.011676,0.05112,2000.0
2.4049E+03,-0.004543,0.012010,0.05112,2000.0
2.4049E+03,-0.003963,0.012216,0.05112,2000.0
2.4050E+03,-0.003112,0.012460,0.05112,2000.0
2.4050E+03,-0.002514,0.012591,0.05112,2000.0
2.4051E+03,-0.001640,0.012740,0.05112,2000.0
2.4051E+03,-0.001030,0.012795,0.05112,2000.0
2.4052E+03,-0.000146,0.012848,0.05112,2000.0
2.4052E+03,0.000472,0.012826,0.05112,2000.0
2.4053E+03,0.001350,0.012778,0.05112,2000.0
2.4053E+03,0.001959,0.012683,0.05112,2000.0
2.4054E+03,0.002828,0.012534,0.05112,2000.0
2.4054E+03,0.003420,0.012366,0.05112,2000.0
2.4055E+03,0.004245,0.012128,0.05112,2000.0
2.4055E+03,0.005054,0.011796,0.05112,2000.0
2.4056E+03,0.005628,0.011552,0.05112,2000.0
2.4057E+03,0.006401,0.011124,0.05112,2000.0
2.4057E+03,0.006927,0.010820,0.05112,2000.0
2.4058E+03,0.007652,0.010308,0.05112,2000.0
2.4058E+03,0.008144,0.009934,0.05112,2000.0
2.4058E+03,0.008800,0.009349,0.05112,2000.0
2.4059E+03,0.009241,0.008920,0.05112,2000.0
2.4060E+03,0.009833,0.008259,0.05112,2000.0
2.4060E+03,0.010215,0.007781,0.05112,2000.0
2.4060E+03,0.010723,0.007068,0.05112,2000.0
2.4061E+03,0.011052,0.006538,0.05112,2000.0
2.4061E+03,0.011480,0.005761,0.05112,2000.0
2.4062E+03,0.011734,0.005209,0.05112,2000.0
2.4062E+03,0.012072,0.004396,0.05112,2000.0
2.4063E+03,0.012259,0.003807,0.05112,2000.0
2.4063E+03,0.012506,0.002951,0.05112,2000.0
2.4064E+03,0.012617,0.002349,0.05112,2000.0
2.4064E+03,0.012764,0.001482,0.05112,2000.0
2.4065E+03,0.012802,0.000869,0.05112,2000.0
2.4065E+03,0.012852,0.000000,0.05112,2000.0
2.4066E+03,0.012802,-0.000869,0.05112,2000.0
2.4066E+03,0.012764,-0.001482,0.05112,2000.0
2.4067E+03,0.012617,-0.002349,0.05112,2000.0
2.4067E+03,0.012506,-0.002951,0.05112,2000.0
2.4068E+03,0.012259,-0.003807,0.05112,2000.0
2.4068E+03,0.012072,-0.004396,0.05112,2000.0
2.4069E+03,0.011734,-0.005209,0.05112,2000.0
2.4069E+03,0.011480,-0.005761,0.05112,2000.0
2.4070E+03,0.011052,-0.006538,0.05112,2000.0
2.4070E+03,0.010723,-0.007068,0.05112,2000.0
2.4071E+03,0.010215,-0.007781,0.05112,2000.0
2.4071E+03,0.009833,-0.008259,0.05112,2000.0
2.4072E+03,0.009241,-0.008920,0.05112,2000.0
2.4072E+03,0.008800,-0.009349,0.05112,2000.0
2.4073E+03,0.008144,-0.009934,0.05112,2000.0
2.4073E+03,0.007652,-0.010308,0.05112,2000.0
2.4074E+03,0.006927,-0.010820,0.05112,2000.0
2.4074E+03,0.006401,-0.011124,0.05112,2000.0
2.4075E+03,0.005628,-0.011552,0.05112,2000.0
2.4075E+03,0.005054,-0.011796,0.05112,2000.0
2.4076E+03,0.004245,-0.012128,0.05112,2000.0
2.4077E+03,0.003420,-0.012366,0.05112,2000.0
2.4077E+03,0.002828,-0.012534,0.05112,2000.0
2.4078E+03,0.001959,-0.012683,0.05112,2000.0
2.4078E+03,0.001350,-0.012778,0.05112,2000.0
2.4079E+03,0.000472,-0.012826,0.05112,2000.0
2.4079E+03,-0.000146,-0.012848,0.05112,2000.0
2.4080E+03,-0.001030,-0.012795,0.05112,2000.0
2.4080E+03,-0.001640,-0.012740,0.05112,2000.0
2.4081E+03,-0.002514,-0.012591,0.05112,2000.0
2.4081E+03,-0.003112,-0.012460,0.05112,2000.0
2.4082E+03,-0.003963,-0.012216,0.05112,2000.0
2.4082E+03,-0.004543,-0.012010,0.05112,2000.0
2.4083E+03,-0.005352,-0.011676,0.05112,2000.0
2.4083E+03,-0.005904,-0.011401,0.05112,2000.0
2.4084E+03,-0.006682,-0.010972,0.05112,2000.0
2.4084E+03,-0.007197,-0.010630,0.05112,2000.0
2.4085E+03,-0.007911,-0.010122,0.05112,2000.0
2.4085E+03,-0.008379,-0.009723,0.05112,2000.0
2.4086E+03,-0.009043,-0.009128,0.05112,2000.0
2.4086E+03,-0.009455,-0.008675,0.05112,2000.0
2.4087E+03,-0.010037,-0.008025,0.05112,2000.0
2.4087E+03,-0.010537,-0.007322,0.05112,2000.0
2.4088E+03,-0.010894,-0.006817,0.05112,2000.0
2.4088E+03,-0.011320,-0.006045,0.05112,2000.0
2.4089E+03,-0.011609,-0.005506,0.05112,2000.0
2.4089E+03,-0.011951,-0.004685,0.05112,2000.0
2.4090E+03,-0.012171,-0.004111,0.05112,2000.0
2.4090E+03,-0.012416,-0.003266,0.05112,2000.0
2.4091E+03,-0.012565,-0.002668,0.05112,2000.0
2.4091E+03,-0.012712,-0.001800,0.05112,2000.0
2.4092E+03,-0.012788,-0.001190,0.05112,2000.0
2.4092E+03,-0.012838,-0.000307,0.05112,2000.0
2.4093E+03,-0.012838,0.000307,0.05112,2000.0
2.4093E+03,-0.012788,0.001190,0.05112,2000.0
2.4094E+03,-0.012712,0.001800,0.05112,2000.0
2.4094E+03,-0.012565,0.002668,0.05112,2000.0
2.4095E+03,-0.012416,0.003266,0.05112,2000.0
2.4095E+03,-0.012171,0.004111,0.05112,2000.0
2.4096E+03,-0.011951,0.004685,0.05112,2000.0
2.4096E+03,-0.011609,0.005506,0.05112,2000.0
2.4097E+03,-0.011320,0.006045,0.05112,2000.0
2.4097E+03,-0.010894,0.006817,0.05112,0.0
2.4106E+03,-0.010894,0.006817,0.06382,0.0
2.4107E+03,-0.009451,0.005913,0.06382,0.0
2.4115E+03,-0.009451,0.005913,0.05112,2000.0
2.4115E+03,-0.009150,0.006339,0.05112,2000.0
2.4116E+03,-0.008707,0.006962,0.05112,2000.0
2.4116E+03,-0.008193,0.007536,0.05112,2000.0
2.4117E+03,-0.007844,0.007920,0.05112,2000.0
2.4117E+03,-0.007260,0.008443,0.05112,2000.0
2.4118E+03,-0.006865,0.008780,0.05112,2000.0
2.4118E+03,-0.006233,0.009229,0.05112,2000.0
2.4118E+03,-0.005799,0.009518,0.05112,2000.0
2.4119E+03,-0.005115,0.009895,0.05112,2000.0
2.4119E+03,-0.004648,0.010127,0.05112,2000.0
2.4120E+03,-0.003934,0.010422,0.05112,2000.0
2.4120E+03,-0.003444,0.010596,0.05112,2000.0
2.4121E+03,-0.002695,0.010811,0.05112,2000.0
2.4121E+03,-0.002189,0.010922,0.05112,2000.0
2.4122E+03,-0.001420,0.011053,0.05112,2000.0
2.4122E+03,-0.000903,0.011100,0.05112,2000.0
2.4122E+03,-0.000125,0.011146,0.05112,2000.0
2.4123E+03,0.000396,0.011128,0.05112,2000.0
2.4123E+03,0.001172,0.011085,0.05112,2000.0
2.4124E+03,0.001685,0.011005,0.05112,2000.0
2.4124E+03,0.002452,0.010874,0.05112,2000.0
2.4124E+03,0.002952,0.010732,0.05112,2000.0
2.4125E+03,0.003685,0.010520,0.05112,2000.0
2.4125E+03,0.004399,0.010227,0.05112,2000.0
2.4126E+03,0.004882,0.010022,0.05112,2000.0
2.4126E+03,0.005564,0.009644,0.05112,2000.0
2.4127E+03,0.006009,0.009387,0.05112,2000.0
2.4127E+03,0.006647,0.008936,0.05112,2000.0
2.4128E+03,0.007062,0.008621,0.05112,2000.0
2.4128E+03,0.007641,0.008104,0.05112,2000.0
2.4128E+03,0.008014,0.007742,0.05112,2000.0
2.4129E+03,0.008535,0.007160,0.05112,2000.0
2.4129E+03,0.008858,0.006756,0.05112,2000.0
2.4130E+03,0.009307,0.006126,0.05112,2000.0
2.4130E+03,0.009584,0.005679,0.05112,2000.0
2.4131E+03,0.009961,0.004995,0.05112,2000.0
2.4131E+03,0.010176,0.004527,0.05112,2000.0
2.4132E+03,0.010474,0.003811,0.05112,2000.0
2.4132E+03,0.010632,0.003314,0.05112,2000.0
2.4132E+03,0.010849,0.002560,0.05112,2000.0
2.4133E+03,0.010943,0.002052,0.05112,2000.0
2.4133E+03,0.011073,0.001287,0.05112,2000.0
2.4134E+03,0.011105,0.000768,0.05112,2000.0
2.4134E+03,0.011149,0.000000,0.05112,2000.0
2.4135E+03,0.011105,-0.000768,0.05112,2000.0
2.4135E+03,0.011073,-0.001287,0.05112,2000.0
2.4136E+03,0.010943,-0.002052,0.05112,2000.0
2.4136E+03,0.010849,-0.002560,0.05112,2000.0
2.4136E+03,0.010632,-0.003314,0.05112,2000.0
2.4137E+03,0.010474,-0.003811,0.05112,2000.0
2.4137E+03,0.010176,-0.004527,0.05112,2000.0
2.4138E+03,0.009961,-0.004995,0.05112,2000.0
2.4138E+03,0.009584,-0.005679,0.05112,2000.0
2.4138E+03,0.009307,-0.006126,0.05112,2000.0
2.4139E+03,0.008858,-0.006756,0.05112,2000.0
2.4139E+03,0.008535,-0.007160,0.05112,2000.0
2.4140E+03,0.008014,-0.007742,0.05112,2000.0
2.4140E+03,0.007641,-0.008104,0.05112,2000.0
2.4141E+03,0.007062,-0.008621,0.05112,2000.0
2.4141E+03,0.006647,-0.008936,0.05112,2000.0
2.4142E+03,0.006009,-0.009387,0.05112,2000.0
2.4142E+03,0.005564,-0.009644,0.05112,2000.0
2.4142E+03,0.004882,-0.010022,0.05112,2000.0
2.4143E+03,0.004399,-0.010227,0.05112,2000.0
2.4143E+03,0.003685,-0.010520,0.05112,2000.0
2.4144E+03,0.002952,-0.010732,0.05112,2000.0
2.4144E+03,0.002452,-0.010874,0.05112,2000.0
2.4145E+03,0.001685,-0.011005,0.05112,2000.0
2.4145E+03,0.001172,-0.011085,0.05112,2000.0
2.4146E+03,0.000396,-0.011128,0.05112,2000.0
2.4146E+03,-0.000125,-0.011146,0.05112,2000.0
2.4146E+03,-0.000903,-0.011100,0.05112,2000.0
2.4147E+03,-0.001420,-0.011053,0.05112,2000.0
2.4147E+03,-0.002189,-0.010922,0.05112,2000.0
2.4148E+03,-0.002695,-0.010811,0.05112,2000.0
2.4148E+03,-0.003444,-0.010596,0.05112,2000.0
2.4148E+03,-0.003934,-0.010422,0.05112,2000.0
2.4149E+03,-0.004648,-0.010127,0.05112,2000.0
2.4149E+03,-0.005115,-0.009895,0.05112,2000.0
2.4150E+03,-0.005799,-0.009518,0.05112,2000.0
2.4150E+03,-0.006233,-0.009229,0.05112,2000.0
2.4151E+03,-0.006865,-0.008780,0.05112,2000.0
2.4151E+03,-0.007260,-0.008443,0.05112,2000.0
2.4152E+03,-0.007844,-0.007920,0.05112,2000.0
2.4152E+03,-0.008193,-0.007536,0.05112,2000.0
2.4152E+03,-0.008707,-0.006962,0.05112,2000.0
2.4153E+03,-0.009150,-0.006339,0.05112,2000.0
2.4153E+03,-0.009451,-0.005913,0.05112,2000.0
2.4154E+03,-0.009827,-0.005232,0.05112,2000.0
2.4154E+03,-0.010072,-0.004776,0.05112,2000.0
2.4155E+03,-0.010372,-0.004054,0.05112,2000.0
2.4155E+03,-0.010558,-0.003569,0.05112,2000.0
2.4156E+03,-0.010774,-0.002823,0.05112,2000.0
2.4156E+03,-0.010900,-0.002319,0.05112,2000.0
2.4156E+03,-0.011030,-0.001553,0.05112,2000.0
2.4157E+03,-0.011094,-0.001037,0.05112,2000.0
2.4157E+03,-0.011138,-0.000259,0.05112,2000.0
2.4158E+03,-0.011138,0.000259,0.05112,2000.0
2.4158E+03,-0.011094,0.001037,0.05112,2000.0
2.4159E+03,-0.011030,0.001553,0.05112,2000.0
2.4159E+03,-0.010900,0.002319,0.05112,2000.0
2.4159E+03,-0.010774,0.002823,0.05112,2000.0
2.4160E+03,-0.010558,0.003569,0.05112,2000.0
2.4160E+03,-0.010372,0.004054,0.05112,2000.0
2.4161E+03,-0.010072,0.004776,0.05112,2000.0
2.4161E+03,-0.009827,0.005232,0.05112,2000.0
2.4162E+03,-0.009451,0.005913,0.05112,0.0
2.4170E+03,-0.009451,0.005913,0.06382,0.0
2.4171E+03,-0.008008,0.005009,0.06382,0.0
2.4179E+03,-0.008008,0.005009,0.05112,2000.0
2.4180E+03,-0.007763,0.005356,0.05112,2000.0
2.4180E+03,-0.007377,0.005899,0.05112,2000.0
2.4181E+03,-0.006930,0.006398,0.05112,2000.0
2.4181E+03,-0.006645,0.006712,0.05112,2000.0
2.4181E+03,-0.006141,0.007163,0.05112,2000.0
2.4182E+03,-0.005819,0.007438,0.05112,2000.0
2.4182E+03,-0.005270,0.007828,0.05112,2000.0
2.4182E+03,-0.004916,0.008063,0.05112,2000.0
2.4183E+03,-0.004326,0.008389,0.05112,2000.0
2.4183E+03,-0.003945,0.008578,0.05112,2000.0
2.4184E+03,-0.003325,0.008834,0.05112,2000.0
2.4184E+03,-0.002925,0.008976,0.05112,2000.0
2.4184E+03,-0.002277,0.009162,0.05112,2000.0
2.4185E+03,-0.001864,0.009253,0.05112,2000.0
2.4185E+03,-0.001199,0.009366,0.05112,2000.0
2.4185E+03,-0.000776,0.009405,0.05112,2000.0
2.4186E+03,-0.000104,0.009444,0.05112,2000.0
2.4186E+03,0.000320,0.009430,0.05112,2000.0
2.4186E+03,0.000993,0.009392,0.05112,2000.0
2.4187E+03,0.001412,0.009327,0.05112,2000.0
2.4187E+03,0.002076,0.009214,0.05112,2000.0
2.4187E+03,0.002484,0.009098,0.05112,2000.0
2.4188E+03,0.003124,0.008913,0.05112,2000.0
2.4188E+03,0.003744,0.008658,0.05112,2000.0
2.4189E+03,0.004136,0.008492,0.05112,2000.0
2.4189E+03,0.004726,0.008165,0.05112,2000.0
2.4189E+03,0.005091,0.007954,0.05112,2000.0
2.4190E+03,0.005642,0.007564,0.05112,2000.0
2.4190E+03,0.005981,0.007307,0.05112,2000.0
2.4191E+03,0.006483,0.006859,0.05112,2000.0
2.4191E+03,0.006787,0.006564,0.05112,2000.0
2.4191E+03,0.007237,0.006061,0.05112,2000.0
2.4192E+03,0.007501,0.005731,0.05112,2000.0
2.4192E+03,0.007891,0.005184,0.05112,2000.0
2.4192E+03,0.008116,0.004821,0.05112,2000.0
2.4193E+03,0.008442,0.004229,0.05112,2000.0
2.4193E+03,0.008618,0.003846,0.05112,2000.0
2.4193E+03,0.008876,0.003225,0.05112,2000.0
2.4194E+03,0.009005,0.002821,0.05112,2000.0
2.4194E+03,0.009192,0.002170,0.05112,2000.0
2.4194E+03,0.009269,0.001754,0.05112,2000.0
2.4195E+03,0.009382,0.001091,0.05112,2000.0
2.4195E+03,0.009408,0.000668,0.05112,2000.0
2.4196E+03,0.009446,0.000000,0.05112,2000.0
2.4196E+03,0.009408,-0.000668,0.05112,2000.0
2.4196E+03,0.009382,-0.001091,0.05112,2000.0
2.4197E+03,0.009269,-0.001754,0.05112,2000.0
2.4197E+03,0.009192,-0.002170,0.05112,2000.0
2.4198E+03,0.009005,-0.002821,0.05112,2000.0
2.4198E+03,0.008876,-0.003225,0.05112,2000.0
2.4198E+03,0.008618,-0.003846,0.05112,2000.0
2.4199E+03,0.008442,-0.004229,0.05112,2000.0
2.4199E+03,0.008116,-0.004821,0.05112,2000.0
2.4199E+03,0.007891,-0.005184,0.05112,2000.0
2.4200E+03,0.007501,-0.005731,0.05112,2000.0
2.4200E+03,0.007237,-0.006061,0.05112,2000.0
2.4201E+03,0.006787,-0.006564,0.05112,2000.0
2.4201E+03,0.006483,-0.006859,0.05112,2000.0
2.4201E+03,0.005981,-0.007307,0.05112,2000.0
2.4202E+03,0.005642,-0.007564,0.05112,2000.0
2.4202E+03,0.005091,-0.007954,0.05112,2000.0
2.4202E+03,0.004726,-0.008165,0.05112,2000.0
2.4203E+03,0.004136,-0.008492,0.05112,2000.0
2.4203E+03,0.003744,-0.008658,0.05112,2000.0
2.4203E+03,0.003124,-0.008913,0.05112,2000.0
2.4204E+03,0.002484,-0.009098,0.05112,2000.0
2.4204E+03,0.002076,-0.009214,0.05112,2000.0
2.4205E+03,0.001412,-0.009327,0.05112,2000.0
2.4205E+03,0.000993,-0.009392,0.05112,2000.0
2.4205E+03,0.000320,-0.009430,0.05112,2000.0
2.4206E+03,-0.000104,-0.009444,0.05112,2000.0
2.4206E+03,-0.000776,-0.009405,0.05112,2000.0
2.4206E+03,-0.001199,-0.009366,0.05112,2000.0
2.4207E+03,-0.001864,-0.009253,0.05112,2000.0
2.4207E+03,-0.002277,-0.009162,0.05112,2000.0
2.4208E+03,-0.002925,-0.008976,0.05112,2000.0
2.4208E+03,-0.003325,-0.008834,0.05112,2000.0
2.4208E+03,-0.003945,-0.008578,0.05112,2000.0
2.4209E+03,-0.004326,-0.008389,0.05112,2000.0
2.4209E+03,-0.004916,-0.008063,0.05112,2000.0
2.4209E+03,-0.005270,-0.007828,0.05112,2000.0
2.4210E+03,-0.005819,-0.007438,0.05112,2000.0
2.4210E+03,-0.006141,-0.007163,0.05112,2000.0
2.4210E+03,-0.006645,-0.006712,0.05112,2000.0
2.4211E+03,-0.006930,-0.006398,0.05112,2000.0
2.4211E+03,-0.007377,-0.005899,0.05112,2000.0
2.4212E+03,-0.007763,-0.005356,0.05112,2000.0
2.4212E+03,-0.008008,-0.005009,0.05112,2000.0
2.4212E+03,-0.008334,-0.004419,0.05112,2000.0
2.4213E+03,-0.008534,-0.004046,0.05112,2000.0
2.4213E+03,-0.008793,-0.003423,0.05112,2000.0
2.4213E+03,-0.008945,-0.003027,0.05112,2000.0
2.4214E+03,-0.009132,-0.002380,0.05112,2000.0
2.4214E+03,-0.009235,-0.001969,0.05112,2000.0
2.4215E+03,-0.009348,-0.001306,0.05112,2000.0
2.4215E+03,-0.009400,-0.000885,0.05112,2000.0
2.4215E+03,-0.009438,-0.000211,0.05112,2000.0
2.4216E+03,-0.009438,0.000211,0.05112,2000.0
2.4216E+03,-0.009400,0.000885,0.05112,2000.0
2.4216E+03,-0.009348,0.001306,0.05112,2000.0
2.4217E+03,-0.009235,0.001969,0.05112,2000.0
2.4217E+03,-0.009132,0.002380,0.05112,2000.0
2.4217E+03,-0.008945,0.003027,0.05112,2000.0
2.4218E+03,-0.008793,0.003423,0.05112,2000.0
2.4218E+03,-0.008534,0.004046,0.05112,2000.0
2.4219E+03,-0.008334,0.004419,0.05112,2000.0
2.4219E+03,-0.008008,0.005009,0.05112,0.0
2.4222E+03,-0.008008,0.000000,0.05112,0.0
