1.3473E+02,-0.014828,0.010365,0.01554,0.0
1.3473E+02,-0.014806,0.010285,0.01554,0.0
1.3556E+02,-0.014806,0.010285,0.00284,2000.0
1.3563E+02,-0.015435,0.009321,0.00284,2000.0
1.3564E+02,-0.015521,0.009169,0.00284,2000.0
1.3572E+02,-0.016070,0.008176,0.00284,2000.0
1.3573E+02,-0.016148,0.008015,0.00284,2000.0
1.3581E+02,-0.016618,0.006998,0.00284,2000.0
1.3582E+02,-0.016680,0.006837,0.00284,2000.0
1.3589E+02,-0.017085,0.005765,0.00284,2000.0
1.3590E+02,-0.017129,0.005622,0.00284,2000.0
1.3590E+02,-0.017128,0.005622,0.00284,2000.0
1.3598E+02,-0.017454,0.004525,0.00284,2000.0
1.3599E+02,-0.017491,0.004359,0.00284,2000.0
1.3599E+02,-0.017492,0.004359,0.00284,2000.0
1.3607E+02,-0.017735,0.003254,0.00284,2000.0
1.3608E+02,-0.017761,0.003079,0.00284,2000.0
1.3616E+02,-0.017925,0.001951,0.00284,2000.0
1.3617E+02,-0.017937,0.001788,0.00284,2000.0
1.3624E+02,-0.018019,0.000659,0.00284,2000.0
1.3633E+02,-0.018019,-0.000664,0.00284,2000.0
1.3641E+02,-0.017937,-0.001788,0.00284,2000.0
1.3642E+02,-0.017925,-0.001951,0.00284,2000.0
1.3649E+02,-0.017761,-0.003079,0.00284,2000.0
1.3650E+02,-0.017735,-0.003254,0.00284,2000.0
1.3658E+02,-0.017492,-0.004359,0.00284,2000.0
1.3658E+02,-0.017491,-0.004359,0.00284,2000.0
1.3659E+02,-0.017454,-0.004525,0.00284,2000.0
1.3667E+02,-0.017128,-0.005622,0.00284,2000.0
1.3667E+02,-0.017129,-0.005622,0.00284,2000.0
1.3668E+02,-0.017085,-0.005765,0.00284,2000.0
1.3675E+02,-0.016680,-0.006837,0.00284,2000.0
1.3677E+02,-0.016618,-0.006998,0.00284,2000.0
1.3684E+02,-0.016148,-0.008015,0.00284,2000.0
1.3685E+02,-0.016070,-0.008176,0.00284,2000.0
1.3693E+02,-0.015521,-0.009169,0.00284,2000.0
1.3694E+02,-0.015435,-0.009321,0.00284,2000.0
1.3702E+02,-0.014806,-0.010285,0.00284,2000.0
1.3703E+02,-0.014722,-0.010409,0.00284,2000.0
1.3710E+02,-0.014037,-0.011312,0.00284,2000.0
1.3711E+02,-0.013926,-0.011454,0.00284,2000.0
1.3719E+02,-0.013183,-0.012296,0.00284,2000.0
1.3720E+02,-0.013048,-0.012444,0.00284,2000.0
1.3727E+02,-0.012265,-0.013213,0.00284,2000.0
1.3729E+02,-0.012130,-0.013340,0.00284,2000.0
1.3736E+02,-0.011270,-0.014071,0.00284,2000.0
1.3738E+02,-0.011120,-0.014194,0.00284,2000.0
1.3745E+02,-0.010224,-0.014849,0.00284,2000.0
1.3746E+02,-0.010065,-0.014961,0.00284,2000.0
1.3754E+02,-0.009127,-0.015548,0.00284,2000.0
1.3754E+02,-0.009127,-0.015547,0.00284,2000.0
1.3755E+02,-0.008958,-0.015647,0.00284,2000.0
1.3762E+02,-0.007980,-0.016166,0.00284,2000.0
1.3764E+02,-0.007799,-0.016256,0.00284,2000.0
1.3771E+02,-0.006785,-0.016703,0.00284,2000.0
1.3772E+02,-0.006607,-0.016777,0.00284,2000.0
1.3780E+02,-0.005551,-0.017153,0.00284,2000.0
1.3781E+02,-0.005376,-0.017210,0.00284,2000.0
1.3789E+02,-0.004290,-0.017512,0.00284,2000.0
1.3790E+02,-0.004137,-0.017549,0.00284,2000.0
1.3797E+02,-0.002996,-0.017779,0.00284,2000.0
1.3798E+02,-0.002845,-0.017804,0.00284,2000.0
1.3806E+02,-0.001724,-0.017947,0.00284,2000.0
1.3807E+02,-0.001526,-0.017965,0.00284,2000.0
1.3815E+02,-0.000426,-0.018025,0.00284,2000.0
1.3816E+02,-0.000245,-0.018028,0.00284,2000.0
1.3823E+02,0.000907,-0.018007,0.00284,2000.0
1.3824E+02,0.001053,-0.017999,0.00284,2000.0
1.3832E+02,0.002192,-0.017897,0.00284,2000.0
1.3833E+02,0.002363,-0.017874,0.00284,2000.0
1.3841E+02,0.003493,-0.017689,0.00284,2000.0
1.3842E+02,0.003642,-0.017658,0.00284,2000.0
1.3850E+02,0.004762,-0.017390,0.00284,2000.0
1.3851E+02,0.004909,-0.017348,0.00284,2000.0
1.3858E+02,0.006004,-0.017002,0.00284,2000.0
1.3859E+02,0.006150,-0.016948,0.00284,2000.0
1.3867E+02,0.007219,-0.016522,0.00284,2000.0
1.3868E+02,0.007384,-0.016447,0.00284,2000.0
1.3876E+02,0.008392,-0.015960,0.00284,2000.0
1.3877E+02,0.008522,-0.015888,0.00284,2000.0
1.3884E+02,0.009539,-0.015301,0.00284,2000.0
1.3885E+02,0.009662,-0.015222,0.00284,2000.0
1.3893E+02,0.010617,-0.014575,0.00284,2000.0
1.3894E+02,0.010727,-0.014491,0.00284,2000.0
1.3902E+02,0.011634,-0.013775,0.00284,2000.0
1.3903E+02,0.011775,-0.013651,0.00284,2000.0
1.3910E+02,0.012601,-0.012897,0.00284,2000.0
1.3912E+02,0.012735,-0.012761,0.00284,2000.0
1.3919E+02,0.013506,-0.011945,0.00284,2000.0
1.3920E+02,0.013602,-0.011832,0.00284,2000.0
1.3928E+02,0.014330,-0.010943,0.00284,2000.0
1.3929E+02,0.014440,-0.010792,0.00284,2000.0
1.3937E+02,0.015093,-0.009865,0.00284,2000.0
1.3938E+02,0.015169,-0.009742,0.00284,2000.0
1.3945E+02,0.015759,-0.008762,0.00284,2000.0
1.3946E+02,0.015834,-0.008617,0.00284,2000.0
1.3954E+02,0.016357,-0.007586,0.00284,2000.0
1.3955E+02,0.016417,-0.007447,0.00284,2000.0
1.3963E+02,0.016864,-0.006381,0.00284,2000.0
1.3964E+02,0.016913,-0.006239,0.00284,2000.0
1.3971E+02,0.017280,-0.005147,0.00284,2000.0
1.3973E+02,0.017324,-0.004983,0.00284,2000.0
1.3973E+02,0.017325,-0.004983,0.00284,2000.0
1.3980E+02,0.017606,-0.003892,0.00284,2000.0
1.3981E+02,0.017637,-0.003728,0.00284,2000.0
1.3989E+02,0.017843,-0.002603,0.00284,2000.0
1.3990E+02,0.017861,-0.002441,0.00284,2000.0
1.3990E+02,0.017860,-0.002441,0.00284,2000.0
1.3997E+02,0.017983,-0.001305,0.00284,2000.0
1.3999E+02,0.017990,-0.001142,0.00284,2000.0
1.4006E+02,0.018031,0.000000,0.00284,2000.0
1.4014E+02,0.017990,0.001135,0.00284,2000.0
1.4015E+02,0.017983,0.001305,0.00284,2000.0
1.4023E+02,0.017860,0.002441,0.00284,2000.0
1.4023E+02,0.017861,0.002441,0.00284,2000.0
1.4024E+02,0.017843,0.002603,0.00284,2000.0
1.4031E+02,0.017638,0.003722,0.00284,2000.0
1.4032E+02,0.017606,0.003892,0.00284,2000.0
1.4040E+02,0.017325,0.004983,0.00284,2000.0
1.4040E+02,0.017324,0.004983,0.00284,2000.0
1.4041E+02,0.017280,0.005147,0.00284,2000.0
1.4049E+02,0.016913,0.006239,0.00284,2000.0
1.4050E+02,0.016864,0.006381,0.00284,2000.0
1.4057E+02,0.016424,0.007431,0.00284,2000.0
1.4058E+02,0.016357,0.007586,0.00284,2000.0
1.4066E+02,0.015834,0.008617,0.00284,2000.0
1.4067E+02,0.015760,0.008760,0.00284,2000.0
1.4075E+02,0.015178,0.009727,0.00284,2000.0
1.4076E+02,0.015093,0.009865,0.00284,2000.0
1.4083E+02,0.014440,0.010792,0.00284,2000.0
1.4085E+02,0.014330,0.010943,0.00284,2000.0
1.4092E+02,0.013609,0.011824,0.00284,2000.0
1.4093E+02,0.013506,0.011945,0.00284,2000.0
1.4101E+02,0.012735,0.012761,0.00284,2000.0
1.4102E+02,0.012601,0.012897,0.00284,2000.0
1.4109E+02,0.011775,0.013651,0.00284,2000.0
1.4111E+02,0.011634,0.013775,0.00284,2000.0
1.4118E+02,0.010731,0.014488,0.00284,2000.0
1.4119E+02,0.010617,0.014575,0.00284,2000.0
1.4127E+02,0.009662,0.015222,0.00284,2000.0
1.4128E+02,0.009539,0.015301,0.00284,2000.0
1.4136E+02,0.008522,0.015888,0.00284,2000.0
1.4137E+02,0.008392,0.015960,0.00284,2000.0
1.4144E+02,0.007384,0.016447,0.00284,2000.0
1.4145E+02,0.007219,0.016522,0.00284,2000.0
1.4153E+02,0.006150,0.016948,0.00284,2000.0
1.4154E+02,0.006004,0.017002,0.00284,2000.0
1.4162E+02,0.004909,0.017348,0.00284,2000.0
1.4163E+02,0.004762,0.017390,0.00284,2000.0
1.4171E+02,0.003642,0.017658,0.00284,2000.0
1.4172E+02,0.003493,0.017689,0.00284,2000.0
1.4179E+02,0.002363,0.017874,0.00284,2000.0
1.4180E+02,0.002192,0.017897,0.00284,2000.0
1.4188E+02,0.001053,0.017999,0.00284,2000.0
1.4189E+02,0.000907,0.018007,0.00284,2000.0
1.4197E+02,-0.000245,0.018028,0.00284,2000.0
1.4198E+02,-0.000426,0.018025,0.00284,2000.0
1.4205E+02,-0.001526,0.017965,0.00284,2000.0
1.4207E+02,-0.001724,0.017947,0.00284,2000.0
1.4214E+02,-0.002845,0.017804,0.00284,2000.0
1.4215E+02,-0.002996,0.017779,0.00284,2000.0
1.4223E+02,-0.004137,0.017549,0.00284,2000.0
1.4224E+02,-0.004290,0.017512,0.00284,2000.0
1.4231E+02,-0.005376,0.017210,0.00284,2000.0
1.4233E+02,-0.005551,0.017153,0.00284,2000.0
1.4240E+02,-0.006607,0.016777,0.00284,2000.0
1.4241E+02,-0.006785,0.016703,0.00284,2000.0
1.4249E+02,-0.007799,0.016256,0.00284,2000.0
1.4250E+02,-0.007980,0.016166,0.00284,2000.0
1.4257E+02,-0.008958,0.015647,0.00284,2000.0
1.4259E+02,-0.009127,0.015547,0.00284,2000.0
1.4259E+02,-0.009127,0.015548,0.00284,2000.0
1.4266E+02,-0.010065,0.014961,0.00284,2000.0
1.4267E+02,-0.010224,0.014849,0.00284,2000.0
1.4275E+02,-0.011120,0.014194,0.00284,2000.0
1.4276E+02,-0.011270,0.014071,0.00284,2000.0
1.4284E+02,-0.012130,0.013340,0.00284,2000.0
1.4285E+02,-0.012265,0.013213,0.00284,2000.0
1.4292E+02,-0.013048,0.012444,0.00284,2000.0
1.4294E+02,-0.013183,0.012296,0.00284,2000.0
1.4301E+02,-0.013926,0.011454,0.00284,2000.0
1.4302E+02,-0.014037,0.011312,0.00284,2000.0
1.4310E+02,-0.014722,0.010409,0.00284,2000.0
1.4311E+02,-0.014806,0.010285,0.00284,0.0
1.4395E+02,-0.014806,0.010285,0.01554,0.0
1.4407E+02,-0.013383,0.009356,0.01554,0.0
1.4489E+02,-0.013383,0.009356,0.00284,2000.0
1.4489E+02,-0.013382,0.009356,0.00284,2000.0
1.4496E+02,-0.013981,0.008438,0.00284,2000.0
1.4497E+02,-0.014041,0.008332,0.00284,2000.0
1.4504E+02,-0.014564,0.007386,0.00284,2000.0
1.4505E+02,-0.014618,0.007274,0.00284,2000.0
1.4512E+02,-0.015053,0.006333,0.00284,2000.0
1.4513E+02,-0.015094,0.006226,0.00284,2000.0
1.4520E+02,-0.015473,0.005222,0.00284,2000.0
1.4528E+02,-0.015810,0.004090,0.00284,2000.0
1.4533E+02,-0.015987,0.003291,0.00284,2000.0
1.4535E+02,-0.016060,0.002958,0.00284,2000.0
1.4536E+02,-0.016079,0.002829,0.00284,2000.0
1.4536E+02,-0.016080,0.002829,0.00284,2000.0
1.4544E+02,-0.016235,0.001764,0.00284,2000.0
1.4544E+02,-0.016242,0.001665,0.00284,2000.0
1.4544E+02,-0.016241,0.001665,0.00284,2000.0
1.4551E+02,-0.016319,0.000591,0.00284,2000.0
1.4559E+02,-0.016319,-0.000609,0.00284,2000.0
1.4566E+02,-0.016242,-0.001663,0.00284,2000.0
1.4567E+02,-0.016235,-0.001764,0.00284,2000.0
1.4574E+02,-0.016080,-0.002829,0.00284,2000.0
1.4574E+02,-0.016079,-0.002829,0.00284,2000.0
1.4575E+02,-0.016060,-0.002958,0.00284,2000.0
1.4581E+02,-0.015854,-0.003892,0.00284,2000.0
1.4583E+02,-0.015810,-0.004090,0.00284,2000.0
1.4591E+02,-0.015473,-0.005222,0.00284,2000.0
1.4598E+02,-0.015094,-0.006226,0.00284,2000.0
1.4599E+02,-0.015053,-0.006333,0.00284,2000.0
1.4606E+02,-0.014618,-0.007274,0.00284,2000.0
1.4606E+02,-0.014564,-0.007386,0.00284,2000.0
1.4614E+02,-0.014041,-0.008332,0.00284,2000.0
1.4614E+02,-0.013981,-0.008438,0.00284,2000.0
1.4622E+02,-0.013382,-0.009356,0.00284,2000.0
1.4622E+02,-0.013383,-0.009356,0.00284,2000.0
1.4622E+02,-0.013341,-0.009417,0.00284,2000.0
1.4629E+02,-0.012698,-0.010265,0.00284,2000.0
1.4630E+02,-0.012624,-0.010359,0.00284,2000.0
1.4637E+02,-0.011927,-0.011150,0.00284,2000.0
1.4638E+02,-0.011820,-0.011268,0.00284,2000.0
1.4645E+02,-0.011087,-0.011987,0.00284,2000.0
1.4646E+02,-0.010994,-0.012075,0.00284,2000.0
1.4653E+02,-0.010192,-0.012756,0.00284,2000.0
1.4654E+02,-0.010066,-0.012859,0.00284,2000.0
1.4661E+02,-0.009245,-0.013459,0.00284,2000.0
1.4662E+02,-0.009122,-0.013546,0.00284,2000.0
1.4668E+02,-0.008275,-0.014076,0.00284,2000.0
1.4670E+02,-0.008131,-0.014161,0.00284,2000.0
1.4677E+02,-0.007183,-0.014664,0.00284,2000.0
1.4677E+02,-0.007090,-0.014710,0.00284,2000.0
1.4685E+02,-0.006110,-0.015142,0.00284,2000.0
1.4685E+02,-0.005995,-0.015190,0.00284,2000.0
1.4693E+02,-0.004981,-0.015551,0.00284,2000.0
1.4693E+02,-0.004897,-0.015579,0.00284,2000.0
1.4700E+02,-0.003854,-0.015869,0.00284,2000.0
1.4701E+02,-0.003764,-0.015890,0.00284,2000.0
1.4708E+02,-0.002699,-0.016105,0.00284,2000.0
1.4709E+02,-0.002592,-0.016123,0.00284,2000.0
1.4716E+02,-0.001549,-0.016256,0.00284,2000.0
1.4717E+02,-0.001391,-0.016270,0.00284,2000.0
1.4724E+02,-0.000384,-0.016325,0.00284,2000.0
1.4725E+02,-0.000248,-0.016327,0.00284,2000.0
1.4732E+02,0.000865,-0.016307,0.00284,2000.0
1.4732E+02,0.000923,-0.016304,0.00284,2000.0
1.4740E+02,0.001994,-0.016208,0.00284,2000.0
1.4740E+02,0.002107,-0.016193,0.00284,2000.0
1.4748E+02,0.003201,-0.016014,0.00284,2000.0
1.4748E+02,0.003265,-0.016000,0.00284,2000.0
1.4755E+02,0.004317,-0.015749,0.00284,2000.0
1.4756E+02,0.004435,-0.015715,0.00284,2000.0
1.4763E+02,0.005458,-0.015392,0.00284,2000.0
1.4764E+02,0.005541,-0.015361,0.00284,2000.0
1.4771E+02,0.006543,-0.014962,0.00284,2000.0
1.4772E+02,0.006644,-0.014916,0.00284,2000.0
1.4779E+02,0.007616,-0.014446,0.00284,2000.0
1.4780E+02,0.007698,-0.014401,0.00284,2000.0
1.4787E+02,0.008653,-0.013850,0.00284,2000.0
1.4788E+02,0.008723,-0.013805,0.00284,2000.0
1.4795E+02,0.009622,-0.013196,0.00284,2000.0
1.4795E+02,0.009695,-0.013140,0.00284,2000.0
1.4803E+02,0.010530,-0.012481,0.00284,2000.0
1.4804E+02,0.010652,-0.012374,0.00284,2000.0
1.4811E+02,0.011426,-0.011668,0.00284,2000.0
1.4811E+02,0.011499,-0.011593,0.00284,2000.0
1.4819E+02,0.012239,-0.010809,0.00284,2000.0
1.4819E+02,0.012306,-0.010731,0.00284,2000.0
1.4826E+02,0.012982,-0.009906,0.00284,2000.0
1.4827E+02,0.013050,-0.009813,0.00284,2000.0
1.4834E+02,0.013675,-0.008926,0.00284,2000.0
1.4835E+02,0.013723,-0.008848,0.00284,2000.0
1.4842E+02,0.014272,-0.007936,0.00284,2000.0
1.4843E+02,0.014318,-0.007848,0.00284,2000.0
1.4850E+02,0.014813,-0.006873,0.00284,2000.0
1.4851E+02,0.014849,-0.006790,0.00284,2000.0
1.4858E+02,0.015275,-0.005775,0.00284,2000.0
1.4858E+02,0.015302,-0.005697,0.00284,2000.0
1.4866E+02,0.015650,-0.004662,0.00284,2000.0
1.4867E+02,0.015715,-0.004418,0.00284,2000.0
1.4874E+02,0.015947,-0.003520,0.00284,2000.0
1.4874E+02,0.015965,-0.003422,0.00284,2000.0
1.4881E+02,0.016158,-0.002367,0.00284,2000.0
1.4889E+02,0.016288,-0.001172,0.00284,2000.0
1.4890E+02,0.016291,-0.001081,0.00284,2000.0
1.4897E+02,0.016330,0.000000,0.00284,2000.0
1.4904E+02,0.016291,0.001065,0.00284,2000.0
1.4905E+02,0.016286,0.001187,0.00284,2000.0
1.4913E+02,0.016158,0.002367,0.00284,2000.0
1.4920E+02,0.015967,0.003408,0.00284,2000.0
1.4921E+02,0.015944,0.003530,0.00284,2000.0
1.4927E+02,0.015731,0.004359,0.00284,2000.0
1.4929E+02,0.015650,0.004662,0.00284,2000.0
1.4936E+02,0.015306,0.005684,0.00284,2000.0
1.4937E+02,0.015274,0.005775,0.00284,2000.0
1.4944E+02,0.014864,0.006756,0.00284,2000.0
1.4944E+02,0.014818,0.006862,0.00284,2000.0
1.4952E+02,0.014324,0.007836,0.00284,2000.0
1.4952E+02,0.014279,0.007922,0.00284,2000.0
1.4960E+02,0.013721,0.008850,0.00284,2000.0
1.4960E+02,0.013722,0.008850,0.00284,2000.0
1.4960E+02,0.013676,0.008925,0.00284,2000.0
1.4967E+02,0.013062,0.009796,0.00284,2000.0
1.4968E+02,0.012990,0.009895,0.00284,2000.0
1.4975E+02,0.012300,0.010738,0.00284,2000.0
1.4976E+02,0.012242,0.010807,0.00284,2000.0
1.4983E+02,0.011499,0.011593,0.00284,2000.0
1.4984E+02,0.011426,0.011668,0.00284,2000.0
1.4991E+02,0.010652,0.012374,0.00284,2000.0
1.4992E+02,0.010530,0.012481,0.00284,2000.0
1.4999E+02,0.009700,0.013137,0.00284,2000.0
1.5000E+02,0.009631,0.013190,0.00284,2000.0
1.5007E+02,0.008723,0.013805,0.00284,2000.0
1.5007E+02,0.008653,0.013850,0.00284,2000.0
1.5015E+02,0.007698,0.014401,0.00284,2000.0
1.5015E+02,0.007616,0.014446,0.00284,2000.0
1.5023E+02,0.006650,0.014913,0.00284,2000.0
1.5023E+02,0.006545,0.014961,0.00284,2000.0
1.5031E+02,0.005541,0.015361,0.00284,2000.0
1.5031E+02,0.005458,0.015392,0.00284,2000.0
1.5038E+02,0.004435,0.015715,0.00284,2000.0
1.5039E+02,0.004317,0.015749,0.00284,2000.0
1.5046E+02,0.003265,0.016000,0.00284,2000.0
1.5047E+02,0.003201,0.016014,0.00284,2000.0
1.5054E+02,0.002107,0.016193,0.00284,2000.0
1.5055E+02,0.001994,0.016208,0.00284,2000.0
1.5062E+02,0.000923,0.016304,0.00284,2000.0
1.5062E+02,0.000865,0.016307,0.00284,2000.0
1.5070E+02,-0.000248,0.016327,0.00284,2000.0
1.5071E+02,-0.000384,0.016325,0.00284,2000.0
1.5078E+02,-0.001391,0.016270,0.00284,2000.0
1.5079E+02,-0.001549,0.016256,0.00284,2000.0
1.5086E+02,-0.002592,0.016123,0.00284,2000.0
1.5086E+02,-0.002699,0.016105,0.00284,2000.0
1.5094E+02,-0.003764,0.015890,0.00284,2000.0
1.5094E+02,-0.003854,0.015869,0.00284,2000.0
1.5101E+02,-0.004897,0.015579,0.00284,2000.0
1.5102E+02,-0.004981,0.015551,0.00284,2000.0
1.5109E+02,-0.005995,0.015190,0.00284,2000.0
1.5110E+02,-0.006110,0.015142,0.00284,2000.0
1.5117E+02,-0.007090,0.014710,0.00284,2000.0
1.5118E+02,-0.007186,0.014662,0.00284,2000.0
1.5125E+02,-0.008131,0.014161,0.00284,2000.0
1.5126E+02,-0.008283,0.014071,0.00284,2000.0
1.5133E+02,-0.009122,0.013546,0.00284,2000.0
1.5134E+02,-0.009245,0.013459,0.00284,2000.0
1.5141E+02,-0.010066,0.012859,0.00284,2000.0
1.5142E+02,-0.010192,0.012756,0.00284,2000.0
1.5149E+02,-0.010994,0.012075,0.00284,2000.0
1.5149E+02,-0.011087,0.011987,0.00284,2000.0
1.5156E+02,-0.011820,0.011268,0.00284,2000.0
1.5157E+02,-0.011927,0.011150,0.00284,2000.0
1.5164E+02,-0.012624,0.010359,0.00284,2000.0
1.5165E+02,-0.012698,0.010265,0.00284,2000.0
1.5172E+02,-0.013341,0.009417,0.00284,2000.0
1.5173E+02,-0.013383,0.009356,0.00284,0.0
1.5257E+02,-0.013383,0.009356,0.01554,0.0
1.5269E+02,-0.011960,0.008425,0.01554,0.0
1.5351E+02,-0.011960,0.008425,0.00284,2000.0
1.5358E+02,-0.012535,0.007543,0.00284,2000.0
1.5358E+02,-0.012554,0.007509,0.00284,2000.0
1.5358E+02,-0.012553,0.007509,0.00284,2000.0
1.5365E+02,-0.013060,0.006592,0.00284,2000.0
1.5365E+02,-0.013087,0.006536,0.00284,2000.0
1.5372E+02,-0.013488,0.005668,0.00284,2000.0
1.5372E+02,-0.013507,0.005618,0.00284,2000.0
1.5379E+02,-0.013860,0.004682,0.00284,2000.0
1.5386E+02,-0.014161,0.003672,0.00284,2000.0
1.5391E+02,-0.014327,0.002923,0.00284,2000.0
1.5393E+02,-0.014387,0.002648,0.00284,2000.0
1.5400E+02,-0.014535,0.001644,0.00284,2000.0
1.5400E+02,-0.014541,0.001604,0.00284,2000.0
1.5407E+02,-0.014619,0.000523,0.00284,2000.0
1.5414E+02,-0.014619,-0.000553,0.00284,2000.0
1.5421E+02,-0.014546,-0.001542,0.00284,2000.0
1.5421E+02,-0.014543,-0.001589,0.00284,2000.0
1.5423E+02,-0.014511,-0.001804,0.00284,2000.0
1.5428E+02,-0.014386,-0.002655,0.00284,2000.0
1.5434E+02,-0.014195,-0.003523,0.00284,2000.0
1.5434E+02,-0.014194,-0.003523,0.00284,2000.0
1.5435E+02,-0.014160,-0.003674,0.00284,2000.0
1.5442E+02,-0.013860,-0.004682,0.00284,2000.0
1.5449E+02,-0.013507,-0.005618,0.00284,2000.0
1.5449E+02,-0.013488,-0.005668,0.00284,2000.0
1.5456E+02,-0.013087,-0.006536,0.00284,2000.0
1.5456E+02,-0.013060,-0.006592,0.00284,2000.0
1.5463E+02,-0.012553,-0.007509,0.00284,2000.0
1.5463E+02,-0.012554,-0.007509,0.00284,2000.0
1.5463E+02,-0.012535,-0.007543,0.00284,2000.0
1.5470E+02,-0.011960,-0.008425,0.00284,2000.0
1.5477E+02,-0.011362,-0.009213,0.00284,2000.0
1.5478E+02,-0.011308,-0.009281,0.00284,2000.0
1.5484E+02,-0.010668,-0.010008,0.00284,2000.0
1.5485E+02,-0.010596,-0.010087,0.00284,2000.0
1.5491E+02,-0.009897,-0.010773,0.00284,2000.0
1.5492E+02,-0.009859,-0.010809,0.00284,2000.0
1.5498E+02,-0.009116,-0.011440,0.00284,2000.0
1.5499E+02,-0.009032,-0.011509,0.00284,2000.0
1.5505E+02,-0.008263,-0.012071,0.00284,2000.0
1.5506E+02,-0.008176,-0.012133,0.00284,2000.0
1.5512E+02,-0.007389,-0.012625,0.00284,2000.0
1.5513E+02,-0.007308,-0.012673,0.00284,2000.0
1.5520E+02,-0.006401,-0.013154,0.00284,2000.0
1.5520E+02,-0.006374,-0.013167,0.00284,2000.0
1.5527E+02,-0.005424,-0.013586,0.00284,2000.0
1.5527E+02,-0.005385,-0.013602,0.00284,2000.0
1.5534E+02,-0.004426,-0.013944,0.00284,2000.0
1.5534E+02,-0.004394,-0.013954,0.00284,2000.0
1.5541E+02,-0.003441,-0.014219,0.00284,2000.0
1.5541E+02,-0.003378,-0.014234,0.00284,2000.0
1.5548E+02,-0.002390,-0.014434,0.00284,2000.0
1.5548E+02,-0.002346,-0.014441,0.00284,2000.0
1.5555E+02,-0.001366,-0.014566,0.00284,2000.0
1.5555E+02,-0.001267,-0.014575,0.00284,2000.0
1.5561E+02,-0.000341,-0.014625,0.00284,2000.0
1.5562E+02,-0.000254,-0.014627,0.00284,2000.0
1.5569E+02,0.000806,-0.014608,0.00284,2000.0
1.5569E+02,0.000816,-0.014607,0.00284,2000.0
1.5576E+02,0.001806,-0.014518,0.00284,2000.0
1.5576E+02,0.001839,-0.014514,0.00284,2000.0
1.5583E+02,0.002881,-0.014343,0.00284,2000.0
1.5590E+02,0.003884,-0.014104,0.00284,2000.0
1.5590E+02,0.003964,-0.014081,0.00284,2000.0
1.5597E+02,0.004894,-0.013787,0.00284,2000.0
1.5597E+02,0.004946,-0.013768,0.00284,2000.0
1.5604E+02,0.005868,-0.013401,0.00284,2000.0
1.5604E+02,0.005939,-0.013369,0.00284,2000.0
1.5611E+02,0.006833,-0.012937,0.00284,2000.0
1.5611E+02,0.006864,-0.012920,0.00284,2000.0
1.5618E+02,0.007767,-0.012399,0.00284,2000.0
1.5619E+02,0.007804,-0.012375,0.00284,2000.0
1.5625E+02,0.008614,-0.011826,0.00284,2000.0
1.5625E+02,0.008660,-0.011791,0.00284,2000.0
1.5632E+02,0.009436,-0.011180,0.00284,2000.0
1.5633E+02,0.009506,-0.011118,0.00284,2000.0
1.5639E+02,0.010246,-0.010443,0.00284,2000.0
1.5640E+02,0.010263,-0.010426,0.00284,2000.0
1.5646E+02,0.010966,-0.009681,0.00284,2000.0
1.5647E+02,0.011016,-0.009623,0.00284,2000.0
1.5653E+02,0.011640,-0.008862,0.00284,2000.0
1.5654E+02,0.011660,-0.008834,0.00284,2000.0
1.5661E+02,0.012255,-0.007990,0.00284,2000.0
1.5661E+02,0.012275,-0.007957,0.00284,2000.0
1.5667E+02,0.012782,-0.007115,0.00284,2000.0
1.5668E+02,0.012802,-0.007078,0.00284,2000.0
1.5675E+02,0.013275,-0.006147,0.00284,2000.0
1.5675E+02,0.013281,-0.006132,0.00284,2000.0
1.5682E+02,0.013691,-0.005155,0.00284,2000.0
1.5689E+02,0.014018,-0.004182,0.00284,2000.0
1.5690E+02,0.014069,-0.003993,0.00284,2000.0
1.5696E+02,0.014286,-0.003153,0.00284,2000.0
1.5696E+02,0.014293,-0.003116,0.00284,2000.0
1.5703E+02,0.014474,-0.002125,0.00284,2000.0
1.5710E+02,0.014591,-0.001052,0.00284,2000.0
1.5710E+02,0.014592,-0.001022,0.00284,2000.0
1.5717E+02,0.014629,-0.000001,0.00284,2000.0
1.5724E+02,0.014592,0.000995,0.00284,2000.0
1.5724E+02,0.014589,0.001065,0.00284,2000.0
1.5731E+02,0.014475,0.002121,0.00284,2000.0
1.5738E+02,0.014296,0.003093,0.00284,2000.0
1.5738E+02,0.014283,0.003160,0.00284,2000.0
1.5743E+02,0.014084,0.003936,0.00284,2000.0
1.5743E+02,0.014085,0.003936,0.00284,2000.0
1.5745E+02,0.014022,0.004170,0.00284,2000.0
1.5752E+02,0.013702,0.005120,0.00284,2000.0
1.5752E+02,0.013688,0.005159,0.00284,2000.0
1.5759E+02,0.013295,0.006100,0.00284,2000.0
1.5759E+02,0.013296,0.006100,0.00284,2000.0
1.5759E+02,0.013281,0.006135,0.00284,2000.0
1.5766E+02,0.012818,0.007048,0.00284,2000.0
1.5766E+02,0.012799,0.007084,0.00284,2000.0
1.5773E+02,0.012245,0.008005,0.00284,2000.0
1.5780E+02,0.011688,0.008796,0.00284,2000.0
1.5780E+02,0.011687,0.008796,0.00284,2000.0
1.5780E+02,0.011648,0.008850,0.00284,2000.0
1.5787E+02,0.010984,0.009661,0.00284,2000.0
1.5787E+02,0.010973,0.009675,0.00284,2000.0
1.5794E+02,0.010281,0.010407,0.00284,2000.0
1.5794E+02,0.010246,0.010443,0.00284,2000.0
1.5801E+02,0.009508,0.011116,0.00284,2000.0
1.5802E+02,0.009444,0.011172,0.00284,2000.0
1.5808E+02,0.008664,0.011789,0.00284,2000.0
1.5808E+02,0.008637,0.011810,0.00284,2000.0
1.5815E+02,0.007774,0.012394,0.00284,2000.0
1.5815E+02,0.007770,0.012397,0.00284,2000.0
1.5822E+02,0.006864,0.012920,0.00284,2000.0
1.5823E+02,0.006848,0.012928,0.00284,2000.0
1.5830E+02,0.005910,0.013382,0.00284,2000.0
1.5830E+02,0.005871,0.013400,0.00284,2000.0
1.5836E+02,0.004946,0.013768,0.00284,2000.0
1.5837E+02,0.004894,0.013787,0.00284,2000.0
1.5843E+02,0.003964,0.014081,0.00284,2000.0
1.5844E+02,0.003884,0.014104,0.00284,2000.0
1.5851E+02,0.002881,0.014343,0.00284,2000.0
1.5858E+02,0.001839,0.014514,0.00284,2000.0
1.5858E+02,0.001806,0.014518,0.00284,2000.0
1.5865E+02,0.000816,0.014607,0.00284,2000.0
1.5865E+02,0.000806,0.014608,0.00284,2000.0
1.5872E+02,-0.000254,0.014627,0.00284,2000.0
1.5872E+02,-0.000341,0.014625,0.00284,2000.0
1.5879E+02,-0.001267,0.014575,0.00284,2000.0
1.5879E+02,-0.001366,0.014566,0.00284,2000.0
1.5886E+02,-0.002346,0.014441,0.00284,2000.0
1.5886E+02,-0.002390,0.014434,0.00284,2000.0
1.5893E+02,-0.003378,0.014234,0.00284,2000.0
1.5893E+02,-0.003441,0.014219,0.00284,2000.0
1.5900E+02,-0.004394,0.013954,0.00284,2000.0
1.5900E+02,-0.004426,0.013944,0.00284,2000.0
1.5907E+02,-0.005385,0.013602,0.00284,2000.0
1.5907E+02,-0.005427,0.013585,0.00284,2000.0
1.5914E+02,-0.006370,0.013169,0.00284,2000.0
1.5914E+02,-0.006426,0.013141,0.00284,2000.0
1.5921E+02,-0.007295,0.012680,0.00284,2000.0
1.5922E+02,-0.007401,0.012617,0.00284,2000.0
1.5928E+02,-0.008176,0.012133,0.00284,2000.0
1.5929E+02,-0.008263,0.012071,0.00284,2000.0
1.5935E+02,-0.009032,0.011509,0.00284,2000.0
1.5936E+02,-0.009116,0.011440,0.00284,2000.0
1.5942E+02,-0.009861,0.010807,0.00284,2000.0
1.5943E+02,-0.009902,0.010768,0.00284,2000.0
1.5949E+02,-0.010596,0.010087,0.00284,2000.0
1.5950E+02,-0.010668,0.010008,0.00284,2000.0
1.5956E+02,-0.011308,0.009281,0.00284,2000.0
1.5957E+02,-0.011362,0.009213,0.00284,2000.0
1.5963E+02,-0.011960,0.008425,0.00284,0.0
1.6048E+02,-0.011960,0.008425,0.01554,0.0
1.6064E+02,-0.009827,0.007304,0.01554,0.0
1.6146E+02,-0.009827,0.007304,0.00284,2000.0
1.6149E+02,-0.009568,0.007666,0.00284,2000.0
1.6152E+02,-0.009259,0.008012,0.00284,2000.0
1.6159E+02,-0.008589,0.008746,0.00284,2000.0
1.6162E+02,-0.008240,0.009060,0.00284,2000.0
1.6168E+02,-0.007479,0.009711,0.00284,2000.0
1.6172E+02,-0.007097,0.009982,0.00284,2000.0
1.6178E+02,-0.006263,0.010534,0.00284,2000.0
1.6181E+02,-0.005854,0.010760,0.00284,2000.0
1.6188E+02,-0.004962,0.011205,0.00284,2000.0
1.6191E+02,-0.004525,0.011385,0.00284,2000.0
1.6198E+02,-0.003589,0.011715,0.00284,2000.0
1.6201E+02,-0.003137,0.011845,0.00284,2000.0
1.6207E+02,-0.002170,0.012056,0.00284,2000.0
1.6211E+02,-0.001708,0.012136,0.00284,2000.0
1.6217E+02,-0.000721,0.012226,0.00284,2000.0
1.6220E+02,-0.000252,0.012256,0.00284,2000.0
1.6227E+02,0.000762,0.012222,0.00284,2000.0
1.6230E+02,0.001226,0.012195,0.00284,2000.0
1.6237E+02,0.002212,0.012044,0.00284,2000.0
1.6240E+02,0.002674,0.011964,0.00284,2000.0
1.6247E+02,0.003626,0.011695,0.00284,2000.0
1.6250E+02,0.004075,0.011565,0.00284,2000.0
1.6253E+02,0.004499,0.011386,0.00284,2000.0
1.6259E+02,0.005399,0.011006,0.00284,2000.0
1.6262E+02,0.005814,0.010778,0.00284,2000.0
1.6269E+02,0.006675,0.010280,0.00284,2000.0
1.6272E+02,0.007057,0.010010,0.00284,2000.0
1.6279E+02,0.007859,0.009405,0.00284,2000.0
1.6282E+02,0.008211,0.009089,0.00284,2000.0
1.6289E+02,0.008914,0.008407,0.00284,2000.0
1.6292E+02,0.009230,0.008056,0.00284,2000.0
1.6298E+02,0.009862,0.007269,0.00284,2000.0
1.6302E+02,0.010129,0.006892,0.00284,2000.0
1.6308E+02,0.010659,0.006039,0.00284,2000.0
1.6311E+02,0.010886,0.005626,0.00284,2000.0
1.6318E+02,0.011303,0.004722,0.00284,2000.0
1.6321E+02,0.011481,0.004287,0.00284,2000.0
1.6328E+02,0.011782,0.003343,0.00284,2000.0
1.6331E+02,0.011912,0.002891,0.00284,2000.0
1.6338E+02,0.012096,0.001906,0.00284,2000.0
1.6341E+02,0.012173,0.001444,0.00284,2000.0
1.6347E+02,0.012235,0.000445,0.00284,2000.0
1.6350E+02,0.012258,0.000000,0.00284,2000.0
1.6353E+02,0.012235,-0.000445,0.00284,2000.0
1.6360E+02,0.012173,-0.001444,0.00284,2000.0
1.6363E+02,0.012096,-0.001906,0.00284,2000.0
1.6370E+02,0.011912,-0.002891,0.00284,2000.0
1.6373E+02,0.011782,-0.003343,0.00284,2000.0
1.6380E+02,0.011481,-0.004287,0.00284,2000.0
1.6383E+02,0.011303,-0.004722,0.00284,2000.0
1.6389E+02,0.010886,-0.005626,0.00284,2000.0
1.6392E+02,0.010659,-0.006039,0.00284,2000.0
1.6399E+02,0.010129,-0.006892,0.00284,2000.0
1.6402E+02,0.009862,-0.007269,0.00284,2000.0
1.6409E+02,0.009230,-0.008056,0.00284,2000.0
1.6412E+02,0.008914,-0.008407,0.00284,2000.0
1.6419E+02,0.008211,-0.009089,0.00284,2000.0
1.6422E+02,0.007859,-0.009405,0.00284,2000.0
1.6428E+02,0.007057,-0.010010,0.00284,2000.0
1.6432E+02,0.006675,-0.010280,0.00284,2000.0
1.6438E+02,0.005814,-0.010778,0.00284,2000.0
1.6441E+02,0.005399,-0.011006,0.00284,2000.0
1.6448E+02,0.004499,-0.011386,0.00284,2000.0
1.6451E+02,0.004075,-0.011565,0.00284,2000.0
1.6454E+02,0.003626,-0.011695,0.00284,2000.0
1.6461E+02,0.002674,-0.011964,0.00284,2000.0
1.6464E+02,0.002212,-0.012044,0.00284,2000.0
1.6470E+02,0.001226,-0.012195,0.00284,2000.0
1.6474E+02,0.000762,-0.012222,0.00284,2000.0
1.6480E+02,-0.000252,-0.012256,0.00284,2000.0
1.6483E+02,-0.000721,-0.012226,0.00284,2000.0
1.6490E+02,-0.001708,-0.012136,0.00284,2000.0
1.6493E+02,-0.002170,-0.012056,0.00284,2000.0
1.6500E+02,-0.003137,-0.011845,0.00284,2000.0
1.6503E+02,-0.003589,-0.011715,0.00284,2000.0
1.6510E+02,-0.004525,-0.011385,0.00284,2000.0
1.6513E+02,-0.004962,-0.011205,0.00284,2000.0
1.6519E+02,-0.005854,-0.010760,0.00284,2000.0
1.6522E+02,-0.006263,-0.010534,0.00284,2000.0
1.6529E+02,-0.007097,-0.009982,0.00284,2000.0
1.6532E+02,-0.007479,-0.009711,0.00284,2000.0
1.6539E+02,-0.008240,-0.009060,0.00284,2000.0
1.6542E+02,-0.008589,-0.008746,0.00284,2000.0
1.6549E+02,-0.009259,-0.008012,0.00284,2000.0
1.6552E+02,-0.009568,-0.007666,0.00284,2000.0
1.6555E+02,-0.009827,-0.007304,0.00284,2000.0
1.6561E+02,-0.010407,-0.006480,0.00284,2000.0
1.6565E+02,-0.010632,-0.006072,0.00284,2000.0
1.6571E+02,-0.011102,-0.005197,0.00284,2000.0
1.6574E+02,-0.011282,-0.004763,0.00284,2000.0
1.6581E+02,-0.011642,-0.003834,0.00284,2000.0
1.6584E+02,-0.011772,-0.003381,0.00284,2000.0
1.6591E+02,-0.012015,-0.002414,0.00284,2000.0
1.6594E+02,-0.012093,-0.001952,0.00284,2000.0
1.6600E+02,-0.012215,-0.000972,0.00284,2000.0
1.6604E+02,-0.012242,-0.000503,0.00284,2000.0
1.6610E+02,-0.012242,0.000503,0.00284,2000.0
1.6613E+02,-0.012215,0.000972,0.00284,2000.0
1.6620E+02,-0.012093,0.001952,0.00284,2000.0
1.6623E+02,-0.012015,0.002414,0.00284,2000.0
1.6630E+02,-0.011772,0.003381,0.00284,2000.0
1.6633E+02,-0.011642,0.003834,0.00284,2000.0
1.6640E+02,-0.011282,0.004763,0.00284,2000.0
1.6643E+02,-0.011102,0.005197,0.00284,2000.0
1.6649E+02,-0.010632,0.006072,0.00284,2000.0
1.6652E+02,-0.010407,0.006480,0.00284,2000.0
1.6659E+02,-0.009827,0.007304,0.00284,0.0
1.6744E+02,-0.009827,0.007304,0.01554,0.0
1.6755E+02,-0.008440,0.006320,0.01554,0.0
1.6837E+02,-0.008440,0.006320,0.00284,2000.0
1.6839E+02,-0.008238,0.006603,0.00284,2000.0
1.6842E+02,-0.007997,0.006873,0.00284,2000.0
1.6848E+02,-0.007390,0.007538,0.00284,2000.0
1.6850E+02,-0.007119,0.007782,0.00284,2000.0
1.6856E+02,-0.006432,0.008369,0.00284,2000.0
1.6859E+02,-0.006135,0.008580,0.00284,2000.0
1.6865E+02,-0.005381,0.009079,0.00284,2000.0
1.6867E+02,-0.005063,0.009255,0.00284,2000.0
1.6873E+02,-0.004258,0.009656,0.00284,2000.0
1.6876E+02,-0.003918,0.009796,0.00284,2000.0
1.6882E+02,-0.003071,0.010095,0.00284,2000.0
1.6884E+02,-0.002720,0.010196,0.00284,2000.0
1.6890E+02,-0.001844,0.010387,0.00284,2000.0
1.6892E+02,-0.001485,0.010449,0.00284,2000.0
1.6898E+02,-0.000590,0.010531,0.00284,2000.0
1.6901E+02,-0.000226,0.010554,0.00284,2000.0
1.6907E+02,0.000685,0.010524,0.00284,2000.0
1.6909E+02,0.001047,0.010503,0.00284,2000.0
1.6915E+02,0.001938,0.010366,0.00284,2000.0
1.6918E+02,0.002297,0.010304,0.00284,2000.0
1.6924E+02,0.003159,0.010060,0.00284,2000.0
1.6926E+02,0.003506,0.009960,0.00284,2000.0
1.6929E+02,0.003837,0.009820,0.00284,2000.0
1.6935E+02,0.004657,0.009474,0.00284,2000.0
1.6937E+02,0.004979,0.009297,0.00284,2000.0
1.6943E+02,0.005757,0.008847,0.00284,2000.0
1.6945E+02,0.006054,0.008637,0.00284,2000.0
1.6951E+02,0.006778,0.008091,0.00284,2000.0
1.6954E+02,0.007051,0.007846,0.00284,2000.0
1.6960E+02,0.007689,0.007227,0.00284,2000.0
1.6962E+02,0.007935,0.006954,0.00284,2000.0
1.6968E+02,0.008504,0.006245,0.00284,2000.0
1.6971E+02,0.008712,0.005951,0.00284,2000.0
1.6977E+02,0.009191,0.005181,0.00284,2000.0
1.6979E+02,0.009367,0.004860,0.00284,2000.0
1.6985E+02,0.009744,0.004043,0.00284,2000.0
1.6988E+02,0.009882,0.003706,0.00284,2000.0
1.6994E+02,0.010155,0.002850,0.00284,2000.0
1.6996E+02,0.010256,0.002499,0.00284,2000.0
1.7002E+02,0.010422,0.001610,0.00284,2000.0
1.7005E+02,0.010482,0.001251,0.00284,2000.0
1.7011E+02,0.010538,0.000348,0.00284,2000.0
1.7013E+02,0.010556,0.000000,0.00284,2000.0
1.7015E+02,0.010538,-0.000348,0.00284,2000.0
1.7021E+02,0.010482,-0.001251,0.00284,2000.0
1.7024E+02,0.010422,-0.001610,0.00284,2000.0
1.7030E+02,0.010256,-0.002499,0.00284,2000.0
1.7032E+02,0.010155,-0.002850,0.00284,2000.0
1.7038E+02,0.009882,-0.003706,0.00284,2000.0
1.7041E+02,0.009744,-0.004043,0.00284,2000.0
1.7047E+02,0.009367,-0.004860,0.00284,2000.0
1.7049E+02,0.009191,-0.005181,0.00284,2000.0
1.7055E+02,0.008712,-0.005951,0.00284,2000.0
1.7057E+02,0.008504,-0.006245,0.00284,2000.0
1.7063E+02,0.007935,-0.006954,0.00284,2000.0
1.7066E+02,0.007689,-0.007227,0.00284,2000.0
1.7072E+02,0.007051,-0.007846,0.00284,2000.0
1.7074E+02,0.006778,-0.008091,0.00284,2000.0
1.7080E+02,0.006054,-0.008637,0.00284,2000.0
1.7083E+02,0.005757,-0.008847,0.00284,2000.0
1.7089E+02,0.004979,-0.009297,0.00284,2000.0
1.7091E+02,0.004657,-0.009474,0.00284,2000.0
1.7097E+02,0.003837,-0.009820,0.00284,2000.0
1.7100E+02,0.003506,-0.009960,0.00284,2000.0
1.7102E+02,0.003159,-0.010060,0.00284,2000.0
1.7108E+02,0.002297,-0.010304,0.00284,2000.0
1.7110E+02,0.001938,-0.010366,0.00284,2000.0
1.7116E+02,0.001047,-0.010503,0.00284,2000.0
1.7119E+02,0.000685,-0.010524,0.00284,2000.0
1.7125E+02,-0.000226,-0.010554,0.00284,2000.0
1.7127E+02,-0.000590,-0.010531,0.00284,2000.0
1.7133E+02,-0.001485,-0.010449,0.00284,2000.0
1.7136E+02,-0.001844,-0.010387,0.00284,2000.0
1.7142E+02,-0.002720,-0.010196,0.00284,2000.0
1.7144E+02,-0.003071,-0.010095,0.00284,2000.0
1.7150E+02,-0.003918,-0.009796,0.00284,2000.0
1.7153E+02,-0.004258,-0.009656,0.00284,2000.0
1.7159E+02,-0.005063,-0.009255,0.00284,2000.0
1.7161E+02,-0.005381,-0.009079,0.00284,2000.0
1.7167E+02,-0.006135,-0.008580,0.00284,2000.0
1.7169E+02,-0.006432,-0.008369,0.00284,2000.0
1.7175E+02,-0.007119,-0.007782,0.00284,2000.0
1.7178E+02,-0.007390,-0.007538,0.00284,2000.0
1.7184E+02,-0.007997,-0.006873,0.00284,2000.0
1.7186E+02,-0.008238,-0.006603,0.00284,2000.0
1.7189E+02,-0.008440,-0.006320,0.00284,2000.0
1.7195E+02,-0.008963,-0.005578,0.00284,2000.0
1.7197E+02,-0.009138,-0.005260,0.00284,2000.0
1.7203E+02,-0.009564,-0.004467,0.00284,2000.0
1.7206E+02,-0.009704,-0.004130,0.00284,2000.0
1.7212E+02,-0.010029,-0.003291,0.00284,2000.0
1.7214E+02,-0.010130,-0.002939,0.00284,2000.0
1.7220E+02,-0.010350,-0.002064,0.00284,2000.0
1.7222E+02,-0.010411,-0.001705,0.00284,2000.0
1.7228E+02,-0.010521,-0.000818,0.00284,2000.0
1.7231E+02,-0.010542,-0.000454,0.00284,2000.0
1.7237E+02,-0.010542,0.000454,0.00284,2000.0
1.7239E+02,-0.010521,0.000818,0.00284,2000.0
1.7245E+02,-0.010411,0.001705,0.00284,2000.0
1.7248E+02,-0.010350,0.002064,0.00284,2000.0
1.7254E+02,-0.010130,0.002939,0.00284,2000.0
1.7256E+02,-0.010029,0.003291,0.00284,2000.0
1.7262E+02,-0.009704,0.004130,0.00284,2000.0
1.7265E+02,-0.009564,0.004467,0.00284,2000.0
1.7271E+02,-0.009138,0.005260,0.00284,2000.0
1.7273E+02,-0.008963,0.005578,0.00284,2000.0
1.7279E+02,-0.008440,0.006320,0.00284,0.0
1.7364E+02,-0.008440,0.006320,0.01554,0.0
1.7375E+02,-0.007053,0.005336,0.01554,0.0
1.7457E+02,-0.007053,0.005336,0.00284,2000.0
1.7459E+02,-0.006907,0.005541,0.00284,2000.0
1.7460E+02,-0.006735,0.005734,0.00284,2000.0
1.7466E+02,-0.006192,0.006329,0.00284,2000.0
1.7468E+02,-0.005998,0.006503,0.00284,2000.0
1.7473E+02,-0.005386,0.007027,0.00284,2000.0
1.7475E+02,-0.005174,0.007177,0.00284,2000.0
1.7480E+02,-0.004500,0.007624,0.00284,2000.0
1.7482E+02,-0.004273,0.007749,0.00284,2000.0
1.7487E+02,-0.003553,0.008108,0.00284,2000.0
1.7489E+02,-0.003311,0.008208,0.00284,2000.0
1.7494E+02,-0.002553,0.008475,0.00284,2000.0
1.7496E+02,-0.002303,0.008547,0.00284,2000.0
1.7501E+02,-0.001519,0.008718,0.00284,2000.0
1.7503E+02,-0.001263,0.008762,0.00284,2000.0
1.7508E+02,-0.000460,0.008836,0.00284,2000.0
1.7510E+02,-0.000201,0.008852,0.00284,2000.0
1.7516E+02,0.000609,0.008826,0.00284,2000.0
1.7517E+02,0.000868,0.008811,0.00284,2000.0
1.7523E+02,0.001664,0.008688,0.00284,2000.0
1.7524E+02,0.001920,0.008644,0.00284,2000.0
1.7530E+02,0.002692,0.008425,0.00284,2000.0
1.7531E+02,0.002939,0.008354,0.00284,2000.0
1.7533E+02,0.003176,0.008254,0.00284,2000.0
1.7539E+02,0.003915,0.007942,0.00284,2000.0
1.7540E+02,0.004144,0.007816,0.00284,2000.0
1.7546E+02,0.004839,0.007414,0.00284,2000.0
1.7547E+02,0.005051,0.007264,0.00284,2000.0
1.7553E+02,0.005697,0.006777,0.00284,2000.0
1.7554E+02,0.005891,0.006603,0.00284,2000.0
1.7560E+02,0.006465,0.006046,0.00284,2000.0
1.7562E+02,0.006640,0.005852,0.00284,2000.0
1.7567E+02,0.007147,0.005220,0.00284,2000.0
1.7569E+02,0.007296,0.005010,0.00284,2000.0
1.7574E+02,0.007723,0.004323,0.00284,2000.0
1.7576E+02,0.007848,0.004095,0.00284,2000.0
1.7581E+02,0.008185,0.003363,0.00284,2000.0
1.7583E+02,0.008284,0.003123,0.00284,2000.0
1.7588E+02,0.008528,0.002357,0.00284,2000.0
1.7590E+02,0.008600,0.002107,0.00284,2000.0
1.7595E+02,0.008748,0.001313,0.00284,2000.0
1.7597E+02,0.008791,0.001057,0.00284,2000.0
1.7602E+02,0.008841,0.000252,0.00284,2000.0
1.7604E+02,0.008854,0.000000,0.00284,2000.0
1.7606E+02,0.008841,-0.000252,0.00284,2000.0
1.7611E+02,0.008791,-0.001057,0.00284,2000.0
1.7613E+02,0.008748,-0.001313,0.00284,2000.0
1.7618E+02,0.008600,-0.002107,0.00284,2000.0
1.7620E+02,0.008528,-0.002357,0.00284,2000.0
1.7625E+02,0.008284,-0.003123,0.00284,2000.0
1.7627E+02,0.008185,-0.003363,0.00284,2000.0
1.7633E+02,0.007848,-0.004095,0.00284,2000.0
1.7634E+02,0.007723,-0.004323,0.00284,2000.0
1.7640E+02,0.007296,-0.005010,0.00284,2000.0
1.7641E+02,0.007147,-0.005220,0.00284,2000.0
1.7647E+02,0.006640,-0.005852,0.00284,2000.0
1.7649E+02,0.006465,-0.006046,0.00284,2000.0
1.7654E+02,0.005891,-0.006603,0.00284,2000.0
1.7656E+02,0.005697,-0.006777,0.00284,2000.0
1.7661E+02,0.005051,-0.007264,0.00284,2000.0
1.7663E+02,0.004839,-0.007414,0.00284,2000.0
1.7668E+02,0.004144,-0.007816,0.00284,2000.0
1.7670E+02,0.003915,-0.007942,0.00284,2000.0
1.7675E+02,0.003176,-0.008254,0.00284,2000.0
1.7677E+02,0.002939,-0.008354,0.00284,2000.0
1.7679E+02,0.002692,-0.008425,0.00284,2000.0
1.7684E+02,0.001920,-0.008644,0.00284,2000.0
1.7686E+02,0.001664,-0.008688,0.00284,2000.0
1.7691E+02,0.000868,-0.008811,0.00284,2000.0
1.7693E+02,0.000609,-0.008826,0.00284,2000.0
1.7698E+02,-0.000201,-0.008852,0.00284,2000.0
1.7700E+02,-0.000460,-0.008836,0.00284,2000.0
1.7705E+02,-0.001263,-0.008762,0.00284,2000.0
1.7707E+02,-0.001519,-0.008718,0.00284,2000.0
1.7712E+02,-0.002303,-0.008547,0.00284,2000.0
1.7714E+02,-0.002553,-0.008475,0.00284,2000.0
1.7719E+02,-0.003311,-0.008208,0.00284,2000.0
1.7721E+02,-0.003553,-0.008108,0.00284,2000.0
1.7727E+02,-0.004273,-0.007749,0.00284,2000.0
1.7728E+02,-0.004500,-0.007624,0.00284,2000.0
1.7734E+02,-0.005174,-0.007177,0.00284,2000.0
1.7735E+02,-0.005386,-0.007027,0.00284,2000.0
1.7741E+02,-0.005998,-0.006503,0.00284,2000.0
1.7743E+02,-0.006192,-0.006329,0.00284,2000.0
1.7748E+02,-0.006735,-0.005734,0.00284,2000.0
1.7750E+02,-0.006907,-0.005541,0.00284,2000.0
1.7751E+02,-0.007053,-0.005336,0.00284,2000.0
1.7757E+02,-0.007520,-0.004675,0.00284,2000.0
1.7758E+02,-0.007645,-0.004448,0.00284,2000.0
1.7764E+02,-0.008026,-0.003739,0.00284,2000.0
1.7765E+02,-0.008125,-0.003499,0.00284,2000.0
1.7771E+02,-0.008416,-0.002748,0.00284,2000.0
1.7773E+02,-0.008488,-0.002497,0.00284,2000.0
1.7778E+02,-0.008685,-0.001715,0.00284,2000.0
1.7780E+02,-0.008728,-0.001459,0.00284,2000.0
1.7785E+02,-0.008827,-0.000664,0.00284,2000.0
1.7787E+02,-0.008842,-0.000405,0.00284,2000.0
1.7792E+02,-0.008842,0.000405,0.00284,2000.0
1.7794E+02,-0.008827,0.000664,0.00284,2000.0
1.7799E+02,-0.008728,0.001459,0.00284,2000.0
1.7801E+02,-0.008685,0.001715,0.00284,2000.0
1.7806E+02,-0.008488,0.002497,0.00284,2000.0
1.7808E+02,-0.008416,0.002748,0.00284,2000.0
1.7813E+02,-0.008125,0.003499,0.00284,2000.0
1.7815E+02,-0.008026,0.003739,0.00284,2000.0
1.7821E+02,-0.007645,0.004448,0.00284,2000.0
1.7822E+02,-0.007520,0.004675,0.00284,2000.0
1.7828E+02,-0.007053,0.005336,0.00284,0.0
1.7863E+02,-0.007053,0.000000,0.00284,0.0
