4.0513E+02,-0.014428,0.010287,0.01980,0.0
4.0513E+02,-0.014371,0.010261,0.01980,0.0
4.0596E+02,-0.014371,0.010261,0.00710,2000.0
4.0599E+02,-0.014675,0.009807,0.00710,2000.0
4.0604E+02,-0.015084,0.009181,0.00710,2000.0
4.0608E+02,-0.015352,0.008708,0.00710,2000.0
4.0613E+02,-0.015712,0.008057,0.00710,2000.0
4.0616E+02,-0.015954,0.007550,0.00710,2000.0
4.0621E+02,-0.016256,0.006896,0.00710,2000.0
4.0625E+02,-0.016461,0.006367,0.00710,2000.0
4.0630E+02,-0.016717,0.005691,0.00710,2000.0
4.0634E+02,-0.016880,0.005154,0.00710,2000.0
4.0638E+02,-0.017087,0.004456,0.00710,2000.0
4.0642E+02,-0.017210,0.003910,0.00710,2000.0
4.0642E+02,-0.017211,0.003910,0.00710,2000.0
4.0647E+02,-0.017363,0.003215,0.00710,2000.0
4.0651E+02,-0.017448,0.002647,0.00710,2000.0
4.0656E+02,-0.017553,0.001925,0.00710,2000.0
4.0659E+02,-0.017594,0.001370,0.00710,2000.0
4.0664E+02,-0.017646,0.000652,0.00710,2000.0
4.0673E+02,-0.017646,-0.000652,0.00710,2000.0
4.0678E+02,-0.017594,-0.001370,0.00710,2000.0
4.0681E+02,-0.017553,-0.001925,0.00710,2000.0
4.0686E+02,-0.017448,-0.002647,0.00710,2000.0
4.0690E+02,-0.017363,-0.003215,0.00710,2000.0
4.0695E+02,-0.017211,-0.003910,0.00710,2000.0
4.0695E+02,-0.017210,-0.003910,0.00710,2000.0
4.0698E+02,-0.017087,-0.004456,0.00710,2000.0
4.0703E+02,-0.016880,-0.005154,0.00710,2000.0
4.0707E+02,-0.016717,-0.005691,0.00710,2000.0
4.0712E+02,-0.016461,-0.006367,0.00710,2000.0
4.0716E+02,-0.016256,-0.006896,0.00710,2000.0
4.0720E+02,-0.015954,-0.007550,0.00710,2000.0
4.0724E+02,-0.015712,-0.008057,0.00710,2000.0
4.0729E+02,-0.015351,-0.008710,0.00710,2000.0
4.0733E+02,-0.015084,-0.009181,0.00710,2000.0
4.0738E+02,-0.014675,-0.009807,0.00710,2000.0
4.0741E+02,-0.014371,-0.010261,0.00710,2000.0
4.0746E+02,-0.013937,-0.010832,0.00710,2000.0
4.0750E+02,-0.013585,-0.011280,0.00710,2000.0
4.0755E+02,-0.013111,-0.011819,0.00710,2000.0
4.0759E+02,-0.012721,-0.012247,0.00710,2000.0
4.0763E+02,-0.012217,-0.012741,0.00710,2000.0
4.0767E+02,-0.011802,-0.013134,0.00710,2000.0
4.0772E+02,-0.011257,-0.013597,0.00710,2000.0
4.0776E+02,-0.010804,-0.013966,0.00710,2000.0
4.0781E+02,-0.010206,-0.014404,0.00710,2000.0
4.0784E+02,-0.009779,-0.014702,0.00710,2000.0
4.0789E+02,-0.009128,-0.015110,0.00710,2000.0
4.0793E+02,-0.008659,-0.015388,0.00710,2000.0
4.0798E+02,-0.008020,-0.015728,0.00710,2000.0
4.0801E+02,-0.007536,-0.015968,0.00710,2000.0
4.0806E+02,-0.006851,-0.016271,0.00710,2000.0
4.0810E+02,-0.006333,-0.016482,0.00710,2000.0
4.0815E+02,-0.005660,-0.016722,0.00710,2000.0
4.0819E+02,-0.005119,-0.016898,0.00710,2000.0
4.0823E+02,-0.004428,-0.017090,0.00710,2000.0
4.0827E+02,-0.003870,-0.017227,0.00710,2000.0
4.0832E+02,-0.003162,-0.017369,0.00710,2000.0
4.0836E+02,-0.002601,-0.017463,0.00710,2000.0
4.0841E+02,-0.001876,-0.017555,0.00710,2000.0
4.0844E+02,-0.001327,-0.017607,0.00710,2000.0
4.0849E+02,-0.000620,-0.017645,0.00710,2000.0
4.0853E+02,-0.000043,-0.017655,0.00710,2000.0
4.0858E+02,0.000698,-0.017642,0.00710,2000.0
4.0862E+02,0.001238,-0.017612,0.00710,2000.0
4.0867E+02,0.001982,-0.017545,0.00710,2000.0
4.0870E+02,0.002504,-0.017477,0.00710,2000.0
4.0875E+02,0.003254,-0.017354,0.00710,2000.0
4.0879E+02,0.003785,-0.017245,0.00710,2000.0
4.0884E+02,0.004504,-0.017073,0.00710,2000.0
4.0887E+02,0.005036,-0.016922,0.00710,2000.0
4.0892E+02,0.005734,-0.016700,0.00710,2000.0
4.0896E+02,0.006234,-0.016517,0.00710,2000.0
4.0901E+02,0.006953,-0.016231,0.00710,2000.0
4.0905E+02,0.007439,-0.016011,0.00710,2000.0
4.0909E+02,0.008090,-0.015695,0.00710,2000.0
4.0913E+02,0.008580,-0.015428,0.00710,2000.0
4.0918E+02,0.009233,-0.015051,0.00710,2000.0
4.0922E+02,0.009674,-0.014766,0.00710,2000.0
4.0927E+02,0.010302,-0.014340,0.00710,2000.0
4.0930E+02,0.010743,-0.014008,0.00710,2000.0
4.0935E+02,0.011309,-0.013561,0.00710,2000.0
4.0939E+02,0.011745,-0.013178,0.00710,2000.0
4.0944E+02,0.012266,-0.012702,0.00710,2000.0
4.0948E+02,0.012673,-0.012288,0.00710,2000.0
4.0952E+02,0.013159,-0.011775,0.00710,2000.0
4.0956E+02,0.013534,-0.011331,0.00710,2000.0
4.0961E+02,0.013991,-0.010773,0.00710,2000.0
4.0965E+02,0.014308,-0.010336,0.00710,2000.0
4.0970E+02,0.014737,-0.009728,0.00710,2000.0
4.0973E+02,0.015024,-0.009265,0.00710,2000.0
4.0978E+02,0.015408,-0.008627,0.00710,2000.0
4.0982E+02,0.015659,-0.008145,0.00710,2000.0
4.0987E+02,0.015993,-0.007486,0.00710,2000.0
4.0990E+02,0.016211,-0.006981,0.00710,2000.0
4.0995E+02,0.016495,-0.006303,0.00710,2000.0
4.0999E+02,0.016677,-0.005778,0.00710,2000.0
4.1004E+02,0.016910,-0.005089,0.00710,2000.0
4.1008E+02,0.017053,-0.004547,0.00710,2000.0
4.1012E+02,0.017238,-0.003828,0.00710,2000.0
4.1016E+02,0.017339,-0.003288,0.00710,2000.0
4.1021E+02,0.017470,-0.002570,0.00710,2000.0
4.1025E+02,0.017532,-0.002015,0.00710,2000.0
4.1030E+02,0.017611,-0.001286,0.00710,2000.0
4.1033E+02,0.017632,-0.000732,0.00710,2000.0
4.1038E+02,0.017658,0.000000,0.00710,2000.0
4.1043E+02,0.017632,0.000729,0.00710,2000.0
4.1047E+02,0.017611,0.001286,0.00710,2000.0
4.1052E+02,0.017533,0.002010,0.00710,2000.0
4.1055E+02,0.017470,0.002570,0.00710,2000.0
4.1060E+02,0.017340,0.003282,0.00710,2000.0
4.1064E+02,0.017238,0.003828,0.00710,2000.0
4.1069E+02,0.017056,0.004535,0.00710,2000.0
4.1073E+02,0.016910,0.005089,0.00710,2000.0
4.1077E+02,0.016681,0.005765,0.00710,2000.0
4.1081E+02,0.016495,0.006303,0.00710,2000.0
4.1086E+02,0.016218,0.006964,0.00710,2000.0
4.1090E+02,0.015993,0.007486,0.00710,2000.0
4.1095E+02,0.015668,0.008128,0.00710,2000.0
4.1098E+02,0.015408,0.008627,0.00710,2000.0
4.1103E+02,0.015035,0.009247,0.00710,2000.0
4.1107E+02,0.014737,0.009728,0.00710,2000.0
4.1112E+02,0.014308,0.010336,0.00710,2000.0
4.1115E+02,0.013991,0.010773,0.00710,2000.0
4.1120E+02,0.013534,0.011331,0.00710,2000.0
4.1124E+02,0.013159,0.011775,0.00710,2000.0
4.1129E+02,0.012673,0.012288,0.00710,2000.0
4.1133E+02,0.012266,0.012702,0.00710,2000.0
4.1137E+02,0.011745,0.013178,0.00710,2000.0
4.1141E+02,0.011309,0.013561,0.00710,2000.0
4.1146E+02,0.010743,0.014008,0.00710,2000.0
4.1150E+02,0.010302,0.014340,0.00710,2000.0
4.1155E+02,0.009674,0.014766,0.00710,2000.0
4.1158E+02,0.009233,0.015051,0.00710,2000.0
4.1163E+02,0.008580,0.015428,0.00710,2000.0
4.1167E+02,0.008090,0.015695,0.00710,2000.0
4.1172E+02,0.007439,0.016011,0.00710,2000.0
4.1175E+02,0.006953,0.016231,0.00710,2000.0
4.1181E+02,0.006239,0.016515,0.00710,2000.0
4.1184E+02,0.005734,0.016700,0.00710,2000.0
4.1189E+02,0.005036,0.016922,0.00710,2000.0
4.1193E+02,0.004504,0.017073,0.00710,2000.0
4.1198E+02,0.003785,0.017245,0.00710,2000.0
4.1201E+02,0.003254,0.017354,0.00710,2000.0
4.1206E+02,0.002504,0.017477,0.00710,2000.0
4.1210E+02,0.001982,0.017545,0.00710,2000.0
4.1215E+02,0.001238,0.017612,0.00710,2000.0
4.1218E+02,0.000698,0.017642,0.00710,2000.0
4.1223E+02,-0.000043,0.017655,0.00710,2000.0
4.1227E+02,-0.000620,0.017645,0.00710,2000.0
4.1232E+02,-0.001327,0.017607,0.00710,2000.0
4.1236E+02,-0.001876,0.017555,0.00710,2000.0
4.1240E+02,-0.002601,0.017463,0.00710,2000.0
4.1244E+02,-0.003162,0.017369,0.00710,2000.0
4.1249E+02,-0.003870,0.017227,0.00710,2000.0
4.1253E+02,-0.004428,0.017090,0.00710,2000.0
4.1258E+02,-0.005119,0.016898,0.00710,2000.0
4.1261E+02,-0.005660,0.016722,0.00710,2000.0
4.1266E+02,-0.006333,0.016482,0.00710,2000.0
4.1270E+02,-0.006851,0.016271,0.00710,2000.0
4.1275E+02,-0.007536,0.015968,0.00710,2000.0
4.1279E+02,-0.008020,0.015728,0.00710,2000.0
4.1283E+02,-0.008659,0.015388,0.00710,2000.0
4.1287E+02,-0.009129,0.015109,0.00710,2000.0
4.1292E+02,-0.009779,0.014702,0.00710,2000.0
4.1296E+02,-0.010206,0.014404,0.00710,2000.0
4.1301E+02,-0.010804,0.013966,0.00710,2000.0
4.1304E+02,-0.011257,0.013597,0.00710,2000.0
4.1309E+02,-0.011802,0.013134,0.00710,2000.0
4.1313E+02,-0.012217,0.012741,0.00710,2000.0
4.1318E+02,-0.012721,0.012247,0.00710,2000.0
4.1322E+02,-0.013111,0.011819,0.00710,2000.0
4.1326E+02,-0.013586,0.011279,0.00710,2000.0
4.1330E+02,-0.013937,0.010832,0.00710,2000.0
4.1335E+02,-0.014371,0.010261,0.00710,0.0
4.1420E+02,-0.014371,0.010261,0.01980,0.0
4.1431E+02,-0.012981,0.009281,0.01980,0.0
4.1513E+02,-0.012981,0.009281,0.00710,2000.0
4.1516E+02,-0.013262,0.008861,0.00710,2000.0
4.1521E+02,-0.013632,0.008296,0.00710,2000.0
4.1524E+02,-0.013864,0.007885,0.00710,2000.0
4.1529E+02,-0.014205,0.007268,0.00710,2000.0
4.1532E+02,-0.014420,0.006818,0.00710,2000.0
4.1536E+02,-0.014690,0.006232,0.00710,2000.0
4.1540E+02,-0.014876,0.005753,0.00710,2000.0
4.1544E+02,-0.015106,0.005145,0.00710,2000.0
4.1547E+02,-0.015253,0.004660,0.00710,2000.0
4.1552E+02,-0.015443,0.004022,0.00710,2000.0
4.1556E+02,-0.015581,0.003404,0.00710,2000.0
4.1560E+02,-0.015691,0.002901,0.00710,2000.0
4.1563E+02,-0.015767,0.002395,0.00710,2000.0
4.1567E+02,-0.015863,0.001738,0.00710,2000.0
4.1571E+02,-0.015899,0.001247,0.00710,2000.0
4.1571E+02,-0.015898,0.001247,0.00710,2000.0
4.1575E+02,-0.015946,0.000584,0.00710,2000.0
4.1583E+02,-0.015946,-0.000584,0.00710,2000.0
4.1587E+02,-0.015898,-0.001247,0.00710,2000.0
4.1587E+02,-0.015899,-0.001247,0.00710,2000.0
4.1591E+02,-0.015863,-0.001738,0.00710,2000.0
4.1595E+02,-0.015767,-0.002395,0.00710,2000.0
4.1598E+02,-0.015691,-0.002901,0.00710,2000.0
4.1603E+02,-0.015557,-0.003515,0.00710,2000.0
4.1606E+02,-0.015443,-0.004022,0.00710,2000.0
4.1611E+02,-0.015253,-0.004660,0.00710,2000.0
4.1614E+02,-0.015106,-0.005145,0.00710,2000.0
4.1618E+02,-0.014876,-0.005753,0.00710,2000.0
4.1622E+02,-0.014690,-0.006232,0.00710,2000.0
4.1626E+02,-0.014420,-0.006818,0.00710,2000.0
4.1629E+02,-0.014202,-0.007275,0.00710,2000.0
4.1634E+02,-0.013872,-0.007872,0.00710,2000.0
4.1637E+02,-0.013632,-0.008295,0.00710,2000.0
4.1642E+02,-0.013262,-0.008861,0.00710,2000.0
4.1645E+02,-0.012981,-0.009281,0.00710,2000.0
4.1649E+02,-0.012600,-0.009782,0.00710,2000.0
4.1653E+02,-0.012283,-0.010185,0.00710,2000.0
4.1657E+02,-0.011834,-0.010696,0.00710,2000.0
4.1661E+02,-0.011492,-0.011071,0.00710,2000.0
4.1665E+02,-0.011027,-0.011527,0.00710,2000.0
4.1668E+02,-0.010676,-0.011859,0.00710,2000.0
4.1673E+02,-0.010156,-0.012301,0.00710,2000.0
4.1676E+02,-0.009760,-0.012624,0.00710,2000.0
4.1681E+02,-0.009220,-0.013019,0.00710,2000.0
4.1684E+02,-0.008836,-0.013287,0.00710,2000.0
4.1688E+02,-0.008244,-0.013658,0.00710,2000.0
4.1691E+02,-0.007838,-0.013898,0.00710,2000.0
4.1696E+02,-0.007221,-0.014227,0.00710,2000.0
4.1699E+02,-0.006825,-0.014423,0.00710,2000.0
4.1704E+02,-0.006163,-0.014716,0.00710,2000.0
4.1707E+02,-0.005732,-0.014892,0.00710,2000.0
4.1711E+02,-0.005134,-0.015105,0.00710,2000.0
4.1715E+02,-0.004620,-0.015272,0.00710,2000.0
4.1719E+02,-0.003995,-0.015446,0.00710,2000.0
4.1722E+02,-0.003504,-0.015566,0.00710,2000.0
4.1727E+02,-0.002862,-0.015695,0.00710,2000.0
4.1730E+02,-0.002332,-0.015784,0.00710,2000.0
4.1735E+02,-0.001690,-0.015866,0.00710,2000.0
4.1738E+02,-0.001223,-0.015910,0.00710,2000.0
4.1742E+02,-0.000554,-0.015946,0.00710,2000.0
4.1746E+02,-0.000044,-0.015954,0.00710,2000.0
4.1750E+02,0.000653,-0.015942,0.00710,2000.0
4.1753E+02,0.001109,-0.015917,0.00710,2000.0
4.1758E+02,0.001784,-0.015856,0.00710,2000.0
4.1761E+02,0.002254,-0.015795,0.00710,2000.0
4.1766E+02,0.002961,-0.015679,0.00710,2000.0
4.1769E+02,0.003416,-0.015586,0.00710,2000.0
4.1774E+02,0.004075,-0.015428,0.00710,2000.0
4.1777E+02,0.004536,-0.015297,0.00710,2000.0
4.1781E+02,0.005193,-0.015088,0.00710,2000.0
4.1784E+02,0.005606,-0.014937,0.00710,2000.0
4.1789E+02,0.006288,-0.014666,0.00710,2000.0
4.1792E+02,0.006738,-0.014462,0.00710,2000.0
4.1797E+02,0.007303,-0.014188,0.00710,2000.0
4.1800E+02,0.007756,-0.013941,0.00710,2000.0
4.1805E+02,0.008337,-0.013606,0.00710,2000.0
4.1808E+02,0.008751,-0.013338,0.00710,2000.0
4.1812E+02,0.009319,-0.012953,0.00710,2000.0
4.1815E+02,0.009689,-0.012674,0.00710,2000.0
4.1820E+02,0.010224,-0.012251,0.00710,2000.0
4.1823E+02,0.010598,-0.011923,0.00710,2000.0
4.1828E+02,0.011089,-0.011475,0.00710,2000.0
4.1831E+02,0.011461,-0.011096,0.00710,2000.0
4.1835E+02,0.011886,-0.010647,0.00710,2000.0
4.1839E+02,0.012235,-0.010234,0.00710,2000.0
4.1843E+02,0.012644,-0.009735,0.00710,2000.0
4.1846E+02,0.012919,-0.009356,0.00710,2000.0
4.1851E+02,0.013316,-0.008794,0.00710,2000.0
4.1854E+02,0.013567,-0.008388,0.00710,2000.0
4.1859E+02,0.013928,-0.007788,0.00710,2000.0
4.1862E+02,0.014143,-0.007376,0.00710,2000.0
4.1867E+02,0.014450,-0.006770,0.00710,2000.0
4.1870E+02,0.014643,-0.006324,0.00710,2000.0
4.1874E+02,0.014908,-0.005692,0.00710,2000.0
4.1878E+02,0.015067,-0.005233,0.00710,2000.0
4.1882E+02,0.015279,-0.004607,0.00710,2000.0
4.1885E+02,0.015409,-0.004113,0.00710,2000.0
4.1885E+02,0.015410,-0.004113,0.00710,2000.0
4.1890E+02,0.015575,-0.003470,0.00710,2000.0
4.1893E+02,0.015667,-0.002983,0.00710,2000.0
4.1898E+02,0.015788,-0.002322,0.00710,2000.0
4.1901E+02,0.015842,-0.001832,0.00710,2000.0
4.1905E+02,0.015914,-0.001167,0.00710,2000.0
4.1909E+02,0.015933,-0.000672,0.00710,2000.0
4.1913E+02,0.015957,-0.000001,0.00710,2000.0
4.1918E+02,0.015933,0.000665,0.00710,2000.0
4.1921E+02,0.015914,0.001169,0.00710,2000.0
4.1925E+02,0.015844,0.001820,0.00710,2000.0
4.1929E+02,0.015787,0.002323,0.00710,2000.0
4.1933E+02,0.015669,0.002970,0.00710,2000.0
4.1936E+02,0.015577,0.003462,0.00710,2000.0
4.1941E+02,0.015412,0.004102,0.00710,2000.0
4.1944E+02,0.015280,0.004604,0.00710,2000.0
4.1949E+02,0.015074,0.005210,0.00710,2000.0
4.1952E+02,0.014908,0.005691,0.00710,2000.0
4.1956E+02,0.014657,0.006291,0.00710,2000.0
4.1960E+02,0.014455,0.006759,0.00710,2000.0
4.1964E+02,0.014160,0.007342,0.00710,2000.0
4.1967E+02,0.013920,0.007802,0.00710,2000.0
4.1972E+02,0.013578,0.008371,0.00710,2000.0
4.1975E+02,0.013321,0.008787,0.00710,2000.0
4.1980E+02,0.012932,0.009338,0.00710,2000.0
4.1983E+02,0.012644,0.009735,0.00710,2000.0
4.1987E+02,0.012235,0.010234,0.00710,2000.0
4.1991E+02,0.011886,0.010647,0.00710,2000.0
4.1995E+02,0.011461,0.011096,0.00710,2000.0
4.1998E+02,0.011089,0.011475,0.00710,2000.0
4.2003E+02,0.010599,0.011922,0.00710,2000.0
4.2006E+02,0.010224,0.012251,0.00710,2000.0
4.2011E+02,0.009689,0.012674,0.00710,2000.0
4.2014E+02,0.009319,0.012953,0.00710,2000.0
4.2018E+02,0.008751,0.013338,0.00710,2000.0
4.2022E+02,0.008337,0.013606,0.00710,2000.0
4.2026E+02,0.007756,0.013941,0.00710,2000.0
4.2030E+02,0.007303,0.014188,0.00710,2000.0
4.2034E+02,0.006738,0.014462,0.00710,2000.0
4.2037E+02,0.006288,0.014666,0.00710,2000.0
4.2042E+02,0.005619,0.014932,0.00710,2000.0
4.2045E+02,0.005185,0.015091,0.00710,2000.0
4.2050E+02,0.004536,0.015297,0.00710,2000.0
4.2053E+02,0.004079,0.015427,0.00710,2000.0
4.2057E+02,0.003416,0.015586,0.00710,2000.0
4.2060E+02,0.002961,0.015679,0.00710,2000.0
4.2065E+02,0.002254,0.015795,0.00710,2000.0
4.2068E+02,0.001784,0.015856,0.00710,2000.0
4.2073E+02,0.001109,0.015917,0.00710,2000.0
4.2076E+02,0.000653,0.015942,0.00710,2000.0
4.2080E+02,-0.000044,0.015954,0.00710,2000.0
4.2084E+02,-0.000554,0.015946,0.00710,2000.0
4.2088E+02,-0.001223,0.015910,0.00710,2000.0
4.2091E+02,-0.001690,0.015866,0.00710,2000.0
4.2096E+02,-0.002332,0.015784,0.00710,2000.0
4.2099E+02,-0.002862,0.015695,0.00710,2000.0
4.2104E+02,-0.003504,0.015566,0.00710,2000.0
4.2107E+02,-0.003995,0.015446,0.00710,2000.0
4.2111E+02,-0.004620,0.015272,0.00710,2000.0
4.2115E+02,-0.005134,0.015105,0.00710,2000.0
4.2119E+02,-0.005732,0.014892,0.00710,2000.0
4.2122E+02,-0.006163,0.014716,0.00710,2000.0
4.2127E+02,-0.006825,0.014423,0.00710,2000.0
4.2130E+02,-0.007226,0.014224,0.00710,2000.0
4.2135E+02,-0.007828,0.013904,0.00710,2000.0
4.2138E+02,-0.008261,0.013647,0.00710,2000.0
4.2143E+02,-0.008841,0.013283,0.00710,2000.0
4.2146E+02,-0.009220,0.013019,0.00710,2000.0
4.2150E+02,-0.009760,0.012624,0.00710,2000.0
4.2154E+02,-0.010156,0.012301,0.00710,2000.0
4.2158E+02,-0.010676,0.011859,0.00710,2000.0
4.2161E+02,-0.011030,0.011524,0.00710,2000.0
4.2166E+02,-0.011492,0.011071,0.00710,2000.0
4.2169E+02,-0.011854,0.010674,0.00710,2000.0
4.2174E+02,-0.012279,0.010191,0.00710,2000.0
4.2177E+02,-0.012600,0.009782,0.00710,2000.0
4.2181E+02,-0.012981,0.009281,0.00710,0.0
4.2266E+02,-0.012981,0.009281,0.01980,0.0
4.2277E+02,-0.011596,0.008294,0.01980,0.0
4.2359E+02,-0.011596,0.008294,0.00710,2000.0
4.2362E+02,-0.011849,0.007916,0.00710,2000.0
4.2366E+02,-0.012178,0.007413,0.00710,2000.0
4.2369E+02,-0.012384,0.007049,0.00710,2000.0
4.2373E+02,-0.012691,0.006492,0.00710,2000.0
4.2376E+02,-0.012886,0.006085,0.00710,2000.0
4.2380E+02,-0.013122,0.005572,0.00710,2000.0
4.2383E+02,-0.013291,0.005138,0.00710,2000.0
4.2387E+02,-0.013495,0.004601,0.00710,2000.0
4.2390E+02,-0.013626,0.004167,0.00710,2000.0
4.2394E+02,-0.013797,0.003595,0.00710,2000.0
4.2398E+02,-0.013922,0.003034,0.00710,2000.0
4.2401E+02,-0.014021,0.002577,0.00710,2000.0
4.2404E+02,-0.014086,0.002142,0.00710,2000.0
4.2408E+02,-0.014170,0.001569,0.00710,2000.0
4.2415E+02,-0.014246,0.000516,0.00710,2000.0
4.2422E+02,-0.014246,-0.000516,0.00710,2000.0
4.2429E+02,-0.014170,-0.001569,0.00710,2000.0
4.2433E+02,-0.014086,-0.002142,0.00710,2000.0
4.2436E+02,-0.014018,-0.002592,0.00710,2000.0
4.2439E+02,-0.013898,-0.003142,0.00710,2000.0
4.2442E+02,-0.013794,-0.003603,0.00710,2000.0
4.2446E+02,-0.013626,-0.004167,0.00710,2000.0
4.2449E+02,-0.013495,-0.004601,0.00710,2000.0
4.2453E+02,-0.013291,-0.005138,0.00710,2000.0
4.2456E+02,-0.013122,-0.005572,0.00710,2000.0
4.2460E+02,-0.012886,-0.006086,0.00710,2000.0
4.2463E+02,-0.012692,-0.006494,0.00710,2000.0
4.2467E+02,-0.012393,-0.007033,0.00710,2000.0
4.2470E+02,-0.012176,-0.007416,0.00710,2000.0
4.2474E+02,-0.011849,-0.007916,0.00710,2000.0
4.2477E+02,-0.011595,-0.008295,0.00710,2000.0
4.2481E+02,-0.011264,-0.008731,0.00710,2000.0
4.2484E+02,-0.010976,-0.009097,0.00710,2000.0
4.2488E+02,-0.010578,-0.009550,0.00710,2000.0
4.2491E+02,-0.010264,-0.009894,0.00710,2000.0
4.2495E+02,-0.009837,-0.010313,0.00710,2000.0
4.2498E+02,-0.009540,-0.010594,0.00710,2000.0
4.2502E+02,-0.009081,-0.010984,0.00710,2000.0
4.2505E+02,-0.008721,-0.011277,0.00710,2000.0
4.2509E+02,-0.008227,-0.011639,0.00710,2000.0
4.2512E+02,-0.007907,-0.011862,0.00710,2000.0
4.2516E+02,-0.007341,-0.012217,0.00710,2000.0
4.2519E+02,-0.007013,-0.012411,0.00710,2000.0
4.2523E+02,-0.006453,-0.012710,0.00710,2000.0
4.2525E+02,-0.006105,-0.012882,0.00710,2000.0
4.2530E+02,-0.005493,-0.013153,0.00710,2000.0
4.2533E+02,-0.005108,-0.013310,0.00710,2000.0
4.2536E+02,-0.004609,-0.013488,0.00710,2000.0
4.2540E+02,-0.004134,-0.013642,0.00710,2000.0
4.2544E+02,-0.003548,-0.013806,0.00710,2000.0
4.2546E+02,-0.003149,-0.013903,0.00710,2000.0
4.2550E+02,-0.002560,-0.014021,0.00710,2000.0
4.2554E+02,-0.002061,-0.014105,0.00710,2000.0
4.2557E+02,-0.001526,-0.014173,0.00710,2000.0
4.2560E+02,-0.001097,-0.014214,0.00710,2000.0
4.2564E+02,-0.000489,-0.014247,0.00710,2000.0
4.2567E+02,-0.000046,-0.014254,0.00710,2000.0
4.2572E+02,0.000610,-0.014242,0.00710,2000.0
4.2574E+02,0.000976,-0.014222,0.00710,2000.0
4.2578E+02,0.001591,-0.014167,0.00710,2000.0
4.2581E+02,0.002000,-0.014113,0.00710,2000.0
4.2585E+02,0.002654,-0.014006,0.00710,2000.0
4.2588E+02,0.003064,-0.013922,0.00710,2000.0
4.2592E+02,0.003643,-0.013784,0.00710,2000.0
4.2595E+02,0.004044,-0.013670,0.00710,2000.0
4.2599E+02,0.004631,-0.013483,0.00710,2000.0
4.2602E+02,0.005007,-0.013346,0.00710,2000.0
4.2606E+02,0.005632,-0.013097,0.00710,2000.0
4.2609E+02,0.005996,-0.012932,0.00710,2000.0
4.2613E+02,0.006524,-0.012676,0.00710,2000.0
4.2616E+02,0.006942,-0.012448,0.00710,2000.0
4.2620E+02,0.007452,-0.012154,0.00710,2000.0
4.2623E+02,0.007827,-0.011911,0.00710,2000.0
4.2627E+02,0.008328,-0.011571,0.00710,2000.0
4.2629E+02,0.008645,-0.011332,0.00710,2000.0
4.2634E+02,0.009138,-0.010942,0.00710,2000.0
4.2636E+02,0.009452,-0.010667,0.00710,2000.0
4.2641E+02,0.009912,-0.010247,0.00710,2000.0
4.2644E+02,0.010226,-0.009927,0.00710,2000.0
4.2647E+02,0.010631,-0.009499,0.00710,2000.0
4.2650E+02,0.010921,-0.009156,0.00710,2000.0
4.2650E+02,0.010920,-0.009156,0.00710,2000.0
4.2654E+02,0.011303,-0.008688,0.00710,2000.0
4.2657E+02,0.011530,-0.008375,0.00710,2000.0
4.2661E+02,0.011900,-0.007851,0.00710,2000.0
4.2664E+02,0.012110,-0.007512,0.00710,2000.0
4.2668E+02,0.012448,-0.006950,0.00710,2000.0
4.2671E+02,0.012626,-0.006608,0.00710,2000.0
4.2675E+02,0.012914,-0.006039,0.00710,2000.0
4.2678E+02,0.013075,-0.005667,0.00710,2000.0
4.2682E+02,0.013323,-0.005076,0.00710,2000.0
4.2685E+02,0.013457,-0.004688,0.00710,2000.0
4.2689E+02,0.013649,-0.004122,0.00710,2000.0
4.2693E+02,0.013793,-0.003572,0.00710,2000.0
4.2696E+02,0.013917,-0.003088,0.00710,2000.0
4.2699E+02,0.013995,-0.002677,0.00710,2000.0
4.2703E+02,0.014104,-0.002082,0.00710,2000.0
4.2706E+02,0.014152,-0.001649,0.00710,2000.0
4.2710E+02,0.014217,-0.001048,0.00710,2000.0
4.2713E+02,0.014234,-0.000611,0.00710,2000.0
4.2717E+02,0.014256,-0.000001,0.00710,2000.0
4.2721E+02,0.014234,0.000601,0.00710,2000.0
4.2724E+02,0.014217,0.001052,0.00710,2000.0
4.2728E+02,0.014155,0.001629,0.00710,2000.0
4.2731E+02,0.014104,0.002077,0.00710,2000.0
4.2735E+02,0.013998,0.002658,0.00710,2000.0
4.2738E+02,0.013916,0.003095,0.00710,2000.0
4.2742E+02,0.013768,0.003670,0.00710,2000.0
4.2745E+02,0.013653,0.004106,0.00710,2000.0
4.2748E+02,0.013467,0.004655,0.00710,2000.0
4.2751E+02,0.013316,0.005092,0.00710,2000.0
4.2755E+02,0.013096,0.005617,0.00710,2000.0
4.2758E+02,0.012915,0.006037,0.00710,2000.0
4.2762E+02,0.012643,0.006574,0.00710,2000.0
4.2765E+02,0.012440,0.006964,0.00710,2000.0
4.2769E+02,0.012121,0.007495,0.00710,2000.0
4.2772E+02,0.011906,0.007844,0.00710,2000.0
4.2776E+02,0.011556,0.008340,0.00710,2000.0
4.2779E+02,0.011303,0.008688,0.00710,2000.0
4.2783E+02,0.010920,0.009156,0.00710,2000.0
4.2783E+02,0.010921,0.009156,0.00710,2000.0
4.2786E+02,0.010631,0.009499,0.00710,2000.0
4.2790E+02,0.010227,0.009926,0.00710,2000.0
4.2793E+02,0.009912,0.010247,0.00710,2000.0
4.2797E+02,0.009455,0.010664,0.00710,2000.0
4.2800E+02,0.009138,0.010942,0.00710,2000.0
4.2804E+02,0.008645,0.011332,0.00710,2000.0
4.2807E+02,0.008328,0.011571,0.00710,2000.0
4.2811E+02,0.007827,0.011911,0.00710,2000.0
4.2814E+02,0.007452,0.012154,0.00710,2000.0
4.2818E+02,0.006942,0.012448,0.00710,2000.0
4.2821E+02,0.006528,0.012674,0.00710,2000.0
4.2825E+02,0.005996,0.012932,0.00710,2000.0
4.2827E+02,0.005632,0.013097,0.00710,2000.0
4.2832E+02,0.004999,0.013349,0.00710,2000.0
4.2835E+02,0.004630,0.013484,0.00710,2000.0
4.2839E+02,0.004054,0.013667,0.00710,2000.0
4.2841E+02,0.003647,0.013783,0.00710,2000.0
4.2845E+02,0.003064,0.013922,0.00710,2000.0
4.2848E+02,0.002654,0.014006,0.00710,2000.0
4.2853E+02,0.002000,0.014113,0.00710,2000.0
4.2855E+02,0.001591,0.014167,0.00710,2000.0
4.2860E+02,0.000976,0.014222,0.00710,2000.0
4.2862E+02,0.000610,0.014242,0.00710,2000.0
4.2866E+02,-0.000046,0.014254,0.00710,2000.0
4.2869E+02,-0.000489,0.014247,0.00710,2000.0
4.2873E+02,-0.001097,0.014214,0.00710,2000.0
4.2876E+02,-0.001526,0.014173,0.00710,2000.0
4.2880E+02,-0.002061,0.014105,0.00710,2000.0
4.2883E+02,-0.002560,0.014021,0.00710,2000.0
4.2887E+02,-0.003149,0.013903,0.00710,2000.0
4.2890E+02,-0.003548,0.013806,0.00710,2000.0
4.2894E+02,-0.004134,0.013642,0.00710,2000.0
4.2897E+02,-0.004609,0.013488,0.00710,2000.0
4.2901E+02,-0.005108,0.013310,0.00710,2000.0
4.2904E+02,-0.005493,0.013153,0.00710,2000.0
4.2908E+02,-0.006104,0.012882,0.00710,2000.0
4.2911E+02,-0.006461,0.012706,0.00710,2000.0
4.2915E+02,-0.006989,0.012425,0.00710,2000.0
4.2918E+02,-0.007376,0.012195,0.00710,2000.0
4.2922E+02,-0.007903,0.011865,0.00710,2000.0
4.2925E+02,-0.008236,0.011632,0.00710,2000.0
4.2929E+02,-0.008721,0.011277,0.00710,2000.0
4.2932E+02,-0.009081,0.010984,0.00710,2000.0
4.2936E+02,-0.009540,0.010594,0.00710,2000.0
4.2939E+02,-0.009845,0.010305,0.00710,2000.0
4.2942E+02,-0.010273,0.009886,0.00710,2000.0
4.2946E+02,-0.010580,0.009549,0.00710,2000.0
4.2949E+02,-0.010969,0.009107,0.00710,2000.0
4.2953E+02,-0.011263,0.008732,0.00710,2000.0
4.2956E+02,-0.011596,0.008294,0.00710,0.0
4.3041E+02,-0.011596,0.008294,0.01980,0.0
4.3053E+02,-0.010711,0.006700,0.01980,0.0
4.3135E+02,-0.010711,0.006700,0.00710,2000.0
4.3166E+02,-0.007944,0.010602,0.00710,2000.0
4.3170E+02,-0.007495,0.010153,0.00710,2000.0
4.3173E+02,-0.007156,0.010394,0.00710,2000.0
4.3178E+02,-0.006527,0.010810,0.00710,2000.0
4.3183E+02,-0.005889,0.011163,0.00710,2000.0
4.3188E+02,-0.005214,0.011499,0.00710,2000.0
4.3193E+02,-0.004540,0.011779,0.00710,2000.0
4.3198E+02,-0.003821,0.012032,0.00710,2000.0
4.3203E+02,-0.003118,0.012233,0.00710,2000.0
4.3208E+02,-0.002384,0.012394,0.00710,2000.0
4.3213E+02,-0.001665,0.012517,0.00710,2000.0
4.3218E+02,-0.000909,0.012588,0.00710,2000.0
4.3223E+02,-0.000182,0.012626,0.00710,2000.0
4.3228E+02,0.000570,0.012606,0.00710,2000.0
4.3233E+02,0.001307,0.012562,0.00710,2000.0
4.3238E+02,0.002050,0.012447,0.00710,2000.0
4.3243E+02,0.002770,0.012324,0.00710,2000.0
4.3248E+02,0.003493,0.012119,0.00710,2000.0
4.3252E+02,0.004176,0.011924,0.00710,2000.0
4.3257E+02,0.004848,0.011645,0.00710,2000.0
4.3262E+02,0.005542,0.011351,0.00710,2000.0
4.3267E+02,0.006181,0.010999,0.00710,2000.0
4.3272E+02,0.006841,0.010618,0.00710,2000.0
4.3277E+02,0.007437,0.010193,0.00710,2000.0
4.3282E+02,0.008032,0.009744,0.00710,2000.0
4.3287E+02,0.008584,0.009253,0.00710,2000.0
4.3292E+02,0.009124,0.008726,0.00710,2000.0
4.3297E+02,0.009611,0.008183,0.00710,2000.0
4.3302E+02,0.010082,0.007595,0.00710,2000.0
4.3307E+02,0.010507,0.007000,0.00710,2000.0
4.3312E+02,0.010904,0.006356,0.00710,2000.0
4.3317E+02,0.011258,0.005719,0.00710,2000.0
4.3322E+02,0.011576,0.005027,0.00710,2000.0
4.3326E+02,0.011853,0.004357,0.00710,2000.0
4.3332E+02,0.012083,0.003636,0.00710,2000.0
4.3336E+02,0.012285,0.002932,0.00710,2000.0
4.3341E+02,0.012425,0.002188,0.00710,2000.0
4.3346E+02,0.012546,0.001469,0.00710,2000.0
4.3351E+02,0.012593,0.000716,0.00710,2000.0
4.3356E+02,0.012634,0.000000,0.00710,2000.0
4.3361E+02,0.012593,-0.000716,0.00710,2000.0
4.3366E+02,0.012546,-0.001469,0.00710,2000.0
4.3371E+02,0.012425,-0.002188,0.00710,2000.0
4.3376E+02,0.012285,-0.002932,0.00710,2000.0
4.3381E+02,0.012083,-0.003636,0.00710,2000.0
4.3386E+02,0.011853,-0.004357,0.00710,2000.0
4.3391E+02,0.011576,-0.005027,0.00710,2000.0
4.3396E+02,0.011258,-0.005719,0.00710,2000.0
4.3401E+02,0.010904,-0.006356,0.00710,2000.0
4.3406E+02,0.010507,-0.007000,0.00710,2000.0
4.3410E+02,0.010082,-0.007595,0.00710,2000.0
4.3415E+02,0.009611,-0.008183,0.00710,2000.0
4.3420E+02,0.009124,-0.008726,0.00710,2000.0
4.3425E+02,0.008584,-0.009253,0.00710,2000.0
4.3430E+02,0.008032,-0.009744,0.00710,2000.0
4.3435E+02,0.007437,-0.010193,0.00710,2000.0
4.3440E+02,0.006841,-0.010618,0.00710,2000.0
4.3445E+02,0.006181,-0.010999,0.00710,2000.0
4.3450E+02,0.005542,-0.011351,0.00710,2000.0
4.3455E+02,0.004848,-0.011645,0.00710,2000.0
4.3460E+02,0.004176,-0.011924,0.00710,2000.0
4.3465E+02,0.003493,-0.012119,0.00710,2000.0
4.3470E+02,0.002770,-0.012324,0.00710,2000.0
4.3475E+02,0.002050,-0.012447,0.00710,2000.0
4.3480E+02,0.001307,-0.012562,0.00710,2000.0
4.3485E+02,0.000570,-0.012606,0.00710,2000.0
4.3490E+02,-0.000182,-0.012626,0.00710,2000.0
4.3494E+02,-0.000909,-0.012588,0.00710,2000.0
4.3499E+02,-0.001665,-0.012517,0.00710,2000.0
4.3504E+02,-0.002384,-0.012394,0.00710,2000.0
4.3509E+02,-0.003118,-0.012233,0.00710,2000.0
4.3514E+02,-0.003821,-0.012032,0.00710,2000.0
4.3519E+02,-0.004540,-0.011779,0.00710,2000.0
4.3524E+02,-0.005214,-0.011499,0.00710,2000.0
4.3529E+02,-0.005889,-0.011163,0.00710,2000.0
4.3534E+02,-0.006527,-0.010810,0.00710,2000.0
4.3539E+02,-0.007156,-0.010394,0.00710,2000.0
4.3542E+02,-0.007495,-0.010153,0.00710,2000.0
4.3546E+02,-0.007944,-0.010602,0.00710,2000.0
4.3578E+02,-0.010711,-0.006700,0.00710,2000.0
4.3583E+02,-0.011067,-0.006055,0.00710,2000.0
4.3588E+02,-0.011425,-0.005387,0.00710,2000.0
4.3593E+02,-0.011701,-0.004717,0.00710,2000.0
4.3598E+02,-0.011974,-0.004014,0.00710,2000.0
4.3603E+02,-0.012177,-0.003309,0.00710,2000.0
4.3608E+02,-0.012362,-0.002577,0.00710,2000.0
4.3613E+02,-0.012483,-0.001859,0.00710,2000.0
4.3618E+02,-0.012577,-0.001110,0.00710,2000.0
4.3622E+02,-0.012618,-0.000376,0.00710,2000.0
4.3627E+02,-0.012618,0.000376,0.00710,2000.0
4.3632E+02,-0.012577,0.001110,0.00710,2000.0
4.3637E+02,-0.012483,0.001859,0.00710,2000.0
4.3642E+02,-0.012362,0.002577,0.00710,2000.0
4.3647E+02,-0.012177,0.003309,0.00710,2000.0
4.3652E+02,-0.011974,0.004014,0.00710,2000.0
4.3657E+02,-0.011701,0.004717,0.00710,2000.0
4.3662E+02,-0.011425,0.005387,0.00710,2000.0
4.3667E+02,-0.011067,0.006055,0.00710,2000.0
4.3672E+02,-0.010711,0.006700,0.00710,0.0
4.3757E+02,-0.010711,0.006700,0.01980,0.0
4.3768E+02,-0.009269,0.005794,0.01980,0.0
4.3850E+02,-0.009269,0.005794,0.00710,2000.0
4.3867E+02,-0.007722,0.007976,0.00710,2000.0
4.3869E+02,-0.007597,0.007851,0.00710,2000.0
4.3872E+02,-0.007207,0.008199,0.00710,2000.0
4.3876E+02,-0.006706,0.008628,0.00710,2000.0
4.3881E+02,-0.006194,0.008992,0.00710,2000.0
4.3885E+02,-0.005645,0.009355,0.00710,2000.0
4.3889E+02,-0.005099,0.009657,0.00710,2000.0
4.3894E+02,-0.004508,0.009951,0.00710,2000.0
4.3898E+02,-0.003931,0.010191,0.00710,2000.0
4.3902E+02,-0.003304,0.010412,0.00710,2000.0
4.3906E+02,-0.002702,0.010584,0.00710,2000.0
4.3911E+02,-0.002059,0.010725,0.00710,2000.0
4.3915E+02,-0.001442,0.010830,0.00710,2000.0
4.3919E+02,-0.000784,0.010892,0.00710,2000.0
4.3924E+02,-0.000160,0.010925,0.00710,2000.0
4.3928E+02,0.000497,0.010907,0.00710,2000.0
4.3932E+02,0.001126,0.010870,0.00710,2000.0
4.3937E+02,0.001777,0.010769,0.00710,2000.0
4.3941E+02,0.002394,0.010664,0.00710,2000.0
4.3945E+02,0.003027,0.010484,0.00710,2000.0
4.3949E+02,0.003615,0.010316,0.00710,2000.0
4.3953E+02,0.004191,0.010077,0.00710,2000.0
4.3958E+02,0.004798,0.009820,0.00710,2000.0
4.3962E+02,0.005346,0.009518,0.00710,2000.0
4.3966E+02,0.005921,0.009186,0.00710,2000.0
4.3970E+02,0.006432,0.008822,0.00710,2000.0
4.3975E+02,0.006953,0.008429,0.00710,2000.0
4.3979E+02,0.007424,0.008009,0.00710,2000.0
4.3983E+02,0.007897,0.007548,0.00710,2000.0
4.3988E+02,0.008314,0.007083,0.00710,2000.0
4.3992E+02,0.008726,0.006569,0.00710,2000.0
4.3996E+02,0.009090,0.006059,0.00710,2000.0
4.4001E+02,0.009437,0.005497,0.00710,2000.0
4.4005E+02,0.009740,0.004951,0.00710,2000.0
4.4009E+02,0.010017,0.004347,0.00710,2000.0
4.4013E+02,0.010255,0.003772,0.00710,2000.0
4.4018E+02,0.010456,0.003143,0.00710,2000.0
4.4022E+02,0.010629,0.002540,0.00710,2000.0
4.4026E+02,0.010751,0.001890,0.00710,2000.0
4.4030E+02,0.010855,0.001274,0.00710,2000.0
4.4035E+02,0.010896,0.000615,0.00710,2000.0
4.4039E+02,0.010931,0.000000,0.00710,2000.0
4.4043E+02,0.010896,-0.000615,0.00710,2000.0
4.4047E+02,0.010855,-0.001274,0.00710,2000.0
4.4052E+02,0.010751,-0.001890,0.00710,2000.0
4.4056E+02,0.010629,-0.002540,0.00710,2000.0
4.4060E+02,0.010456,-0.003143,0.00710,2000.0
4.4065E+02,0.010255,-0.003772,0.00710,2000.0
4.4069E+02,0.010017,-0.004347,0.00710,2000.0
4.4073E+02,0.009740,-0.004951,0.00710,2000.0
4.4077E+02,0.009437,-0.005497,0.00710,2000.0
4.4082E+02,0.009090,-0.006059,0.00710,2000.0
4.4086E+02,0.008726,-0.006569,0.00710,2000.0
4.4090E+02,0.008314,-0.007083,0.00710,2000.0
4.4095E+02,0.007897,-0.007548,0.00710,2000.0
4.4099E+02,0.007424,-0.008009,0.00710,2000.0
4.4103E+02,0.006953,-0.008429,0.00710,2000.0
4.4107E+02,0.006432,-0.008822,0.00710,2000.0
4.4112E+02,0.005921,-0.009186,0.00710,2000.0
4.4116E+02,0.005346,-0.009518,0.00710,2000.0
4.4120E+02,0.004798,-0.009820,0.00710,2000.0
4.4125E+02,0.004191,-0.010077,0.00710,2000.0
4.4129E+02,0.003615,-0.010316,0.00710,2000.0
4.4133E+02,0.003027,-0.010484,0.00710,2000.0
4.4137E+02,0.002394,-0.010664,0.00710,2000.0
4.4141E+02,0.001777,-0.010769,0.00710,2000.0
4.4146E+02,0.001126,-0.010870,0.00710,2000.0
4.4150E+02,0.000497,-0.010907,0.00710,2000.0
4.4154E+02,-0.000160,-0.010925,0.00710,2000.0
4.4159E+02,-0.000784,-0.010892,0.00710,2000.0
4.4163E+02,-0.001442,-0.010830,0.00710,2000.0
4.4167E+02,-0.002059,-0.010725,0.00710,2000.0
4.4172E+02,-0.002702,-0.010584,0.00710,2000.0
4.4176E+02,-0.003304,-0.010412,0.00710,2000.0
4.4180E+02,-0.003931,-0.010191,0.00710,2000.0
4.4184E+02,-0.004508,-0.009951,0.00710,2000.0
4.4189E+02,-0.005099,-0.009657,0.00710,2000.0
4.4193E+02,-0.005645,-0.009355,0.00710,2000.0
4.4197E+02,-0.006194,-0.008992,0.00710,2000.0
4.4201E+02,-0.006706,-0.008628,0.00710,2000.0
4.4206E+02,-0.007207,-0.008199,0.00710,2000.0
4.4209E+02,-0.007597,-0.007851,0.00710,2000.0
4.4211E+02,-0.007722,-0.007976,0.00710,2000.0
4.4228E+02,-0.009269,-0.005794,0.00710,2000.0
4.4233E+02,-0.009574,-0.005242,0.00710,2000.0
4.4237E+02,-0.009886,-0.004660,0.00710,2000.0
4.4241E+02,-0.010123,-0.004085,0.00710,2000.0
4.4246E+02,-0.010362,-0.003470,0.00710,2000.0
4.4250E+02,-0.010536,-0.002866,0.00710,2000.0
4.4254E+02,-0.010697,-0.002227,0.00710,2000.0
4.4258E+02,-0.010801,-0.001612,0.00710,2000.0
4.4263E+02,-0.010883,-0.000957,0.00710,2000.0
4.4267E+02,-0.010918,-0.000329,0.00710,2000.0
4.4271E+02,-0.010918,0.000329,0.00710,2000.0
4.4275E+02,-0.010883,0.000957,0.00710,2000.0
4.4280E+02,-0.010801,0.001612,0.00710,2000.0
4.4284E+02,-0.010697,0.002227,0.00710,2000.0
4.4288E+02,-0.010536,0.002866,0.00710,2000.0
4.4293E+02,-0.010362,0.003470,0.00710,2000.0
4.4297E+02,-0.010123,0.004085,0.00710,2000.0
4.4301E+02,-0.009886,0.004660,0.00710,2000.0
4.4306E+02,-0.009574,0.005242,0.00710,2000.0
4.4310E+02,-0.009269,0.005794,0.00710,0.0
4.4394E+02,-0.009269,0.005794,0.01980,0.0
4.4405E+02,-0.007827,0.004889,0.01980,0.0
4.4488E+02,-0.007827,0.004889,0.00710,2000.0
4.4491E+02,-0.007500,0.005350,0.00710,2000.0
4.4491E+02,-0.007499,0.005349,0.00710,2000.0
4.4495E+02,-0.007205,0.005765,0.00710,2000.0
4.4498E+02,-0.006858,0.006154,0.00710,2000.0
4.4502E+02,-0.006477,0.006572,0.00710,2000.0
4.4506E+02,-0.006088,0.006919,0.00710,2000.0
4.4509E+02,-0.005659,0.007287,0.00710,2000.0
4.4513E+02,-0.005233,0.007589,0.00710,2000.0
4.4517E+02,-0.004763,0.007900,0.00710,2000.0
4.4520E+02,-0.004308,0.008152,0.00710,2000.0
4.4524E+02,-0.003803,0.008403,0.00710,2000.0
4.4527E+02,-0.003321,0.008603,0.00710,2000.0
4.4531E+02,-0.002787,0.008792,0.00710,2000.0
4.4535E+02,-0.002286,0.008935,0.00710,2000.0
4.4538E+02,-0.001735,0.009056,0.00710,2000.0
4.4542E+02,-0.001220,0.009143,0.00710,2000.0
4.4546E+02,-0.000658,0.009196,0.00710,2000.0
4.4549E+02,-0.000138,0.009224,0.00710,2000.0
4.4553E+02,0.000424,0.009208,0.00710,2000.0
4.4556E+02,0.000946,0.009178,0.00710,2000.0
4.4560E+02,0.001504,0.009091,0.00710,2000.0
4.4563E+02,0.002017,0.009004,0.00710,2000.0
4.4567E+02,0.002560,0.008849,0.00710,2000.0
4.4571E+02,0.003054,0.008708,0.00710,2000.0
4.4574E+02,0.003534,0.008509,0.00710,2000.0
4.4578E+02,0.004054,0.008289,0.00710,2000.0
4.4581E+02,0.004510,0.008037,0.00710,2000.0
4.4585E+02,0.005001,0.007754,0.00710,2000.0
4.4589E+02,0.005426,0.007451,0.00710,2000.0
4.4592E+02,0.005874,0.007113,0.00710,2000.0
4.4596E+02,0.006265,0.006765,0.00710,2000.0
4.4600E+02,0.006669,0.006371,0.00710,2000.0
4.4603E+02,0.007017,0.005983,0.00710,2000.0
4.4607E+02,0.007370,0.005543,0.00710,2000.0
4.4610E+02,0.007673,0.005118,0.00710,2000.0
4.4614E+02,0.007970,0.004637,0.00710,2000.0
4.4618E+02,0.008222,0.004183,0.00710,2000.0
4.4621E+02,0.008458,0.003668,0.00710,2000.0
4.4625E+02,0.008657,0.003187,0.00710,2000.0
4.4629E+02,0.008829,0.002649,0.00710,2000.0
4.4632E+02,0.008973,0.002148,0.00710,2000.0
4.4636E+02,0.009077,0.001592,0.00710,2000.0
4.4639E+02,0.009164,0.001079,0.00710,2000.0
4.4643E+02,0.009199,0.000515,0.00710,2000.0
4.4647E+02,0.009228,0.000000,0.00710,2000.0
4.4650E+02,0.009199,-0.000515,0.00710,2000.0
4.4654E+02,0.009164,-0.001079,0.00710,2000.0
4.4657E+02,0.009077,-0.001592,0.00710,2000.0
4.4661E+02,0.008973,-0.002148,0.00710,2000.0
4.4664E+02,0.008829,-0.002649,0.00710,2000.0
4.4668E+02,0.008657,-0.003187,0.00710,2000.0
4.4672E+02,0.008458,-0.003668,0.00710,2000.0
4.4675E+02,0.008222,-0.004183,0.00710,2000.0
4.4679E+02,0.007970,-0.004637,0.00710,2000.0
4.4683E+02,0.007673,-0.005118,0.00710,2000.0
4.4686E+02,0.007370,-0.005543,0.00710,2000.0
4.4690E+02,0.007017,-0.005983,0.00710,2000.0
4.4693E+02,0.006669,-0.006371,0.00710,2000.0
4.4697E+02,0.006265,-0.006765,0.00710,2000.0
4.4701E+02,0.005874,-0.007113,0.00710,2000.0
4.4704E+02,0.005426,-0.007451,0.00710,2000.0
4.4708E+02,0.005001,-0.007754,0.00710,2000.0
4.4712E+02,0.004510,-0.008037,0.00710,2000.0
4.4715E+02,0.004054,-0.008289,0.00710,2000.0
4.4719E+02,0.003534,-0.008509,0.00710,2000.0
4.4722E+02,0.003054,-0.008708,0.00710,2000.0
4.4726E+02,0.002560,-0.008849,0.00710,2000.0
4.4730E+02,0.002017,-0.009004,0.00710,2000.0
4.4733E+02,0.001504,-0.009091,0.00710,2000.0
4.4737E+02,0.000946,-0.009178,0.00710,2000.0
4.4740E+02,0.000424,-0.009208,0.00710,2000.0
4.4744E+02,-0.000138,-0.009224,0.00710,2000.0
4.4747E+02,-0.000658,-0.009196,0.00710,2000.0
4.4751E+02,-0.001220,-0.009143,0.00710,2000.0
4.4755E+02,-0.001735,-0.009056,0.00710,2000.0
4.4758E+02,-0.002286,-0.008935,0.00710,2000.0
4.4762E+02,-0.002787,-0.008792,0.00710,2000.0
4.4766E+02,-0.003321,-0.008603,0.00710,2000.0
4.4769E+02,-0.003803,-0.008403,0.00710,2000.0
4.4773E+02,-0.004308,-0.008152,0.00710,2000.0
4.4776E+02,-0.004763,-0.007900,0.00710,2000.0
4.4780E+02,-0.005233,-0.007589,0.00710,2000.0
4.4784E+02,-0.005659,-0.007287,0.00710,2000.0
4.4787E+02,-0.006088,-0.006919,0.00710,2000.0
4.4791E+02,-0.006477,-0.006572,0.00710,2000.0
4.4795E+02,-0.006858,-0.006154,0.00710,2000.0
4.4798E+02,-0.007205,-0.005765,0.00710,2000.0
4.4802E+02,-0.007499,-0.005349,0.00710,2000.0
4.4802E+02,-0.007500,-0.005350,0.00710,2000.0
4.4805E+02,-0.007827,-0.004889,0.00710,2000.0
4.4809E+02,-0.008080,-0.004430,0.00710,2000.0
4.4813E+02,-0.008347,-0.003932,0.00710,2000.0
4.4816E+02,-0.008545,-0.003452,0.00710,2000.0
4.4820E+02,-0.008750,-0.002926,0.00710,2000.0
4.4823E+02,-0.008894,-0.002424,0.00710,2000.0
4.4827E+02,-0.009032,-0.001876,0.00710,2000.0
4.4831E+02,-0.009119,-0.001364,0.00710,2000.0
4.4834E+02,-0.009189,-0.000804,0.00710,2000.0
4.4838E+02,-0.009218,-0.000282,0.00710,2000.0
4.4842E+02,-0.009218,0.000282,0.00710,2000.0
4.4845E+02,-0.009189,0.000804,0.00710,2000.0
4.4849E+02,-0.009119,0.001364,0.00710,2000.0
4.4852E+02,-0.009032,0.001876,0.00710,2000.0
4.4856E+02,-0.008894,0.002424,0.00710,2000.0
4.4860E+02,-0.008750,0.002926,0.00710,2000.0
4.4863E+02,-0.008545,0.003452,0.00710,2000.0
4.4867E+02,-0.008347,0.003932,0.00710,2000.0
4.4870E+02,-0.008080,0.004430,0.00710,2000.0
4.4874E+02,-0.007827,0.004889,0.00710,0.0
4.4907E+02,-0.007827,0.000000,0.00710,0.0
