2.6929E+03,-0.007698,0.004802,0.06879,0.0
2.6929E+03,-0.007648,0.004765,0.06879,0.0
2.6937E+03,-0.007648,0.004765,0.05609,2000.0
2.6938E+03,-0.007032,0.005634,0.05609,2000.0
2.6938E+03,-0.006786,0.005910,0.05609,2000.0
2.6938E+03,-0.006312,0.006429,0.05609,2000.0
2.6939E+03,-0.006036,0.006677,0.05609,2000.0
2.6939E+03,-0.005501,0.007134,0.05609,2000.0
2.6939E+03,-0.005201,0.007348,0.05609,2000.0
2.6940E+03,-0.004611,0.007739,0.05609,2000.0
2.6940E+03,-0.004289,0.007916,0.05609,2000.0
2.6941E+03,-0.003658,0.008232,0.05609,2000.0
2.6941E+03,-0.003315,0.008373,0.05609,2000.0
2.6941E+03,-0.002653,0.008606,0.05609,2000.0
2.6942E+03,-0.002298,0.008709,0.05609,2000.0
2.6942E+03,-0.001607,0.008859,0.05609,2000.0
2.6942E+03,-0.001244,0.008921,0.05609,2000.0
2.6943E+03,-0.000543,0.008986,0.05609,2000.0
2.6943E+03,-0.000174,0.009008,0.05609,2000.0
2.6943E+03,0.000532,0.008985,0.05609,2000.0
2.6944E+03,0.000900,0.008964,0.05609,2000.0
2.6944E+03,0.001593,0.008857,0.05609,2000.0
2.6944E+03,0.001957,0.008796,0.05609,2000.0
2.6945E+03,0.002640,0.008602,0.05609,2000.0
2.6945E+03,0.002987,0.008501,0.05609,2000.0
2.6945E+03,0.003324,0.008362,0.05609,2000.0
2.6946E+03,0.003974,0.008087,0.05609,2000.0
2.6946E+03,0.004297,0.007908,0.05609,2000.0
2.6947E+03,0.004907,0.007556,0.05609,2000.0
2.6947E+03,0.005209,0.007342,0.05609,2000.0
2.6947E+03,0.005771,0.006917,0.05609,2000.0
2.6947E+03,0.006046,0.006671,0.05609,2000.0
2.6948E+03,0.006551,0.006182,0.05609,2000.0
2.6948E+03,0.006798,0.005906,0.05609,2000.0
2.6949E+03,0.007241,0.005355,0.05609,2000.0
2.6949E+03,0.007454,0.005055,0.05609,2000.0
2.6949E+03,0.007826,0.004455,0.05609,2000.0
2.6950E+03,0.008004,0.004131,0.05609,2000.0
2.6950E+03,0.008299,0.003492,0.05609,2000.0
2.6950E+03,0.008440,0.003150,0.05609,2000.0
2.6951E+03,0.008654,0.002478,0.05609,2000.0
2.6951E+03,0.008756,0.002122,0.05609,2000.0
2.6952E+03,0.008885,0.001431,0.05609,2000.0
2.6952E+03,0.008947,0.001068,0.05609,2000.0
2.6952E+03,0.008991,0.000362,0.05609,2000.0
2.6952E+03,0.009011,0.000000,0.05609,2000.0
2.6953E+03,0.008991,-0.000362,0.05609,2000.0
2.6953E+03,0.008947,-0.001068,0.05609,2000.0
2.6953E+03,0.008885,-0.001431,0.05609,2000.0
2.6954E+03,0.008756,-0.002122,0.05609,2000.0
2.6954E+03,0.008654,-0.002478,0.05609,2000.0
2.6955E+03,0.008440,-0.003150,0.05609,2000.0
2.6955E+03,0.008299,-0.003492,0.05609,2000.0
2.6955E+03,0.008004,-0.004131,0.05609,2000.0
2.6956E+03,0.007826,-0.004455,0.05609,2000.0
2.6956E+03,0.007454,-0.005055,0.05609,2000.0
2.6956E+03,0.007241,-0.005355,0.05609,2000.0
2.6957E+03,0.006798,-0.005906,0.05609,2000.0
2.6957E+03,0.006551,-0.006182,0.05609,2000.0
2.6957E+03,0.006046,-0.006671,0.05609,2000.0
2.6958E+03,0.005771,-0.006917,0.05609,2000.0
2.6958E+03,0.005209,-0.007342,0.05609,2000.0
2.6958E+03,0.004907,-0.007556,0.05609,2000.0
2.6959E+03,0.004297,-0.007908,0.05609,2000.0
2.6959E+03,0.003974,-0.008087,0.05609,2000.0
2.6960E+03,0.003324,-0.008362,0.05609,2000.0
2.6960E+03,0.002987,-0.008501,0.05609,2000.0
2.6960E+03,0.002640,-0.008602,0.05609,2000.0
2.6961E+03,0.001957,-0.008796,0.05609,2000.0
2.6961E+03,0.001593,-0.008857,0.05609,2000.0
2.6961E+03,0.000900,-0.008964,0.05609,2000.0
2.6962E+03,0.000532,-0.008985,0.05609,2000.0
2.6962E+03,-0.000174,-0.009008,0.05609,2000.0
2.6962E+03,-0.000543,-0.008986,0.05609,2000.0
2.6963E+03,-0.001244,-0.008921,0.05609,2000.0
2.6963E+03,-0.001607,-0.008859,0.05609,2000.0
2.6963E+03,-0.002298,-0.008709,0.05609,2000.0
2.6964E+03,-0.002653,-0.008606,0.05609,2000.0
2.6964E+03,-0.003315,-0.008373,0.05609,2000.0
2.6964E+03,-0.003658,-0.008232,0.05609,2000.0
2.6965E+03,-0.004289,-0.007916,0.05609,2000.0
2.6965E+03,-0.004611,-0.007739,0.05609,2000.0
2.6966E+03,-0.005201,-0.007348,0.05609,2000.0
2.6966E+03,-0.005501,-0.007134,0.05609,2000.0
2.6966E+03,-0.006036,-0.006677,0.05609,2000.0
2.6967E+03,-0.006312,-0.006429,0.05609,2000.0
2.6967E+03,-0.006786,-0.005910,0.05609,2000.0
2.6967E+03,-0.007032,-0.005634,0.05609,2000.0
2.6968E+03,-0.007648,-0.004765,0.05609,2000.0
2.6968E+03,-0.007827,-0.004440,0.05609,2000.0
2.6969E+03,-0.008159,-0.003821,0.05609,2000.0
2.6969E+03,-0.008300,-0.003480,0.05609,2000.0
2.6969E+03,-0.008554,-0.002824,0.05609,2000.0
2.6970E+03,-0.008657,-0.002470,0.05609,2000.0
2.6970E+03,-0.008830,-0.001785,0.05609,2000.0
2.6970E+03,-0.008892,-0.001420,0.05609,2000.0
2.6971E+03,-0.008978,-0.000721,0.05609,2000.0
2.6971E+03,-0.008999,-0.000353,0.05609,2000.0
2.6972E+03,-0.008999,0.000353,0.05609,2000.0
2.6972E+03,-0.008978,0.000721,0.05609,2000.0
2.6972E+03,-0.008892,0.001420,0.05609,2000.0
2.6973E+03,-0.008830,0.001785,0.05609,2000.0
2.6973E+03,-0.008657,0.002470,0.05609,2000.0
2.6973E+03,-0.008554,0.002824,0.05609,2000.0
2.6974E+03,-0.008300,0.003480,0.05609,2000.0
2.6974E+03,-0.008159,0.003821,0.05609,2000.0
2.6974E+03,-0.007827,0.004440,0.05609,2000.0
2.6975E+03,-0.007648,0.004765,0.05609,0.0
2.6983E+03,-0.007648,0.004765,0.06879,0.0
2.6984E+03,-0.009091,0.005670,0.06879,0.0
2.6992E+03,-0.009091,0.005670,0.05609,2000.0
2.6993E+03,-0.008364,0.006694,0.05609,2000.0
2.6994E+03,-0.008048,0.007049,0.05609,2000.0
2.6994E+03,-0.007511,0.007637,0.05609,2000.0
2.6994E+03,-0.007156,0.007956,0.05609,2000.0
2.6995E+03,-0.006549,0.008475,0.05609,2000.0
2.6995E+03,-0.006164,0.008749,0.05609,2000.0
2.6996E+03,-0.005492,0.009195,0.05609,2000.0
2.6996E+03,-0.005079,0.009421,0.05609,2000.0
2.6997E+03,-0.004363,0.009780,0.05609,2000.0
2.6997E+03,-0.003921,0.009962,0.05609,2000.0
2.6998E+03,-0.003172,0.010225,0.05609,2000.0
2.6998E+03,-0.002716,0.010358,0.05609,2000.0
2.6998E+03,-0.001931,0.010528,0.05609,2000.0
2.6999E+03,-0.001466,0.010608,0.05609,2000.0
2.6999E+03,-0.000672,0.010681,0.05609,2000.0
2.7000E+03,-0.000197,0.010710,0.05609,2000.0
2.7000E+03,0.000608,0.010683,0.05609,2000.0
2.7000E+03,0.001079,0.010657,0.05609,2000.0
2.7001E+03,0.001863,0.010535,0.05609,2000.0
2.7001E+03,0.002331,0.010457,0.05609,2000.0
2.7002E+03,0.003110,0.010236,0.05609,2000.0
2.7002E+03,0.003550,0.010108,0.05609,2000.0
2.7002E+03,0.003979,0.009931,0.05609,2000.0
2.7003E+03,0.004719,0.009618,0.05609,2000.0
2.7003E+03,0.005134,0.009388,0.05609,2000.0
2.7004E+03,0.005825,0.008989,0.05609,2000.0
2.7004E+03,0.006213,0.008714,0.05609,2000.0
2.7005E+03,0.006852,0.008231,0.05609,2000.0
2.7005E+03,0.007204,0.007916,0.05609,2000.0
2.7006E+03,0.007777,0.007361,0.05609,2000.0
2.7006E+03,0.008095,0.007006,0.05609,2000.0
2.7006E+03,0.008598,0.006381,0.05609,2000.0
2.7007E+03,0.008871,0.005996,0.05609,2000.0
2.7007E+03,0.009294,0.005313,0.05609,2000.0
2.7008E+03,0.009523,0.004897,0.05609,2000.0
2.7008E+03,0.009857,0.004173,0.05609,2000.0
2.7008E+03,0.010038,0.003733,0.05609,2000.0
2.7009E+03,0.010281,0.002970,0.05609,2000.0
2.7009E+03,0.010412,0.002513,0.05609,2000.0
2.7010E+03,0.010559,0.001730,0.05609,2000.0
2.7010E+03,0.010638,0.001265,0.05609,2000.0
2.7011E+03,0.010688,0.000462,0.05609,2000.0
2.7011E+03,0.010714,0.000000,0.05609,2000.0
2.7011E+03,0.010688,-0.000462,0.05609,2000.0
2.7012E+03,0.010638,-0.001265,0.05609,2000.0
2.7012E+03,0.010559,-0.001730,0.05609,2000.0
2.7013E+03,0.010412,-0.002513,0.05609,2000.0
2.7013E+03,0.010281,-0.002970,0.05609,2000.0
2.7013E+03,0.010038,-0.003733,0.05609,2000.0
2.7014E+03,0.009857,-0.004173,0.05609,2000.0
2.7014E+03,0.009523,-0.004897,0.05609,2000.0
2.7015E+03,0.009294,-0.005313,0.05609,2000.0
2.7015E+03,0.008871,-0.005996,0.05609,2000.0
2.7015E+03,0.008598,-0.006381,0.05609,2000.0
2.7016E+03,0.008095,-0.007006,0.05609,2000.0
2.7016E+03,0.007777,-0.007361,0.05609,2000.0
2.7017E+03,0.007204,-0.007916,0.05609,2000.0
2.7017E+03,0.006852,-0.008231,0.05609,2000.0
2.7018E+03,0.006213,-0.008714,0.05609,2000.0
2.7018E+03,0.005825,-0.008989,0.05609,2000.0
2.7019E+03,0.005134,-0.009388,0.05609,2000.0
2.7019E+03,0.004719,-0.009618,0.05609,2000.0
2.7019E+03,0.003979,-0.009931,0.05609,2000.0
2.7020E+03,0.003550,-0.010108,0.05609,2000.0
2.7020E+03,0.003110,-0.010236,0.05609,2000.0
2.7021E+03,0.002331,-0.010457,0.05609,2000.0
2.7021E+03,0.001863,-0.010535,0.05609,2000.0
2.7021E+03,0.001079,-0.010657,0.05609,2000.0
2.7022E+03,0.000608,-0.010683,0.05609,2000.0
2.7022E+03,-0.000197,-0.010710,0.05609,2000.0
2.7023E+03,-0.000672,-0.010681,0.05609,2000.0
2.7023E+03,-0.001466,-0.010608,0.05609,2000.0
2.7023E+03,-0.001931,-0.010528,0.05609,2000.0
2.7024E+03,-0.002716,-0.010358,0.05609,2000.0
2.7024E+03,-0.003172,-0.010225,0.05609,2000.0
2.7025E+03,-0.003921,-0.009962,0.05609,2000.0
2.7025E+03,-0.004363,-0.009780,0.05609,2000.0
2.7026E+03,-0.005079,-0.009421,0.05609,2000.0
2.7026E+03,-0.005492,-0.009195,0.05609,2000.0
2.7027E+03,-0.006164,-0.008749,0.05609,2000.0
2.7027E+03,-0.006549,-0.008475,0.05609,2000.0
2.7027E+03,-0.007156,-0.007956,0.05609,2000.0
2.7028E+03,-0.007511,-0.007637,0.05609,2000.0
2.7028E+03,-0.008048,-0.007049,0.05609,2000.0
2.7029E+03,-0.008364,-0.006694,0.05609,2000.0
2.7029E+03,-0.009091,-0.005670,0.05609,2000.0
2.7030E+03,-0.009321,-0.005252,0.05609,2000.0
2.7030E+03,-0.009697,-0.004549,0.05609,2000.0
2.7031E+03,-0.009878,-0.004112,0.05609,2000.0
2.7031E+03,-0.010166,-0.003369,0.05609,2000.0
2.7031E+03,-0.010298,-0.002916,0.05609,2000.0
2.7032E+03,-0.010495,-0.002136,0.05609,2000.0
2.7032E+03,-0.010575,-0.001666,0.05609,2000.0
2.7033E+03,-0.010672,-0.000873,0.05609,2000.0
2.7033E+03,-0.010699,-0.000401,0.05609,2000.0
2.7034E+03,-0.010699,0.000401,0.05609,2000.0
2.7034E+03,-0.010672,0.000873,0.05609,2000.0
2.7034E+03,-0.010575,0.001666,0.05609,2000.0
2.7035E+03,-0.010495,0.002136,0.05609,2000.0
2.7035E+03,-0.010298,0.002916,0.05609,2000.0
2.7036E+03,-0.010166,0.003369,0.05609,2000.0
2.7036E+03,-0.009878,0.004112,0.05609,2000.0
2.7036E+03,-0.009697,0.004549,0.05609,2000.0
2.7037E+03,-0.009321,0.005252,0.05609,2000.0
2.7037E+03,-0.009091,0.005670,0.05609,0.0
2.7046E+03,-0.009091,0.005670,0.06879,0.0
2.7047E+03,-0.010534,0.006575,0.06879,0.0
2.7055E+03,-0.010534,0.006575,0.05609,2000.0
2.7056E+03,-0.009696,0.007754,0.05609,2000.0
2.7056E+03,-0.009311,0.008187,0.05609,2000.0
2.7057E+03,-0.008710,0.008845,0.05609,2000.0
2.7057E+03,-0.008277,0.009234,0.05609,2000.0
2.7058E+03,-0.007596,0.009816,0.05609,2000.0
2.7058E+03,-0.007127,0.010150,0.05609,2000.0
2.7059E+03,-0.006372,0.010652,0.05609,2000.0
2.7059E+03,-0.005868,0.010927,0.05609,2000.0
2.7060E+03,-0.005069,0.011328,0.05609,2000.0
2.7060E+03,-0.004527,0.011551,0.05609,2000.0
2.7061E+03,-0.003692,0.011844,0.05609,2000.0
2.7061E+03,-0.003134,0.012007,0.05609,2000.0
2.7062E+03,-0.002255,0.012197,0.05609,2000.0
2.7062E+03,-0.001688,0.012295,0.05609,2000.0
2.7063E+03,-0.000802,0.012376,0.05609,2000.0
2.7063E+03,-0.000220,0.012412,0.05609,2000.0
2.7064E+03,0.000683,0.012381,0.05609,2000.0
2.7064E+03,0.001257,0.012350,0.05609,2000.0
2.7065E+03,0.002133,0.012213,0.05609,2000.0
2.7065E+03,0.002704,0.012118,0.05609,2000.0
2.7066E+03,0.003579,0.011870,0.05609,2000.0
2.7066E+03,0.004113,0.011715,0.05609,2000.0
2.7067E+03,0.004634,0.011500,0.05609,2000.0
2.7067E+03,0.005464,0.011149,0.05609,2000.0
2.7068E+03,0.005971,0.010868,0.05609,2000.0
2.7068E+03,0.006744,0.010422,0.05609,2000.0
2.7069E+03,0.007217,0.010086,0.05609,2000.0
2.7069E+03,0.007933,0.009545,0.05609,2000.0
2.7070E+03,0.008363,0.009160,0.05609,2000.0
2.7070E+03,0.009003,0.008540,0.05609,2000.0
2.7071E+03,0.009391,0.008107,0.05609,2000.0
2.7071E+03,0.009955,0.007407,0.05609,2000.0
2.7072E+03,0.010288,0.006936,0.05609,2000.0
2.7072E+03,0.010762,0.006171,0.05609,2000.0
2.7073E+03,0.011041,0.005664,0.05609,2000.0
2.7073E+03,0.011416,0.004853,0.05609,2000.0
2.7074E+03,0.011637,0.004315,0.05609,2000.0
2.7074E+03,0.011908,0.003462,0.05609,2000.0
2.7075E+03,0.012068,0.002905,0.05609,2000.0
2.7075E+03,0.012233,0.002029,0.05609,2000.0
2.7075E+03,0.012329,0.001461,0.05609,2000.0
2.7076E+03,0.012385,0.000563,0.05609,2000.0
2.7076E+03,0.012417,0.000000,0.05609,2000.0
2.7077E+03,0.012385,-0.000563,0.05609,2000.0
2.7077E+03,0.012329,-0.001461,0.05609,2000.0
2.7078E+03,0.012233,-0.002029,0.05609,2000.0
2.7078E+03,0.012068,-0.002905,0.05609,2000.0
2.7079E+03,0.011908,-0.003462,0.05609,2000.0
2.7079E+03,0.011637,-0.004315,0.05609,2000.0
2.7080E+03,0.011416,-0.004853,0.05609,2000.0
2.7080E+03,0.011041,-0.005664,0.05609,2000.0
2.7081E+03,0.010762,-0.006171,0.05609,2000.0
2.7081E+03,0.010288,-0.006936,0.05609,2000.0
2.7082E+03,0.009955,-0.007407,0.05609,2000.0
2.7082E+03,0.009391,-0.008107,0.05609,2000.0
2.7083E+03,0.009003,-0.008540,0.05609,2000.0
2.7083E+03,0.008363,-0.009160,0.05609,2000.0
2.7084E+03,0.007933,-0.009545,0.05609,2000.0
2.7084E+03,0.007217,-0.010086,0.05609,2000.0
2.7085E+03,0.006744,-0.010422,0.05609,2000.0
2.7085E+03,0.005971,-0.010868,0.05609,2000.0
2.7086E+03,0.005464,-0.011149,0.05609,2000.0
2.7086E+03,0.004634,-0.011500,0.05609,2000.0
2.7087E+03,0.004113,-0.011715,0.05609,2000.0
2.7087E+03,0.003579,-0.011870,0.05609,2000.0
2.7088E+03,0.002704,-0.012118,0.05609,2000.0
2.7088E+03,0.002133,-0.012213,0.05609,2000.0
2.7089E+03,0.001257,-0.012350,0.05609,2000.0
2.7089E+03,0.000683,-0.012381,0.05609,2000.0
2.7090E+03,-0.000220,-0.012412,0.05609,2000.0
2.7090E+03,-0.000802,-0.012376,0.05609,2000.0
2.7091E+03,-0.001688,-0.012295,0.05609,2000.0
2.7091E+03,-0.002255,-0.012197,0.05609,2000.0
2.7092E+03,-0.003134,-0.012007,0.05609,2000.0
2.7092E+03,-0.003692,-0.011844,0.05609,2000.0
2.7093E+03,-0.004527,-0.011551,0.05609,2000.0
2.7093E+03,-0.005069,-0.011328,0.05609,2000.0
2.7094E+03,-0.005868,-0.010927,0.05609,2000.0
2.7094E+03,-0.006372,-0.010652,0.05609,2000.0
2.7095E+03,-0.007127,-0.010150,0.05609,2000.0
2.7095E+03,-0.007596,-0.009816,0.05609,2000.0
2.7096E+03,-0.008277,-0.009234,0.05609,2000.0
2.7096E+03,-0.008710,-0.008845,0.05609,2000.0
2.7096E+03,-0.009311,-0.008187,0.05609,2000.0
2.7097E+03,-0.009696,-0.007754,0.05609,2000.0
2.7098E+03,-0.010534,-0.006575,0.05609,2000.0
2.7098E+03,-0.010815,-0.006063,0.05609,2000.0
2.7099E+03,-0.011236,-0.005277,0.05609,2000.0
2.7099E+03,-0.011456,-0.004745,0.05609,2000.0
2.7100E+03,-0.011778,-0.003915,0.05609,2000.0
2.7100E+03,-0.011939,-0.003362,0.05609,2000.0
2.7101E+03,-0.012160,-0.002487,0.05609,2000.0
2.7101E+03,-0.012258,-0.001912,0.05609,2000.0
2.7102E+03,-0.012366,-0.001025,0.05609,2000.0
2.7102E+03,-0.012399,-0.000450,0.05609,2000.0
2.7103E+03,-0.012399,0.000450,0.05609,2000.0
2.7103E+03,-0.012366,0.001025,0.05609,2000.0
2.7104E+03,-0.012258,0.001912,0.05609,2000.0
2.7104E+03,-0.012160,0.002487,0.05609,2000.0
2.7105E+03,-0.011939,0.003362,0.05609,2000.0
2.7105E+03,-0.011778,0.003915,0.05609,2000.0
2.7106E+03,-0.011456,0.004745,0.05609,2000.0
2.7106E+03,-0.011236,0.005277,0.05609,2000.0
2.7107E+03,-0.010815,0.006063,0.05609,2000.0
2.7107E+03,-0.010534,0.006575,0.05609,0.0
2.7116E+03,-0.010534,0.006575,0.06879,0.0
2.7117E+03,-0.012383,0.007495,0.06879,0.0
2.7125E+03,-0.012383,0.007495,0.05609,2000.0
2.7125E+03,-0.012488,0.007308,0.05609,2000.0
2.7126E+03,-0.012898,0.006566,0.05609,2000.0
2.7126E+03,-0.012986,0.006381,0.05609,2000.0
2.7126E+03,-0.013331,0.005637,0.05609,2000.0
2.7127E+03,-0.013446,0.005340,0.05609,2000.0
2.7127E+03,-0.013701,0.004664,0.05609,2000.0
2.7127E+03,-0.013771,0.004433,0.05609,2000.0
2.7128E+03,-0.014010,0.003634,0.05609,2000.0
2.7128E+03,-0.014055,0.003433,0.05609,2000.0
2.7129E+03,-0.014237,0.002608,0.05609,2000.0
2.7129E+03,-0.014268,0.002397,0.05609,2000.0
2.7129E+03,-0.014386,0.001586,0.05609,2000.0
2.7130E+03,-0.014463,0.000512,0.05609,2000.0
2.7131E+03,-0.014463,-0.000512,0.05609,2000.0
2.7131E+03,-0.014386,-0.001586,0.05609,2000.0
2.7132E+03,-0.014268,-0.002396,0.05609,2000.0
2.7132E+03,-0.014235,-0.002615,0.05609,2000.0
2.7133E+03,-0.014055,-0.003433,0.05609,2000.0
2.7133E+03,-0.014010,-0.003634,0.05609,2000.0
2.7133E+03,-0.013771,-0.004433,0.05609,2000.0
2.7134E+03,-0.013701,-0.004664,0.05609,2000.0
2.7134E+03,-0.013446,-0.005340,0.05609,2000.0
2.7134E+03,-0.013331,-0.005637,0.05609,2000.0
2.7135E+03,-0.012986,-0.006381,0.05609,2000.0
2.7135E+03,-0.012898,-0.006566,0.05609,2000.0
2.7135E+03,-0.012488,-0.007308,0.05609,2000.0
2.7136E+03,-0.012383,-0.007495,0.05609,2000.0
2.7136E+03,-0.011928,-0.008190,0.05609,2000.0
2.7136E+03,-0.011798,-0.008383,0.05609,2000.0
2.7137E+03,-0.011330,-0.009001,0.05609,2000.0
2.7137E+03,-0.011169,-0.009205,0.05609,2000.0
2.7138E+03,-0.010616,-0.009833,0.05609,2000.0
2.7138E+03,-0.010473,-0.009990,0.05609,2000.0
2.7138E+03,-0.009860,-0.010591,0.05609,2000.0
2.7138E+03,-0.009716,-0.010728,0.05609,2000.0
2.7139E+03,-0.009089,-0.011260,0.05609,2000.0
2.7139E+03,-0.008920,-0.011398,0.05609,2000.0
2.7140E+03,-0.008244,-0.011893,0.05609,2000.0
2.7140E+03,-0.008079,-0.012009,0.05609,2000.0
2.7140E+03,-0.007306,-0.012492,0.05609,2000.0
2.7141E+03,-0.007162,-0.012578,0.05609,2000.0
2.7141E+03,-0.006473,-0.012943,0.05609,2000.0
2.7141E+03,-0.006215,-0.013071,0.05609,2000.0
2.7142E+03,-0.005510,-0.013382,0.05609,2000.0
2.7142E+03,-0.005276,-0.013478,0.05609,2000.0
2.7142E+03,-0.004521,-0.013748,0.05609,2000.0
2.7143E+03,-0.004259,-0.013833,0.05609,2000.0
2.7143E+03,-0.003524,-0.014037,0.05609,2000.0
2.7143E+03,-0.003286,-0.014095,0.05609,2000.0
2.7144E+03,-0.002465,-0.014260,0.05609,2000.0
2.7144E+03,-0.002253,-0.014296,0.05609,2000.0
2.7145E+03,-0.001410,-0.014403,0.05609,2000.0
2.7145E+03,-0.001190,-0.014424,0.05609,2000.0
2.7145E+03,-0.000376,-0.014468,0.05609,2000.0
2.7145E+03,-0.000168,-0.014471,0.05609,2000.0
2.7146E+03,0.000729,-0.014455,0.05609,2000.0
2.7146E+03,0.000874,-0.014447,0.05609,2000.0
2.7147E+03,0.001740,-0.014369,0.05609,2000.0
2.7147E+03,0.001950,-0.014342,0.05609,2000.0
2.7147E+03,0.002746,-0.014211,0.05609,2000.0
2.7147E+03,0.002965,-0.014165,0.05609,2000.0
2.7148E+03,0.003786,-0.013969,0.05609,2000.0
2.7148E+03,0.003984,-0.013914,0.05609,2000.0
2.7149E+03,0.004837,-0.013642,0.05609,2000.0
2.7149E+03,0.004939,-0.013605,0.05609,2000.0
2.7149E+03,0.005751,-0.013281,0.05609,2000.0
2.7150E+03,0.005945,-0.013194,0.05609,2000.0
2.7150E+03,0.006735,-0.012810,0.05609,2000.0
2.7150E+03,0.006926,-0.012706,0.05609,2000.0
2.7151E+03,0.007613,-0.012310,0.05609,2000.0
2.7151E+03,0.007772,-0.012207,0.05609,2000.0
2.7152E+03,0.008499,-0.011715,0.05609,2000.0
2.7152E+03,0.008664,-0.011590,0.05609,2000.0
2.7152E+03,0.009317,-0.011076,0.05609,2000.0
2.7152E+03,0.009493,-0.010921,0.05609,2000.0
2.7153E+03,0.010107,-0.010359,0.05609,2000.0
2.7153E+03,0.010291,-0.010173,0.05609,2000.0
2.7154E+03,0.010817,-0.009616,0.05609,2000.0
2.7154E+03,0.010971,-0.009434,0.05609,2000.0
2.7154E+03,0.011502,-0.008786,0.05609,2000.0
2.7154E+03,0.011597,-0.008655,0.05609,2000.0
2.7155E+03,0.012103,-0.007937,0.05609,2000.0
2.7155E+03,0.012194,-0.007791,0.05609,2000.0
2.7156E+03,0.012646,-0.007039,0.05609,2000.0
2.7156E+03,0.012737,-0.006865,0.05609,2000.0
2.7156E+03,0.012738,-0.006865,0.05609,2000.0
2.7156E+03,0.013124,-0.006104,0.05609,2000.0
2.7157E+03,0.013195,-0.005940,0.05609,2000.0
2.7157E+03,0.013526,-0.005149,0.05609,2000.0
2.7157E+03,0.013620,-0.004880,0.05609,2000.0
2.7158E+03,0.013870,-0.004135,0.05609,2000.0
2.7158E+03,0.013917,-0.003956,0.05609,2000.0
2.7159E+03,0.014132,-0.003127,0.05609,2000.0
2.7159E+03,0.014167,-0.002937,0.05609,2000.0
2.7159E+03,0.014322,-0.002087,0.05609,2000.0
2.7159E+03,0.014343,-0.001895,0.05609,2000.0
2.7160E+03,0.014434,-0.001056,0.05609,2000.0
2.7161E+03,0.014473,0.000000,0.05609,2000.0
2.7161E+03,0.014434,0.001058,0.05609,2000.0
2.7162E+03,0.014346,0.001872,0.05609,2000.0
2.7162E+03,0.014323,0.002075,0.05609,2000.0
2.7163E+03,0.014168,0.002930,0.05609,2000.0
2.7163E+03,0.014132,0.003127,0.05609,2000.0
2.7163E+03,0.013922,0.003938,0.05609,2000.0
2.7163E+03,0.013923,0.003938,0.05609,2000.0
2.7163E+03,0.013870,0.004136,0.05609,2000.0
2.7164E+03,0.013628,0.004856,0.05609,2000.0
2.7164E+03,0.013526,0.005151,0.05609,2000.0
2.7165E+03,0.013219,0.005884,0.05609,2000.0
2.7165E+03,0.013129,0.006091,0.05609,2000.0
2.7165E+03,0.012745,0.006850,0.05609,2000.0
2.7165E+03,0.012746,0.006850,0.05609,2000.0
2.7166E+03,0.012657,0.007021,0.05609,2000.0
2.7166E+03,0.012204,0.007774,0.05609,2000.0
2.7166E+03,0.012205,0.007774,0.05609,2000.0
2.7166E+03,0.012114,0.007922,0.05609,2000.0
2.7167E+03,0.011607,0.008641,0.05609,2000.0
2.7167E+03,0.011504,0.008783,0.05609,2000.0
2.7168E+03,0.010971,0.009434,0.05609,2000.0
2.7168E+03,0.010817,0.009616,0.05609,2000.0
2.7168E+03,0.010291,0.010173,0.05609,2000.0
2.7168E+03,0.010107,0.010359,0.05609,2000.0
2.7169E+03,0.009493,0.010921,0.05609,2000.0
2.7169E+03,0.009317,0.011076,0.05609,2000.0
2.7170E+03,0.008660,0.011594,0.05609,2000.0
2.7170E+03,0.008525,0.011696,0.05609,2000.0
2.7170E+03,0.007791,0.012194,0.05609,2000.0
2.7170E+03,0.007608,0.012313,0.05609,2000.0
2.7171E+03,0.006926,0.012706,0.05609,2000.0
2.7171E+03,0.006735,0.012810,0.05609,2000.0
2.7172E+03,0.005948,0.013192,0.05609,2000.0
2.7172E+03,0.005770,0.013273,0.05609,2000.0
2.7172E+03,0.004933,0.013606,0.05609,2000.0
2.7173E+03,0.004813,0.013650,0.05609,2000.0
2.7173E+03,0.004000,0.013909,0.05609,2000.0
2.7173E+03,0.003786,0.013969,0.05609,2000.0
2.7174E+03,0.002965,0.014165,0.05609,2000.0
2.7174E+03,0.002746,0.014211,0.05609,2000.0
2.7175E+03,0.001950,0.014342,0.05609,2000.0
2.7175E+03,0.001740,0.014369,0.05609,2000.0
2.7175E+03,0.000874,0.014447,0.05609,2000.0
2.7175E+03,0.000729,0.014455,0.05609,2000.0
2.7176E+03,-0.000168,0.014471,0.05609,2000.0
2.7176E+03,-0.000376,0.014468,0.05609,2000.0
2.7177E+03,-0.001190,0.014424,0.05609,2000.0
2.7177E+03,-0.001410,0.014403,0.05609,2000.0
2.7177E+03,-0.002253,0.014296,0.05609,2000.0
2.7177E+03,-0.002465,0.014260,0.05609,2000.0
2.7178E+03,-0.003286,0.014095,0.05609,2000.0
2.7178E+03,-0.003524,0.014037,0.05609,2000.0
2.7179E+03,-0.004259,0.013833,0.05609,2000.0
2.7179E+03,-0.004521,0.013748,0.05609,2000.0
2.7179E+03,-0.005276,0.013478,0.05609,2000.0
2.7180E+03,-0.005510,0.013382,0.05609,2000.0
2.7180E+03,-0.006215,0.013071,0.05609,2000.0
2.7180E+03,-0.006473,0.012943,0.05609,2000.0
2.7181E+03,-0.007165,0.012576,0.05609,2000.0
2.7181E+03,-0.007340,0.012471,0.05609,2000.0
2.7182E+03,-0.008071,0.012014,0.05609,2000.0
2.7182E+03,-0.008244,0.011893,0.05609,2000.0
2.7182E+03,-0.008920,0.011398,0.05609,2000.0
2.7182E+03,-0.009089,0.011260,0.05609,2000.0
2.7183E+03,-0.009726,0.010719,0.05609,2000.0
2.7183E+03,-0.009848,0.010603,0.05609,2000.0
2.7184E+03,-0.010483,0.009980,0.05609,2000.0
2.7184E+03,-0.010603,0.009848,0.05609,2000.0
2.7184E+03,-0.011170,0.009204,0.05609,2000.0
2.7184E+03,-0.011330,0.009001,0.05609,2000.0
2.7185E+03,-0.011801,0.008380,0.05609,2000.0
2.7185E+03,-0.011928,0.008190,0.05609,2000.0
2.7186E+03,-0.012383,0.007495,0.05609,0.0
2.7194E+03,-0.012383,0.007495,0.06879,0.0
2.7195E+03,-0.013835,0.008380,0.06879,0.0
2.7204E+03,-0.013835,0.008380,0.05609,2000.0
2.7204E+03,-0.013976,0.008131,0.05609,2000.0
2.7204E+03,-0.014410,0.007346,0.05609,2000.0
2.7204E+03,-0.014522,0.007110,0.05609,2000.0
2.7205E+03,-0.014901,0.006292,0.05609,2000.0
2.7205E+03,-0.015032,0.005953,0.05609,2000.0
2.7206E+03,-0.015313,0.005207,0.05609,2000.0
2.7206E+03,-0.015398,0.004927,0.05609,2000.0
2.7207E+03,-0.015656,0.004063,0.05609,2000.0
2.7207E+03,-0.015714,0.003804,0.05609,2000.0
2.7207E+03,-0.015909,0.002916,0.05609,2000.0
2.7208E+03,-0.015949,0.002648,0.05609,2000.0
2.7208E+03,-0.016078,0.001761,0.05609,2000.0
2.7209E+03,-0.016163,0.000578,0.05609,2000.0
2.7210E+03,-0.016163,-0.000578,0.05609,2000.0
2.7211E+03,-0.016078,-0.001761,0.05609,2000.0
2.7211E+03,-0.015949,-0.002648,0.05609,2000.0
2.7211E+03,-0.015908,-0.002922,0.05609,2000.0
2.7212E+03,-0.015714,-0.003804,0.05609,2000.0
2.7212E+03,-0.015656,-0.004063,0.05609,2000.0
2.7213E+03,-0.015398,-0.004927,0.05609,2000.0
2.7213E+03,-0.015313,-0.005207,0.05609,2000.0
2.7213E+03,-0.015032,-0.005953,0.05609,2000.0
2.7214E+03,-0.014901,-0.006292,0.05609,2000.0
2.7214E+03,-0.014522,-0.007110,0.05609,2000.0
2.7214E+03,-0.014410,-0.007346,0.05609,2000.0
2.7215E+03,-0.013976,-0.008131,0.05609,2000.0
2.7215E+03,-0.013835,-0.008380,0.05609,2000.0
2.7216E+03,-0.013341,-0.009136,0.05609,2000.0
2.7216E+03,-0.013193,-0.009357,0.05609,2000.0
2.7217E+03,-0.012665,-0.010053,0.05609,2000.0
2.7217E+03,-0.012475,-0.010294,0.05609,2000.0
2.7217E+03,-0.011874,-0.010976,0.05609,2000.0
2.7218E+03,-0.011695,-0.011173,0.05609,2000.0
2.7218E+03,-0.011050,-0.011805,0.05609,2000.0
2.7218E+03,-0.010850,-0.011995,0.05609,2000.0
2.7219E+03,-0.010165,-0.012576,0.05609,2000.0
2.7219E+03,-0.009957,-0.012746,0.05609,2000.0
2.7220E+03,-0.009222,-0.013284,0.05609,2000.0
2.7220E+03,-0.009020,-0.013426,0.05609,2000.0
2.7221E+03,-0.008207,-0.013934,0.05609,2000.0
2.7221E+03,-0.008003,-0.014056,0.05609,2000.0
2.7221E+03,-0.007229,-0.014466,0.05609,2000.0
2.7222E+03,-0.006951,-0.014604,0.05609,2000.0
2.7222E+03,-0.006178,-0.014945,0.05609,2000.0
2.7222E+03,-0.005874,-0.015070,0.05609,2000.0
2.7223E+03,-0.005070,-0.015357,0.05609,2000.0
2.7223E+03,-0.004756,-0.015459,0.05609,2000.0
2.7224E+03,-0.003952,-0.015682,0.05609,2000.0
2.7224E+03,-0.003659,-0.015753,0.05609,2000.0
2.7224E+03,-0.002752,-0.015936,0.05609,2000.0
2.7225E+03,-0.002501,-0.015979,0.05609,2000.0
2.7225E+03,-0.001601,-0.016093,0.05609,2000.0
2.7225E+03,-0.001312,-0.016120,0.05609,2000.0
2.7226E+03,-0.000442,-0.016167,0.05609,2000.0
2.7226E+03,-0.000163,-0.016171,0.05609,2000.0
2.7227E+03,0.000773,-0.016155,0.05609,2000.0
2.7227E+03,0.001009,-0.016142,0.05609,2000.0
2.7228E+03,0.001923,-0.016059,0.05609,2000.0
2.7228E+03,0.002187,-0.016025,0.05609,2000.0
2.7228E+03,0.003063,-0.015881,0.05609,2000.0
2.7229E+03,0.003327,-0.015826,0.05609,2000.0
2.7229E+03,0.004231,-0.015610,0.05609,2000.0
2.7229E+03,0.004468,-0.015544,0.05609,2000.0
2.7230E+03,0.005376,-0.015255,0.05609,2000.0
2.7230E+03,0.005550,-0.015191,0.05609,2000.0
2.7231E+03,0.006419,-0.014845,0.05609,2000.0
2.7231E+03,0.006689,-0.014723,0.05609,2000.0
2.7232E+03,0.007501,-0.014328,0.05609,2000.0
2.7232E+03,0.007754,-0.014191,0.05609,2000.0
2.7232E+03,0.008504,-0.013758,0.05609,2000.0
2.7232E+03,0.008725,-0.013615,0.05609,2000.0
2.7233E+03,0.009493,-0.013095,0.05609,2000.0
2.7233E+03,0.009691,-0.012945,0.05609,2000.0
2.7234E+03,0.010407,-0.012381,0.05609,2000.0
2.7234E+03,0.010640,-0.012176,0.05609,2000.0
2.7235E+03,0.011283,-0.011588,0.05609,2000.0
2.7235E+03,0.011501,-0.011367,0.05609,2000.0
2.7235E+03,0.012088,-0.010746,0.05609,2000.0
2.7236E+03,0.012269,-0.010532,0.05609,2000.0
2.7236E+03,0.012852,-0.009820,0.05609,2000.0
2.7236E+03,0.012986,-0.009635,0.05609,2000.0
2.7237E+03,0.013527,-0.008868,0.05609,2000.0
2.7237E+03,0.013651,-0.008667,0.05609,2000.0
2.7238E+03,0.014134,-0.007864,0.05609,2000.0
2.7238E+03,0.014245,-0.007651,0.05609,2000.0
2.7239E+03,0.014664,-0.006824,0.05609,2000.0
2.7239E+03,0.014763,-0.006596,0.05609,2000.0
2.7239E+03,0.015117,-0.005750,0.05609,2000.0
2.7240E+03,0.015232,-0.005421,0.05609,2000.0
2.7240E+03,0.015497,-0.004631,0.05609,2000.0
2.7240E+03,0.015563,-0.004382,0.05609,2000.0
2.7241E+03,0.015792,-0.003498,0.05609,2000.0
2.7241E+03,0.015839,-0.003242,0.05609,2000.0
2.7242E+03,0.016006,-0.002325,0.05609,2000.0
2.7242E+03,0.016033,-0.002078,0.05609,2000.0
2.7242E+03,0.016131,-0.001175,0.05609,2000.0
2.7243E+03,0.016174,0.000000,0.05609,2000.0
2.7244E+03,0.016131,0.001177,0.05609,2000.0
2.7245E+03,0.016035,0.002065,0.05609,2000.0
2.7245E+03,0.016005,0.002327,0.05609,2000.0
2.7245E+03,0.015840,0.003237,0.05609,2000.0
2.7246E+03,0.015792,0.003498,0.05609,2000.0
2.7246E+03,0.015568,0.004364,0.05609,2000.0
2.7246E+03,0.015497,0.004632,0.05609,2000.0
2.7247E+03,0.015235,0.005410,0.05609,2000.0
2.7247E+03,0.015116,0.005755,0.05609,2000.0
2.7248E+03,0.014779,0.006560,0.05609,2000.0
2.7248E+03,0.014668,0.006816,0.05609,2000.0
2.7249E+03,0.014262,0.007618,0.05609,2000.0
2.7249E+03,0.014134,0.007865,0.05609,2000.0
2.7249E+03,0.013661,0.008651,0.05609,2000.0
2.7250E+03,0.013527,0.008868,0.05609,2000.0
2.7250E+03,0.012997,0.009620,0.05609,2000.0
2.7250E+03,0.012852,0.009820,0.05609,2000.0
2.7251E+03,0.012269,0.010532,0.05609,2000.0
2.7251E+03,0.012088,0.010746,0.05609,2000.0
2.7252E+03,0.011501,0.011367,0.05609,2000.0
2.7252E+03,0.011283,0.011588,0.05609,2000.0
2.7252E+03,0.010640,0.012176,0.05609,2000.0
2.7253E+03,0.010407,0.012381,0.05609,2000.0
2.7253E+03,0.009685,0.012950,0.05609,2000.0
2.7253E+03,0.009505,0.013086,0.05609,2000.0
2.7254E+03,0.008736,0.013608,0.05609,2000.0
2.7254E+03,0.008504,0.013758,0.05609,2000.0
2.7255E+03,0.007754,0.014191,0.05609,2000.0
2.7255E+03,0.007501,0.014328,0.05609,2000.0
2.7256E+03,0.006689,0.014723,0.05609,2000.0
2.7256E+03,0.006419,0.014845,0.05609,2000.0
2.7256E+03,0.005562,0.015186,0.05609,2000.0
2.7257E+03,0.005367,0.015257,0.05609,2000.0
2.7257E+03,0.004468,0.015544,0.05609,2000.0
2.7257E+03,0.004231,0.015610,0.05609,2000.0
2.7258E+03,0.003327,0.015826,0.05609,2000.0
2.7258E+03,0.003063,0.015881,0.05609,2000.0
2.7259E+03,0.002187,0.016025,0.05609,2000.0
2.7259E+03,0.001923,0.016059,0.05609,2000.0
2.7260E+03,0.001009,0.016142,0.05609,2000.0
2.7260E+03,0.000773,0.016155,0.05609,2000.0
2.7260E+03,-0.000163,0.016171,0.05609,2000.0
2.7260E+03,-0.000442,0.016167,0.05609,2000.0
2.7261E+03,-0.001312,0.016120,0.05609,2000.0
2.7261E+03,-0.001601,0.016093,0.05609,2000.0
2.7262E+03,-0.002501,0.015979,0.05609,2000.0
2.7262E+03,-0.002752,0.015936,0.05609,2000.0
2.7263E+03,-0.003659,0.015753,0.05609,2000.0
2.7263E+03,-0.003952,0.015682,0.05609,2000.0
2.7263E+03,-0.004756,0.015459,0.05609,2000.0
2.7264E+03,-0.005070,0.015357,0.05609,2000.0
2.7264E+03,-0.005874,0.015070,0.05609,2000.0
2.7264E+03,-0.006178,0.014945,0.05609,2000.0
2.7265E+03,-0.006951,0.014604,0.05609,2000.0
2.7265E+03,-0.007229,0.014466,0.05609,2000.0
2.7266E+03,-0.008003,0.014056,0.05609,2000.0
2.7266E+03,-0.008216,0.013928,0.05609,2000.0
2.7267E+03,-0.009020,0.013426,0.05609,2000.0
2.7267E+03,-0.009222,0.013284,0.05609,2000.0
2.7267E+03,-0.009957,0.012746,0.05609,2000.0
2.7268E+03,-0.010165,0.012576,0.05609,2000.0
2.7268E+03,-0.010860,0.011986,0.05609,2000.0
2.7268E+03,-0.011037,0.011818,0.05609,2000.0
2.7269E+03,-0.011704,0.011164,0.05609,2000.0
2.7269E+03,-0.011876,0.010975,0.05609,2000.0
2.7270E+03,-0.012475,0.010294,0.05609,2000.0
2.7270E+03,-0.012665,0.010053,0.05609,2000.0
2.7270E+03,-0.013193,0.009357,0.05609,2000.0
2.7271E+03,-0.013341,0.009136,0.05609,2000.0
2.7271E+03,-0.013835,0.008380,0.05609,0.0
2.7280E+03,-0.013835,0.008380,0.06879,0.0
2.7281E+03,-0.015291,0.009259,0.06879,0.0
2.7289E+03,-0.015291,0.009259,0.05609,2000.0
2.7289E+03,-0.015455,0.008970,0.05609,2000.0
2.7290E+03,-0.015918,0.008133,0.05609,2000.0
2.7290E+03,-0.016065,0.007824,0.05609,2000.0
2.7291E+03,-0.016464,0.006962,0.05609,2000.0
2.7291E+03,-0.016589,0.006639,0.05609,2000.0
2.7291E+03,-0.016590,0.006639,0.05609,2000.0
2.7292E+03,-0.016925,0.005750,0.05609,2000.0
2.7292E+03,-0.017025,0.005421,0.05609,2000.0
2.7293E+03,-0.017300,0.004501,0.05609,2000.0
2.7293E+03,-0.017373,0.004173,0.05609,2000.0
2.7293E+03,-0.017580,0.003234,0.05609,2000.0
2.7294E+03,-0.017630,0.002899,0.05609,2000.0
2.7294E+03,-0.017770,0.001937,0.05609,2000.0
2.7294E+03,-0.017794,0.001618,0.05609,2000.0
2.7294E+03,-0.017793,0.001618,0.05609,2000.0
2.7295E+03,-0.017863,0.000644,0.05609,2000.0
2.7296E+03,-0.017863,-0.000644,0.05609,2000.0
2.7297E+03,-0.017793,-0.001618,0.05609,2000.0
2.7297E+03,-0.017794,-0.001618,0.05609,2000.0
2.7297E+03,-0.017770,-0.001937,0.05609,2000.0
2.7297E+03,-0.017630,-0.002899,0.05609,2000.0
2.7298E+03,-0.017580,-0.003234,0.05609,2000.0
2.7298E+03,-0.017373,-0.004173,0.05609,2000.0
2.7299E+03,-0.017300,-0.004501,0.05609,2000.0
2.7299E+03,-0.017025,-0.005421,0.05609,2000.0
2.7299E+03,-0.016925,-0.005750,0.05609,2000.0
2.7300E+03,-0.016590,-0.006639,0.05609,2000.0
2.7300E+03,-0.016589,-0.006639,0.05609,2000.0
2.7300E+03,-0.016464,-0.006962,0.05609,2000.0
2.7301E+03,-0.016065,-0.007824,0.05609,2000.0
2.7301E+03,-0.015918,-0.008133,0.05609,2000.0
2.7302E+03,-0.015455,-0.008970,0.05609,2000.0
2.7302E+03,-0.015291,-0.009259,0.05609,2000.0
2.7303E+03,-0.014764,-0.010066,0.05609,2000.0
2.7303E+03,-0.014570,-0.010355,0.05609,2000.0
2.7304E+03,-0.013999,-0.011107,0.05609,2000.0
2.7304E+03,-0.013785,-0.011378,0.05609,2000.0
2.7304E+03,-0.013133,-0.012119,0.05609,2000.0
2.7305E+03,-0.012926,-0.012347,0.05609,2000.0
2.7305E+03,-0.012219,-0.013040,0.05609,2000.0
2.7305E+03,-0.011994,-0.013253,0.05609,2000.0
2.7306E+03,-0.011239,-0.013894,0.05609,2000.0
2.7306E+03,-0.011001,-0.014088,0.05609,2000.0
2.7307E+03,-0.010200,-0.014675,0.05609,2000.0
2.7307E+03,-0.009961,-0.014843,0.05609,2000.0
2.7308E+03,-0.009108,-0.015376,0.05609,2000.0
2.7308E+03,-0.008844,-0.015534,0.05609,2000.0
2.7309E+03,-0.007985,-0.015989,0.05609,2000.0
2.7309E+03,-0.007687,-0.016137,0.05609,2000.0
2.7310E+03,-0.006823,-0.016518,0.05609,2000.0
2.7310E+03,-0.006489,-0.016655,0.05609,2000.0
2.7310E+03,-0.005609,-0.016969,0.05609,2000.0
2.7311E+03,-0.005254,-0.017085,0.05609,2000.0
2.7311E+03,-0.004355,-0.017334,0.05609,2000.0
2.7312E+03,-0.004031,-0.017413,0.05609,2000.0
2.7312E+03,-0.003066,-0.017607,0.05609,2000.0
2.7312E+03,-0.002744,-0.017662,0.05609,2000.0
2.7313E+03,-0.001789,-0.017783,0.05609,2000.0
2.7313E+03,-0.001437,-0.017816,0.05609,2000.0
2.7314E+03,-0.000508,-0.017866,0.05609,2000.0
2.7314E+03,-0.000161,-0.017872,0.05609,2000.0
2.7315E+03,0.000832,-0.017854,0.05609,2000.0
2.7315E+03,0.001123,-0.017839,0.05609,2000.0
2.7316E+03,0.002110,-0.017749,0.05609,2000.0
2.7316E+03,0.002420,-0.017709,0.05609,2000.0
2.7317E+03,0.003393,-0.017549,0.05609,2000.0
2.7317E+03,0.003702,-0.017485,0.05609,2000.0
2.7317E+03,0.004640,-0.017261,0.05609,2000.0
2.7318E+03,0.004970,-0.017168,0.05609,2000.0
2.7318E+03,0.005906,-0.016870,0.05609,2000.0
2.7318E+03,0.006178,-0.016771,0.05609,2000.0
2.7319E+03,0.007093,-0.016407,0.05609,2000.0
2.7319E+03,0.007391,-0.016272,0.05609,2000.0
2.7320E+03,0.008278,-0.015841,0.05609,2000.0
2.7320E+03,0.008580,-0.015677,0.05609,2000.0
2.7321E+03,0.009396,-0.015206,0.05609,2000.0
2.7321E+03,0.009660,-0.015035,0.05609,2000.0
2.7322E+03,0.010486,-0.014475,0.05609,2000.0
2.7322E+03,0.010733,-0.014289,0.05609,2000.0
2.7323E+03,0.011500,-0.013684,0.05609,2000.0
2.7323E+03,0.011762,-0.013454,0.05609,2000.0
2.7323E+03,0.012459,-0.012816,0.05609,2000.0
2.7324E+03,0.012710,-0.012562,0.05609,2000.0
2.7324E+03,0.013357,-0.011878,0.05609,2000.0
2.7325E+03,0.013584,-0.011610,0.05609,2000.0
2.7325E+03,0.014193,-0.010867,0.05609,2000.0
2.7325E+03,0.014375,-0.010615,0.05609,2000.0
2.7326E+03,0.014946,-0.009806,0.05609,2000.0
2.7326E+03,0.015108,-0.009543,0.05609,2000.0
2.7327E+03,0.015614,-0.008702,0.05609,2000.0
2.7327E+03,0.015761,-0.008420,0.05609,2000.0
2.7328E+03,0.016207,-0.007540,0.05609,2000.0
2.7328E+03,0.016331,-0.007253,0.05609,2000.0
2.7329E+03,0.016707,-0.006355,0.05609,2000.0
2.7329E+03,0.016820,-0.006030,0.05609,2000.0
2.7329E+03,0.016821,-0.006030,0.05609,2000.0
2.7330E+03,0.017124,-0.005128,0.05609,2000.0
2.7330E+03,0.017209,-0.004808,0.05609,2000.0
2.7330E+03,0.017453,-0.003865,0.05609,2000.0
2.7331E+03,0.017512,-0.003546,0.05609,2000.0
2.7331E+03,0.017687,-0.002584,0.05609,2000.0
2.7331E+03,0.017723,-0.002262,0.05609,2000.0
2.7332E+03,0.017828,-0.001296,0.05609,2000.0
2.7333E+03,0.017875,0.000000,0.05609,2000.0
2.7334E+03,0.017828,0.001296,0.05609,2000.0
2.7334E+03,0.017724,0.002256,0.05609,2000.0
2.7335E+03,0.017687,0.002584,0.05609,2000.0
2.7335E+03,0.017512,0.003546,0.05609,2000.0
2.7336E+03,0.017453,0.003865,0.05609,2000.0
2.7336E+03,0.017211,0.004800,0.05609,2000.0
2.7336E+03,0.017124,0.005128,0.05609,2000.0
2.7337E+03,0.016821,0.006030,0.05609,2000.0
2.7337E+03,0.016820,0.006030,0.05609,2000.0
2.7337E+03,0.016707,0.006355,0.05609,2000.0
2.7338E+03,0.016339,0.007235,0.05609,2000.0
2.7338E+03,0.016207,0.007540,0.05609,2000.0
2.7339E+03,0.015770,0.008402,0.05609,2000.0
2.7339E+03,0.015614,0.008702,0.05609,2000.0
2.7340E+03,0.015108,0.009543,0.05609,2000.0
2.7340E+03,0.014946,0.009806,0.05609,2000.0
2.7341E+03,0.014375,0.010615,0.05609,2000.0
2.7341E+03,0.014193,0.010867,0.05609,2000.0
2.7341E+03,0.013584,0.011610,0.05609,2000.0
2.7342E+03,0.013357,0.011878,0.05609,2000.0
2.7342E+03,0.012710,0.012562,0.05609,2000.0
2.7343E+03,0.012459,0.012816,0.05609,2000.0
2.7343E+03,0.011762,0.013454,0.05609,2000.0
2.7343E+03,0.011500,0.013684,0.05609,2000.0
2.7344E+03,0.010738,0.014285,0.05609,2000.0
2.7344E+03,0.010486,0.014475,0.05609,2000.0
2.7345E+03,0.009660,0.015035,0.05609,2000.0
2.7345E+03,0.009396,0.015206,0.05609,2000.0
2.7346E+03,0.008580,0.015677,0.05609,2000.0
2.7346E+03,0.008278,0.015841,0.05609,2000.0
2.7347E+03,0.007391,0.016272,0.05609,2000.0
2.7347E+03,0.007093,0.016407,0.05609,2000.0
2.7347E+03,0.006183,0.016769,0.05609,2000.0
2.7348E+03,0.005906,0.016870,0.05609,2000.0
2.7348E+03,0.004970,0.017168,0.05609,2000.0
2.7349E+03,0.004640,0.017261,0.05609,2000.0
2.7349E+03,0.003702,0.017485,0.05609,2000.0
2.7349E+03,0.003393,0.017549,0.05609,2000.0
2.7350E+03,0.002420,0.017709,0.05609,2000.0
2.7350E+03,0.002110,0.017749,0.05609,2000.0
2.7351E+03,0.001123,0.017839,0.05609,2000.0
2.7351E+03,0.000832,0.017854,0.05609,2000.0
2.7352E+03,-0.000161,0.017872,0.05609,2000.0
2.7352E+03,-0.000508,0.017866,0.05609,2000.0
2.7353E+03,-0.001437,0.017816,0.05609,2000.0
2.7353E+03,-0.001789,0.017783,0.05609,2000.0
2.7354E+03,-0.002744,0.017662,0.05609,2000.0
2.7354E+03,-0.003066,0.017607,0.05609,2000.0
2.7354E+03,-0.004031,0.017413,0.05609,2000.0
2.7355E+03,-0.004355,0.017334,0.05609,2000.0
2.7355E+03,-0.005254,0.017085,0.05609,2000.0
2.7355E+03,-0.005609,0.016969,0.05609,2000.0
2.7356E+03,-0.006489,0.016655,0.05609,2000.0
2.7356E+03,-0.006823,0.016518,0.05609,2000.0
2.7357E+03,-0.007687,0.016137,0.05609,2000.0
2.7357E+03,-0.007985,0.015989,0.05609,2000.0
2.7358E+03,-0.008844,0.015534,0.05609,2000.0
2.7358E+03,-0.009108,0.015376,0.05609,2000.0
2.7359E+03,-0.009961,0.014843,0.05609,2000.0
2.7359E+03,-0.010200,0.014675,0.05609,2000.0
2.7360E+03,-0.011001,0.014088,0.05609,2000.0
2.7360E+03,-0.011239,0.013894,0.05609,2000.0
2.7360E+03,-0.011994,0.013253,0.05609,2000.0
2.7361E+03,-0.012224,0.013035,0.05609,2000.0
2.7361E+03,-0.012926,0.012347,0.05609,2000.0
2.7362E+03,-0.013134,0.012118,0.05609,2000.0
2.7362E+03,-0.013785,0.011378,0.05609,2000.0
2.7362E+03,-0.013999,0.011107,0.05609,2000.0
2.7363E+03,-0.014570,0.010355,0.05609,2000.0
2.7363E+03,-0.014764,0.010066,0.05609,2000.0
2.7364E+03,-0.015291,0.009259,0.05609,0.0
2.7370E+03,-0.015291,0.000000,0.05609,0.0
