2.7828E+03,-0.007595,0.004731,0.07021,0.0
2.7828E+03,-0.007546,0.004694,0.07021,0.0
2.7837E+03,-0.007546,0.004694,0.05751,2000.0
2.7837E+03,-0.007090,0.005338,0.05751,2000.0
2.7837E+03,-0.006932,0.005560,0.05751,2000.0
2.7838E+03,-0.006746,0.005769,0.05751,2000.0
2.7838E+03,-0.006216,0.006351,0.05751,2000.0
2.7838E+03,-0.006005,0.006539,0.05751,2000.0
2.7839E+03,-0.005409,0.007048,0.05751,2000.0
2.7839E+03,-0.005180,0.007212,0.05751,2000.0
2.7839E+03,-0.004523,0.007647,0.05751,2000.0
2.7840E+03,-0.004276,0.007782,0.05751,2000.0
2.7840E+03,-0.003573,0.008134,0.05751,2000.0
2.7840E+03,-0.003312,0.008241,0.05751,2000.0
2.7841E+03,-0.002572,0.008502,0.05751,2000.0
2.7841E+03,-0.002300,0.008580,0.05751,2000.0
2.7842E+03,-0.001534,0.008748,0.05751,2000.0
2.7842E+03,-0.001256,0.008794,0.05751,2000.0
2.7842E+03,-0.000472,0.008868,0.05751,2000.0
2.7842E+03,-0.000189,0.008882,0.05751,2000.0
2.7843E+03,0.000591,0.008858,0.05751,2000.0
2.7843E+03,0.000872,0.008842,0.05751,2000.0
2.7844E+03,0.001646,0.008723,0.05751,2000.0
2.7844E+03,0.001925,0.008676,0.05751,2000.0
2.7844E+03,0.002681,0.008461,0.05751,2000.0
2.7845E+03,0.002945,0.008385,0.05751,2000.0
2.7845E+03,0.003205,0.008277,0.05751,2000.0
2.7845E+03,0.003926,0.007972,0.05751,2000.0
2.7846E+03,0.004173,0.007836,0.05751,2000.0
2.7846E+03,0.004856,0.007441,0.05751,2000.0
2.7846E+03,0.005086,0.007277,0.05751,2000.0
2.7847E+03,0.005711,0.006805,0.05751,2000.0
2.7847E+03,0.005921,0.006618,0.05751,2000.0
2.7847E+03,0.006486,0.006070,0.05751,2000.0
2.7848E+03,0.006673,0.005860,0.05751,2000.0
2.7848E+03,0.007166,0.005248,0.05751,2000.0
2.7848E+03,0.007330,0.005017,0.05751,2000.0
2.7849E+03,0.007742,0.004351,0.05751,2000.0
2.7849E+03,0.007879,0.004104,0.05751,2000.0
2.7850E+03,0.008206,0.003392,0.05751,2000.0
2.7850E+03,0.008315,0.003131,0.05751,2000.0
2.7850E+03,0.008554,0.002379,0.05751,2000.0
2.7851E+03,0.008631,0.002109,0.05751,2000.0
2.7851E+03,0.008776,0.001338,0.05751,2000.0
2.7851E+03,0.008823,0.001059,0.05751,2000.0
2.7852E+03,0.008871,0.000278,0.05751,2000.0
2.7852E+03,0.008887,0.000000,0.05751,2000.0
2.7852E+03,0.008871,-0.000278,0.05751,2000.0
2.7853E+03,0.008823,-0.001059,0.05751,2000.0
2.7853E+03,0.008776,-0.001338,0.05751,2000.0
2.7853E+03,0.008631,-0.002109,0.05751,2000.0
2.7854E+03,0.008554,-0.002379,0.05751,2000.0
2.7854E+03,0.008315,-0.003131,0.05751,2000.0
2.7854E+03,0.008206,-0.003392,0.05751,2000.0
2.7855E+03,0.007879,-0.004104,0.05751,2000.0
2.7855E+03,0.007742,-0.004351,0.05751,2000.0
2.7855E+03,0.007330,-0.005017,0.05751,2000.0
2.7856E+03,0.007166,-0.005248,0.05751,2000.0
2.7856E+03,0.006673,-0.005860,0.05751,2000.0
2.7856E+03,0.006486,-0.006070,0.05751,2000.0
2.7857E+03,0.005921,-0.006618,0.05751,2000.0
2.7857E+03,0.005711,-0.006805,0.05751,2000.0
2.7858E+03,0.005086,-0.007277,0.05751,2000.0
2.7858E+03,0.004856,-0.007441,0.05751,2000.0
2.7858E+03,0.004173,-0.007836,0.05751,2000.0
2.7859E+03,0.003926,-0.007972,0.05751,2000.0
2.7859E+03,0.003205,-0.008277,0.05751,2000.0
2.7859E+03,0.002945,-0.008385,0.05751,2000.0
2.7859E+03,0.002681,-0.008461,0.05751,2000.0
2.7860E+03,0.001925,-0.008676,0.05751,2000.0
2.7860E+03,0.001646,-0.008723,0.05751,2000.0
2.7861E+03,0.000872,-0.008842,0.05751,2000.0
2.7861E+03,0.000591,-0.008858,0.05751,2000.0
2.7861E+03,-0.000189,-0.008882,0.05751,2000.0
2.7862E+03,-0.000472,-0.008868,0.05751,2000.0
2.7862E+03,-0.001256,-0.008794,0.05751,2000.0
2.7862E+03,-0.001534,-0.008748,0.05751,2000.0
2.7863E+03,-0.002300,-0.008580,0.05751,2000.0
2.7863E+03,-0.002572,-0.008502,0.05751,2000.0
2.7863E+03,-0.003312,-0.008241,0.05751,2000.0
2.7864E+03,-0.003573,-0.008134,0.05751,2000.0
2.7864E+03,-0.004276,-0.007782,0.05751,2000.0
2.7864E+03,-0.004523,-0.007647,0.05751,2000.0
2.7865E+03,-0.005180,-0.007212,0.05751,2000.0
2.7865E+03,-0.005409,-0.007048,0.05751,2000.0
2.7866E+03,-0.006005,-0.006539,0.05751,2000.0
2.7866E+03,-0.006216,-0.006351,0.05751,2000.0
2.7866E+03,-0.006746,-0.005769,0.05751,2000.0
2.7867E+03,-0.006932,-0.005560,0.05751,2000.0
2.7867E+03,-0.007090,-0.005338,0.05751,2000.0
2.7867E+03,-0.007546,-0.004694,0.05751,2000.0
2.7867E+03,-0.007682,-0.004446,0.05751,2000.0
2.7868E+03,-0.008052,-0.003758,0.05751,2000.0
2.7868E+03,-0.008160,-0.003497,0.05751,2000.0
2.7869E+03,-0.008445,-0.002763,0.05751,2000.0
2.7869E+03,-0.008522,-0.002492,0.05751,2000.0
2.7869E+03,-0.008714,-0.001731,0.05751,2000.0
2.7870E+03,-0.008761,-0.001453,0.05751,2000.0
2.7870E+03,-0.008858,-0.000671,0.05751,2000.0
2.7870E+03,-0.008873,-0.000388,0.05751,2000.0
2.7871E+03,-0.008873,0.000388,0.05751,2000.0
2.7871E+03,-0.008858,0.000671,0.05751,2000.0
2.7871E+03,-0.008761,0.001453,0.05751,2000.0
2.7872E+03,-0.008714,0.001731,0.05751,2000.0
2.7872E+03,-0.008522,0.002492,0.05751,2000.0
2.7872E+03,-0.008445,0.002763,0.05751,2000.0
2.7873E+03,-0.008160,0.003497,0.05751,2000.0
2.7873E+03,-0.008052,0.003758,0.05751,2000.0
2.7874E+03,-0.007682,0.004446,0.05751,2000.0
2.7874E+03,-0.007546,0.004694,0.05751,0.0
2.7882E+03,-0.007546,0.004694,0.07021,0.0
2.7883E+03,-0.008990,0.005597,0.07021,0.0
2.7892E+03,-0.008990,0.005597,0.05751,2000.0
2.7892E+03,-0.008476,0.006322,0.05751,2000.0
2.7892E+03,-0.008263,0.006621,0.05751,2000.0
2.7893E+03,-0.008009,0.006906,0.05751,2000.0
2.7893E+03,-0.007413,0.007561,0.05751,2000.0
2.7894E+03,-0.007123,0.007820,0.05751,2000.0
2.7894E+03,-0.006458,0.008388,0.05751,2000.0
2.7894E+03,-0.006144,0.008612,0.05751,2000.0
2.7895E+03,-0.005401,0.009104,0.05751,2000.0
2.7895E+03,-0.005064,0.009288,0.05751,2000.0
2.7896E+03,-0.004277,0.009683,0.05751,2000.0
2.7896E+03,-0.003918,0.009830,0.05751,2000.0
2.7897E+03,-0.003089,0.010122,0.05751,2000.0
2.7897E+03,-0.002717,0.010229,0.05751,2000.0
2.7898E+03,-0.001855,0.010418,0.05751,2000.0
2.7898E+03,-0.001475,0.010481,0.05751,2000.0
2.7898E+03,-0.000594,0.010564,0.05751,2000.0
2.7899E+03,-0.000205,0.010583,0.05751,2000.0
2.7899E+03,0.000665,0.010557,0.05751,2000.0
2.7899E+03,0.001050,0.010535,0.05751,2000.0
2.7900E+03,0.001916,0.010401,0.05751,2000.0
2.7900E+03,0.002300,0.010337,0.05751,2000.0
2.7901E+03,0.003149,0.010095,0.05751,2000.0
2.7901E+03,0.003508,0.009992,0.05751,2000.0
2.7901E+03,0.003862,0.009845,0.05751,2000.0
2.7902E+03,0.004669,0.009503,0.05751,2000.0
2.7902E+03,0.005009,0.009317,0.05751,2000.0
2.7903E+03,0.005777,0.008872,0.05751,2000.0
2.7903E+03,0.006092,0.008648,0.05751,2000.0
2.7904E+03,0.006790,0.008120,0.05751,2000.0
2.7904E+03,0.007079,0.007864,0.05751,2000.0
2.7905E+03,0.007714,0.007247,0.05751,2000.0
2.7905E+03,0.007971,0.006959,0.05751,2000.0
2.7905E+03,0.008522,0.006274,0.05751,2000.0
2.7906E+03,0.008747,0.005957,0.05751,2000.0
2.7906E+03,0.009209,0.005211,0.05751,2000.0
2.7906E+03,0.009397,0.004872,0.05751,2000.0
2.7907E+03,0.009763,0.004075,0.05751,2000.0
2.7907E+03,0.009913,0.003717,0.05751,2000.0
2.7908E+03,0.010182,0.002870,0.05751,2000.0
2.7908E+03,0.010287,0.002500,0.05751,2000.0
2.7909E+03,0.010450,0.001636,0.05751,2000.0
2.7909E+03,0.010514,0.001253,0.05751,2000.0
2.7910E+03,0.010568,0.000379,0.05751,2000.0
2.7910E+03,0.010590,0.000000,0.05751,2000.0
2.7910E+03,0.010568,-0.000379,0.05751,2000.0
2.7911E+03,0.010514,-0.001253,0.05751,2000.0
2.7911E+03,0.010450,-0.001636,0.05751,2000.0
2.7912E+03,0.010287,-0.002500,0.05751,2000.0
2.7912E+03,0.010182,-0.002870,0.05751,2000.0
2.7912E+03,0.009913,-0.003717,0.05751,2000.0
2.7913E+03,0.009763,-0.004075,0.05751,2000.0
2.7913E+03,0.009397,-0.004872,0.05751,2000.0
2.7913E+03,0.009209,-0.005211,0.05751,2000.0
2.7914E+03,0.008747,-0.005957,0.05751,2000.0
2.7914E+03,0.008522,-0.006274,0.05751,2000.0
2.7915E+03,0.007971,-0.006959,0.05751,2000.0
2.7915E+03,0.007714,-0.007247,0.05751,2000.0
2.7916E+03,0.007079,-0.007864,0.05751,2000.0
2.7916E+03,0.006790,-0.008120,0.05751,2000.0
2.7917E+03,0.006092,-0.008648,0.05751,2000.0
2.7917E+03,0.005777,-0.008872,0.05751,2000.0
2.7917E+03,0.005009,-0.009317,0.05751,2000.0
2.7918E+03,0.004669,-0.009503,0.05751,2000.0
2.7918E+03,0.003862,-0.009845,0.05751,2000.0
2.7919E+03,0.003508,-0.009992,0.05751,2000.0
2.7919E+03,0.003149,-0.010095,0.05751,2000.0
2.7919E+03,0.002300,-0.010337,0.05751,2000.0
2.7920E+03,0.001916,-0.010401,0.05751,2000.0
2.7920E+03,0.001050,-0.010535,0.05751,2000.0
2.7920E+03,0.000665,-0.010557,0.05751,2000.0
2.7921E+03,-0.000205,-0.010583,0.05751,2000.0
2.7921E+03,-0.000594,-0.010564,0.05751,2000.0
2.7922E+03,-0.001475,-0.010481,0.05751,2000.0
2.7922E+03,-0.001855,-0.010418,0.05751,2000.0
2.7923E+03,-0.002717,-0.010229,0.05751,2000.0
2.7923E+03,-0.003089,-0.010122,0.05751,2000.0
2.7924E+03,-0.003918,-0.009830,0.05751,2000.0
2.7924E+03,-0.004277,-0.009683,0.05751,2000.0
2.7924E+03,-0.005064,-0.009288,0.05751,2000.0
2.7925E+03,-0.005401,-0.009104,0.05751,2000.0
2.7925E+03,-0.006144,-0.008612,0.05751,2000.0
2.7926E+03,-0.006458,-0.008388,0.05751,2000.0
2.7926E+03,-0.007123,-0.007820,0.05751,2000.0
2.7926E+03,-0.007413,-0.007561,0.05751,2000.0
2.7927E+03,-0.008009,-0.006906,0.05751,2000.0
2.7927E+03,-0.008263,-0.006621,0.05751,2000.0
2.7927E+03,-0.008476,-0.006322,0.05751,2000.0
2.7928E+03,-0.008990,-0.005597,0.05751,2000.0
2.7928E+03,-0.009176,-0.005257,0.05751,2000.0
2.7929E+03,-0.009590,-0.004487,0.05751,2000.0
2.7929E+03,-0.009738,-0.004130,0.05751,2000.0
2.7930E+03,-0.010059,-0.003304,0.05751,2000.0
2.7930E+03,-0.010164,-0.002932,0.05751,2000.0
2.7931E+03,-0.010379,-0.002081,0.05751,2000.0
2.7931E+03,-0.010443,-0.001699,0.05751,2000.0
2.7931E+03,-0.010552,-0.000821,0.05751,2000.0
2.7932E+03,-0.010573,-0.000433,0.05751,2000.0
2.7932E+03,-0.010573,0.000433,0.05751,2000.0
2.7933E+03,-0.010552,0.000821,0.05751,2000.0
2.7933E+03,-0.010443,0.001699,0.05751,2000.0
2.7933E+03,-0.010379,0.002081,0.05751,2000.0
2.7934E+03,-0.010164,0.002932,0.05751,2000.0
2.7934E+03,-0.010059,0.003304,0.05751,2000.0
2.7935E+03,-0.009738,0.004130,0.05751,2000.0
2.7935E+03,-0.009590,0.004487,0.05751,2000.0
2.7936E+03,-0.009176,0.005257,0.05751,2000.0
2.7936E+03,-0.008990,0.005597,0.05751,0.0
2.7944E+03,-0.008990,0.005597,0.07021,0.0
2.7946E+03,-0.010434,0.006500,0.07021,0.0
2.7954E+03,-0.010434,0.006500,0.05751,2000.0
2.7954E+03,-0.009862,0.007307,0.05751,2000.0
2.7955E+03,-0.009594,0.007683,0.05751,2000.0
2.7955E+03,-0.009272,0.008044,0.05751,2000.0
2.7956E+03,-0.008611,0.008770,0.05751,2000.0
2.7956E+03,-0.008241,0.009100,0.05751,2000.0
2.7957E+03,-0.007506,0.009729,0.05751,2000.0
2.7957E+03,-0.007107,0.010013,0.05751,2000.0
2.7958E+03,-0.006279,0.010561,0.05751,2000.0
2.7958E+03,-0.005853,0.010794,0.05751,2000.0
2.7959E+03,-0.004981,0.011232,0.05751,2000.0
2.7959E+03,-0.004523,0.011419,0.05751,2000.0
2.7960E+03,-0.003607,0.011742,0.05751,2000.0
2.7960E+03,-0.003134,0.011878,0.05751,2000.0
2.7961E+03,-0.002176,0.012088,0.05751,2000.0
2.7961E+03,-0.001694,0.012168,0.05751,2000.0
2.7962E+03,-0.000715,0.012260,0.05751,2000.0
2.7962E+03,-0.000221,0.012284,0.05751,2000.0
2.7963E+03,0.000739,0.012256,0.05751,2000.0
2.7963E+03,0.001229,0.012228,0.05751,2000.0
2.7963E+03,0.002186,0.012079,0.05751,2000.0
2.7964E+03,0.002674,0.011998,0.05751,2000.0
2.7964E+03,0.003616,0.011729,0.05751,2000.0
2.7965E+03,0.004070,0.011599,0.05751,2000.0
2.7965E+03,0.004520,0.011413,0.05751,2000.0
2.7966E+03,0.005410,0.011035,0.05751,2000.0
2.7966E+03,0.005843,0.010798,0.05751,2000.0
2.7967E+03,0.006698,0.010303,0.05751,2000.0
2.7967E+03,0.007098,0.010019,0.05751,2000.0
2.7968E+03,0.007868,0.009436,0.05751,2000.0
2.7968E+03,0.008236,0.009111,0.05751,2000.0
2.7969E+03,0.008942,0.008424,0.05751,2000.0
2.7969E+03,0.009268,0.008058,0.05751,2000.0
2.7970E+03,0.009879,0.007300,0.05751,2000.0
2.7970E+03,0.010164,0.006897,0.05751,2000.0
2.7971E+03,0.010676,0.006071,0.05751,2000.0
2.7971E+03,0.010915,0.005640,0.05751,2000.0
2.7972E+03,0.011320,0.004758,0.05751,2000.0
2.7972E+03,0.011510,0.004304,0.05751,2000.0
2.7973E+03,0.011810,0.003359,0.05751,2000.0
2.7973E+03,0.011943,0.002890,0.05751,2000.0
2.7974E+03,0.012124,0.001934,0.05751,2000.0
2.7974E+03,0.012205,0.001446,0.05751,2000.0
2.7975E+03,0.012265,0.000481,0.05751,2000.0
2.7975E+03,0.012293,0.000000,0.05751,2000.0
2.7975E+03,0.012265,-0.000481,0.05751,2000.0
2.7976E+03,0.012205,-0.001446,0.05751,2000.0
2.7976E+03,0.012124,-0.001934,0.05751,2000.0
2.7977E+03,0.011943,-0.002890,0.05751,2000.0
2.7977E+03,0.011810,-0.003359,0.05751,2000.0
2.7978E+03,0.011510,-0.004304,0.05751,2000.0
2.7978E+03,0.011320,-0.004758,0.05751,2000.0
2.7979E+03,0.010915,-0.005640,0.05751,2000.0
2.7979E+03,0.010676,-0.006071,0.05751,2000.0
2.7980E+03,0.010164,-0.006897,0.05751,2000.0
2.7980E+03,0.009879,-0.007300,0.05751,2000.0
2.7981E+03,0.009268,-0.008058,0.05751,2000.0
2.7981E+03,0.008942,-0.008424,0.05751,2000.0
2.7982E+03,0.008236,-0.009111,0.05751,2000.0
2.7982E+03,0.007868,-0.009436,0.05751,2000.0
2.7983E+03,0.007098,-0.010019,0.05751,2000.0
2.7983E+03,0.006698,-0.010303,0.05751,2000.0
2.7984E+03,0.005843,-0.010798,0.05751,2000.0
2.7984E+03,0.005410,-0.011035,0.05751,2000.0
2.7985E+03,0.004520,-0.011413,0.05751,2000.0
2.7985E+03,0.004070,-0.011599,0.05751,2000.0
2.7985E+03,0.003616,-0.011729,0.05751,2000.0
2.7986E+03,0.002674,-0.011998,0.05751,2000.0
2.7986E+03,0.002186,-0.012079,0.05751,2000.0
2.7987E+03,0.001229,-0.012228,0.05751,2000.0
2.7987E+03,0.000739,-0.012256,0.05751,2000.0
2.7988E+03,-0.000221,-0.012284,0.05751,2000.0
2.7988E+03,-0.000715,-0.012260,0.05751,2000.0
2.7989E+03,-0.001694,-0.012168,0.05751,2000.0
2.7989E+03,-0.002176,-0.012088,0.05751,2000.0
2.7990E+03,-0.003134,-0.011878,0.05751,2000.0
2.7990E+03,-0.003607,-0.011742,0.05751,2000.0
2.7991E+03,-0.004523,-0.011419,0.05751,2000.0
2.7991E+03,-0.004981,-0.011232,0.05751,2000.0
2.7992E+03,-0.005853,-0.010794,0.05751,2000.0
2.7992E+03,-0.006279,-0.010561,0.05751,2000.0
2.7993E+03,-0.007107,-0.010013,0.05751,2000.0
2.7993E+03,-0.007506,-0.009729,0.05751,2000.0
2.7994E+03,-0.008241,-0.009100,0.05751,2000.0
2.7994E+03,-0.008611,-0.008770,0.05751,2000.0
2.7995E+03,-0.009272,-0.008044,0.05751,2000.0
2.7995E+03,-0.009594,-0.007683,0.05751,2000.0
2.7995E+03,-0.009862,-0.007307,0.05751,2000.0
2.7996E+03,-0.010434,-0.006500,0.05751,2000.0
2.7996E+03,-0.010670,-0.006067,0.05751,2000.0
2.7997E+03,-0.011128,-0.005217,0.05751,2000.0
2.7997E+03,-0.011316,-0.004763,0.05751,2000.0
2.7998E+03,-0.011673,-0.003844,0.05751,2000.0
2.7998E+03,-0.011806,-0.003371,0.05751,2000.0
2.7999E+03,-0.012044,-0.002430,0.05751,2000.0
2.7999E+03,-0.012126,-0.001944,0.05751,2000.0
2.8000E+03,-0.012246,-0.000972,0.05751,2000.0
2.8000E+03,-0.012273,-0.000479,0.05751,2000.0
2.8001E+03,-0.012273,0.000479,0.05751,2000.0
2.8001E+03,-0.012246,0.000972,0.05751,2000.0
2.8002E+03,-0.012126,0.001944,0.05751,2000.0
2.8002E+03,-0.012044,0.002430,0.05751,2000.0
2.8003E+03,-0.011806,0.003371,0.05751,2000.0
2.8003E+03,-0.011673,0.003844,0.05751,2000.0
2.8004E+03,-0.011316,0.004763,0.05751,2000.0
2.8004E+03,-0.011128,0.005217,0.05751,2000.0
2.8005E+03,-0.010670,0.006067,0.05751,2000.0
2.8005E+03,-0.010434,0.006500,0.05751,0.0
2.8014E+03,-0.010434,0.006500,0.07021,0.0
2.8015E+03,-0.012491,0.007554,0.07021,0.0
2.8023E+03,-0.012491,0.007554,0.05751,2000.0
2.8023E+03,-0.012548,0.007454,0.05751,2000.0
2.8024E+03,-0.013021,0.006600,0.05751,2000.0
2.8024E+03,-0.013059,0.006521,0.05751,2000.0
2.8025E+03,-0.013458,0.005657,0.05751,2000.0
2.8025E+03,-0.013497,0.005555,0.05751,2000.0
2.8025E+03,-0.013496,0.005555,0.05751,2000.0
2.8026E+03,-0.013835,0.004656,0.05751,2000.0
2.8026E+03,-0.013855,0.004590,0.05751,2000.0
2.8026E+03,-0.014128,0.003675,0.05751,2000.0
2.8026E+03,-0.014148,0.003584,0.05751,2000.0
2.8027E+03,-0.014361,0.002619,0.05751,2000.0
2.8028E+03,-0.014511,0.001584,0.05751,2000.0
2.8028E+03,-0.014588,0.000533,0.05751,2000.0
2.8029E+03,-0.014588,-0.000533,0.05751,2000.0
2.8030E+03,-0.014512,-0.001581,0.05751,2000.0
2.8030E+03,-0.014373,-0.002536,0.05751,2000.0
2.8030E+03,-0.014359,-0.002625,0.05751,2000.0
2.8030E+03,-0.014358,-0.002635,0.05751,2000.0
2.8031E+03,-0.014147,-0.003588,0.05751,2000.0
2.8031E+03,-0.014129,-0.003671,0.05751,2000.0
2.8032E+03,-0.013854,-0.004589,0.05751,2000.0
2.8032E+03,-0.013823,-0.004693,0.05751,2000.0
2.8032E+03,-0.013533,-0.005460,0.05751,2000.0
2.8033E+03,-0.013452,-0.005671,0.05751,2000.0
2.8033E+03,-0.013088,-0.006457,0.05751,2000.0
2.8033E+03,-0.013074,-0.006482,0.05751,2000.0
2.8033E+03,-0.013043,-0.006554,0.05751,2000.0
2.8033E+03,-0.013022,-0.006598,0.05751,2000.0
2.8034E+03,-0.012548,-0.007454,0.05751,2000.0
2.8034E+03,-0.012491,-0.007554,0.05751,2000.0
2.8035E+03,-0.011982,-0.008336,0.05751,2000.0
2.8035E+03,-0.011981,-0.008336,0.05751,2000.0
2.8035E+03,-0.011922,-0.008424,0.05751,2000.0
2.8035E+03,-0.011336,-0.009194,0.05751,2000.0
2.8035E+03,-0.011271,-0.009278,0.05751,2000.0
2.8036E+03,-0.010661,-0.009968,0.05751,2000.0
2.8036E+03,-0.010574,-0.010063,0.05751,2000.0
2.8037E+03,-0.009858,-0.010767,0.05751,2000.0
2.8037E+03,-0.009827,-0.010796,0.05751,2000.0
2.8037E+03,-0.009093,-0.011418,0.05751,2000.0
2.8037E+03,-0.009017,-0.011481,0.05751,2000.0
2.8038E+03,-0.008219,-0.012063,0.05751,2000.0
2.8038E+03,-0.008172,-0.012096,0.05751,2000.0
2.8039E+03,-0.007353,-0.012609,0.05751,2000.0
2.8039E+03,-0.007268,-0.012660,0.05751,2000.0
2.8040E+03,-0.006425,-0.013107,0.05751,2000.0
2.8040E+03,-0.006336,-0.013151,0.05751,2000.0
2.8040E+03,-0.005470,-0.013533,0.05751,2000.0
2.8040E+03,-0.005386,-0.013567,0.05751,2000.0
2.8041E+03,-0.004399,-0.013920,0.05751,2000.0
2.8041E+03,-0.004391,-0.013923,0.05751,2000.0
2.8042E+03,-0.003452,-0.014183,0.05751,2000.0
2.8042E+03,-0.003360,-0.014206,0.05751,2000.0
2.8042E+03,-0.002434,-0.014393,0.05751,2000.0
2.8042E+03,-0.002318,-0.014413,0.05751,2000.0
2.8043E+03,-0.001367,-0.014533,0.05751,2000.0
2.8043E+03,-0.001258,-0.014543,0.05751,2000.0
2.8044E+03,-0.000330,-0.014594,0.05751,2000.0
2.8044E+03,-0.000237,-0.014596,0.05751,2000.0
2.8044E+03,0.000760,-0.014578,0.05751,2000.0
2.8045E+03,0.000846,-0.014573,0.05751,2000.0
2.8045E+03,0.001805,-0.014486,0.05751,2000.0
2.8045E+03,0.001856,-0.014479,0.05751,2000.0
2.8046E+03,0.002846,-0.014317,0.05751,2000.0
2.8046E+03,0.002963,-0.014293,0.05751,2000.0
2.8047E+03,0.003848,-0.014081,0.05751,2000.0
2.8047E+03,0.003955,-0.014051,0.05751,2000.0
2.8047E+03,0.004901,-0.013752,0.05751,2000.0
2.8047E+03,0.004942,-0.013737,0.05751,2000.0
2.8048E+03,0.005859,-0.013371,0.05751,2000.0
2.8048E+03,0.005971,-0.013321,0.05751,2000.0
2.8049E+03,0.006791,-0.012923,0.05751,2000.0
2.8049E+03,0.006888,-0.012870,0.05751,2000.0
2.8049E+03,0.007734,-0.012381,0.05751,2000.0
2.8049E+03,0.007767,-0.012360,0.05751,2000.0
2.8050E+03,0.008607,-0.011792,0.05751,2000.0
2.8050E+03,0.008650,-0.011759,0.05751,2000.0
2.8051E+03,0.009427,-0.011147,0.05751,2000.0
2.8051E+03,0.009475,-0.011104,0.05751,2000.0
2.8051E+03,0.010229,-0.010414,0.05751,2000.0
2.8052E+03,0.010284,-0.010359,0.05751,2000.0
2.8052E+03,0.010927,-0.009682,0.05751,2000.0
2.8052E+03,0.010989,-0.009607,0.05751,2000.0
2.8053E+03,0.011606,-0.008855,0.05751,2000.0
2.8053E+03,0.011697,-0.008728,0.05751,2000.0
2.8054E+03,0.012221,-0.007985,0.05751,2000.0
2.8054E+03,0.012242,-0.007950,0.05751,2000.0
2.8054E+03,0.012766,-0.007079,0.05751,2000.0
2.8054E+03,0.012797,-0.007019,0.05751,2000.0
2.8055E+03,0.013237,-0.006153,0.05751,2000.0
2.8055E+03,0.013266,-0.006085,0.05751,2000.0
2.8056E+03,0.013658,-0.005153,0.05751,2000.0
2.8056E+03,0.013988,-0.004171,0.05751,2000.0
2.8057E+03,0.014061,-0.003898,0.05751,2000.0
2.8057E+03,0.014253,-0.003152,0.05751,2000.0
2.8057E+03,0.014268,-0.003073,0.05751,2000.0
2.8058E+03,0.014444,-0.002105,0.05751,2000.0
2.8059E+03,0.014558,-0.001059,0.05751,2000.0
2.8059E+03,0.014561,-0.000983,0.05751,2000.0
2.8059E+03,0.014598,-0.000001,0.05751,2000.0
2.8060E+03,0.014561,0.000982,0.05751,2000.0
2.8060E+03,0.014558,0.001060,0.05751,2000.0
2.8061E+03,0.014443,0.002117,0.05751,2000.0
2.8061E+03,0.014271,0.003059,0.05751,2000.0
2.8061E+03,0.014253,0.003152,0.05751,2000.0
2.8062E+03,0.014064,0.003885,0.05751,2000.0
2.8062E+03,0.013986,0.004180,0.05751,2000.0
2.8063E+03,0.013663,0.005140,0.05751,2000.0
2.8063E+03,0.013271,0.006074,0.05751,2000.0
2.8063E+03,0.013232,0.006165,0.05751,2000.0
2.8064E+03,0.012810,0.006994,0.05751,2000.0
2.8064E+03,0.012765,0.007081,0.05751,2000.0
2.8065E+03,0.012263,0.007916,0.05751,2000.0
2.8065E+03,0.012217,0.007990,0.05751,2000.0
2.8065E+03,0.011697,0.008728,0.05751,2000.0
2.8066E+03,0.011606,0.008855,0.05751,2000.0
2.8066E+03,0.010989,0.009607,0.05751,2000.0
2.8066E+03,0.010927,0.009682,0.05751,2000.0
2.8067E+03,0.010284,0.010359,0.05751,2000.0
2.8067E+03,0.010219,0.010425,0.05751,2000.0
2.8068E+03,0.009512,0.011071,0.05751,2000.0
2.8068E+03,0.009430,0.011144,0.05751,2000.0
2.8068E+03,0.008649,0.011759,0.05751,2000.0
2.8068E+03,0.008613,0.011787,0.05751,2000.0
2.8069E+03,0.007794,0.012341,0.05751,2000.0
2.8069E+03,0.007718,0.012390,0.05751,2000.0
2.8070E+03,0.006888,0.012870,0.05751,2000.0
2.8070E+03,0.006791,0.012923,0.05751,2000.0
2.8070E+03,0.005971,0.013321,0.05751,2000.0
2.8070E+03,0.005859,0.013371,0.05751,2000.0
2.8071E+03,0.004942,0.013737,0.05751,2000.0
2.8071E+03,0.004901,0.013752,0.05751,2000.0
2.8072E+03,0.003937,0.014057,0.05751,2000.0
2.8072E+03,0.003864,0.014077,0.05751,2000.0
2.8073E+03,0.002963,0.014293,0.05751,2000.0
2.8073E+03,0.002846,0.014317,0.05751,2000.0
2.8073E+03,0.001856,0.014479,0.05751,2000.0
2.8073E+03,0.001805,0.014486,0.05751,2000.0
2.8074E+03,0.000846,0.014573,0.05751,2000.0
2.8074E+03,0.000760,0.014578,0.05751,2000.0
2.8075E+03,-0.000237,0.014596,0.05751,2000.0
2.8075E+03,-0.000330,0.014594,0.05751,2000.0
2.8075E+03,-0.001258,0.014543,0.05751,2000.0
2.8075E+03,-0.001367,0.014533,0.05751,2000.0
2.8076E+03,-0.002318,0.014413,0.05751,2000.0
2.8076E+03,-0.002434,0.014393,0.05751,2000.0
2.8077E+03,-0.003360,0.014206,0.05751,2000.0
2.8077E+03,-0.003452,0.014183,0.05751,2000.0
2.8077E+03,-0.004391,0.013923,0.05751,2000.0
2.8077E+03,-0.004399,0.013920,0.05751,2000.0
2.8078E+03,-0.005386,0.013567,0.05751,2000.0
2.8078E+03,-0.005470,0.013533,0.05751,2000.0
2.8079E+03,-0.006336,0.013151,0.05751,2000.0
2.8079E+03,-0.006425,0.013107,0.05751,2000.0
2.8080E+03,-0.007268,0.012660,0.05751,2000.0
2.8080E+03,-0.007353,0.012609,0.05751,2000.0
2.8080E+03,-0.008172,0.012096,0.05751,2000.0
2.8080E+03,-0.008231,0.012054,0.05751,2000.0
2.8081E+03,-0.009014,0.011482,0.05751,2000.0
2.8081E+03,-0.009092,0.011418,0.05751,2000.0
2.8082E+03,-0.009829,0.010794,0.05751,2000.0
2.8082E+03,-0.009905,0.010723,0.05751,2000.0
2.8082E+03,-0.010568,0.010071,0.05751,2000.0
2.8082E+03,-0.010656,0.009973,0.05751,2000.0
2.8082E+03,-0.010657,0.009974,0.05751,2000.0
2.8083E+03,-0.011271,0.009278,0.05751,2000.0
2.8083E+03,-0.011336,0.009194,0.05751,2000.0
2.8084E+03,-0.011925,0.008420,0.05751,2000.0
2.8084E+03,-0.011981,0.008336,0.05751,2000.0
2.8084E+03,-0.011982,0.008336,0.05751,2000.0
2.8085E+03,-0.012491,0.007554,0.05751,0.0
2.8093E+03,-0.012491,0.007554,0.07021,0.0
2.8094E+03,-0.013946,0.008435,0.07021,0.0
2.8102E+03,-0.013946,0.008435,0.05751,2000.0
2.8102E+03,-0.014027,0.008292,0.05751,2000.0
2.8103E+03,-0.014535,0.007374,0.05751,2000.0
2.8103E+03,-0.014590,0.007260,0.05751,2000.0
2.8104E+03,-0.015023,0.006322,0.05751,2000.0
2.8104E+03,-0.015087,0.006155,0.05751,2000.0
2.8105E+03,-0.015443,0.005211,0.05751,2000.0
2.8105E+03,-0.015482,0.005082,0.05751,2000.0
2.8105E+03,-0.015774,0.004102,0.05751,2000.0
2.8106E+03,-0.015807,0.003954,0.05751,2000.0
2.8106E+03,-0.016033,0.002932,0.05751,2000.0
2.8107E+03,-0.016204,0.001755,0.05751,2000.0
2.8108E+03,-0.016288,0.000602,0.05751,2000.0
2.8109E+03,-0.016288,-0.000602,0.05751,2000.0
2.8109E+03,-0.016204,-0.001755,0.05751,2000.0
2.8110E+03,-0.016052,-0.002800,0.05751,2000.0
2.8110E+03,-0.016041,-0.002870,0.05751,2000.0
2.8110E+03,-0.016032,-0.002937,0.05751,2000.0
2.8111E+03,-0.015807,-0.003954,0.05751,2000.0
2.8111E+03,-0.015774,-0.004104,0.05751,2000.0
2.8112E+03,-0.015481,-0.005083,0.05751,2000.0
2.8112E+03,-0.015433,-0.005241,0.05751,2000.0
2.8112E+03,-0.015124,-0.006060,0.05751,2000.0
2.8113E+03,-0.015017,-0.006336,0.05751,2000.0
2.8113E+03,-0.014599,-0.007240,0.05751,2000.0
2.8113E+03,-0.014595,-0.007247,0.05751,2000.0
2.8113E+03,-0.014588,-0.007263,0.05751,2000.0
2.8113E+03,-0.014535,-0.007374,0.05751,2000.0
2.8114E+03,-0.014027,-0.008292,0.05751,2000.0
2.8114E+03,-0.013946,-0.008435,0.05751,2000.0
2.8115E+03,-0.013394,-0.009282,0.05751,2000.0
2.8115E+03,-0.013309,-0.009409,0.05751,2000.0
2.8116E+03,-0.012678,-0.010238,0.05751,2000.0
2.8116E+03,-0.012587,-0.010355,0.05751,2000.0
2.8116E+03,-0.011917,-0.011114,0.05751,2000.0
2.8116E+03,-0.011803,-0.011239,0.05751,2000.0
2.8117E+03,-0.011043,-0.011986,0.05751,2000.0
2.8117E+03,-0.010961,-0.012063,0.05751,2000.0
2.8118E+03,-0.010170,-0.012734,0.05751,2000.0
2.8118E+03,-0.010060,-0.012824,0.05751,2000.0
2.8119E+03,-0.009221,-0.013437,0.05751,2000.0
2.8119E+03,-0.009121,-0.013507,0.05751,2000.0
2.8120E+03,-0.008226,-0.014068,0.05751,2000.0
2.8120E+03,-0.008109,-0.014138,0.05751,2000.0
2.8120E+03,-0.007185,-0.014628,0.05751,2000.0
2.8120E+03,-0.007063,-0.014689,0.05751,2000.0
2.8121E+03,-0.006134,-0.015098,0.05751,2000.0
2.8121E+03,-0.005984,-0.015159,0.05751,2000.0
2.8122E+03,-0.004972,-0.015521,0.05751,2000.0
2.8122E+03,-0.004878,-0.015552,0.05751,2000.0
2.8123E+03,-0.003868,-0.015832,0.05751,2000.0
2.8123E+03,-0.003746,-0.015862,0.05751,2000.0
2.8123E+03,-0.002720,-0.016069,0.05751,2000.0
2.8124E+03,-0.002562,-0.016096,0.05751,2000.0
2.8124E+03,-0.001568,-0.016222,0.05751,2000.0
2.8124E+03,-0.001391,-0.016238,0.05751,2000.0
2.8125E+03,-0.000373,-0.016294,0.05751,2000.0
2.8125E+03,-0.000230,-0.016296,0.05751,2000.0
2.8126E+03,0.000823,-0.016277,0.05751,2000.0
2.8126E+03,0.000955,-0.016270,0.05751,2000.0
2.8127E+03,0.002003,-0.016175,0.05751,2000.0
2.8127E+03,0.002107,-0.016161,0.05751,2000.0
2.8127E+03,0.003147,-0.015991,0.05751,2000.0
2.8128E+03,0.003334,-0.015952,0.05751,2000.0
2.8128E+03,0.004291,-0.015723,0.05751,2000.0
2.8128E+03,0.004437,-0.015682,0.05751,2000.0
2.8129E+03,0.005442,-0.015364,0.05751,2000.0
2.8129E+03,0.005543,-0.015327,0.05751,2000.0
2.8130E+03,0.006527,-0.014935,0.05751,2000.0
2.8130E+03,0.006682,-0.014865,0.05751,2000.0
2.8131E+03,0.007568,-0.014435,0.05751,2000.0
2.8131E+03,0.007739,-0.014342,0.05751,2000.0
2.8131E+03,0.008611,-0.013838,0.05751,2000.0
2.8131E+03,0.008720,-0.013768,0.05751,2000.0
2.8132E+03,0.009586,-0.013182,0.05751,2000.0
2.8132E+03,0.009702,-0.013094,0.05751,2000.0
2.8133E+03,0.010523,-0.012447,0.05751,2000.0
2.8133E+03,0.010622,-0.012359,0.05751,2000.0
2.8134E+03,0.011404,-0.011644,0.05751,2000.0
2.8134E+03,0.011493,-0.011554,0.05751,2000.0
2.8134E+03,0.012201,-0.010808,0.05751,2000.0
2.8135E+03,0.012293,-0.010698,0.05751,2000.0
2.8135E+03,0.012950,-0.009896,0.05751,2000.0
2.8135E+03,0.013086,-0.009708,0.05751,2000.0
2.8136E+03,0.013636,-0.008928,0.05751,2000.0
2.8136E+03,0.013699,-0.008826,0.05751,2000.0
2.8137E+03,0.014250,-0.007910,0.05751,2000.0
2.8137E+03,0.014313,-0.007789,0.05751,2000.0
2.8138E+03,0.014780,-0.006870,0.05751,2000.0
2.8138E+03,0.014831,-0.006750,0.05751,2000.0
2.8138E+03,0.015252,-0.005748,0.05751,2000.0
2.8139E+03,0.015616,-0.004664,0.05751,2000.0
2.8139E+03,0.015707,-0.004322,0.05751,2000.0
2.8140E+03,0.015914,-0.003519,0.05751,2000.0
2.8140E+03,0.015941,-0.003377,0.05751,2000.0
2.8141E+03,0.016127,-0.002355,0.05751,2000.0
2.8141E+03,0.016133,-0.002300,0.05751,2000.0
2.8142E+03,0.016255,-0.001181,0.05751,2000.0
2.8142E+03,0.016260,-0.001045,0.05751,2000.0
2.8142E+03,0.016299,0.000000,0.05751,2000.0
2.8143E+03,0.016260,0.001045,0.05751,2000.0
2.8143E+03,0.016255,0.001181,0.05751,2000.0
2.8144E+03,0.016127,0.002356,0.05751,2000.0
2.8145E+03,0.015941,0.003377,0.05751,2000.0
2.8145E+03,0.015914,0.003519,0.05751,2000.0
2.8145E+03,0.015707,0.004322,0.05751,2000.0
2.8145E+03,0.015616,0.004664,0.05751,2000.0
2.8146E+03,0.015264,0.005711,0.05751,2000.0
2.8146E+03,0.015250,0.005751,0.05751,2000.0
2.8147E+03,0.014834,0.006744,0.05751,2000.0
2.8147E+03,0.014780,0.006870,0.05751,2000.0
2.8148E+03,0.014319,0.007777,0.05751,2000.0
2.8148E+03,0.014249,0.007912,0.05751,2000.0
2.8149E+03,0.013710,0.008808,0.05751,2000.0
2.8149E+03,0.013636,0.008928,0.05751,2000.0
2.8149E+03,0.013086,0.009708,0.05751,2000.0
2.8149E+03,0.012950,0.009896,0.05751,2000.0
2.8150E+03,0.012293,0.010698,0.05751,2000.0
2.8150E+03,0.012201,0.010808,0.05751,2000.0
2.8151E+03,0.011493,0.011554,0.05751,2000.0
2.8151E+03,0.011404,0.011644,0.05751,2000.0
2.8152E+03,0.010642,0.012341,0.05751,2000.0
2.8152E+03,0.010515,0.012454,0.05751,2000.0
2.8152E+03,0.009701,0.013095,0.05751,2000.0
2.8153E+03,0.009594,0.013176,0.05751,2000.0
2.8153E+03,0.008719,0.013768,0.05751,2000.0
2.8153E+03,0.008611,0.013838,0.05751,2000.0
2.8154E+03,0.007739,0.014342,0.05751,2000.0
2.8154E+03,0.007568,0.014435,0.05751,2000.0
2.8155E+03,0.006682,0.014865,0.05751,2000.0
2.8155E+03,0.006527,0.014935,0.05751,2000.0
2.8156E+03,0.005543,0.015327,0.05751,2000.0
2.8156E+03,0.005442,0.015364,0.05751,2000.0
2.8156E+03,0.004440,0.015681,0.05751,2000.0
2.8157E+03,0.004291,0.015723,0.05751,2000.0
2.8157E+03,0.003334,0.015952,0.05751,2000.0
2.8157E+03,0.003147,0.015991,0.05751,2000.0
2.8158E+03,0.002107,0.016161,0.05751,2000.0
2.8158E+03,0.002003,0.016175,0.05751,2000.0
2.8159E+03,0.000955,0.016270,0.05751,2000.0
2.8159E+03,0.000823,0.016277,0.05751,2000.0
2.8160E+03,-0.000230,0.016296,0.05751,2000.0
2.8160E+03,-0.000373,0.016294,0.05751,2000.0
2.8160E+03,-0.001391,0.016238,0.05751,2000.0
2.8160E+03,-0.001568,0.016222,0.05751,2000.0
2.8161E+03,-0.002562,0.016096,0.05751,2000.0
2.8161E+03,-0.002720,0.016069,0.05751,2000.0
2.8162E+03,-0.003746,0.015862,0.05751,2000.0
2.8162E+03,-0.003868,0.015832,0.05751,2000.0
2.8163E+03,-0.004878,0.015552,0.05751,2000.0
2.8163E+03,-0.004972,0.015521,0.05751,2000.0
2.8163E+03,-0.005984,0.015159,0.05751,2000.0
2.8164E+03,-0.006134,0.015098,0.05751,2000.0
2.8164E+03,-0.007063,0.014689,0.05751,2000.0
2.8164E+03,-0.007185,0.014628,0.05751,2000.0
2.8165E+03,-0.008109,0.014138,0.05751,2000.0
2.8165E+03,-0.008226,0.014068,0.05751,2000.0
2.8166E+03,-0.009121,0.013507,0.05751,2000.0
2.8166E+03,-0.009221,0.013437,0.05751,2000.0
2.8167E+03,-0.010060,0.012824,0.05751,2000.0
2.8167E+03,-0.010175,0.012729,0.05751,2000.0
2.8167E+03,-0.010961,0.012063,0.05751,2000.0
2.8168E+03,-0.011065,0.011966,0.05751,2000.0
2.8168E+03,-0.011803,0.011240,0.05751,2000.0
2.8168E+03,-0.011917,0.011114,0.05751,2000.0
2.8169E+03,-0.012587,0.010355,0.05751,2000.0
2.8169E+03,-0.012678,0.010238,0.05751,2000.0
2.8170E+03,-0.013309,0.009409,0.05751,2000.0
2.8170E+03,-0.013394,0.009282,0.05751,2000.0
2.8171E+03,-0.013946,0.008435,0.05751,0.0
2.8179E+03,-0.013946,0.008435,0.07021,0.0
2.8180E+03,-0.015405,0.009309,0.07021,0.0
2.8188E+03,-0.015405,0.009309,0.05751,2000.0
2.8189E+03,-0.015506,0.009131,0.05751,2000.0
2.8189E+03,-0.016043,0.008160,0.05751,2000.0
2.8189E+03,-0.016131,0.007977,0.05751,2000.0
2.8190E+03,-0.016582,0.007002,0.05751,2000.0
2.8190E+03,-0.016663,0.006793,0.05751,2000.0
2.8190E+03,-0.016664,0.006793,0.05751,2000.0
2.8191E+03,-0.017050,0.005769,0.05751,2000.0
2.8191E+03,-0.017109,0.005574,0.05751,2000.0
2.8192E+03,-0.017422,0.004525,0.05751,2000.0
2.8192E+03,-0.017467,0.004322,0.05751,2000.0
2.8193E+03,-0.017704,0.003250,0.05751,2000.0
2.8194E+03,-0.017894,0.001943,0.05751,2000.0
2.8194E+03,-0.017988,0.000658,0.05751,2000.0
2.8195E+03,-0.017988,-0.000658,0.05751,2000.0
2.8196E+03,-0.017894,-0.001943,0.05751,2000.0
2.8197E+03,-0.017733,-0.003049,0.05751,2000.0
2.8197E+03,-0.017734,-0.003049,0.05751,2000.0
2.8197E+03,-0.017706,-0.003238,0.05751,2000.0
2.8198E+03,-0.017467,-0.004322,0.05751,2000.0
2.8198E+03,-0.017422,-0.004525,0.05751,2000.0
2.8199E+03,-0.017109,-0.005574,0.05751,2000.0
2.8199E+03,-0.017049,-0.005773,0.05751,2000.0
2.8200E+03,-0.016664,-0.006793,0.05751,2000.0
2.8200E+03,-0.016663,-0.006793,0.05751,2000.0
2.8200E+03,-0.016580,-0.007006,0.05751,2000.0
2.8200E+03,-0.016131,-0.007977,0.05751,2000.0
2.8201E+03,-0.016043,-0.008160,0.05751,2000.0
2.8201E+03,-0.015506,-0.009131,0.05751,2000.0
2.8201E+03,-0.015405,-0.009309,0.05751,2000.0
2.8202E+03,-0.014807,-0.010227,0.05751,2000.0
2.8202E+03,-0.014688,-0.010405,0.05751,2000.0
2.8203E+03,-0.014031,-0.011268,0.05751,2000.0
2.8203E+03,-0.013895,-0.011441,0.05751,2000.0
2.8204E+03,-0.013175,-0.012258,0.05751,2000.0
2.8204E+03,-0.013034,-0.012413,0.05751,2000.0
2.8205E+03,-0.012234,-0.013199,0.05751,2000.0
2.8205E+03,-0.012095,-0.013330,0.05751,2000.0
2.8206E+03,-0.011270,-0.014030,0.05751,2000.0
2.8206E+03,-0.011104,-0.014166,0.05751,2000.0
2.8207E+03,-0.010197,-0.014829,0.05751,2000.0
2.8207E+03,-0.010053,-0.014930,0.05751,2000.0
2.8207E+03,-0.009129,-0.015509,0.05751,2000.0
2.8208E+03,-0.008930,-0.015627,0.05751,2000.0
2.8208E+03,-0.007982,-0.016130,0.05751,2000.0
2.8208E+03,-0.007783,-0.016230,0.05751,2000.0
2.8209E+03,-0.006792,-0.016666,0.05751,2000.0
2.8209E+03,-0.006589,-0.016749,0.05751,2000.0
2.8210E+03,-0.005538,-0.017125,0.05751,2000.0
2.8210E+03,-0.005361,-0.017182,0.05751,2000.0
2.8211E+03,-0.004289,-0.017480,0.05751,2000.0
2.8211E+03,-0.004131,-0.017518,0.05751,2000.0
2.8212E+03,-0.003001,-0.017746,0.05751,2000.0
2.8212E+03,-0.002828,-0.017775,0.05751,2000.0
2.8213E+03,-0.001736,-0.017914,0.05751,2000.0
2.8213E+03,-0.001510,-0.017935,0.05751,2000.0
2.8213E+03,-0.000441,-0.017993,0.05751,2000.0
2.8214E+03,-0.000231,-0.017997,0.05751,2000.0
2.8214E+03,0.000874,-0.017977,0.05751,2000.0
2.8214E+03,0.001084,-0.017965,0.05751,2000.0
2.8215E+03,0.002188,-0.017865,0.05751,2000.0
2.8215E+03,0.002367,-0.017842,0.05751,2000.0
2.8216E+03,0.003457,-0.017663,0.05751,2000.0
2.8216E+03,0.003679,-0.017617,0.05751,2000.0
2.8217E+03,0.004721,-0.017368,0.05751,2000.0
2.8217E+03,0.004950,-0.017303,0.05751,2000.0
2.8218E+03,0.005983,-0.016976,0.05751,2000.0
2.8218E+03,0.006144,-0.016917,0.05751,2000.0
2.8219E+03,0.007194,-0.016499,0.05751,2000.0
2.8219E+03,0.007397,-0.016407,0.05751,2000.0
2.8220E+03,0.008353,-0.015943,0.05751,2000.0
2.8220E+03,0.008565,-0.015828,0.05751,2000.0
2.8220E+03,0.009498,-0.015289,0.05751,2000.0
2.8221E+03,0.009673,-0.015176,0.05751,2000.0
2.8221E+03,0.010580,-0.014562,0.05751,2000.0
2.8221E+03,0.010728,-0.014450,0.05751,2000.0
2.8222E+03,0.011612,-0.013753,0.05751,2000.0
2.8222E+03,0.011769,-0.013614,0.05751,2000.0
2.8223E+03,0.012581,-0.012872,0.05751,2000.0
2.8223E+03,0.012705,-0.012746,0.05751,2000.0
2.8224E+03,0.013477,-0.011932,0.05751,2000.0
2.8224E+03,0.013594,-0.011793,0.05751,2000.0
2.8225E+03,0.014303,-0.010927,0.05751,2000.0
2.8225E+03,0.014428,-0.010754,0.05751,2000.0
2.8225E+03,0.014429,-0.010754,0.05751,2000.0
2.8226E+03,0.015054,-0.009867,0.05751,2000.0
2.8226E+03,0.015156,-0.009702,0.05751,2000.0
2.8226E+03,0.015730,-0.008748,0.05751,2000.0
2.8227E+03,0.015828,-0.008560,0.05751,2000.0
2.8227E+03,0.016323,-0.007587,0.05751,2000.0
2.8227E+03,0.016399,-0.007408,0.05751,2000.0
2.8228E+03,0.016835,-0.006369,0.05751,2000.0
2.8228E+03,0.016894,-0.006200,0.05751,2000.0
2.8228E+03,0.016893,-0.006200,0.05751,2000.0
2.8229E+03,0.017248,-0.005145,0.05751,2000.0
2.8229E+03,0.017300,-0.004948,0.05751,2000.0
2.8229E+03,0.017301,-0.004948,0.05751,2000.0
2.8230E+03,0.017576,-0.003883,0.05751,2000.0
2.8230E+03,0.017612,-0.003692,0.05751,2000.0
2.8230E+03,0.017611,-0.003692,0.05751,2000.0
2.8231E+03,0.017811,-0.002594,0.05751,2000.0
2.8231E+03,0.017833,-0.002404,0.05751,2000.0
2.8231E+03,0.017832,-0.002404,0.05751,2000.0
2.8232E+03,0.017952,-0.001302,0.05751,2000.0
2.8232E+03,0.017959,-0.001107,0.05751,2000.0
2.8233E+03,0.018000,0.000000,0.05751,2000.0
2.8233E+03,0.017959,0.001107,0.05751,2000.0
2.8233E+03,0.017952,0.001302,0.05751,2000.0
2.8234E+03,0.017832,0.002404,0.05751,2000.0
2.8234E+03,0.017833,0.002404,0.05751,2000.0
2.8234E+03,0.017812,0.002591,0.05751,2000.0
2.8235E+03,0.017611,0.003692,0.05751,2000.0
2.8235E+03,0.017612,0.003692,0.05751,2000.0
2.8235E+03,0.017576,0.003883,0.05751,2000.0
2.8236E+03,0.017301,0.004948,0.05751,2000.0
2.8236E+03,0.017300,0.004948,0.05751,2000.0
2.8236E+03,0.017248,0.005145,0.05751,2000.0
2.8237E+03,0.016893,0.006200,0.05751,2000.0
2.8237E+03,0.016894,0.006200,0.05751,2000.0
2.8237E+03,0.016835,0.006369,0.05751,2000.0
2.8238E+03,0.016399,0.007408,0.05751,2000.0
2.8238E+03,0.016323,0.007587,0.05751,2000.0
2.8239E+03,0.015828,0.008560,0.05751,2000.0
2.8239E+03,0.015733,0.008743,0.05751,2000.0
2.8239E+03,0.015156,0.009702,0.05751,2000.0
2.8240E+03,0.015054,0.009867,0.05751,2000.0
2.8240E+03,0.014429,0.010754,0.05751,2000.0
2.8240E+03,0.014428,0.010754,0.05751,2000.0
2.8240E+03,0.014303,0.010927,0.05751,2000.0
2.8241E+03,0.013594,0.011793,0.05751,2000.0
2.8241E+03,0.013477,0.011932,0.05751,2000.0
2.8242E+03,0.012705,0.012746,0.05751,2000.0
2.8242E+03,0.012581,0.012872,0.05751,2000.0
2.8243E+03,0.011769,0.013614,0.05751,2000.0
2.8243E+03,0.011612,0.013753,0.05751,2000.0
2.8244E+03,0.010730,0.014448,0.05751,2000.0
2.8244E+03,0.010580,0.014562,0.05751,2000.0
2.8245E+03,0.009673,0.015176,0.05751,2000.0
2.8245E+03,0.009498,0.015289,0.05751,2000.0
2.8245E+03,0.008565,0.015828,0.05751,2000.0
2.8246E+03,0.008353,0.015943,0.05751,2000.0
2.8246E+03,0.007397,0.016407,0.05751,2000.0
2.8246E+03,0.007194,0.016499,0.05751,2000.0
2.8247E+03,0.006144,0.016917,0.05751,2000.0
2.8247E+03,0.005983,0.016976,0.05751,2000.0
2.8248E+03,0.004950,0.017303,0.05751,2000.0
2.8248E+03,0.004721,0.017368,0.05751,2000.0
2.8249E+03,0.003679,0.017617,0.05751,2000.0
2.8249E+03,0.003457,0.017663,0.05751,2000.0
2.8250E+03,0.002367,0.017842,0.05751,2000.0
2.8250E+03,0.002188,0.017865,0.05751,2000.0
2.8251E+03,0.001084,0.017965,0.05751,2000.0
2.8251E+03,0.000874,0.017977,0.05751,2000.0
2.8252E+03,-0.000231,0.017997,0.05751,2000.0
2.8252E+03,-0.000441,0.017993,0.05751,2000.0
2.8252E+03,-0.001510,0.017935,0.05751,2000.0
2.8253E+03,-0.001736,0.017914,0.05751,2000.0
2.8253E+03,-0.002828,0.017775,0.05751,2000.0
2.8253E+03,-0.003001,0.017746,0.05751,2000.0
2.8254E+03,-0.004131,0.017518,0.05751,2000.0
2.8254E+03,-0.004289,0.017480,0.05751,2000.0
2.8255E+03,-0.005361,0.017182,0.05751,2000.0
2.8255E+03,-0.005538,0.017125,0.05751,2000.0
2.8256E+03,-0.006589,0.016749,0.05751,2000.0
2.8256E+03,-0.006792,0.016666,0.05751,2000.0
2.8257E+03,-0.007783,0.016230,0.05751,2000.0
2.8257E+03,-0.007982,0.016130,0.05751,2000.0
2.8258E+03,-0.008930,0.015627,0.05751,2000.0
2.8258E+03,-0.009129,0.015509,0.05751,2000.0
2.8259E+03,-0.010053,0.014930,0.05751,2000.0
2.8259E+03,-0.010197,0.014829,0.05751,2000.0
2.8259E+03,-0.011104,0.014166,0.05751,2000.0
2.8260E+03,-0.011270,0.014030,0.05751,2000.0
2.8260E+03,-0.012095,0.013330,0.05751,2000.0
2.8260E+03,-0.012239,0.013195,0.05751,2000.0
2.8261E+03,-0.013034,0.012413,0.05751,2000.0
2.8261E+03,-0.013175,0.012258,0.05751,2000.0
2.8262E+03,-0.013895,0.011441,0.05751,2000.0
2.8262E+03,-0.014031,0.011268,0.05751,2000.0
2.8263E+03,-0.014688,0.010405,0.05751,2000.0
2.8263E+03,-0.014807,0.010227,0.05751,2000.0
2.8264E+03,-0.015405,0.009309,0.05751,0.0
2.8270E+03,-0.015405,0.000000,0.05751,0.0
