2.2434E+03,-0.008212,0.005151,0.06169,0.0
2.2434E+03,-0.008163,0.005111,0.06169,0.0
2.2443E+03,-0.008163,0.005111,0.04899,2000.0
2.2443E+03,-0.007989,0.005359,0.04899,2000.0
2.2443E+03,-0.007526,0.006011,0.04899,2000.0
2.2444E+03,-0.006989,0.006612,0.04899,2000.0
2.2444E+03,-0.006786,0.006834,0.04899,2000.0
2.2445E+03,-0.006186,0.007372,0.04899,2000.0
2.2445E+03,-0.005954,0.007569,0.04899,2000.0
2.2445E+03,-0.005300,0.008033,0.04899,2000.0
2.2446E+03,-0.005047,0.008201,0.04899,2000.0
2.2446E+03,-0.004341,0.008592,0.04899,2000.0
2.2446E+03,-0.004069,0.008726,0.04899,2000.0
2.2447E+03,-0.003327,0.009034,0.04899,2000.0
2.2447E+03,-0.003041,0.009135,0.04899,2000.0
2.2448E+03,-0.002269,0.009357,0.04899,2000.0
2.2448E+03,-0.001973,0.009422,0.04899,2000.0
2.2448E+03,-0.001175,0.009558,0.04899,2000.0
2.2449E+03,-0.000873,0.009585,0.04899,2000.0
2.2449E+03,-0.000071,0.009631,0.04899,2000.0
2.2449E+03,0.000232,0.009620,0.04899,2000.0
2.2450E+03,0.001030,0.009576,0.04899,2000.0
2.2450E+03,0.001331,0.009530,0.04899,2000.0
2.2451E+03,0.002126,0.009394,0.04899,2000.0
2.2451E+03,0.002417,0.009311,0.04899,2000.0
2.2451E+03,0.003186,0.009090,0.04899,2000.0
2.2452E+03,0.003926,0.008783,0.04899,2000.0
2.2452E+03,0.004204,0.008665,0.04899,2000.0
2.2453E+03,0.004906,0.008277,0.04899,2000.0
2.2453E+03,0.005170,0.008126,0.04899,2000.0
2.2453E+03,0.005828,0.007659,0.04899,2000.0
2.2454E+03,0.006071,0.007476,0.04899,2000.0
2.2454E+03,0.006669,0.006941,0.04899,2000.0
2.2454E+03,0.006888,0.006729,0.04899,2000.0
2.2455E+03,0.007424,0.006128,0.04899,2000.0
2.2455E+03,0.007614,0.005893,0.04899,2000.0
2.2456E+03,0.008081,0.005235,0.04899,2000.0
2.2456E+03,0.008240,0.004977,0.04899,2000.0
2.2456E+03,0.008629,0.004274,0.04899,2000.0
2.2456E+03,0.008756,0.003997,0.04899,2000.0
2.2457E+03,0.009064,0.003253,0.04899,2000.0
2.2457E+03,0.009155,0.002965,0.04899,2000.0
2.2458E+03,0.009377,0.002194,0.04899,2000.0
2.2458E+03,0.009434,0.001896,0.04899,2000.0
2.2458E+03,0.009569,0.001099,0.04899,2000.0
2.2459E+03,0.009587,0.000795,0.04899,2000.0
2.2459E+03,0.009632,0.000000,0.04899,2000.0
2.2460E+03,0.009587,-0.000795,0.04899,2000.0
2.2460E+03,0.009569,-0.001099,0.04899,2000.0
2.2460E+03,0.009434,-0.001896,0.04899,2000.0
2.2461E+03,0.009377,-0.002194,0.04899,2000.0
2.2461E+03,0.009155,-0.002965,0.04899,2000.0
2.2461E+03,0.009064,-0.003253,0.04899,2000.0
2.2462E+03,0.008756,-0.003997,0.04899,2000.0
2.2462E+03,0.008629,-0.004274,0.04899,2000.0
2.2463E+03,0.008240,-0.004977,0.04899,2000.0
2.2463E+03,0.008081,-0.005235,0.04899,2000.0
2.2463E+03,0.007614,-0.005893,0.04899,2000.0
2.2464E+03,0.007424,-0.006128,0.04899,2000.0
2.2464E+03,0.006888,-0.006729,0.04899,2000.0
2.2464E+03,0.006669,-0.006941,0.04899,2000.0
2.2465E+03,0.006071,-0.007476,0.04899,2000.0
2.2465E+03,0.005828,-0.007659,0.04899,2000.0
2.2466E+03,0.005170,-0.008126,0.04899,2000.0
2.2466E+03,0.004906,-0.008277,0.04899,2000.0
2.2466E+03,0.004204,-0.008665,0.04899,2000.0
2.2467E+03,0.003926,-0.008783,0.04899,2000.0
2.2467E+03,0.003186,-0.009090,0.04899,2000.0
2.2468E+03,0.002417,-0.009311,0.04899,2000.0
2.2468E+03,0.002126,-0.009394,0.04899,2000.0
2.2468E+03,0.001331,-0.009530,0.04899,2000.0
2.2469E+03,0.001030,-0.009576,0.04899,2000.0
2.2469E+03,0.000232,-0.009620,0.04899,2000.0
2.2469E+03,-0.000071,-0.009631,0.04899,2000.0
2.2470E+03,-0.000873,-0.009585,0.04899,2000.0
2.2470E+03,-0.001175,-0.009558,0.04899,2000.0
2.2471E+03,-0.001973,-0.009422,0.04899,2000.0
2.2471E+03,-0.002269,-0.009357,0.04899,2000.0
2.2471E+03,-0.003041,-0.009135,0.04899,2000.0
2.2472E+03,-0.003327,-0.009034,0.04899,2000.0
2.2472E+03,-0.004069,-0.008726,0.04899,2000.0
2.2472E+03,-0.004341,-0.008592,0.04899,2000.0
2.2473E+03,-0.005047,-0.008201,0.04899,2000.0
2.2473E+03,-0.005300,-0.008033,0.04899,2000.0
2.2474E+03,-0.005954,-0.007569,0.04899,2000.0
2.2474E+03,-0.006186,-0.007372,0.04899,2000.0
2.2474E+03,-0.006786,-0.006834,0.04899,2000.0
2.2475E+03,-0.006989,-0.006612,0.04899,2000.0
2.2475E+03,-0.007526,-0.006011,0.04899,2000.0
2.2476E+03,-0.007989,-0.005359,0.04899,2000.0
2.2476E+03,-0.008163,-0.005111,0.04899,2000.0
2.2476E+03,-0.008551,-0.004410,0.04899,2000.0
2.2477E+03,-0.008694,-0.004142,0.04899,2000.0
2.2477E+03,-0.009002,-0.003399,0.04899,2000.0
2.2477E+03,-0.009112,-0.003116,0.04899,2000.0
2.2478E+03,-0.009335,-0.002343,0.04899,2000.0
2.2478E+03,-0.009409,-0.002049,0.04899,2000.0
2.2479E+03,-0.009544,-0.001256,0.04899,2000.0
2.2479E+03,-0.009581,-0.000954,0.04899,2000.0
2.2479E+03,-0.009626,-0.000151,0.04899,2000.0
2.2479E+03,-0.009626,0.000151,0.04899,2000.0
2.2480E+03,-0.009581,0.000954,0.04899,2000.0
2.2480E+03,-0.009544,0.001256,0.04899,2000.0
2.2481E+03,-0.009409,0.002049,0.04899,2000.0
2.2481E+03,-0.009335,0.002343,0.04899,2000.0
2.2482E+03,-0.009112,0.003116,0.04899,2000.0
2.2482E+03,-0.009002,0.003399,0.04899,2000.0
2.2482E+03,-0.008694,0.004142,0.04899,2000.0
2.2482E+03,-0.008551,0.004410,0.04899,2000.0
2.2483E+03,-0.008163,0.005111,0.04899,0.0
2.2491E+03,-0.008163,0.005111,0.06169,0.0
2.2493E+03,-0.009607,0.006013,0.06169,0.0
2.2501E+03,-0.009607,0.006013,0.04899,2000.0
2.2501E+03,-0.009378,0.006339,0.04899,2000.0
2.2502E+03,-0.008857,0.007073,0.04899,2000.0
2.2502E+03,-0.008250,0.007752,0.04899,2000.0
2.2503E+03,-0.007984,0.008043,0.04899,2000.0
2.2503E+03,-0.007304,0.008653,0.04899,2000.0
2.2503E+03,-0.006998,0.008913,0.04899,2000.0
2.2504E+03,-0.006262,0.009435,0.04899,2000.0
2.2504E+03,-0.005930,0.009655,0.04899,2000.0
2.2505E+03,-0.005129,0.010099,0.04899,2000.0
2.2505E+03,-0.004771,0.010275,0.04899,2000.0
2.2506E+03,-0.003936,0.010622,0.04899,2000.0
2.2506E+03,-0.003559,0.010755,0.04899,2000.0
2.2507E+03,-0.002687,0.011006,0.04899,2000.0
2.2507E+03,-0.002298,0.011091,0.04899,2000.0
2.2507E+03,-0.001394,0.011245,0.04899,2000.0
2.2508E+03,-0.000997,0.011281,0.04899,2000.0
2.2508E+03,-0.000089,0.011333,0.04899,2000.0
2.2509E+03,0.000310,0.011318,0.04899,2000.0
2.2509E+03,0.001206,0.011269,0.04899,2000.0
2.2509E+03,0.001603,0.011208,0.04899,2000.0
2.2510E+03,0.002504,0.011054,0.04899,2000.0
2.2510E+03,0.002885,0.010945,0.04899,2000.0
2.2511E+03,0.003748,0.010697,0.04899,2000.0
2.2512E+03,0.004584,0.010351,0.04899,2000.0
2.2512E+03,0.004949,0.010195,0.04899,2000.0
2.2512E+03,0.005739,0.009759,0.04899,2000.0
2.2513E+03,0.006086,0.009560,0.04899,2000.0
2.2513E+03,0.006831,0.009031,0.04899,2000.0
2.2514E+03,0.007151,0.008791,0.04899,2000.0
2.2514E+03,0.007827,0.008186,0.04899,2000.0
2.2514E+03,0.008115,0.007907,0.04899,2000.0
2.2515E+03,0.008720,0.007229,0.04899,2000.0
2.2515E+03,0.008969,0.006920,0.04899,2000.0
2.2516E+03,0.009499,0.006174,0.04899,2000.0
2.2516E+03,0.009708,0.005835,0.04899,2000.0
2.2517E+03,0.010148,0.005041,0.04899,2000.0
2.2517E+03,0.010315,0.004677,0.04899,2000.0
2.2518E+03,0.010663,0.003835,0.04899,2000.0
2.2518E+03,0.010783,0.003456,0.04899,2000.0
2.2519E+03,0.011032,0.002590,0.04899,2000.0
2.2519E+03,0.011107,0.002198,0.04899,2000.0
2.2519E+03,0.011261,0.001292,0.04899,2000.0
2.2520E+03,0.011284,0.000893,0.04899,2000.0
2.2520E+03,0.011335,0.000000,0.04899,2000.0
2.2521E+03,0.011284,-0.000893,0.04899,2000.0
2.2521E+03,0.011261,-0.001292,0.04899,2000.0
2.2522E+03,0.011107,-0.002198,0.04899,2000.0
2.2522E+03,0.011032,-0.002590,0.04899,2000.0
2.2523E+03,0.010783,-0.003456,0.04899,2000.0
2.2523E+03,0.010663,-0.003835,0.04899,2000.0
2.2523E+03,0.010315,-0.004677,0.04899,2000.0
2.2524E+03,0.010148,-0.005041,0.04899,2000.0
2.2524E+03,0.009708,-0.005835,0.04899,2000.0
2.2525E+03,0.009499,-0.006174,0.04899,2000.0
2.2525E+03,0.008969,-0.006920,0.04899,2000.0
2.2526E+03,0.008720,-0.007229,0.04899,2000.0
2.2526E+03,0.008115,-0.007907,0.04899,2000.0
2.2526E+03,0.007827,-0.008186,0.04899,2000.0
2.2527E+03,0.007151,-0.008791,0.04899,2000.0
2.2527E+03,0.006831,-0.009031,0.04899,2000.0
2.2528E+03,0.006086,-0.009560,0.04899,2000.0
2.2528E+03,0.005739,-0.009759,0.04899,2000.0
2.2529E+03,0.004949,-0.010195,0.04899,2000.0
2.2529E+03,0.004584,-0.010351,0.04899,2000.0
2.2530E+03,0.003748,-0.010697,0.04899,2000.0
2.2530E+03,0.002885,-0.010945,0.04899,2000.0
2.2530E+03,0.002504,-0.011054,0.04899,2000.0
2.2531E+03,0.001603,-0.011208,0.04899,2000.0
2.2531E+03,0.001206,-0.011269,0.04899,2000.0
2.2532E+03,0.000310,-0.011318,0.04899,2000.0
2.2532E+03,-0.000089,-0.011333,0.04899,2000.0
2.2533E+03,-0.000997,-0.011281,0.04899,2000.0
2.2533E+03,-0.001394,-0.011245,0.04899,2000.0
2.2534E+03,-0.002298,-0.011091,0.04899,2000.0
2.2534E+03,-0.002687,-0.011006,0.04899,2000.0
2.2535E+03,-0.003559,-0.010755,0.04899,2000.0
2.2535E+03,-0.003936,-0.010622,0.04899,2000.0
2.2535E+03,-0.004771,-0.010275,0.04899,2000.0
2.2536E+03,-0.005129,-0.010099,0.04899,2000.0
2.2536E+03,-0.005930,-0.009655,0.04899,2000.0
2.2537E+03,-0.006262,-0.009435,0.04899,2000.0
2.2537E+03,-0.006998,-0.008913,0.04899,2000.0
2.2537E+03,-0.007304,-0.008653,0.04899,2000.0
2.2538E+03,-0.007984,-0.008043,0.04899,2000.0
2.2538E+03,-0.008250,-0.007752,0.04899,2000.0
2.2539E+03,-0.008857,-0.007073,0.04899,2000.0
2.2540E+03,-0.009378,-0.006339,0.04899,2000.0
2.2540E+03,-0.009607,-0.006013,0.04899,2000.0
2.2540E+03,-0.010045,-0.005222,0.04899,2000.0
2.2541E+03,-0.010233,-0.004869,0.04899,2000.0
2.2541E+03,-0.010580,-0.004033,0.04899,2000.0
2.2542E+03,-0.010724,-0.003661,0.04899,2000.0
2.2542E+03,-0.010976,-0.002786,0.04899,2000.0
2.2542E+03,-0.011074,-0.002400,0.04899,2000.0
2.2543E+03,-0.011227,-0.001502,0.04899,2000.0
2.2543E+03,-0.011275,-0.001105,0.04899,2000.0
2.2544E+03,-0.011326,-0.000199,0.04899,2000.0
2.2544E+03,-0.011326,0.000199,0.04899,2000.0
2.2545E+03,-0.011275,0.001105,0.04899,2000.0
2.2545E+03,-0.011227,0.001502,0.04899,2000.0
2.2546E+03,-0.011074,0.002400,0.04899,2000.0
2.2546E+03,-0.010976,0.002786,0.04899,2000.0
2.2546E+03,-0.010724,0.003661,0.04899,2000.0
2.2547E+03,-0.010580,0.004033,0.04899,2000.0
2.2547E+03,-0.010233,0.004869,0.04899,2000.0
2.2548E+03,-0.010045,0.005222,0.04899,2000.0
2.2548E+03,-0.009607,0.006013,0.04899,0.0
2.2557E+03,-0.009607,0.006013,0.06169,0.0
2.2558E+03,-0.011050,0.006916,0.06169,0.0
2.2566E+03,-0.011050,0.006916,0.04899,2000.0
2.2566E+03,-0.010767,0.007320,0.04899,2000.0
2.2567E+03,-0.010188,0.008135,0.04899,2000.0
2.2568E+03,-0.009511,0.008892,0.04899,2000.0
2.2568E+03,-0.009182,0.009252,0.04899,2000.0
2.2569E+03,-0.008422,0.009934,0.04899,2000.0
2.2569E+03,-0.008042,0.010257,0.04899,2000.0
2.2570E+03,-0.007223,0.010837,0.04899,2000.0
2.2570E+03,-0.006813,0.011109,0.04899,2000.0
2.2571E+03,-0.005917,0.011606,0.04899,2000.0
2.2571E+03,-0.005473,0.011824,0.04899,2000.0
2.2572E+03,-0.004545,0.012210,0.04899,2000.0
2.2572E+03,-0.004077,0.012375,0.04899,2000.0
2.2573E+03,-0.003104,0.012655,0.04899,2000.0
2.2573E+03,-0.002622,0.012760,0.04899,2000.0
2.2574E+03,-0.001614,0.012932,0.04899,2000.0
2.2574E+03,-0.001122,0.012977,0.04899,2000.0
2.2575E+03,-0.000106,0.013035,0.04899,2000.0
2.2575E+03,0.000388,0.013016,0.04899,2000.0
2.2576E+03,0.001382,0.012962,0.04899,2000.0
2.2576E+03,0.001875,0.012886,0.04899,2000.0
2.2577E+03,0.002882,0.012714,0.04899,2000.0
2.2577E+03,0.003354,0.012579,0.04899,2000.0
2.2578E+03,0.004310,0.012304,0.04899,2000.0
2.2578E+03,0.005243,0.011918,0.04899,2000.0
2.2579E+03,0.005696,0.011725,0.04899,2000.0
2.2579E+03,0.006573,0.011241,0.04899,2000.0
2.2580E+03,0.007003,0.010994,0.04899,2000.0
2.2580E+03,0.007833,0.010404,0.04899,2000.0
2.2581E+03,0.008230,0.010107,0.04899,2000.0
2.2581E+03,0.008986,0.009430,0.04899,2000.0
2.2582E+03,0.009342,0.009085,0.04899,2000.0
2.2582E+03,0.010017,0.008329,0.04899,2000.0
2.2583E+03,0.010325,0.007947,0.04899,2000.0
2.2583E+03,0.010917,0.007113,0.04899,2000.0
2.2584E+03,0.011176,0.006694,0.04899,2000.0
2.2584E+03,0.011666,0.005809,0.04899,2000.0
2.2585E+03,0.011874,0.005356,0.04899,2000.0
2.2585E+03,0.012262,0.004417,0.04899,2000.0
2.2586E+03,0.012411,0.003948,0.04899,2000.0
2.2586E+03,0.012687,0.002985,0.04899,2000.0
2.2587E+03,0.012780,0.002500,0.04899,2000.0
2.2587E+03,0.012953,0.001484,0.04899,2000.0
2.2588E+03,0.012981,0.000991,0.04899,2000.0
2.2588E+03,0.013038,0.000000,0.04899,2000.0
2.2589E+03,0.012981,-0.000990,0.04899,2000.0
2.2589E+03,0.012953,-0.001483,0.04899,2000.0
2.2590E+03,0.012780,-0.002500,0.04899,2000.0
2.2590E+03,0.012687,-0.002985,0.04899,2000.0
2.2591E+03,0.012411,-0.003948,0.04899,2000.0
2.2591E+03,0.012262,-0.004417,0.04899,2000.0
2.2592E+03,0.011874,-0.005356,0.04899,2000.0
2.2592E+03,0.011666,-0.005809,0.04899,2000.0
2.2593E+03,0.011176,-0.006694,0.04899,2000.0
2.2593E+03,0.010917,-0.007113,0.04899,2000.0
2.2594E+03,0.010325,-0.007947,0.04899,2000.0
2.2594E+03,0.010017,-0.008329,0.04899,2000.0
2.2595E+03,0.009342,-0.009085,0.04899,2000.0
2.2595E+03,0.008986,-0.009430,0.04899,2000.0
2.2596E+03,0.008230,-0.010107,0.04899,2000.0
2.2596E+03,0.007833,-0.010404,0.04899,2000.0
2.2597E+03,0.007003,-0.010994,0.04899,2000.0
2.2597E+03,0.006573,-0.011241,0.04899,2000.0
2.2598E+03,0.005696,-0.011725,0.04899,2000.0
2.2598E+03,0.005243,-0.011918,0.04899,2000.0
2.2599E+03,0.004310,-0.012304,0.04899,2000.0
2.2600E+03,0.003354,-0.012579,0.04899,2000.0
2.2600E+03,0.002882,-0.012714,0.04899,2000.0
2.2601E+03,0.001875,-0.012886,0.04899,2000.0
2.2601E+03,0.001382,-0.012962,0.04899,2000.0
2.2602E+03,0.000388,-0.013016,0.04899,2000.0
2.2602E+03,-0.000106,-0.013035,0.04899,2000.0
2.2603E+03,-0.001122,-0.012977,0.04899,2000.0
2.2603E+03,-0.001614,-0.012932,0.04899,2000.0
2.2604E+03,-0.002622,-0.012760,0.04899,2000.0
2.2604E+03,-0.003104,-0.012655,0.04899,2000.0
2.2605E+03,-0.004077,-0.012375,0.04899,2000.0
2.2605E+03,-0.004545,-0.012210,0.04899,2000.0
2.2606E+03,-0.005473,-0.011824,0.04899,2000.0
2.2606E+03,-0.005917,-0.011606,0.04899,2000.0
2.2607E+03,-0.006813,-0.011109,0.04899,2000.0
2.2607E+03,-0.007223,-0.010837,0.04899,2000.0
2.2608E+03,-0.008042,-0.010257,0.04899,2000.0
2.2608E+03,-0.008422,-0.009934,0.04899,2000.0
2.2609E+03,-0.009182,-0.009252,0.04899,2000.0
2.2609E+03,-0.009511,-0.008892,0.04899,2000.0
2.2610E+03,-0.010188,-0.008135,0.04899,2000.0
2.2611E+03,-0.010767,-0.007320,0.04899,2000.0
2.2611E+03,-0.011050,-0.006916,0.04899,2000.0
2.2612E+03,-0.011539,-0.006033,0.04899,2000.0
2.2612E+03,-0.011772,-0.005596,0.04899,2000.0
2.2613E+03,-0.012158,-0.004666,0.04899,2000.0
2.2613E+03,-0.012337,-0.004204,0.04899,2000.0
2.2614E+03,-0.012617,-0.003231,0.04899,2000.0
2.2614E+03,-0.012738,-0.002752,0.04899,2000.0
2.2615E+03,-0.012910,-0.001747,0.04899,2000.0
2.2615E+03,-0.012969,-0.001255,0.04899,2000.0
2.2616E+03,-0.013026,-0.000247,0.04899,2000.0
2.2616E+03,-0.013026,0.000247,0.04899,2000.0
2.2617E+03,-0.012969,0.001255,0.04899,2000.0
2.2617E+03,-0.012910,0.001747,0.04899,2000.0
2.2618E+03,-0.012738,0.002752,0.04899,2000.0
2.2618E+03,-0.012617,0.003231,0.04899,2000.0
2.2619E+03,-0.012337,0.004204,0.04899,2000.0
2.2619E+03,-0.012158,0.004666,0.04899,2000.0
2.2620E+03,-0.011772,0.005596,0.04899,2000.0
2.2620E+03,-0.011539,0.006033,0.04899,2000.0
2.2621E+03,-0.011050,0.006916,0.04899,0.0
2.2629E+03,-0.011050,0.006916,0.06169,0.0
2.2630E+03,-0.011697,0.007414,0.06169,0.0
2.2638E+03,-0.011697,0.007414,0.04899,2000.0
2.2638E+03,-0.011799,0.007258,0.04899,2000.0
2.2639E+03,-0.012221,0.006515,0.04899,2000.0
2.2639E+03,-0.012290,0.006391,0.04899,2000.0
2.2639E+03,-0.012667,0.005597,0.04899,2000.0
2.2639E+03,-0.012732,0.005457,0.04899,2000.0
2.2640E+03,-0.013050,0.004637,0.04899,2000.0
2.2640E+03,-0.013101,0.004502,0.04899,2000.0
2.2641E+03,-0.013353,0.003671,0.04899,2000.0
2.2641E+03,-0.013395,0.003530,0.04899,2000.0
2.2641E+03,-0.013583,0.002693,0.04899,2000.0
2.2641E+03,-0.013619,0.002531,0.04899,2000.0
2.2642E+03,-0.013768,0.001533,0.04899,2000.0
2.2642E+03,-0.013797,0.001132,0.04899,2000.0
2.2643E+03,-0.013842,0.000500,0.04899,2000.0
2.2643E+03,-0.013842,-0.000498,0.04899,2000.0
2.2644E+03,-0.013789,-0.001242,0.04899,2000.0
2.2644E+03,-0.013769,-0.001517,0.04899,2000.0
2.2644E+03,-0.013743,-0.001696,0.04899,2000.0
2.2645E+03,-0.013619,-0.002531,0.04899,2000.0
2.2645E+03,-0.013583,-0.002693,0.04899,2000.0
2.2645E+03,-0.013395,-0.003530,0.04899,2000.0
2.2646E+03,-0.013351,-0.003678,0.04899,2000.0
2.2646E+03,-0.013352,-0.003678,0.04899,2000.0
2.2646E+03,-0.013102,-0.004497,0.04899,2000.0
2.2646E+03,-0.013050,-0.004637,0.04899,2000.0
2.2647E+03,-0.012732,-0.005457,0.04899,2000.0
2.2647E+03,-0.012667,-0.005597,0.04899,2000.0
2.2647E+03,-0.012290,-0.006391,0.04899,2000.0
2.2648E+03,-0.012210,-0.006535,0.04899,2000.0
2.2648E+03,-0.011801,-0.007257,0.04899,2000.0
2.2648E+03,-0.011710,-0.007395,0.04899,2000.0
2.2649E+03,-0.011232,-0.008107,0.04899,2000.0
2.2649E+03,-0.011136,-0.008233,0.04899,2000.0
2.2650E+03,-0.010589,-0.008931,0.04899,2000.0
2.2650E+03,-0.010500,-0.009032,0.04899,2000.0
2.2650E+03,-0.009904,-0.009686,0.04899,2000.0
2.2650E+03,-0.009799,-0.009789,0.04899,2000.0
2.2651E+03,-0.009182,-0.010371,0.04899,2000.0
2.2651E+03,-0.009005,-0.010522,0.04899,2000.0
2.2652E+03,-0.008399,-0.011015,0.04899,2000.0
2.2652E+03,-0.008258,-0.011119,0.04899,2000.0
2.2652E+03,-0.007543,-0.011617,0.04899,2000.0
2.2652E+03,-0.007372,-0.011725,0.04899,2000.0
2.2653E+03,-0.006693,-0.012130,0.04899,2000.0
2.2653E+03,-0.006540,-0.012210,0.04899,2000.0
2.2654E+03,-0.005745,-0.012606,0.04899,2000.0
2.2654E+03,-0.005660,-0.012643,0.04899,2000.0
2.2654E+03,-0.004817,-0.012987,0.04899,2000.0
2.2654E+03,-0.004656,-0.013045,0.04899,2000.0
2.2655E+03,-0.003870,-0.013300,0.04899,2000.0
2.2655E+03,-0.003706,-0.013346,0.04899,2000.0
2.2656E+03,-0.002873,-0.013551,0.04899,2000.0
2.2656E+03,-0.002681,-0.013589,0.04899,2000.0
2.2656E+03,-0.001837,-0.013731,0.04899,2000.0
2.2656E+03,-0.001736,-0.013743,0.04899,2000.0
2.2657E+03,-0.000846,-0.013827,0.04899,2000.0
2.2657E+03,-0.000699,-0.013835,0.04899,2000.0
2.2658E+03,0.000180,-0.013850,0.04899,2000.0
2.2658E+03,0.000389,-0.013846,0.04899,2000.0
2.2658E+03,0.001124,-0.013806,0.04899,2000.0
2.2658E+03,0.001384,-0.013782,0.04899,2000.0
2.2659E+03,0.002210,-0.013675,0.04899,2000.0
2.2659E+03,0.002360,-0.013650,0.04899,2000.0
2.2660E+03,0.003194,-0.013478,0.04899,2000.0
2.2660E+03,0.003392,-0.013431,0.04899,2000.0
2.2660E+03,0.004167,-0.013211,0.04899,2000.0
2.2660E+03,0.004349,-0.013153,0.04899,2000.0
2.2661E+03,0.005120,-0.012870,0.04899,2000.0
2.2661E+03,0.005283,-0.012805,0.04899,2000.0
2.2662E+03,0.006120,-0.012426,0.04899,2000.0
2.2662E+03,0.006227,-0.012375,0.04899,2000.0
2.2662E+03,0.006969,-0.011971,0.04899,2000.0
2.2663E+03,0.007105,-0.011893,0.04899,2000.0
2.2663E+03,0.007853,-0.011409,0.04899,2000.0
2.2663E+03,0.007975,-0.011326,0.04899,2000.0
2.2664E+03,0.008651,-0.010816,0.04899,2000.0
2.2664E+03,0.008798,-0.010701,0.04899,2000.0
2.2664E+03,0.009396,-0.010175,0.04899,2000.0
2.2665E+03,0.009544,-0.010040,0.04899,2000.0
2.2665E+03,0.010163,-0.009409,0.04899,2000.0
2.2665E+03,0.010274,-0.009292,0.04899,2000.0
2.2666E+03,0.010824,-0.008641,0.04899,2000.0
2.2666E+03,0.010907,-0.008539,0.04899,2000.0
2.2666E+03,0.011409,-0.007850,0.04899,2000.0
2.2667E+03,0.011515,-0.007700,0.04899,2000.0
2.2667E+03,0.011952,-0.006995,0.04899,2000.0
2.2667E+03,0.011951,-0.006995,0.04899,2000.0
2.2667E+03,0.012052,-0.006828,0.04899,2000.0
2.2668E+03,0.012442,-0.006081,0.04899,2000.0
2.2668E+03,0.012525,-0.005916,0.04899,2000.0
2.2669E+03,0.012857,-0.005144,0.04899,2000.0
2.2669E+03,0.012922,-0.004990,0.04899,2000.0
2.2669E+03,0.013199,-0.004190,0.04899,2000.0
2.2669E+03,0.013258,-0.004017,0.04899,2000.0
2.2670E+03,0.013423,-0.003394,0.04899,2000.0
2.2670E+03,0.013518,-0.003026,0.04899,2000.0
2.2671E+03,0.013671,-0.002202,0.04899,2000.0
2.2671E+03,0.013704,-0.002023,0.04899,2000.0
2.2671E+03,0.013752,-0.001592,0.04899,2000.0
2.2671E+03,0.013813,-0.001029,0.04899,2000.0
2.2672E+03,0.013846,-0.000171,0.04899,2000.0
2.2672E+03,0.013852,-0.000003,0.04899,2000.0
2.2672E+03,0.013846,0.000158,0.04899,2000.0
2.2673E+03,0.013814,0.001024,0.04899,2000.0
2.2673E+03,0.013771,0.001425,0.04899,2000.0
2.2673E+03,0.013704,0.002020,0.04899,2000.0
2.2674E+03,0.013673,0.002191,0.04899,2000.0
2.2674E+03,0.013517,0.003030,0.04899,2000.0
2.2674E+03,0.013479,0.003177,0.04899,2000.0
2.2675E+03,0.013258,0.004014,0.04899,2000.0
2.2675E+03,0.013210,0.004155,0.04899,2000.0
2.2675E+03,0.012922,0.004988,0.04899,2000.0
2.2676E+03,0.012857,0.005144,0.04899,2000.0
2.2676E+03,0.012523,0.005922,0.04899,2000.0
2.2676E+03,0.012463,0.006040,0.04899,2000.0
2.2677E+03,0.012046,0.006838,0.04899,2000.0
2.2677E+03,0.011987,0.006938,0.04899,2000.0
2.2677E+03,0.011515,0.007700,0.04899,2000.0
2.2678E+03,0.011421,0.007834,0.04899,2000.0
2.2678E+03,0.010922,0.008520,0.04899,2000.0
2.2678E+03,0.010826,0.008638,0.04899,2000.0
2.2678E+03,0.010827,0.008639,0.04899,2000.0
2.2679E+03,0.010274,0.009292,0.04899,2000.0
2.2679E+03,0.010163,0.009409,0.04899,2000.0
2.2680E+03,0.009551,0.010033,0.04899,2000.0
2.2680E+03,0.009418,0.010155,0.04899,2000.0
2.2680E+03,0.008794,0.010704,0.04899,2000.0
2.2680E+03,0.008677,0.010796,0.04899,2000.0
2.2681E+03,0.007978,0.011325,0.04899,2000.0
2.2681E+03,0.007885,0.011388,0.04899,2000.0
2.2682E+03,0.007105,0.011893,0.04899,2000.0
2.2682E+03,0.006969,0.011971,0.04899,2000.0
2.2682E+03,0.006236,0.012370,0.04899,2000.0
2.2682E+03,0.006114,0.012429,0.04899,2000.0
2.2683E+03,0.005283,0.012805,0.04899,2000.0
2.2683E+03,0.005121,0.012870,0.04899,2000.0
2.2684E+03,0.004351,0.013152,0.04899,2000.0
2.2684E+03,0.004176,0.013207,0.04899,2000.0
2.2684E+03,0.003388,0.013431,0.04899,2000.0
2.2684E+03,0.003187,0.013480,0.04899,2000.0
2.2685E+03,0.002360,0.013650,0.04899,2000.0
2.2685E+03,0.002210,0.013675,0.04899,2000.0
2.2686E+03,0.001384,0.013782,0.04899,2000.0
2.2686E+03,0.001124,0.013806,0.04899,2000.0
2.2686E+03,0.000389,0.013846,0.04899,2000.0
2.2686E+03,0.000180,0.013850,0.04899,2000.0
2.2687E+03,-0.000699,0.013835,0.04899,2000.0
2.2687E+03,-0.000846,0.013827,0.04899,2000.0
2.2688E+03,-0.001736,0.013743,0.04899,2000.0
2.2688E+03,-0.001857,0.013728,0.04899,2000.0
2.2688E+03,-0.002678,0.013590,0.04899,2000.0
2.2688E+03,-0.002859,0.013554,0.04899,2000.0
2.2689E+03,-0.003706,0.013346,0.04899,2000.0
2.2689E+03,-0.003870,0.013300,0.04899,2000.0
2.2690E+03,-0.004656,0.013045,0.04899,2000.0
2.2690E+03,-0.004817,0.012987,0.04899,2000.0
2.2690E+03,-0.005660,0.012643,0.04899,2000.0
2.2690E+03,-0.005745,0.012606,0.04899,2000.0
2.2691E+03,-0.006543,0.012209,0.04899,2000.0
2.2691E+03,-0.006693,0.012130,0.04899,2000.0
2.2692E+03,-0.007372,0.011725,0.04899,2000.0
2.2692E+03,-0.007547,0.011614,0.04899,2000.0
2.2692E+03,-0.008215,0.011148,0.04899,2000.0
2.2693E+03,-0.008414,0.011003,0.04899,2000.0
2.2693E+03,-0.009025,0.010505,0.04899,2000.0
2.2693E+03,-0.009183,0.010370,0.04899,2000.0
2.2694E+03,-0.009807,0.009781,0.04899,2000.0
2.2694E+03,-0.009904,0.009685,0.04899,2000.0
2.2694E+03,-0.010502,0.009030,0.04899,2000.0
2.2695E+03,-0.010589,0.008931,0.04899,2000.0
2.2695E+03,-0.011136,0.008233,0.04899,2000.0
2.2695E+03,-0.011232,0.008107,0.04899,2000.0
2.2696E+03,-0.011697,0.007414,0.04899,0.0
2.2704E+03,-0.011697,0.007414,0.06169,0.0
2.2705E+03,-0.013122,0.008342,0.06169,0.0
2.2714E+03,-0.013122,0.008342,0.04899,2000.0
2.2714E+03,-0.013247,0.008150,0.04899,2000.0
2.2714E+03,-0.013699,0.007355,0.04899,2000.0
2.2715E+03,-0.013808,0.007158,0.04899,2000.0
2.2715E+03,-0.014203,0.006326,0.04899,2000.0
2.2715E+03,-0.014300,0.006116,0.04899,2000.0
2.2716E+03,-0.014635,0.005252,0.04899,2000.0
2.2716E+03,-0.014714,0.005041,0.04899,2000.0
2.2717E+03,-0.014980,0.004165,0.04899,2000.0
2.2717E+03,-0.015041,0.003961,0.04899,2000.0
2.2717E+03,-0.015242,0.003065,0.04899,2000.0
2.2718E+03,-0.015291,0.002843,0.04899,2000.0
2.2718E+03,-0.015460,0.001709,0.04899,2000.0
2.2719E+03,-0.015493,0.001256,0.04899,2000.0
2.2719E+03,-0.015542,0.000563,0.04899,2000.0
2.2720E+03,-0.015542,-0.000563,0.04899,2000.0
2.2720E+03,-0.015485,-0.001363,0.04899,2000.0
2.2721E+03,-0.015459,-0.001707,0.04899,2000.0
2.2721E+03,-0.015426,-0.001937,0.04899,2000.0
2.2721E+03,-0.015291,-0.002843,0.04899,2000.0
2.2722E+03,-0.015242,-0.003065,0.04899,2000.0
2.2722E+03,-0.015041,-0.003961,0.04899,2000.0
2.2722E+03,-0.014980,-0.004165,0.04899,2000.0
2.2723E+03,-0.014710,-0.005052,0.04899,2000.0
2.2723E+03,-0.014635,-0.005252,0.04899,2000.0
2.2724E+03,-0.014300,-0.006116,0.04899,2000.0
2.2724E+03,-0.014203,-0.006326,0.04899,2000.0
2.2724E+03,-0.013808,-0.007158,0.04899,2000.0
2.2725E+03,-0.013689,-0.007373,0.04899,2000.0
2.2725E+03,-0.013252,-0.008144,0.04899,2000.0
2.2725E+03,-0.013122,-0.008342,0.04899,2000.0
2.2726E+03,-0.012616,-0.009096,0.04899,2000.0
2.2726E+03,-0.012474,-0.009282,0.04899,2000.0
2.2727E+03,-0.011901,-0.010013,0.04899,2000.0
2.2727E+03,-0.011776,-0.010155,0.04899,2000.0
2.2728E+03,-0.011125,-0.010869,0.04899,2000.0
2.2728E+03,-0.010979,-0.011013,0.04899,2000.0
2.2728E+03,-0.010314,-0.011640,0.04899,2000.0
2.2728E+03,-0.010109,-0.011815,0.04899,2000.0
2.2729E+03,-0.009437,-0.012362,0.04899,2000.0
2.2729E+03,-0.009230,-0.012514,0.04899,2000.0
2.2730E+03,-0.008485,-0.013033,0.04899,2000.0
2.2730E+03,-0.008279,-0.013163,0.04899,2000.0
2.2731E+03,-0.007514,-0.013619,0.04899,2000.0
2.2731E+03,-0.007329,-0.013716,0.04899,2000.0
2.2731E+03,-0.006469,-0.014144,0.04899,2000.0
2.2731E+03,-0.006303,-0.014217,0.04899,2000.0
2.2732E+03,-0.005422,-0.014577,0.04899,2000.0
2.2732E+03,-0.005214,-0.014651,0.04899,2000.0
2.2733E+03,-0.004355,-0.014930,0.04899,2000.0
2.2733E+03,-0.004145,-0.014989,0.04899,2000.0
2.2734E+03,-0.003238,-0.015212,0.04899,2000.0
2.2734E+03,-0.002985,-0.015262,0.04899,2000.0
2.2734E+03,-0.002103,-0.015410,0.04899,2000.0
2.2735E+03,-0.001899,-0.015436,0.04899,2000.0
2.2735E+03,-0.000970,-0.015523,0.04899,2000.0
2.2735E+03,-0.000766,-0.015534,0.04899,2000.0
2.2736E+03,0.000178,-0.015550,0.04899,2000.0
2.2736E+03,0.000432,-0.015546,0.04899,2000.0
2.2737E+03,0.001273,-0.015500,0.04899,2000.0
2.2737E+03,0.001561,-0.015473,0.04899,2000.0
2.2737E+03,0.002457,-0.015357,0.04899,2000.0
2.2738E+03,0.002666,-0.015323,0.04899,2000.0
2.2738E+03,0.003573,-0.015136,0.04899,2000.0
2.2738E+03,0.003812,-0.015079,0.04899,2000.0
2.2739E+03,0.004659,-0.014838,0.04899,2000.0
2.2739E+03,0.004898,-0.014762,0.04899,2000.0
2.2740E+03,0.005735,-0.014455,0.04899,2000.0
2.2740E+03,0.005953,-0.014368,0.04899,2000.0
2.2740E+03,0.006821,-0.013975,0.04899,2000.0
2.2741E+03,0.007011,-0.013884,0.04899,2000.0
2.2741E+03,0.007806,-0.013451,0.04899,2000.0
2.2741E+03,0.007990,-0.013345,0.04899,2000.0
2.2742E+03,0.008809,-0.012815,0.04899,2000.0
2.2742E+03,0.008962,-0.012711,0.04899,2000.0
2.2743E+03,0.009701,-0.012153,0.04899,2000.0
2.2743E+03,0.009883,-0.012010,0.04899,2000.0
2.2744E+03,0.010541,-0.011432,0.04899,2000.0
2.2744E+03,0.010720,-0.011269,0.04899,2000.0
2.2744E+03,0.011377,-0.010599,0.04899,2000.0
2.2744E+03,0.011535,-0.010432,0.04899,2000.0
2.2745E+03,0.012142,-0.009715,0.04899,2000.0
2.2745E+03,0.012252,-0.009580,0.04899,2000.0
2.2746E+03,0.012796,-0.008833,0.04899,2000.0
2.2746E+03,0.012930,-0.008644,0.04899,2000.0
2.2747E+03,0.013408,-0.007872,0.04899,2000.0
2.2747E+03,0.013535,-0.007661,0.04899,2000.0
2.2747E+03,0.013949,-0.006869,0.04899,2000.0
2.2748E+03,0.014065,-0.006639,0.04899,2000.0
2.2748E+03,0.014419,-0.005815,0.04899,2000.0
2.2748E+03,0.014516,-0.005584,0.04899,2000.0
2.2749E+03,0.014810,-0.004734,0.04899,2000.0
2.2749E+03,0.014883,-0.004518,0.04899,2000.0
2.2750E+03,0.015117,-0.003635,0.04899,2000.0
2.2750E+03,0.015116,-0.003635,0.04899,2000.0
2.2750E+03,0.015178,-0.003394,0.04899,2000.0
2.2750E+03,0.015343,-0.002508,0.04899,2000.0
2.2751E+03,0.015386,-0.002273,0.04899,2000.0
2.2751E+03,0.015442,-0.001775,0.04899,2000.0
2.2751E+03,0.015510,-0.001148,0.04899,2000.0
2.2752E+03,0.015545,-0.000230,0.04899,2000.0
2.2752E+03,0.015553,-0.000001,0.04899,2000.0
2.2752E+03,0.015545,0.000221,0.04899,2000.0
2.2753E+03,0.015511,0.001139,0.04899,2000.0
2.2753E+03,0.015460,0.001615,0.04899,2000.0
2.2754E+03,0.015386,0.002273,0.04899,2000.0
2.2754E+03,0.015344,0.002502,0.04899,2000.0
2.2754E+03,0.015176,0.003404,0.04899,2000.0
2.2755E+03,0.015123,0.003611,0.04899,2000.0
2.2755E+03,0.014886,0.004508,0.04899,2000.0
2.2755E+03,0.014817,0.004710,0.04899,2000.0
2.2756E+03,0.014510,0.005599,0.04899,2000.0
2.2756E+03,0.014419,0.005815,0.04899,2000.0
2.2757E+03,0.014065,0.006639,0.04899,2000.0
2.2757E+03,0.013970,0.006827,0.04899,2000.0
2.2757E+03,0.013530,0.007669,0.04899,2000.0
2.2758E+03,0.013432,0.007834,0.04899,2000.0
2.2758E+03,0.012938,0.008631,0.04899,2000.0
2.2758E+03,0.012806,0.008819,0.04899,2000.0
2.2759E+03,0.012259,0.009572,0.04899,2000.0
2.2759E+03,0.012142,0.009715,0.04899,2000.0
2.2760E+03,0.011535,0.010432,0.04899,2000.0
2.2760E+03,0.011377,0.010599,0.04899,2000.0
2.2760E+03,0.010728,0.011261,0.04899,2000.0
2.2761E+03,0.010546,0.011427,0.04899,2000.0
2.2761E+03,0.009881,0.012012,0.04899,2000.0
2.2761E+03,0.009703,0.012152,0.04899,2000.0
2.2762E+03,0.008975,0.012703,0.04899,2000.0
2.2762E+03,0.008809,0.012815,0.04899,2000.0
2.2763E+03,0.007990,0.013345,0.04899,2000.0
2.2763E+03,0.007806,0.013451,0.04899,2000.0
2.2764E+03,0.007011,0.013884,0.04899,2000.0
2.2764E+03,0.006826,0.013973,0.04899,2000.0
2.2764E+03,0.005953,0.014368,0.04899,2000.0
2.2764E+03,0.005735,0.014455,0.04899,2000.0
2.2765E+03,0.004900,0.014761,0.04899,2000.0
2.2765E+03,0.004667,0.014835,0.04899,2000.0
2.2766E+03,0.003805,0.015080,0.04899,2000.0
2.2766E+03,0.003573,0.015136,0.04899,2000.0
2.2767E+03,0.002666,0.015323,0.04899,2000.0
2.2767E+03,0.002457,0.015357,0.04899,2000.0
2.2767E+03,0.001561,0.015473,0.04899,2000.0
2.2768E+03,0.001273,0.015500,0.04899,2000.0
2.2768E+03,0.000432,0.015546,0.04899,2000.0
2.2768E+03,0.000178,0.015550,0.04899,2000.0
2.2769E+03,-0.000766,0.015534,0.04899,2000.0
2.2769E+03,-0.000970,0.015523,0.04899,2000.0
2.2770E+03,-0.001899,0.015436,0.04899,2000.0
2.2770E+03,-0.002103,0.015410,0.04899,2000.0
2.2770E+03,-0.002982,0.015262,0.04899,2000.0
2.2771E+03,-0.003238,0.015212,0.04899,2000.0
2.2771E+03,-0.004145,0.014989,0.04899,2000.0
2.2771E+03,-0.004355,0.014930,0.04899,2000.0
2.2772E+03,-0.005214,0.014651,0.04899,2000.0
2.2772E+03,-0.005422,0.014577,0.04899,2000.0
2.2773E+03,-0.006303,0.014217,0.04899,2000.0
2.2773E+03,-0.006469,0.014144,0.04899,2000.0
2.2773E+03,-0.007329,0.013716,0.04899,2000.0
2.2774E+03,-0.007514,0.013619,0.04899,2000.0
2.2774E+03,-0.008279,0.013163,0.04899,2000.0
2.2774E+03,-0.008485,0.013033,0.04899,2000.0
2.2775E+03,-0.009216,0.012523,0.04899,2000.0
2.2775E+03,-0.009446,0.012355,0.04899,2000.0
2.2776E+03,-0.010115,0.011810,0.04899,2000.0
2.2776E+03,-0.010314,0.011640,0.04899,2000.0
2.2776E+03,-0.010989,0.011003,0.04899,2000.0
2.2777E+03,-0.011125,0.010869,0.04899,2000.0
2.2777E+03,-0.011776,0.010155,0.04899,2000.0
2.2777E+03,-0.011901,0.010013,0.04899,2000.0
2.2778E+03,-0.012474,0.009282,0.04899,2000.0
2.2778E+03,-0.012616,0.009096,0.04899,2000.0
2.2779E+03,-0.013122,0.008342,0.04899,0.0
2.2787E+03,-0.013122,0.008342,0.06169,0.0
2.2788E+03,-0.014534,0.009289,0.06169,0.0
2.2797E+03,-0.014534,0.009289,0.04899,2000.0
2.2797E+03,-0.014700,0.009034,0.04899,2000.0
2.2797E+03,-0.015177,0.008195,0.04899,2000.0
2.2798E+03,-0.015319,0.007938,0.04899,2000.0
2.2798E+03,-0.015746,0.007040,0.04899,2000.0
2.2798E+03,-0.015863,0.006787,0.04899,2000.0
2.2799E+03,-0.016220,0.005866,0.04899,2000.0
2.2799E+03,-0.016318,0.005607,0.04899,2000.0
2.2800E+03,-0.016606,0.004660,0.04899,2000.0
2.2800E+03,-0.016685,0.004395,0.04899,2000.0
2.2801E+03,-0.016903,0.003428,0.04899,2000.0
2.2801E+03,-0.016962,0.003158,0.04899,2000.0
2.2802E+03,-0.017108,0.002179,0.04899,2000.0
2.2802E+03,-0.017109,0.002179,0.04899,2000.0
2.2802E+03,-0.017150,0.001896,0.04899,2000.0
2.2802E+03,-0.017222,0.000922,0.04899,2000.0
2.2802E+03,-0.017221,0.000922,0.04899,2000.0
2.2803E+03,-0.017242,0.000629,0.04899,2000.0
2.2804E+03,-0.017242,-0.000629,0.04899,2000.0
2.2804E+03,-0.017221,-0.000922,0.04899,2000.0
2.2804E+03,-0.017222,-0.000922,0.04899,2000.0
2.2804E+03,-0.017149,-0.001901,0.04899,2000.0
2.2805E+03,-0.017109,-0.002179,0.04899,2000.0
2.2805E+03,-0.017108,-0.002179,0.04899,2000.0
2.2805E+03,-0.016962,-0.003158,0.04899,2000.0
2.2805E+03,-0.016903,-0.003428,0.04899,2000.0
2.2806E+03,-0.016685,-0.004395,0.04899,2000.0
2.2806E+03,-0.016606,-0.004660,0.04899,2000.0
2.2807E+03,-0.016318,-0.005607,0.04899,2000.0
2.2807E+03,-0.016220,-0.005866,0.04899,2000.0
2.2808E+03,-0.015863,-0.006787,0.04899,2000.0
2.2808E+03,-0.015746,-0.007040,0.04899,2000.0
2.2809E+03,-0.015319,-0.007938,0.04899,2000.0
2.2809E+03,-0.015177,-0.008195,0.04899,2000.0
2.2809E+03,-0.014700,-0.009035,0.04899,2000.0
2.2810E+03,-0.014534,-0.009289,0.04899,2000.0
2.2810E+03,-0.014000,-0.010085,0.04899,2000.0
2.2810E+03,-0.013812,-0.010331,0.04899,2000.0
2.2811E+03,-0.013212,-0.011096,0.04899,2000.0
2.2811E+03,-0.013033,-0.011300,0.04899,2000.0
2.2812E+03,-0.012355,-0.012044,0.04899,2000.0
2.2812E+03,-0.012171,-0.012225,0.04899,2000.0
2.2813E+03,-0.011445,-0.012910,0.04899,2000.0
2.2813E+03,-0.011213,-0.013108,0.04899,2000.0
2.2814E+03,-0.010471,-0.013712,0.04899,2000.0
2.2814E+03,-0.010216,-0.013899,0.04899,2000.0
2.2815E+03,-0.009426,-0.014450,0.04899,2000.0
2.2815E+03,-0.009167,-0.014613,0.04899,2000.0
2.2815E+03,-0.008347,-0.015101,0.04899,2000.0
2.2816E+03,-0.008087,-0.015238,0.04899,2000.0
2.2816E+03,-0.007205,-0.015677,0.04899,2000.0
2.2816E+03,-0.006958,-0.015786,0.04899,2000.0
2.2817E+03,-0.006032,-0.016164,0.04899,2000.0
2.2817E+03,-0.005756,-0.016263,0.04899,2000.0
2.2818E+03,-0.004847,-0.016558,0.04899,2000.0
2.2818E+03,-0.004570,-0.016635,0.04899,2000.0
2.2819E+03,-0.003603,-0.016873,0.04899,2000.0
2.2819E+03,-0.003315,-0.016930,0.04899,2000.0
2.2820E+03,-0.002352,-0.017092,0.04899,2000.0
2.2820E+03,-0.002061,-0.017129,0.04899,2000.0
2.2820E+03,-0.001094,-0.017219,0.04899,2000.0
2.2821E+03,-0.000828,-0.017233,0.04899,2000.0
2.2821E+03,0.000176,-0.017251,0.04899,2000.0
2.2821E+03,0.000475,-0.017246,0.04899,2000.0
2.2822E+03,0.001422,-0.017194,0.04899,2000.0
2.2822E+03,0.001742,-0.017164,0.04899,2000.0
2.2823E+03,0.002705,-0.017039,0.04899,2000.0
2.2823E+03,0.002968,-0.016996,0.04899,2000.0
2.2824E+03,0.003959,-0.016792,0.04899,2000.0
2.2824E+03,0.004227,-0.016728,0.04899,2000.0
2.2825E+03,0.005141,-0.016468,0.04899,2000.0
2.2825E+03,0.005453,-0.016369,0.04899,2000.0
2.2826E+03,0.006350,-0.016040,0.04899,2000.0
2.2826E+03,0.006623,-0.015931,0.04899,2000.0
2.2826E+03,0.007534,-0.015519,0.04899,2000.0
2.2827E+03,0.007788,-0.015396,0.04899,2000.0
2.2827E+03,0.008648,-0.014928,0.04899,2000.0
2.2827E+03,0.008878,-0.014795,0.04899,2000.0
2.2828E+03,0.009732,-0.014243,0.04899,2000.0
2.2828E+03,0.009958,-0.014090,0.04899,2000.0
2.2829E+03,0.010726,-0.013510,0.04899,2000.0
2.2829E+03,0.010968,-0.013320,0.04899,2000.0
2.2830E+03,0.011687,-0.012688,0.04899,2000.0
2.2830E+03,0.011904,-0.012490,0.04899,2000.0
2.2831E+03,0.012610,-0.011770,0.04899,2000.0
2.2831E+03,0.012798,-0.011572,0.04899,2000.0
2.2831E+03,0.013440,-0.010813,0.04899,2000.0
2.2832E+03,0.013608,-0.010607,0.04899,2000.0
2.2832E+03,0.014183,-0.009816,0.04899,2000.0
2.2832E+03,0.014353,-0.009576,0.04899,2000.0
2.2833E+03,0.014866,-0.008747,0.04899,2000.0
2.2833E+03,0.015016,-0.008497,0.04899,2000.0
2.2834E+03,0.015467,-0.007634,0.04899,2000.0
2.2834E+03,0.015603,-0.007364,0.04899,2000.0
2.2835E+03,0.015987,-0.006472,0.04899,2000.0
2.2835E+03,0.016101,-0.006200,0.04899,2000.0
2.2836E+03,0.016420,-0.005279,0.04899,2000.0
2.2836E+03,0.016511,-0.005010,0.04899,2000.0
2.2837E+03,0.016763,-0.004058,0.04899,2000.0
2.2837E+03,0.016837,-0.003770,0.04899,2000.0
2.2837E+03,0.017016,-0.002812,0.04899,2000.0
2.2838E+03,0.017067,-0.002531,0.04899,2000.0
2.2838E+03,0.017177,-0.001553,0.04899,2000.0
2.2838E+03,0.017176,-0.001553,0.04899,2000.0
2.2838E+03,0.017207,-0.001265,0.04899,2000.0
2.2839E+03,0.017244,-0.000289,0.04899,2000.0
2.2839E+03,0.017254,0.000000,0.04899,2000.0
2.2839E+03,0.017244,0.000284,0.04899,2000.0
2.2840E+03,0.017208,0.001256,0.04899,2000.0
2.2840E+03,0.017176,0.001553,0.04899,2000.0
2.2840E+03,0.017177,0.001553,0.04899,2000.0
2.2841E+03,0.017067,0.002531,0.04899,2000.0
2.2841E+03,0.017017,0.002806,0.04899,2000.0
2.2842E+03,0.016837,0.003770,0.04899,2000.0
2.2842E+03,0.016766,0.004046,0.04899,2000.0
2.2843E+03,0.016511,0.005010,0.04899,2000.0
2.2843E+03,0.016424,0.005266,0.04899,2000.0
2.2843E+03,0.016101,0.006200,0.04899,2000.0
2.2844E+03,0.015987,0.006472,0.04899,2000.0
2.2844E+03,0.015603,0.007364,0.04899,2000.0
2.2845E+03,0.015477,0.007614,0.04899,2000.0
2.2845E+03,0.015016,0.008497,0.04899,2000.0
2.2845E+03,0.014877,0.008729,0.04899,2000.0
2.2846E+03,0.014353,0.009575,0.04899,2000.0
2.2846E+03,0.014196,0.009798,0.04899,2000.0
2.2847E+03,0.013608,0.010607,0.04899,2000.0
2.2847E+03,0.013440,0.010813,0.04899,2000.0
2.2848E+03,0.012798,0.011572,0.04899,2000.0
2.2848E+03,0.012610,0.011770,0.04899,2000.0
2.2849E+03,0.011904,0.012490,0.04899,2000.0
2.2849E+03,0.011691,0.012684,0.04899,2000.0
2.2849E+03,0.010968,0.013320,0.04899,2000.0
2.2850E+03,0.010743,0.013497,0.04899,2000.0
2.2850E+03,0.009958,0.014090,0.04899,2000.0
2.2850E+03,0.009732,0.014243,0.04899,2000.0
2.2851E+03,0.008878,0.014795,0.04899,2000.0
2.2851E+03,0.008648,0.014928,0.04899,2000.0
2.2852E+03,0.007788,0.015396,0.04899,2000.0
2.2852E+03,0.007538,0.015517,0.04899,2000.0
2.2853E+03,0.006623,0.015931,0.04899,2000.0
2.2853E+03,0.006350,0.016040,0.04899,2000.0
2.2854E+03,0.005453,0.016369,0.04899,2000.0
2.2854E+03,0.005139,0.016468,0.04899,2000.0
2.2854E+03,0.004227,0.016728,0.04899,2000.0
2.2855E+03,0.003959,0.016792,0.04899,2000.0
2.2855E+03,0.002968,0.016996,0.04899,2000.0
2.2855E+03,0.002705,0.017039,0.04899,2000.0
2.2856E+03,0.001742,0.017164,0.04899,2000.0
2.2856E+03,0.001422,0.017194,0.04899,2000.0
2.2857E+03,0.000475,0.017246,0.04899,2000.0
2.2857E+03,0.000176,0.017251,0.04899,2000.0
2.2858E+03,-0.000828,0.017233,0.04899,2000.0
2.2858E+03,-0.001094,0.017219,0.04899,2000.0
2.2859E+03,-0.002061,0.017129,0.04899,2000.0
2.2859E+03,-0.002352,0.017092,0.04899,2000.0
2.2860E+03,-0.003315,0.016930,0.04899,2000.0
2.2860E+03,-0.003603,0.016873,0.04899,2000.0
2.2860E+03,-0.004570,0.016635,0.04899,2000.0
2.2861E+03,-0.004847,0.016558,0.04899,2000.0
2.2861E+03,-0.005756,0.016263,0.04899,2000.0
2.2861E+03,-0.006032,0.016164,0.04899,2000.0
2.2862E+03,-0.006958,0.015786,0.04899,2000.0
2.2862E+03,-0.007205,0.015677,0.04899,2000.0
2.2863E+03,-0.008087,0.015238,0.04899,2000.0
2.2863E+03,-0.008347,0.015101,0.04899,2000.0
2.2864E+03,-0.009167,0.014613,0.04899,2000.0
2.2864E+03,-0.009426,0.014450,0.04899,2000.0
2.2865E+03,-0.010223,0.013894,0.04899,2000.0
2.2865E+03,-0.010471,0.013712,0.04899,2000.0
2.2865E+03,-0.011219,0.013103,0.04899,2000.0
2.2866E+03,-0.011445,0.012910,0.04899,2000.0
2.2866E+03,-0.012171,0.012225,0.04899,2000.0
2.2866E+03,-0.012355,0.012044,0.04899,2000.0
2.2867E+03,-0.013033,0.011300,0.04899,2000.0
2.2867E+03,-0.013212,0.011096,0.04899,2000.0
2.2868E+03,-0.013812,0.010331,0.04899,2000.0
2.2868E+03,-0.014000,0.010085,0.04899,2000.0
2.2869E+03,-0.014534,0.009289,0.04899,0.0
2.2875E+03,-0.014534,0.000000,0.04899,0.0
