2.1536E+03,-0.008319,0.005215,0.06027,0.0
2.1536E+03,-0.008265,0.005183,0.06027,0.0
2.1545E+03,-0.008265,0.005183,0.04757,2000.0
2.1545E+03,-0.008137,0.005365,0.04757,2000.0
2.1545E+03,-0.007625,0.006086,0.04757,2000.0
2.1546E+03,-0.007031,0.006751,0.04757,2000.0
2.1546E+03,-0.006880,0.006916,0.04757,2000.0
2.1547E+03,-0.006219,0.007507,0.04757,2000.0
2.1547E+03,-0.006049,0.007653,0.04757,2000.0
2.1547E+03,-0.005317,0.008173,0.04757,2000.0
2.1548E+03,-0.005130,0.008295,0.04757,2000.0
2.1548E+03,-0.004355,0.008724,0.04757,2000.0
2.1548E+03,-0.004155,0.008824,0.04757,2000.0
2.1549E+03,-0.003333,0.009165,0.04757,2000.0
2.1549E+03,-0.003122,0.009240,0.04757,2000.0
2.1550E+03,-0.002257,0.009489,0.04757,2000.0
2.1550E+03,-0.002039,0.009535,0.04757,2000.0
2.1550E+03,-0.001163,0.009685,0.04757,2000.0
2.1551E+03,-0.000939,0.009705,0.04757,2000.0
2.1551E+03,-0.000052,0.009755,0.04757,2000.0
2.1551E+03,0.000170,0.009747,0.04757,2000.0
2.1552E+03,0.001059,0.009697,0.04757,2000.0
2.1552E+03,0.001279,0.009664,0.04757,2000.0
2.1553E+03,0.002158,0.009515,0.04757,2000.0
2.1553E+03,0.002373,0.009454,0.04757,2000.0
2.1553E+03,0.003224,0.009208,0.04757,2000.0
2.1554E+03,0.004047,0.008867,0.04757,2000.0
2.1554E+03,0.004252,0.008780,0.04757,2000.0
2.1555E+03,0.005031,0.008350,0.04757,2000.0
2.1555E+03,0.005225,0.008238,0.04757,2000.0
2.1555E+03,0.005949,0.007724,0.04757,2000.0
2.1556E+03,0.006129,0.007589,0.04757,2000.0
2.1556E+03,0.006794,0.006993,0.04757,2000.0
2.1556E+03,0.006954,0.006839,0.04757,2000.0
2.1557E+03,0.007552,0.006170,0.04757,2000.0
2.1557E+03,0.007691,0.005995,0.04757,2000.0
2.1558E+03,0.008203,0.005274,0.04757,2000.0
2.1558E+03,0.008322,0.005084,0.04757,2000.0
2.1558E+03,0.008755,0.004299,0.04757,2000.0
2.1559E+03,0.008848,0.004097,0.04757,2000.0
2.1559E+03,0.009188,0.003276,0.04757,2000.0
2.1559E+03,0.009256,0.003062,0.04757,2000.0
2.1560E+03,0.009503,0.002206,0.04757,2000.0
2.1560E+03,0.009544,0.001986,0.04757,2000.0
2.1561E+03,0.009693,0.001110,0.04757,2000.0
2.1561E+03,0.009707,0.000887,0.04757,2000.0
2.1561E+03,0.009757,0.000000,0.04757,2000.0
2.1562E+03,0.009707,-0.000887,0.04757,2000.0
2.1562E+03,0.009693,-0.001110,0.04757,2000.0
2.1563E+03,0.009544,-0.001986,0.04757,2000.0
2.1563E+03,0.009503,-0.002206,0.04757,2000.0
2.1563E+03,0.009256,-0.003062,0.04757,2000.0
2.1564E+03,0.009188,-0.003276,0.04757,2000.0
2.1564E+03,0.008848,-0.004097,0.04757,2000.0
2.1564E+03,0.008755,-0.004299,0.04757,2000.0
2.1565E+03,0.008322,-0.005084,0.04757,2000.0
2.1565E+03,0.008203,-0.005274,0.04757,2000.0
2.1566E+03,0.007691,-0.005995,0.04757,2000.0
2.1566E+03,0.007552,-0.006170,0.04757,2000.0
2.1566E+03,0.006954,-0.006839,0.04757,2000.0
2.1567E+03,0.006794,-0.006993,0.04757,2000.0
2.1567E+03,0.006129,-0.007589,0.04757,2000.0
2.1567E+03,0.005949,-0.007724,0.04757,2000.0
2.1568E+03,0.005225,-0.008238,0.04757,2000.0
2.1568E+03,0.005031,-0.008350,0.04757,2000.0
2.1569E+03,0.004252,-0.008780,0.04757,2000.0
2.1569E+03,0.004047,-0.008867,0.04757,2000.0
2.1569E+03,0.003224,-0.009208,0.04757,2000.0
2.1570E+03,0.002373,-0.009454,0.04757,2000.0
2.1570E+03,0.002158,-0.009515,0.04757,2000.0
2.1571E+03,0.001279,-0.009664,0.04757,2000.0
2.1571E+03,0.001059,-0.009697,0.04757,2000.0
2.1572E+03,0.000170,-0.009747,0.04757,2000.0
2.1572E+03,-0.000052,-0.009755,0.04757,2000.0
2.1572E+03,-0.000939,-0.009705,0.04757,2000.0
2.1572E+03,-0.001163,-0.009685,0.04757,2000.0
2.1573E+03,-0.002039,-0.009535,0.04757,2000.0
2.1573E+03,-0.002257,-0.009489,0.04757,2000.0
2.1574E+03,-0.003122,-0.009240,0.04757,2000.0
2.1574E+03,-0.003333,-0.009165,0.04757,2000.0
2.1574E+03,-0.004155,-0.008824,0.04757,2000.0
2.1575E+03,-0.004355,-0.008724,0.04757,2000.0
2.1575E+03,-0.005130,-0.008295,0.04757,2000.0
2.1575E+03,-0.005317,-0.008173,0.04757,2000.0
2.1576E+03,-0.006049,-0.007653,0.04757,2000.0
2.1576E+03,-0.006219,-0.007507,0.04757,2000.0
2.1577E+03,-0.006880,-0.006916,0.04757,2000.0
2.1577E+03,-0.007031,-0.006751,0.04757,2000.0
2.1577E+03,-0.007625,-0.006086,0.04757,2000.0
2.1578E+03,-0.008137,-0.005365,0.04757,2000.0
2.1578E+03,-0.008265,-0.005183,0.04757,2000.0
2.1579E+03,-0.008693,-0.004408,0.04757,2000.0
2.1579E+03,-0.008800,-0.004211,0.04757,2000.0
2.1580E+03,-0.009141,-0.003386,0.04757,2000.0
2.1580E+03,-0.009223,-0.003179,0.04757,2000.0
2.1580E+03,-0.009472,-0.002315,0.04757,2000.0
2.1580E+03,-0.009526,-0.002097,0.04757,2000.0
2.1581E+03,-0.009673,-0.001227,0.04757,2000.0
2.1581E+03,-0.009702,-0.001004,0.04757,2000.0
2.1582E+03,-0.009752,-0.000111,0.04757,2000.0
2.1582E+03,-0.009752,0.000111,0.04757,2000.0
2.1582E+03,-0.009702,0.001004,0.04757,2000.0
2.1583E+03,-0.009673,0.001227,0.04757,2000.0
2.1583E+03,-0.009526,0.002097,0.04757,2000.0
2.1583E+03,-0.009472,0.002315,0.04757,2000.0
2.1584E+03,-0.009223,0.003179,0.04757,2000.0
2.1584E+03,-0.009141,0.003386,0.04757,2000.0
2.1585E+03,-0.008800,0.004211,0.04757,2000.0
2.1585E+03,-0.008693,0.004408,0.04757,2000.0
2.1585E+03,-0.008265,0.005183,0.04757,0.0
2.1594E+03,-0.008265,0.005183,0.06027,0.0
2.1595E+03,-0.009709,0.006086,0.06027,0.0
2.1603E+03,-0.009709,0.006086,0.04757,2000.0
2.1603E+03,-0.009525,0.006346,0.04757,2000.0
2.1604E+03,-0.008956,0.007148,0.04757,2000.0
2.1605E+03,-0.008292,0.007891,0.04757,2000.0
2.1605E+03,-0.008077,0.008127,0.04757,2000.0
2.1606E+03,-0.007339,0.008786,0.04757,2000.0
2.1606E+03,-0.007097,0.008994,0.04757,2000.0
2.1607E+03,-0.006274,0.009578,0.04757,2000.0
2.1607E+03,-0.006007,0.009752,0.04757,2000.0
2.1607E+03,-0.005147,0.010229,0.04757,2000.0
2.1608E+03,-0.004862,0.010371,0.04757,2000.0
2.1608E+03,-0.003944,0.010752,0.04757,2000.0
2.1609E+03,-0.003642,0.010859,0.04757,2000.0
2.1609E+03,-0.002668,0.011140,0.04757,2000.0
2.1609E+03,-0.002358,0.011205,0.04757,2000.0
2.1610E+03,-0.001382,0.011372,0.04757,2000.0
2.1610E+03,-0.001062,0.011401,0.04757,2000.0
2.1611E+03,-0.000069,0.011457,0.04757,2000.0
2.1611E+03,0.000248,0.011445,0.04757,2000.0
2.1612E+03,0.001233,0.011390,0.04757,2000.0
2.1612E+03,0.001547,0.011343,0.04757,2000.0
2.1613E+03,0.002533,0.011176,0.04757,2000.0
2.1613E+03,0.002841,0.011088,0.04757,2000.0
2.1614E+03,0.003787,0.010815,0.04757,2000.0
2.1614E+03,0.004704,0.010435,0.04757,2000.0
2.1614E+03,0.004997,0.010311,0.04757,2000.0
2.1615E+03,0.005867,0.009830,0.04757,2000.0
2.1615E+03,0.006144,0.009670,0.04757,2000.0
2.1616E+03,0.006951,0.009097,0.04757,2000.0
2.1616E+03,0.007208,0.008904,0.04757,2000.0
2.1617E+03,0.007951,0.008239,0.04757,2000.0
2.1617E+03,0.008179,0.008020,0.04757,2000.0
2.1618E+03,0.008852,0.007266,0.04757,2000.0
2.1618E+03,0.009051,0.007017,0.04757,2000.0
2.1619E+03,0.009618,0.006218,0.04757,2000.0
2.1619E+03,0.009788,0.005946,0.04757,2000.0
2.1619E+03,0.010273,0.005066,0.04757,2000.0
2.1620E+03,0.010406,0.004778,0.04757,2000.0
2.1620E+03,0.010786,0.003860,0.04757,2000.0
2.1621E+03,0.010883,0.003555,0.04757,2000.0
2.1621E+03,0.011159,0.002598,0.04757,2000.0
2.1621E+03,0.011218,0.002284,0.04757,2000.0
2.1622E+03,0.011384,0.001306,0.04757,2000.0
2.1622E+03,0.011404,0.000988,0.04757,2000.0
2.1623E+03,0.011460,0.000000,0.04757,2000.0
2.1624E+03,0.011404,-0.000988,0.04757,2000.0
2.1624E+03,0.011384,-0.001306,0.04757,2000.0
2.1625E+03,0.011218,-0.002284,0.04757,2000.0
2.1625E+03,0.011159,-0.002598,0.04757,2000.0
2.1625E+03,0.010883,-0.003555,0.04757,2000.0
2.1626E+03,0.010786,-0.003860,0.04757,2000.0
2.1626E+03,0.010406,-0.004778,0.04757,2000.0
2.1626E+03,0.010273,-0.005066,0.04757,2000.0
2.1627E+03,0.009788,-0.005946,0.04757,2000.0
2.1627E+03,0.009618,-0.006218,0.04757,2000.0
2.1628E+03,0.009051,-0.007017,0.04757,2000.0
2.1628E+03,0.008852,-0.007266,0.04757,2000.0
2.1629E+03,0.008179,-0.008020,0.04757,2000.0
2.1629E+03,0.007951,-0.008239,0.04757,2000.0
2.1630E+03,0.007208,-0.008904,0.04757,2000.0
2.1630E+03,0.006951,-0.009097,0.04757,2000.0
2.1631E+03,0.006144,-0.009670,0.04757,2000.0
2.1631E+03,0.005867,-0.009830,0.04757,2000.0
2.1632E+03,0.004997,-0.010311,0.04757,2000.0
2.1632E+03,0.004704,-0.010435,0.04757,2000.0
2.1632E+03,0.003787,-0.010815,0.04757,2000.0
2.1633E+03,0.002841,-0.011088,0.04757,2000.0
2.1633E+03,0.002533,-0.011176,0.04757,2000.0
2.1634E+03,0.001547,-0.011343,0.04757,2000.0
2.1634E+03,0.001233,-0.011390,0.04757,2000.0
2.1635E+03,0.000248,-0.011445,0.04757,2000.0
2.1635E+03,-0.000069,-0.011457,0.04757,2000.0
2.1636E+03,-0.001062,-0.011401,0.04757,2000.0
2.1636E+03,-0.001382,-0.011372,0.04757,2000.0
2.1637E+03,-0.002358,-0.011205,0.04757,2000.0
2.1637E+03,-0.002668,-0.011140,0.04757,2000.0
2.1637E+03,-0.003642,-0.010859,0.04757,2000.0
2.1638E+03,-0.003944,-0.010752,0.04757,2000.0
2.1638E+03,-0.004862,-0.010371,0.04757,2000.0
2.1639E+03,-0.005147,-0.010229,0.04757,2000.0
2.1639E+03,-0.006007,-0.009752,0.04757,2000.0
2.1639E+03,-0.006274,-0.009578,0.04757,2000.0
2.1640E+03,-0.007097,-0.008994,0.04757,2000.0
2.1640E+03,-0.007339,-0.008786,0.04757,2000.0
2.1641E+03,-0.008077,-0.008127,0.04757,2000.0
2.1641E+03,-0.008292,-0.007891,0.04757,2000.0
2.1642E+03,-0.008956,-0.007148,0.04757,2000.0
2.1642E+03,-0.009525,-0.006346,0.04757,2000.0
2.1643E+03,-0.009709,-0.006086,0.04757,2000.0
2.1643E+03,-0.010184,-0.005225,0.04757,2000.0
2.1644E+03,-0.010337,-0.004943,0.04757,2000.0
2.1644E+03,-0.010717,-0.004024,0.04757,2000.0
2.1644E+03,-0.010834,-0.003729,0.04757,2000.0
2.1645E+03,-0.011114,-0.002755,0.04757,2000.0
2.1645E+03,-0.011192,-0.002443,0.04757,2000.0
2.1646E+03,-0.011355,-0.001478,0.04757,2000.0
2.1646E+03,-0.011396,-0.001161,0.04757,2000.0
2.1647E+03,-0.011452,-0.000159,0.04757,2000.0
2.1647E+03,-0.011452,0.000159,0.04757,2000.0
2.1648E+03,-0.011396,0.001161,0.04757,2000.0
2.1648E+03,-0.011355,0.001478,0.04757,2000.0
2.1649E+03,-0.011192,0.002443,0.04757,2000.0
2.1649E+03,-0.011114,0.002755,0.04757,2000.0
2.1649E+03,-0.010834,0.003729,0.04757,2000.0
2.1650E+03,-0.010717,0.004024,0.04757,2000.0
2.1650E+03,-0.010337,0.004943,0.04757,2000.0
2.1651E+03,-0.010184,0.005225,0.04757,2000.0
2.1651E+03,-0.009709,0.006086,0.04757,0.0
2.1660E+03,-0.009709,0.006086,0.06027,0.0
2.1661E+03,-0.011152,0.006990,0.06027,0.0
2.1669E+03,-0.011152,0.006990,0.04757,2000.0
2.1669E+03,-0.010912,0.007329,0.04757,2000.0
2.1670E+03,-0.010287,0.008210,0.04757,2000.0
2.1671E+03,-0.009554,0.009030,0.04757,2000.0
2.1671E+03,-0.009275,0.009337,0.04757,2000.0
2.1672E+03,-0.008459,0.010065,0.04757,2000.0
2.1672E+03,-0.008145,0.010335,0.04757,2000.0
2.1673E+03,-0.007230,0.010984,0.04757,2000.0
2.1673E+03,-0.006884,0.011209,0.04757,2000.0
2.1674E+03,-0.005939,0.011734,0.04757,2000.0
2.1674E+03,-0.005568,0.011919,0.04757,2000.0
2.1675E+03,-0.004554,0.012339,0.04757,2000.0
2.1675E+03,-0.004162,0.012478,0.04757,2000.0
2.1676E+03,-0.003079,0.012791,0.04757,2000.0
2.1676E+03,-0.002676,0.012875,0.04757,2000.0
2.1677E+03,-0.001602,0.013059,0.04757,2000.0
2.1677E+03,-0.001187,0.013097,0.04757,2000.0
2.1678E+03,-0.000085,0.013159,0.04757,2000.0
2.1678E+03,0.000328,0.013143,0.04757,2000.0
2.1679E+03,0.001407,0.013083,0.04757,2000.0
2.1679E+03,0.001815,0.013022,0.04757,2000.0
2.1680E+03,0.002910,0.012836,0.04757,2000.0
2.1680E+03,0.003310,0.012722,0.04757,2000.0
2.1681E+03,0.004350,0.012422,0.04757,2000.0
2.1682E+03,0.005361,0.012003,0.04757,2000.0
2.1682E+03,0.005742,0.011842,0.04757,2000.0
2.1683E+03,0.006703,0.011310,0.04757,2000.0
2.1683E+03,0.007063,0.011102,0.04757,2000.0
2.1684E+03,0.007954,0.010470,0.04757,2000.0
2.1684E+03,0.008287,0.010219,0.04757,2000.0
2.1685E+03,0.009107,0.009486,0.04757,2000.0
2.1685E+03,0.009404,0.009201,0.04757,2000.0
2.1686E+03,0.010151,0.008363,0.04757,2000.0
2.1686E+03,0.010409,0.008040,0.04757,2000.0
2.1687E+03,0.011033,0.007161,0.04757,2000.0
2.1687E+03,0.011254,0.006807,0.04757,2000.0
2.1688E+03,0.011791,0.005834,0.04757,2000.0
2.1688E+03,0.011964,0.005460,0.04757,2000.0
2.1689E+03,0.012384,0.004444,0.04757,2000.0
2.1689E+03,0.012510,0.004048,0.04757,2000.0
2.1690E+03,0.012815,0.002991,0.04757,2000.0
2.1690E+03,0.012892,0.002583,0.04757,2000.0
2.1691E+03,0.013075,0.001502,0.04757,2000.0
2.1691E+03,0.013101,0.001089,0.04757,2000.0
2.1692E+03,0.013163,0.000000,0.04757,2000.0
2.1692E+03,0.013101,-0.001089,0.04757,2000.0
2.1693E+03,0.013075,-0.001502,0.04757,2000.0
2.1693E+03,0.012892,-0.002583,0.04757,2000.0
2.1694E+03,0.012815,-0.002991,0.04757,2000.0
2.1694E+03,0.012510,-0.004048,0.04757,2000.0
2.1695E+03,0.012384,-0.004444,0.04757,2000.0
2.1695E+03,0.011964,-0.005460,0.04757,2000.0
2.1696E+03,0.011791,-0.005834,0.04757,2000.0
2.1696E+03,0.011254,-0.006807,0.04757,2000.0
2.1697E+03,0.011033,-0.007161,0.04757,2000.0
2.1697E+03,0.010409,-0.008040,0.04757,2000.0
2.1698E+03,0.010151,-0.008363,0.04757,2000.0
2.1698E+03,0.009404,-0.009201,0.04757,2000.0
2.1699E+03,0.009107,-0.009486,0.04757,2000.0
2.1699E+03,0.008287,-0.010219,0.04757,2000.0
2.1700E+03,0.007954,-0.010470,0.04757,2000.0
2.1700E+03,0.007063,-0.011102,0.04757,2000.0
2.1701E+03,0.006703,-0.011310,0.04757,2000.0
2.1701E+03,0.005742,-0.011842,0.04757,2000.0
2.1702E+03,0.005361,-0.012003,0.04757,2000.0
2.1702E+03,0.004350,-0.012422,0.04757,2000.0
2.1703E+03,0.003310,-0.012722,0.04757,2000.0
2.1703E+03,0.002910,-0.012836,0.04757,2000.0
2.1704E+03,0.001815,-0.013022,0.04757,2000.0
2.1705E+03,0.001407,-0.013083,0.04757,2000.0
2.1705E+03,0.000328,-0.013143,0.04757,2000.0
2.1706E+03,-0.000085,-0.013159,0.04757,2000.0
2.1706E+03,-0.001187,-0.013097,0.04757,2000.0
2.1707E+03,-0.001602,-0.013059,0.04757,2000.0
2.1707E+03,-0.002676,-0.012875,0.04757,2000.0
2.1708E+03,-0.003079,-0.012791,0.04757,2000.0
2.1708E+03,-0.004162,-0.012478,0.04757,2000.0
2.1709E+03,-0.004554,-0.012339,0.04757,2000.0
2.1709E+03,-0.005568,-0.011919,0.04757,2000.0
2.1710E+03,-0.005939,-0.011734,0.04757,2000.0
2.1710E+03,-0.006884,-0.011209,0.04757,2000.0
2.1711E+03,-0.007230,-0.010984,0.04757,2000.0
2.1711E+03,-0.008145,-0.010335,0.04757,2000.0
2.1712E+03,-0.008459,-0.010065,0.04757,2000.0
2.1712E+03,-0.009275,-0.009337,0.04757,2000.0
2.1713E+03,-0.009554,-0.009030,0.04757,2000.0
2.1713E+03,-0.010287,-0.008210,0.04757,2000.0
2.1714E+03,-0.010912,-0.007329,0.04757,2000.0
2.1714E+03,-0.011152,-0.006990,0.04757,2000.0
2.1715E+03,-0.011675,-0.006041,0.04757,2000.0
2.1715E+03,-0.011874,-0.005675,0.04757,2000.0
2.1716E+03,-0.012293,-0.004662,0.04757,2000.0
2.1716E+03,-0.012445,-0.004279,0.04757,2000.0
2.1717E+03,-0.012756,-0.003196,0.04757,2000.0
2.1717E+03,-0.012857,-0.002791,0.04757,2000.0
2.1718E+03,-0.013037,-0.001729,0.04757,2000.0
2.1718E+03,-0.013090,-0.001318,0.04757,2000.0
2.1719E+03,-0.013152,-0.000206,0.04757,2000.0
2.1719E+03,-0.013152,0.000206,0.04757,2000.0
2.1720E+03,-0.013090,0.001318,0.04757,2000.0
2.1720E+03,-0.013037,0.001729,0.04757,2000.0
2.1721E+03,-0.012857,0.002791,0.04757,2000.0
2.1721E+03,-0.012756,0.003196,0.04757,2000.0
2.1722E+03,-0.012445,0.004279,0.04757,2000.0
2.1722E+03,-0.012293,0.004662,0.04757,2000.0
2.1723E+03,-0.011874,0.005675,0.04757,2000.0
2.1723E+03,-0.011675,0.006041,0.04757,2000.0
2.1724E+03,-0.011152,0.006990,0.04757,0.0
2.1733E+03,-0.011152,0.006990,0.06027,0.0
2.1733E+03,-0.011612,0.007318,0.06027,0.0
2.1741E+03,-0.011612,0.007318,0.04757,2000.0
2.1741E+03,-0.011685,0.007204,0.04757,2000.0
2.1742E+03,-0.012120,0.006441,0.04757,2000.0
2.1742E+03,-0.012185,0.006323,0.04757,2000.0
2.1743E+03,-0.012602,0.005444,0.04757,2000.0
2.1743E+03,-0.012613,0.005419,0.04757,2000.0
2.1743E+03,-0.012966,0.004508,0.04757,2000.0
2.1743E+03,-0.012978,0.004475,0.04757,2000.0
2.1744E+03,-0.013270,0.003516,0.04757,2000.0
2.1744E+03,-0.013272,0.003511,0.04757,2000.0
2.1745E+03,-0.013489,0.002547,0.04757,2000.0
2.1745E+03,-0.013488,0.002547,0.04757,2000.0
2.1745E+03,-0.013495,0.002514,0.04757,2000.0
2.1745E+03,-0.013641,0.001533,0.04757,2000.0
2.1745E+03,-0.013645,0.001508,0.04757,2000.0
2.1746E+03,-0.013708,0.000657,0.04757,2000.0
2.1746E+03,-0.013718,0.000506,0.04757,2000.0
2.1747E+03,-0.013718,-0.000499,0.04757,2000.0
2.1747E+03,-0.013685,-0.000961,0.04757,2000.0
2.1747E+03,-0.013686,-0.000961,0.04757,2000.0
2.1747E+03,-0.013645,-0.001507,0.04757,2000.0
2.1747E+03,-0.013641,-0.001533,0.04757,2000.0
2.1748E+03,-0.013495,-0.002514,0.04757,2000.0
2.1748E+03,-0.013488,-0.002547,0.04757,2000.0
2.1748E+03,-0.013489,-0.002547,0.04757,2000.0
2.1749E+03,-0.013270,-0.003516,0.04757,2000.0
2.1749E+03,-0.012975,-0.004484,0.04757,2000.0
2.1749E+03,-0.012966,-0.004508,0.04757,2000.0
2.1750E+03,-0.012612,-0.005422,0.04757,2000.0
2.1750E+03,-0.012602,-0.005444,0.04757,2000.0
2.1751E+03,-0.012183,-0.006329,0.04757,2000.0
2.1751E+03,-0.012126,-0.006431,0.04757,2000.0
2.1751E+03,-0.011685,-0.007204,0.04757,2000.0
2.1752E+03,-0.011595,-0.007345,0.04757,2000.0
2.1752E+03,-0.011116,-0.008058,0.04757,2000.0
2.1752E+03,-0.011103,-0.008075,0.04757,2000.0
2.1753E+03,-0.010485,-0.008862,0.04757,2000.0
2.1753E+03,-0.010478,-0.008870,0.04757,2000.0
2.1753E+03,-0.009794,-0.009619,0.04757,2000.0
2.1753E+03,-0.009772,-0.009641,0.04757,2000.0
2.1754E+03,-0.009070,-0.010306,0.04757,2000.0
2.1754E+03,-0.009059,-0.010315,0.04757,2000.0
2.1755E+03,-0.008275,-0.010955,0.04757,2000.0
2.1755E+03,-0.007455,-0.011527,0.04757,2000.0
2.1755E+03,-0.007444,-0.011534,0.04757,2000.0
2.1756E+03,-0.006568,-0.012055,0.04757,2000.0
2.1756E+03,-0.006518,-0.012082,0.04757,2000.0
2.1757E+03,-0.005654,-0.012511,0.04757,2000.0
2.1757E+03,-0.005639,-0.012518,0.04757,2000.0
2.1757E+03,-0.004742,-0.012884,0.04757,2000.0
2.1758E+03,-0.004690,-0.012902,0.04757,2000.0
2.1758E+03,-0.003803,-0.013192,0.04757,2000.0
2.1758E+03,-0.003716,-0.013216,0.04757,2000.0
2.1759E+03,-0.002796,-0.013440,0.04757,2000.0
2.1759E+03,-0.002716,-0.013456,0.04757,2000.0
2.1760E+03,-0.001788,-0.013612,0.04757,2000.0
2.1760E+03,-0.001776,-0.013614,0.04757,2000.0
2.1760E+03,-0.000764,-0.013707,0.04757,2000.0
2.1760E+03,-0.000760,-0.013708,0.04757,2000.0
2.1761E+03,0.000244,-0.013726,0.04757,2000.0
2.1761E+03,0.000322,-0.013724,0.04757,2000.0
2.1762E+03,0.001213,-0.013676,0.04757,2000.0
2.1762E+03,0.001254,-0.013672,0.04757,2000.0
2.1762E+03,0.002270,-0.013540,0.04757,2000.0
2.1762E+03,0.002275,-0.013539,0.04757,2000.0
2.1763E+03,0.003269,-0.013333,0.04757,2000.0
2.1763E+03,0.003308,-0.013324,0.04757,2000.0
2.1764E+03,0.004174,-0.013078,0.04757,2000.0
2.1764E+03,0.004276,-0.013045,0.04757,2000.0
2.1764E+03,0.005191,-0.012709,0.04757,2000.0
2.1764E+03,0.005194,-0.012708,0.04757,2000.0
2.1765E+03,0.006099,-0.012300,0.04757,2000.0
2.1765E+03,0.006130,-0.012285,0.04757,2000.0
2.1766E+03,0.007004,-0.011808,0.04757,2000.0
2.1766E+03,0.007012,-0.011803,0.04757,2000.0
2.1766E+03,0.007861,-0.011255,0.04757,2000.0
2.1767E+03,0.008647,-0.010662,0.04757,2000.0
2.1767E+03,0.008676,-0.010639,0.04757,2000.0
2.1768E+03,0.009402,-0.010002,0.04757,2000.0
2.1768E+03,0.009433,-0.009973,0.04757,2000.0
2.1768E+03,0.010136,-0.009259,0.04757,2000.0
2.1769E+03,0.010784,-0.008493,0.04757,2000.0
2.1769E+03,0.010801,-0.008472,0.04757,2000.0
2.1770E+03,0.011398,-0.007652,0.04757,2000.0
2.1770E+03,0.011879,-0.006875,0.04757,2000.0
2.1770E+03,0.011931,-0.006790,0.04757,2000.0
2.1771E+03,0.012389,-0.005911,0.04757,2000.0
2.1771E+03,0.012409,-0.005872,0.04757,2000.0
2.1772E+03,0.012808,-0.004942,0.04757,2000.0
2.1772E+03,0.013080,-0.004153,0.04757,2000.0
2.1772E+03,0.013134,-0.003991,0.04757,2000.0
2.1773E+03,0.013354,-0.003165,0.04757,2000.0
2.1773E+03,0.013394,-0.003008,0.04757,2000.0
2.1774E+03,0.013573,-0.002050,0.04757,2000.0
2.1774E+03,0.013577,-0.002031,0.04757,2000.0
2.1774E+03,0.013689,-0.001019,0.04757,2000.0
2.1775E+03,0.013726,-0.000023,0.04757,2000.0
2.1775E+03,0.013727,0.000000,0.04757,2000.0
2.1776E+03,0.013689,0.001027,0.04757,2000.0
2.1776E+03,0.013687,0.001043,0.04757,2000.0
2.1776E+03,0.013577,0.002031,0.04757,2000.0
2.1776E+03,0.013576,0.002035,0.04757,2000.0
2.1777E+03,0.013394,0.003010,0.04757,2000.0
2.1777E+03,0.013358,0.003150,0.04757,2000.0
2.1778E+03,0.013134,0.003991,0.04757,2000.0
2.1778E+03,0.013080,0.004153,0.04757,2000.0
2.1778E+03,0.012810,0.004936,0.04757,2000.0
2.1779E+03,0.012405,0.005880,0.04757,2000.0
2.1780E+03,0.011931,0.006790,0.04757,2000.0
2.1780E+03,0.011879,0.006876,0.04757,2000.0
2.1780E+03,0.011408,0.007638,0.04757,2000.0
2.1781E+03,0.010802,0.008471,0.04757,2000.0
2.1781E+03,0.010784,0.008493,0.04757,2000.0
2.1782E+03,0.010140,0.009255,0.04757,2000.0
2.1783E+03,0.009439,0.009967,0.04757,2000.0
2.1783E+03,0.009397,0.010006,0.04757,2000.0
2.1783E+03,0.008671,0.010643,0.04757,2000.0
2.1784E+03,0.007863,0.011254,0.04757,2000.0
2.1785E+03,0.007021,0.011798,0.04757,2000.0
2.1785E+03,0.006994,0.011813,0.04757,2000.0
2.1785E+03,0.006129,0.012285,0.04757,2000.0
2.1786E+03,0.005181,0.012713,0.04757,2000.0
2.1787E+03,0.004277,0.013044,0.04757,2000.0
2.1787E+03,0.004176,0.013077,0.04757,2000.0
2.1787E+03,0.003312,0.013323,0.04757,2000.0
2.1787E+03,0.003250,0.013337,0.04757,2000.0
2.1788E+03,0.002275,0.013539,0.04757,2000.0
2.1788E+03,0.002270,0.013540,0.04757,2000.0
2.1789E+03,0.001254,0.013672,0.04757,2000.0
2.1789E+03,0.001213,0.013676,0.04757,2000.0
2.1789E+03,0.000322,0.013724,0.04757,2000.0
2.1789E+03,0.000244,0.013726,0.04757,2000.0
2.1790E+03,-0.000760,0.013708,0.04757,2000.0
2.1790E+03,-0.000764,0.013707,0.04757,2000.0
2.1791E+03,-0.001771,0.013615,0.04757,2000.0
2.1791E+03,-0.002741,0.013452,0.04757,2000.0
2.1791E+03,-0.002793,0.013441,0.04757,2000.0
2.1792E+03,-0.003716,0.013216,0.04757,2000.0
2.1792E+03,-0.003803,0.013192,0.04757,2000.0
2.1793E+03,-0.004690,0.012902,0.04757,2000.0
2.1793E+03,-0.004742,0.012884,0.04757,2000.0
2.1793E+03,-0.005639,0.012518,0.04757,2000.0
2.1793E+03,-0.005656,0.012510,0.04757,2000.0
2.1794E+03,-0.006535,0.012073,0.04757,2000.0
2.1794E+03,-0.006552,0.012064,0.04757,2000.0
2.1795E+03,-0.007451,0.011530,0.04757,2000.0
2.1795E+03,-0.008275,0.010955,0.04757,2000.0
2.1796E+03,-0.009059,0.010315,0.04757,2000.0
2.1796E+03,-0.009063,0.010312,0.04757,2000.0
2.1797E+03,-0.009789,0.009624,0.04757,2000.0
2.1797E+03,-0.009796,0.009618,0.04757,2000.0
2.1797E+03,-0.010464,0.008886,0.04757,2000.0
2.1797E+03,-0.010486,0.008860,0.04757,2000.0
2.1798E+03,-0.011094,0.008088,0.04757,2000.0
2.1798E+03,-0.011105,0.008072,0.04757,2000.0
2.1799E+03,-0.011612,0.007318,0.04757,0.0
2.1807E+03,-0.011612,0.007318,0.06027,0.0
2.1808E+03,-0.013075,0.008187,0.06027,0.0
2.1816E+03,-0.013075,0.008187,0.04757,2000.0
2.1817E+03,-0.013135,0.008094,0.04757,2000.0
2.1817E+03,-0.013607,0.007266,0.04757,2000.0
2.1817E+03,-0.013693,0.007111,0.04757,2000.0
2.1818E+03,-0.014138,0.006172,0.04757,2000.0
2.1818E+03,-0.014179,0.006083,0.04757,2000.0
2.1819E+03,-0.014561,0.005097,0.04757,2000.0
2.1819E+03,-0.014585,0.005032,0.04757,2000.0
2.1820E+03,-0.014896,0.004012,0.04757,2000.0
2.1820E+03,-0.014917,0.003941,0.04757,2000.0
2.1820E+03,-0.015148,0.002916,0.04757,2000.0
2.1820E+03,-0.015168,0.002826,0.04757,2000.0
2.1821E+03,-0.015322,0.001786,0.04757,2000.0
2.1821E+03,-0.015335,0.001701,0.04757,2000.0
2.1822E+03,-0.015403,0.000783,0.04757,2000.0
2.1822E+03,-0.015418,0.000564,0.04757,2000.0
2.1823E+03,-0.015418,-0.000564,0.04757,2000.0
2.1823E+03,-0.015381,-0.001082,0.04757,2000.0
2.1823E+03,-0.015335,-0.001701,0.04757,2000.0
2.1823E+03,-0.015322,-0.001786,0.04757,2000.0
2.1824E+03,-0.015168,-0.002826,0.04757,2000.0
2.1824E+03,-0.015148,-0.002916,0.04757,2000.0
2.1825E+03,-0.014917,-0.003941,0.04757,2000.0
2.1825E+03,-0.014896,-0.004012,0.04757,2000.0
2.1826E+03,-0.014585,-0.005032,0.04757,2000.0
2.1826E+03,-0.014561,-0.005097,0.04757,2000.0
2.1826E+03,-0.014178,-0.006086,0.04757,2000.0
2.1826E+03,-0.014138,-0.006172,0.04757,2000.0
2.1827E+03,-0.013693,-0.007111,0.04757,2000.0
2.1827E+03,-0.013603,-0.007273,0.04757,2000.0
2.1828E+03,-0.013135,-0.008094,0.04757,2000.0
2.1828E+03,-0.013075,-0.008187,0.04757,2000.0
2.1828E+03,-0.013076,-0.008187,0.04757,2000.0
2.1829E+03,-0.012494,-0.009054,0.04757,2000.0
2.1829E+03,-0.012440,-0.009125,0.04757,2000.0
2.1829E+03,-0.011790,-0.009953,0.04757,2000.0
2.1830E+03,-0.011734,-0.010016,0.04757,2000.0
2.1830E+03,-0.011025,-0.010793,0.04757,2000.0
2.1830E+03,-0.010941,-0.010876,0.04757,2000.0
2.1831E+03,-0.010209,-0.011569,0.04757,2000.0
2.1831E+03,-0.010134,-0.011632,0.04757,2000.0
2.1832E+03,-0.009318,-0.012298,0.04757,2000.0
2.1832E+03,-0.009255,-0.012344,0.04757,2000.0
2.1832E+03,-0.008384,-0.012952,0.04757,2000.0
2.1833E+03,-0.008330,-0.012985,0.04757,2000.0
2.1833E+03,-0.007392,-0.013543,0.04757,2000.0
2.1833E+03,-0.007308,-0.013588,0.04757,2000.0
2.1834E+03,-0.006396,-0.014041,0.04757,2000.0
2.1834E+03,-0.006300,-0.014084,0.04757,2000.0
2.1835E+03,-0.005332,-0.014479,0.04757,2000.0
2.1835E+03,-0.005252,-0.014507,0.04757,2000.0
2.1836E+03,-0.004279,-0.014824,0.04757,2000.0
2.1836E+03,-0.004152,-0.014860,0.04757,2000.0
2.1836E+03,-0.003176,-0.015098,0.04757,2000.0
2.1836E+03,-0.003036,-0.015126,0.04757,2000.0
2.1837E+03,-0.002037,-0.015294,0.04757,2000.0
2.1837E+03,-0.001954,-0.015305,0.04757,2000.0
2.1838E+03,-0.000881,-0.015404,0.04757,2000.0
2.1838E+03,-0.000825,-0.015407,0.04757,2000.0
2.1839E+03,0.000242,-0.015426,0.04757,2000.0
2.1839E+03,0.000364,-0.015424,0.04757,2000.0
2.1839E+03,0.001354,-0.015370,0.04757,2000.0
2.1839E+03,0.001441,-0.015362,0.04757,2000.0
2.1840E+03,0.002524,-0.015221,0.04757,2000.0
2.1840E+03,0.002579,-0.015212,0.04757,2000.0
2.1841E+03,0.003624,-0.014996,0.04757,2000.0
2.1841E+03,0.003733,-0.014971,0.04757,2000.0
2.1842E+03,0.004677,-0.014702,0.04757,2000.0
2.1842E+03,0.004814,-0.014658,0.04757,2000.0
2.1842E+03,0.005788,-0.014301,0.04757,2000.0
2.1842E+03,0.005858,-0.014273,0.04757,2000.0
2.1843E+03,0.006824,-0.013837,0.04757,2000.0
2.1843E+03,0.006907,-0.013797,0.04757,2000.0
2.1844E+03,0.007847,-0.013284,0.04757,2000.0
2.1844E+03,0.007896,-0.013256,0.04757,2000.0
2.1845E+03,0.008794,-0.012676,0.04757,2000.0
2.1845E+03,0.008848,-0.012640,0.04757,2000.0
2.1845E+03,0.009701,-0.011996,0.04757,2000.0
2.1845E+03,0.009763,-0.011947,0.04757,2000.0
2.1846E+03,0.010540,-0.011265,0.04757,2000.0
2.1846E+03,0.010617,-0.011194,0.04757,2000.0
2.1847E+03,0.011378,-0.010420,0.04757,2000.0
2.1847E+03,0.011407,-0.010389,0.04757,2000.0
2.1848E+03,0.012100,-0.009570,0.04757,2000.0
2.1848E+03,0.012145,-0.009515,0.04757,2000.0
2.1848E+03,0.012783,-0.008638,0.04757,2000.0
2.1848E+03,0.012820,-0.008586,0.04757,2000.0
2.1849E+03,0.013325,-0.007770,0.04757,2000.0
2.1849E+03,0.013415,-0.007621,0.04757,2000.0
2.1850E+03,0.013899,-0.006692,0.04757,2000.0
2.1850E+03,0.013945,-0.006603,0.04757,2000.0
2.1851E+03,0.014396,-0.005552,0.04757,2000.0
2.1851E+03,0.014728,-0.004588,0.04757,2000.0
2.1851E+03,0.014727,-0.004588,0.04757,2000.0
2.1852E+03,0.014765,-0.004475,0.04757,2000.0
2.1852E+03,0.015001,-0.003587,0.04757,2000.0
2.1852E+03,0.015054,-0.003380,0.04757,2000.0
2.1853E+03,0.015244,-0.002363,0.04757,2000.0
2.1853E+03,0.015260,-0.002278,0.04757,2000.0
2.1854E+03,0.015377,-0.001224,0.04757,2000.0
2.1854E+03,0.015378,-0.001224,0.04757,2000.0
2.1854E+03,0.015385,-0.001161,0.04757,2000.0
2.1855E+03,0.015425,-0.000082,0.04757,2000.0
2.1855E+03,0.015428,0.000005,0.04757,2000.0
2.1855E+03,0.015386,0.001144,0.04757,2000.0
2.1855E+03,0.015377,0.001231,0.04757,2000.0
2.1856E+03,0.015262,0.002263,0.04757,2000.0
2.1856E+03,0.015247,0.002348,0.04757,2000.0
2.1857E+03,0.015054,0.003380,0.04757,2000.0
2.1857E+03,0.015001,0.003587,0.04757,2000.0
2.1858E+03,0.014765,0.004475,0.04757,2000.0
2.1858E+03,0.014727,0.004588,0.04757,2000.0
2.1858E+03,0.014728,0.004588,0.04757,2000.0
2.1858E+03,0.014396,0.005552,0.04757,2000.0
2.1859E+03,0.013941,0.006611,0.04757,2000.0
2.1859E+03,0.013911,0.006670,0.04757,2000.0
2.1859E+03,0.013910,0.006670,0.04757,2000.0
2.1860E+03,0.013411,0.007627,0.04757,2000.0
2.1860E+03,0.013325,0.007770,0.04757,2000.0
2.1861E+03,0.012822,0.008583,0.04757,2000.0
2.1861E+03,0.012783,0.008638,0.04757,2000.0
2.1861E+03,0.012145,0.009515,0.04757,2000.0
2.1861E+03,0.012100,0.009570,0.04757,2000.0
2.1862E+03,0.011407,0.010389,0.04757,2000.0
2.1862E+03,0.011378,0.010420,0.04757,2000.0
2.1863E+03,0.010616,0.011195,0.04757,2000.0
2.1863E+03,0.010549,0.011257,0.04757,2000.0
2.1864E+03,0.009764,0.011946,0.04757,2000.0
2.1864E+03,0.009723,0.011979,0.04757,2000.0
2.1864E+03,0.008848,0.012640,0.04757,2000.0
2.1864E+03,0.008794,0.012676,0.04757,2000.0
2.1865E+03,0.007897,0.013255,0.04757,2000.0
2.1865E+03,0.007847,0.013284,0.04757,2000.0
2.1866E+03,0.006907,0.013797,0.04757,2000.0
2.1866E+03,0.006831,0.013834,0.04757,2000.0
2.1867E+03,0.005858,0.014273,0.04757,2000.0
2.1867E+03,0.005788,0.014301,0.04757,2000.0
2.1867E+03,0.004816,0.014657,0.04757,2000.0
2.1868E+03,0.004686,0.014699,0.04757,2000.0
2.1868E+03,0.003727,0.014972,0.04757,2000.0
2.1868E+03,0.003624,0.014996,0.04757,2000.0
2.1869E+03,0.002579,0.015212,0.04757,2000.0
2.1869E+03,0.002524,0.015221,0.04757,2000.0
2.1870E+03,0.001441,0.015362,0.04757,2000.0
2.1870E+03,0.001354,0.015370,0.04757,2000.0
2.1870E+03,0.000364,0.015424,0.04757,2000.0
2.1871E+03,0.000242,0.015426,0.04757,2000.0
2.1871E+03,-0.000825,0.015407,0.04757,2000.0
2.1871E+03,-0.000881,0.015404,0.04757,2000.0
2.1872E+03,-0.001954,0.015305,0.04757,2000.0
2.1872E+03,-0.002037,0.015294,0.04757,2000.0
2.1873E+03,-0.003038,0.015126,0.04757,2000.0
2.1873E+03,-0.003176,0.015098,0.04757,2000.0
2.1874E+03,-0.004152,0.014860,0.04757,2000.0
2.1874E+03,-0.004279,0.014824,0.04757,2000.0
2.1874E+03,-0.005252,0.014507,0.04757,2000.0
2.1874E+03,-0.005332,0.014479,0.04757,2000.0
2.1875E+03,-0.006300,0.014084,0.04757,2000.0
2.1875E+03,-0.006396,0.014041,0.04757,2000.0
2.1876E+03,-0.007310,0.013587,0.04757,2000.0
2.1876E+03,-0.007391,0.013543,0.04757,2000.0
2.1877E+03,-0.008341,0.012979,0.04757,2000.0
2.1877E+03,-0.008384,0.012952,0.04757,2000.0
2.1877E+03,-0.009255,0.012344,0.04757,2000.0
2.1877E+03,-0.009318,0.012298,0.04757,2000.0
2.1878E+03,-0.010134,0.011632,0.04757,2000.0
2.1878E+03,-0.010207,0.011570,0.04757,2000.0
2.1879E+03,-0.010958,0.010859,0.04757,2000.0
2.1879E+03,-0.011025,0.010793,0.04757,2000.0
2.1880E+03,-0.011736,0.010014,0.04757,2000.0
2.1880E+03,-0.011790,0.009952,0.04757,2000.0
2.1880E+03,-0.012442,0.009123,0.04757,2000.0
2.1880E+03,-0.012492,0.009056,0.04757,2000.0
2.1881E+03,-0.013076,0.008187,0.04757,2000.0
2.1881E+03,-0.013075,0.008187,0.04757,0.0
2.1890E+03,-0.013075,0.008187,0.06027,0.0
2.1891E+03,-0.014503,0.009110,0.06027,0.0
2.1899E+03,-0.014503,0.009110,0.04757,2000.0
2.1899E+03,-0.014587,0.008980,0.04757,2000.0
2.1900E+03,-0.015125,0.008036,0.04757,2000.0
2.1900E+03,-0.015124,0.008036,0.04757,2000.0
2.1900E+03,-0.015203,0.007894,0.04757,2000.0
2.1901E+03,-0.015682,0.006884,0.04757,2000.0
2.1901E+03,-0.015742,0.006754,0.04757,2000.0
2.1901E+03,-0.016146,0.005711,0.04757,2000.0
2.1902E+03,-0.016197,0.005574,0.04757,2000.0
2.1902E+03,-0.016522,0.004508,0.04757,2000.0
2.1902E+03,-0.016562,0.004373,0.04757,2000.0
2.1903E+03,-0.016809,0.003280,0.04757,2000.0
2.1903E+03,-0.016841,0.003134,0.04757,2000.0
2.1904E+03,-0.017004,0.002035,0.04757,2000.0
2.1904E+03,-0.017025,0.001892,0.04757,2000.0
2.1905E+03,-0.017108,0.000783,0.04757,2000.0
2.1905E+03,-0.017107,0.000783,0.04757,2000.0
2.1905E+03,-0.017118,0.000628,0.04757,2000.0
2.1906E+03,-0.017118,-0.000628,0.04757,2000.0
2.1906E+03,-0.017107,-0.000783,0.04757,2000.0
2.1906E+03,-0.017108,-0.000783,0.04757,2000.0
2.1907E+03,-0.017025,-0.001892,0.04757,2000.0
2.1907E+03,-0.017004,-0.002035,0.04757,2000.0
2.1907E+03,-0.016841,-0.003134,0.04757,2000.0
2.1908E+03,-0.016809,-0.003280,0.04757,2000.0
2.1908E+03,-0.016562,-0.004373,0.04757,2000.0
2.1908E+03,-0.016522,-0.004508,0.04757,2000.0
2.1909E+03,-0.016197,-0.005574,0.04757,2000.0
2.1909E+03,-0.016146,-0.005711,0.04757,2000.0
2.1910E+03,-0.015742,-0.006754,0.04757,2000.0
2.1910E+03,-0.015682,-0.006884,0.04757,2000.0
2.1911E+03,-0.015203,-0.007894,0.04757,2000.0
2.1911E+03,-0.015124,-0.008036,0.04757,2000.0
2.1911E+03,-0.015125,-0.008036,0.04757,2000.0
2.1912E+03,-0.014587,-0.008980,0.04757,2000.0
2.1912E+03,-0.014503,-0.009110,0.04757,2000.0
2.1912E+03,-0.013872,-0.010050,0.04757,2000.0
2.1913E+03,-0.013777,-0.010175,0.04757,2000.0
2.1913E+03,-0.013100,-0.011037,0.04757,2000.0
2.1913E+03,-0.012990,-0.011162,0.04757,2000.0
2.1914E+03,-0.012254,-0.011969,0.04757,2000.0
2.1914E+03,-0.012133,-0.012088,0.04757,2000.0
2.1915E+03,-0.011341,-0.012838,0.04757,2000.0
2.1915E+03,-0.011209,-0.012949,0.04757,2000.0
2.1916E+03,-0.010361,-0.013641,0.04757,2000.0
2.1916E+03,-0.010241,-0.013729,0.04757,2000.0
2.1917E+03,-0.009318,-0.014373,0.04757,2000.0
2.1917E+03,-0.009216,-0.014437,0.04757,2000.0
2.1918E+03,-0.008231,-0.015022,0.04757,2000.0
2.1918E+03,-0.008088,-0.015098,0.04757,2000.0
2.1918E+03,-0.007117,-0.015581,0.04757,2000.0
2.1918E+03,-0.006974,-0.015645,0.04757,2000.0
2.1919E+03,-0.005941,-0.016066,0.04757,2000.0
2.1919E+03,-0.005812,-0.016112,0.04757,2000.0
2.1920E+03,-0.004762,-0.016454,0.04757,2000.0
2.1920E+03,-0.004594,-0.016501,0.04757,2000.0
2.1921E+03,-0.003525,-0.016762,0.04757,2000.0
2.1921E+03,-0.003371,-0.016793,0.04757,2000.0
2.1922E+03,-0.002272,-0.016978,0.04757,2000.0
2.1922E+03,-0.002141,-0.016995,0.04757,2000.0
2.1923E+03,-0.001000,-0.017100,0.04757,2000.0
2.1923E+03,-0.000884,-0.017106,0.04757,2000.0
2.1923E+03,0.000241,-0.017127,0.04757,2000.0
2.1924E+03,0.000406,-0.017124,0.04757,2000.0
2.1924E+03,0.001498,-0.017064,0.04757,2000.0
2.1924E+03,0.001627,-0.017052,0.04757,2000.0
2.1925E+03,0.002767,-0.016904,0.04757,2000.0
2.1925E+03,0.002890,-0.016884,0.04757,2000.0
2.1926E+03,0.003998,-0.016655,0.04757,2000.0
2.1926E+03,0.004148,-0.016620,0.04757,2000.0
2.1927E+03,0.005178,-0.016327,0.04757,2000.0
2.1927E+03,0.005361,-0.016268,0.04757,2000.0
2.1928E+03,0.006395,-0.015889,0.04757,2000.0
2.1928E+03,0.006521,-0.015839,0.04757,2000.0
2.1928E+03,0.007559,-0.015370,0.04757,2000.0
2.1929E+03,0.007682,-0.015311,0.04757,2000.0
2.1929E+03,0.008662,-0.014776,0.04757,2000.0
2.1929E+03,0.008779,-0.014709,0.04757,2000.0
2.1930E+03,0.009741,-0.014088,0.04757,2000.0
2.1930E+03,0.009832,-0.014027,0.04757,2000.0
2.1931E+03,0.010751,-0.013333,0.04757,2000.0
2.1931E+03,0.010849,-0.013256,0.04757,2000.0
2.1932E+03,0.011675,-0.012531,0.04757,2000.0
2.1932E+03,0.011800,-0.012416,0.04757,2000.0
2.1933E+03,0.012591,-0.011611,0.04757,2000.0
2.1933E+03,0.012678,-0.011519,0.04757,2000.0
2.1934E+03,0.013411,-0.010653,0.04757,2000.0
2.1934E+03,0.013487,-0.010561,0.04757,2000.0
2.1934E+03,0.014158,-0.009638,0.04757,2000.0
2.1934E+03,0.014242,-0.009519,0.04757,2000.0
2.1935E+03,0.014819,-0.008586,0.04757,2000.0
2.1935E+03,0.014818,-0.008586,0.04757,2000.0
2.1935E+03,0.014899,-0.008452,0.04757,2000.0
2.1936E+03,0.015411,-0.007469,0.04757,2000.0
2.1936E+03,0.015484,-0.007327,0.04757,2000.0
2.1937E+03,0.015924,-0.006302,0.04757,2000.0
2.1937E+03,0.015925,-0.006302,0.04757,2000.0
2.1937E+03,0.015979,-0.006175,0.04757,2000.0
2.1938E+03,0.016340,-0.005126,0.04757,2000.0
2.1938E+03,0.016393,-0.004967,0.04757,2000.0
2.1939E+03,0.016675,-0.003908,0.04757,2000.0
2.1939E+03,0.016674,-0.003908,0.04757,2000.0
2.1939E+03,0.016714,-0.003752,0.04757,2000.0
2.1939E+03,0.016916,-0.002669,0.04757,2000.0
2.1940E+03,0.016944,-0.002516,0.04757,2000.0
2.1940E+03,0.017067,-0.001412,0.04757,2000.0
2.1940E+03,0.017083,-0.001262,0.04757,2000.0
2.1941E+03,0.017124,-0.000148,0.04757,2000.0
2.1941E+03,0.017130,0.000000,0.04757,2000.0
2.1942E+03,0.017083,0.001261,0.04757,2000.0
2.1942E+03,0.017068,0.001406,0.04757,2000.0
2.1943E+03,0.016944,0.002516,0.04757,2000.0
2.1943E+03,0.016918,0.002660,0.04757,2000.0
2.1944E+03,0.016714,0.003752,0.04757,2000.0
2.1944E+03,0.016674,0.003908,0.04757,2000.0
2.1944E+03,0.016675,0.003908,0.04757,2000.0
2.1945E+03,0.016393,0.004967,0.04757,2000.0
2.1945E+03,0.016340,0.005126,0.04757,2000.0
2.1945E+03,0.015979,0.006175,0.04757,2000.0
2.1945E+03,0.015925,0.006302,0.04757,2000.0
2.1945E+03,0.015924,0.006302,0.04757,2000.0
2.1946E+03,0.015484,0.007327,0.04757,2000.0
2.1946E+03,0.015418,0.007456,0.04757,2000.0
2.1947E+03,0.014899,0.008452,0.04757,2000.0
2.1947E+03,0.014818,0.008586,0.04757,2000.0
2.1947E+03,0.014819,0.008586,0.04757,2000.0
2.1948E+03,0.014242,0.009519,0.04757,2000.0
2.1948E+03,0.014158,0.009638,0.04757,2000.0
2.1949E+03,0.013487,0.010561,0.04757,2000.0
2.1949E+03,0.013411,0.010653,0.04757,2000.0
2.1950E+03,0.012678,0.011519,0.04757,2000.0
2.1950E+03,0.012591,0.011611,0.04757,2000.0
2.1950E+03,0.011800,0.012416,0.04757,2000.0
2.1951E+03,0.011686,0.012521,0.04757,2000.0
2.1951E+03,0.010849,0.013256,0.04757,2000.0
2.1951E+03,0.010751,0.013333,0.04757,2000.0
2.1952E+03,0.009832,0.014027,0.04757,2000.0
2.1952E+03,0.009741,0.014088,0.04757,2000.0
2.1953E+03,0.008779,0.014709,0.04757,2000.0
2.1953E+03,0.008662,0.014776,0.04757,2000.0
2.1954E+03,0.007682,0.015311,0.04757,2000.0
2.1954E+03,0.007559,0.015370,0.04757,2000.0
2.1955E+03,0.006521,0.015839,0.04757,2000.0
2.1955E+03,0.006395,0.015889,0.04757,2000.0
2.1955E+03,0.005361,0.016268,0.04757,2000.0
2.1956E+03,0.005180,0.016326,0.04757,2000.0
2.1956E+03,0.004148,0.016620,0.04757,2000.0
2.1956E+03,0.003998,0.016655,0.04757,2000.0
2.1957E+03,0.002890,0.016884,0.04757,2000.0
2.1957E+03,0.002767,0.016904,0.04757,2000.0
2.1958E+03,0.001627,0.017052,0.04757,2000.0
2.1958E+03,0.001498,0.017064,0.04757,2000.0
2.1959E+03,0.000406,0.017124,0.04757,2000.0
2.1959E+03,0.000241,0.017127,0.04757,2000.0
2.1960E+03,-0.000884,0.017106,0.04757,2000.0
2.1960E+03,-0.001000,0.017100,0.04757,2000.0
2.1961E+03,-0.002141,0.016995,0.04757,2000.0
2.1961E+03,-0.002272,0.016978,0.04757,2000.0
2.1961E+03,-0.003371,0.016793,0.04757,2000.0
2.1961E+03,-0.003525,0.016762,0.04757,2000.0
2.1962E+03,-0.004594,0.016501,0.04757,2000.0
2.1962E+03,-0.004762,0.016454,0.04757,2000.0
2.1963E+03,-0.005812,0.016112,0.04757,2000.0
2.1963E+03,-0.005941,0.016066,0.04757,2000.0
2.1964E+03,-0.006974,0.015645,0.04757,2000.0
2.1964E+03,-0.007117,0.015581,0.04757,2000.0
2.1965E+03,-0.008090,0.015097,0.04757,2000.0
2.1965E+03,-0.008231,0.015022,0.04757,2000.0
2.1966E+03,-0.009216,0.014437,0.04757,2000.0
2.1966E+03,-0.009318,0.014373,0.04757,2000.0
2.1966E+03,-0.010241,0.013729,0.04757,2000.0
2.1967E+03,-0.010361,0.013641,0.04757,2000.0
2.1967E+03,-0.011209,0.012949,0.04757,2000.0
2.1967E+03,-0.011341,0.012837,0.04757,2000.0
2.1968E+03,-0.012138,0.012083,0.04757,2000.0
2.1968E+03,-0.012254,0.011969,0.04757,2000.0
2.1969E+03,-0.012992,0.011160,0.04757,2000.0
2.1969E+03,-0.013100,0.011037,0.04757,2000.0
2.1970E+03,-0.013779,0.010173,0.04757,2000.0
2.1970E+03,-0.013872,0.010050,0.04757,2000.0
2.1971E+03,-0.014503,0.009110,0.04757,0.0
2.1977E+03,-0.014503,0.000000,0.04757,0.0
