2.9181E+03,-0.015563,0.009285,0.07234,0.0
2.9181E+03,-0.015586,0.009370,0.07234,0.0
2.9189E+03,-0.015586,0.009370,0.05964,2000.0
2.9190E+03,-0.016216,0.008232,0.05964,2000.0
2.9191E+03,-0.016773,0.007029,0.05964,2000.0
2.9191E+03,-0.016777,0.007018,0.05964,2000.0
2.9192E+03,-0.017237,0.005798,0.05964,2000.0
2.9192E+03,-0.017608,0.004549,0.05964,2000.0
2.9192E+03,-0.017613,0.004528,0.05964,2000.0
2.9193E+03,-0.017890,0.003266,0.05964,2000.0
2.9193E+03,-0.017892,0.003252,0.05964,2000.0
2.9194E+03,-0.018081,0.001954,0.05964,2000.0
2.9195E+03,-0.018174,0.000663,0.05964,2000.0
2.9196E+03,-0.018174,-0.000663,0.05964,2000.0
2.9197E+03,-0.018081,-0.001954,0.05964,2000.0
2.9198E+03,-0.017892,-0.003252,0.05964,2000.0
2.9198E+03,-0.017889,-0.003272,0.05964,2000.0
2.9199E+03,-0.017613,-0.004528,0.05964,2000.0
2.9199E+03,-0.017607,-0.004552,0.05964,2000.0
2.9199E+03,-0.017233,-0.005810,0.05964,2000.0
2.9200E+03,-0.016777,-0.007018,0.05964,2000.0
2.9200E+03,-0.016768,-0.007041,0.05964,2000.0
2.9201E+03,-0.016221,-0.008224,0.05964,2000.0
2.9202E+03,-0.015586,-0.009370,0.05964,2000.0
2.9203E+03,-0.014874,-0.010463,0.05964,2000.0
2.9203E+03,-0.014860,-0.010484,0.05964,2000.0
2.9204E+03,-0.014079,-0.011511,0.05964,2000.0
2.9205E+03,-0.013199,-0.012511,0.05964,2000.0
2.9206E+03,-0.012285,-0.013409,0.05964,2000.0
2.9206E+03,-0.012267,-0.013426,0.05964,2000.0
2.9206E+03,-0.011253,-0.014287,0.05964,2000.0
2.9207E+03,-0.010218,-0.015044,0.05964,2000.0
2.9207E+03,-0.010205,-0.015053,0.05964,2000.0
2.9208E+03,-0.009092,-0.015751,0.05964,2000.0
2.9209E+03,-0.007951,-0.016356,0.05964,2000.0
2.9209E+03,-0.007921,-0.016370,0.05964,2000.0
2.9210E+03,-0.006736,-0.016893,0.05964,2000.0
2.9210E+03,-0.006728,-0.016896,0.05964,2000.0
2.9211E+03,-0.005488,-0.017339,0.05964,2000.0
2.9212E+03,-0.004247,-0.017683,0.05964,2000.0
2.9212E+03,-0.004219,-0.017690,0.05964,2000.0
2.9213E+03,-0.002945,-0.017947,0.05964,2000.0
2.9213E+03,-0.001650,-0.018111,0.05964,2000.0
2.9213E+03,-0.001623,-0.018114,0.05964,2000.0
2.9214E+03,-0.000331,-0.018183,0.05964,2000.0
2.9214E+03,-0.000327,-0.018183,0.05964,2000.0
2.9215E+03,0.000980,-0.018160,0.05964,2000.0
2.9215E+03,0.000983,-0.018159,0.05964,2000.0
2.9216E+03,0.002298,-0.018040,0.05964,2000.0
2.9217E+03,0.003593,-0.017828,0.05964,2000.0
2.9218E+03,0.004854,-0.017526,0.05964,2000.0
2.9218E+03,0.004889,-0.017516,0.05964,2000.0
2.9219E+03,0.006097,-0.017134,0.05964,2000.0
2.9219E+03,0.006114,-0.017127,0.05964,2000.0
2.9220E+03,0.007337,-0.016641,0.05964,2000.0
2.9220E+03,0.008521,-0.016066,0.05964,2000.0
2.9221E+03,0.009644,-0.015418,0.05964,2000.0
2.9222E+03,0.010748,-0.014670,0.05964,2000.0
2.9223E+03,0.011762,-0.013870,0.05964,2000.0
2.9224E+03,0.012746,-0.012973,0.05964,2000.0
2.9224E+03,0.012753,-0.012965,0.05964,2000.0
2.9225E+03,0.013644,-0.012023,0.05964,2000.0
2.9225E+03,0.013648,-0.012018,0.05964,2000.0
2.9226E+03,0.014479,-0.011003,0.05964,2000.0
2.9226E+03,0.014492,-0.010986,0.05964,2000.0
2.9227E+03,0.015236,-0.009929,0.05964,2000.0
2.9227E+03,0.015912,-0.008806,0.05964,2000.0
2.9228E+03,0.016502,-0.007642,0.05964,2000.0
2.9229E+03,0.017016,-0.006416,0.05964,2000.0
2.9230E+03,0.017432,-0.005183,0.05964,2000.0
2.9231E+03,0.017758,-0.003923,0.05964,2000.0
2.9232E+03,0.017996,-0.002619,0.05964,2000.0
2.9233E+03,0.018138,-0.001316,0.05964,2000.0
2.9234E+03,0.018186,0.000000,0.05964,2000.0
2.9234E+03,0.018138,0.001313,0.05964,2000.0
2.9235E+03,0.017996,0.002618,0.05964,2000.0
2.9236E+03,0.017761,0.003907,0.05964,2000.0
2.9236E+03,0.017759,0.003918,0.05964,2000.0
2.9237E+03,0.017435,0.005172,0.05964,2000.0
2.9237E+03,0.017433,0.005179,0.05964,2000.0
2.9238E+03,0.017018,0.006411,0.05964,2000.0
2.9239E+03,0.016510,0.007623,0.05964,2000.0
2.9239E+03,0.016503,0.007640,0.05964,2000.0
2.9240E+03,0.015914,0.008802,0.05964,2000.0
2.9241E+03,0.015236,0.009929,0.05964,2000.0
2.9241E+03,0.014492,0.010986,0.05964,2000.0
2.9241E+03,0.014479,0.011003,0.05964,2000.0
2.9242E+03,0.013648,0.012018,0.05964,2000.0
2.9242E+03,0.013649,0.012018,0.05964,2000.0
2.9243E+03,0.012753,0.012965,0.05964,2000.0
2.9243E+03,0.012746,0.012973,0.05964,2000.0
2.9244E+03,0.011762,0.013870,0.05964,2000.0
2.9245E+03,0.010748,0.014670,0.05964,2000.0
2.9246E+03,0.009644,0.015418,0.05964,2000.0
2.9247E+03,0.008521,0.016066,0.05964,2000.0
2.9248E+03,0.007337,0.016641,0.05964,2000.0
2.9248E+03,0.006114,0.017127,0.05964,2000.0
2.9248E+03,0.006097,0.017134,0.05964,2000.0
2.9249E+03,0.004889,0.017516,0.05964,2000.0
2.9249E+03,0.004854,0.017526,0.05964,2000.0
2.9250E+03,0.003593,0.017828,0.05964,2000.0
2.9251E+03,0.002298,0.018040,0.05964,2000.0
2.9252E+03,0.000983,0.018159,0.05964,2000.0
2.9252E+03,0.000980,0.018160,0.05964,2000.0
2.9253E+03,-0.000327,0.018183,0.05964,2000.0
2.9253E+03,-0.000331,0.018183,0.05964,2000.0
2.9254E+03,-0.001623,0.018114,0.05964,2000.0
2.9254E+03,-0.001650,0.018111,0.05964,2000.0
2.9255E+03,-0.002945,0.017947,0.05964,2000.0
2.9255E+03,-0.004219,0.017690,0.05964,2000.0
2.9255E+03,-0.004247,0.017683,0.05964,2000.0
2.9256E+03,-0.005488,0.017339,0.05964,2000.0
2.9257E+03,-0.006728,0.016896,0.05964,2000.0
2.9257E+03,-0.006736,0.016893,0.05964,2000.0
2.9258E+03,-0.007921,0.016370,0.05964,2000.0
2.9258E+03,-0.007951,0.016356,0.05964,2000.0
2.9259E+03,-0.009092,0.015751,0.05964,2000.0
2.9260E+03,-0.010205,0.015053,0.05964,2000.0
2.9260E+03,-0.010218,0.015044,0.05964,2000.0
2.9261E+03,-0.011254,0.014286,0.05964,2000.0
2.9262E+03,-0.012267,0.013426,0.05964,2000.0
2.9262E+03,-0.012285,0.013409,0.05964,2000.0
2.9262E+03,-0.013205,0.012504,0.05964,2000.0
2.9263E+03,-0.014079,0.011511,0.05964,2000.0
2.9264E+03,-0.014863,0.010480,0.05964,2000.0
2.9264E+03,-0.014874,0.010463,0.05964,2000.0
2.9265E+03,-0.015586,0.009370,0.05964,0.0
2.9274E+03,-0.015586,0.009370,0.07234,0.0
2.9275E+03,-0.014130,0.008491,0.07234,0.0
2.9283E+03,-0.014130,0.008491,0.05964,2000.0
2.9284E+03,-0.014695,0.007470,0.05964,2000.0
2.9284E+03,-0.015206,0.006367,0.05964,2000.0
2.9285E+03,-0.015624,0.005255,0.05964,2000.0
2.9286E+03,-0.015965,0.004107,0.05964,2000.0
2.9287E+03,-0.016214,0.002975,0.05964,2000.0
2.9288E+03,-0.016389,0.001778,0.05964,2000.0
2.9288E+03,-0.016474,0.000597,0.05964,2000.0
2.9289E+03,-0.016474,-0.000597,0.05964,2000.0
2.9290E+03,-0.016389,-0.001779,0.05964,2000.0
2.9291E+03,-0.016216,-0.002967,0.05964,2000.0
2.9292E+03,-0.015963,-0.004116,0.05964,2000.0
2.9292E+03,-0.015617,-0.005279,0.05964,2000.0
2.9293E+03,-0.015203,-0.006375,0.05964,2000.0
2.9294E+03,-0.014706,-0.007451,0.05964,2000.0
2.9295E+03,-0.014126,-0.008497,0.05964,2000.0
2.9296E+03,-0.013473,-0.009500,0.05964,2000.0
2.9296E+03,-0.012762,-0.010434,0.05964,2000.0
2.9297E+03,-0.011965,-0.011340,0.05964,2000.0
2.9298E+03,-0.011124,-0.012166,0.05964,2000.0
2.9299E+03,-0.010202,-0.012949,0.05964,2000.0
2.9300E+03,-0.009251,-0.013645,0.05964,2000.0
2.9300E+03,-0.008243,-0.014277,0.05964,2000.0
2.9301E+03,-0.007197,-0.014832,0.05964,2000.0
2.9302E+03,-0.006111,-0.015311,0.05964,2000.0
2.9303E+03,-0.004970,-0.015719,0.05964,2000.0
2.9303E+03,-0.003831,-0.016035,0.05964,2000.0
2.9304E+03,-0.002683,-0.016266,0.05964,2000.0
2.9305E+03,-0.001475,-0.016419,0.05964,2000.0
2.9306E+03,-0.000297,-0.016482,0.05964,2000.0
2.9307E+03,0.000885,-0.016461,0.05964,2000.0
2.9307E+03,0.002077,-0.016353,0.05964,2000.0
2.9308E+03,0.003266,-0.016159,0.05964,2000.0
2.9309E+03,0.004407,-0.015885,0.05964,2000.0
2.9310E+03,0.005523,-0.015532,0.05964,2000.0
2.9311E+03,0.006654,-0.015083,0.05964,2000.0
2.9311E+03,0.007726,-0.014562,0.05964,2000.0
2.9312E+03,0.008740,-0.013977,0.05964,2000.0
2.9313E+03,0.009739,-0.013300,0.05964,2000.0
2.9314E+03,0.010669,-0.012566,0.05964,2000.0
2.9315E+03,0.011546,-0.011767,0.05964,2000.0
2.9315E+03,0.012371,-0.010895,0.05964,2000.0
2.9316E+03,0.013128,-0.009970,0.05964,2000.0
2.9317E+03,0.013814,-0.008995,0.05964,2000.0
2.9318E+03,0.014423,-0.007984,0.05964,2000.0
2.9319E+03,0.014957,-0.006931,0.05964,2000.0
2.9319E+03,0.015425,-0.005814,0.05964,2000.0
2.9320E+03,0.015801,-0.004700,0.05964,2000.0
2.9321E+03,0.016099,-0.003548,0.05964,2000.0
2.9322E+03,0.016312,-0.002379,0.05964,2000.0
2.9323E+03,0.016441,-0.001195,0.05964,2000.0
2.9323E+03,0.016485,0.000000,0.05964,2000.0
2.9324E+03,0.016441,0.001192,0.05964,2000.0
2.9325E+03,0.016312,0.002379,0.05964,2000.0
2.9326E+03,0.016099,0.003547,0.05964,2000.0
2.9326E+03,0.015803,0.004691,0.05964,2000.0
2.9327E+03,0.015427,0.005810,0.05964,2000.0
2.9328E+03,0.014958,0.006929,0.05964,2000.0
2.9329E+03,0.014427,0.007976,0.05964,2000.0
2.9330E+03,0.013811,0.008999,0.05964,2000.0
2.9330E+03,0.013129,0.009969,0.05964,2000.0
2.9331E+03,0.012363,0.010904,0.05964,2000.0
2.9332E+03,0.011546,0.011767,0.05964,2000.0
2.9333E+03,0.010669,0.012566,0.05964,2000.0
2.9334E+03,0.009739,0.013300,0.05964,2000.0
2.9334E+03,0.008740,0.013977,0.05964,2000.0
2.9335E+03,0.007726,0.014562,0.05964,2000.0
2.9336E+03,0.006654,0.015083,0.05964,2000.0
2.9337E+03,0.005523,0.015532,0.05964,2000.0
2.9338E+03,0.004407,0.015885,0.05964,2000.0
2.9338E+03,0.003266,0.016159,0.05964,2000.0
2.9339E+03,0.002077,0.016353,0.05964,2000.0
2.9340E+03,0.000885,0.016461,0.05964,2000.0
2.9341E+03,-0.000297,0.016482,0.05964,2000.0
2.9342E+03,-0.001475,0.016419,0.05964,2000.0
2.9342E+03,-0.002683,0.016266,0.05964,2000.0
2.9343E+03,-0.003833,0.016034,0.05964,2000.0
2.9344E+03,-0.004970,0.015719,0.05964,2000.0
2.9345E+03,-0.006111,0.015311,0.05964,2000.0
2.9346E+03,-0.007197,0.014832,0.05964,2000.0
2.9346E+03,-0.008243,0.014277,0.05964,2000.0
2.9347E+03,-0.009250,0.013645,0.05964,2000.0
2.9348E+03,-0.010203,0.012948,0.05964,2000.0
2.9349E+03,-0.011124,0.012167,0.05964,2000.0
2.9349E+03,-0.011971,0.011334,0.05964,2000.0
2.9350E+03,-0.012762,0.010434,0.05964,2000.0
2.9351E+03,-0.013468,0.009506,0.05964,2000.0
2.9352E+03,-0.014130,0.008491,0.05964,0.0
2.9360E+03,-0.014130,0.008491,0.07234,0.0
2.9361E+03,-0.012677,0.007606,0.07234,0.0
2.9370E+03,-0.012677,0.007606,0.05964,2000.0
2.9370E+03,-0.013171,0.006713,0.05964,2000.0
2.9371E+03,-0.013642,0.005698,0.05964,2000.0
2.9372E+03,-0.014009,0.004722,0.05964,2000.0
2.9373E+03,-0.014320,0.003673,0.05964,2000.0
2.9373E+03,-0.014540,0.002672,0.05964,2000.0
2.9374E+03,-0.014697,0.001600,0.05964,2000.0
2.9375E+03,-0.014774,0.000531,0.05964,2000.0
2.9375E+03,-0.014774,-0.000531,0.05964,2000.0
2.9376E+03,-0.014697,-0.001604,0.05964,2000.0
2.9377E+03,-0.014543,-0.002660,0.05964,2000.0
2.9377E+03,-0.014316,-0.003693,0.05964,2000.0
2.9378E+03,-0.014006,-0.004734,0.05964,2000.0
2.9379E+03,-0.013634,-0.005718,0.05964,2000.0
2.9380E+03,-0.013191,-0.006678,0.05964,2000.0
2.9380E+03,-0.012672,-0.007614,0.05964,2000.0
2.9381E+03,-0.012081,-0.008521,0.05964,2000.0
2.9382E+03,-0.011440,-0.009363,0.05964,2000.0
2.9382E+03,-0.010731,-0.010169,0.05964,2000.0
2.9383E+03,-0.009976,-0.010911,0.05964,2000.0
2.9384E+03,-0.009151,-0.011611,0.05964,2000.0
2.9385E+03,-0.008292,-0.012240,0.05964,2000.0
2.9385E+03,-0.007400,-0.012800,0.05964,2000.0
2.9386E+03,-0.006445,-0.013306,0.05964,2000.0
2.9387E+03,-0.005488,-0.013728,0.05964,2000.0
2.9387E+03,-0.004451,-0.014099,0.05964,2000.0
2.9388E+03,-0.003443,-0.014379,0.05964,2000.0
2.9389E+03,-0.002411,-0.014586,0.05964,2000.0
2.9390E+03,-0.001321,-0.014724,0.05964,2000.0
2.9390E+03,-0.000264,-0.014781,0.05964,2000.0
2.9391E+03,0.000798,-0.014762,0.05964,2000.0
2.9392E+03,0.001859,-0.014666,0.05964,2000.0
2.9392E+03,0.002933,-0.014491,0.05964,2000.0
2.9393E+03,0.003948,-0.014247,0.05964,2000.0
2.9394E+03,0.004957,-0.013928,0.05964,2000.0
2.9395E+03,0.005967,-0.013527,0.05964,2000.0
2.9395E+03,0.006920,-0.013064,0.05964,2000.0
2.9396E+03,0.007846,-0.012530,0.05964,2000.0
2.9397E+03,0.008739,-0.011924,0.05964,2000.0
2.9397E+03,0.009560,-0.011276,0.05964,2000.0
2.9398E+03,0.010359,-0.010548,0.05964,2000.0
2.9399E+03,0.011088,-0.009778,0.05964,2000.0
2.9400E+03,0.011781,-0.008931,0.05964,2000.0
2.9400E+03,0.012388,-0.008068,0.05964,2000.0
2.9401E+03,0.012934,-0.007162,0.05964,2000.0
2.9402E+03,0.013412,-0.006220,0.05964,2000.0
2.9402E+03,0.013832,-0.005217,0.05964,2000.0
2.9403E+03,0.014171,-0.004213,0.05964,2000.0
2.9404E+03,0.014440,-0.003174,0.05964,2000.0
2.9405E+03,0.014628,-0.002140,0.05964,2000.0
2.9405E+03,0.014744,-0.001074,0.05964,2000.0
2.9406E+03,0.014784,0.000000,0.05964,2000.0
2.9407E+03,0.014744,0.001071,0.05964,2000.0
2.9407E+03,0.014628,0.002140,0.05964,2000.0
2.9408E+03,0.014440,0.003173,0.05964,2000.0
2.9409E+03,0.014169,0.004218,0.05964,2000.0
2.9409E+03,0.013839,0.005201,0.05964,2000.0
2.9410E+03,0.013413,0.006217,0.05964,2000.0
2.9411E+03,0.012938,0.007154,0.05964,2000.0
2.9412E+03,0.012391,0.008062,0.05964,2000.0
2.9412E+03,0.011769,0.008947,0.05964,2000.0
2.9413E+03,0.011094,0.009771,0.05964,2000.0
2.9414E+03,0.010352,0.010554,0.05964,2000.0
2.9414E+03,0.009560,0.011276,0.05964,2000.0
2.9415E+03,0.008739,0.011924,0.05964,2000.0
2.9416E+03,0.007846,0.012530,0.05964,2000.0
2.9417E+03,0.006920,0.013064,0.05964,2000.0
2.9417E+03,0.005967,0.013527,0.05964,2000.0
2.9418E+03,0.004957,0.013928,0.05964,2000.0
2.9419E+03,0.003948,0.014247,0.05964,2000.0
2.9419E+03,0.002933,0.014491,0.05964,2000.0
2.9420E+03,0.001859,0.014666,0.05964,2000.0
2.9421E+03,0.000798,0.014762,0.05964,2000.0
2.9422E+03,-0.000264,0.014781,0.05964,2000.0
2.9422E+03,-0.001321,0.014724,0.05964,2000.0
2.9423E+03,-0.002421,0.014585,0.05964,2000.0
2.9424E+03,-0.003435,0.014381,0.05964,2000.0
2.9424E+03,-0.004452,0.014099,0.05964,2000.0
2.9425E+03,-0.005488,0.013728,0.05964,2000.0
2.9426E+03,-0.006445,0.013306,0.05964,2000.0
2.9427E+03,-0.007393,0.012803,0.05964,2000.0
2.9427E+03,-0.008296,0.012236,0.05964,2000.0
2.9428E+03,-0.009151,0.011611,0.05964,2000.0
2.9429E+03,-0.009977,0.010910,0.05964,2000.0
2.9429E+03,-0.010736,0.010165,0.05964,2000.0
2.9430E+03,-0.011446,0.009356,0.05964,2000.0
2.9431E+03,-0.012075,0.008530,0.05964,2000.0
2.9432E+03,-0.012677,0.007606,0.05964,0.0
2.9440E+03,-0.012677,0.007606,0.07234,0.0
2.9442E+03,-0.010706,0.005819,0.07234,0.0
2.9450E+03,-0.010706,0.005819,0.05964,2000.0
2.9450E+03,-0.010593,0.005819,0.05964,2000.0
2.9450E+03,-0.010447,0.006090,0.05964,2000.0
2.9451E+03,-0.010271,0.006406,0.05964,2000.0
2.9451E+03,-0.009647,0.007288,0.05964,2000.0
2.9451E+03,-0.009445,0.007576,0.05964,2000.0
2.9452E+03,-0.008486,0.008628,0.05964,2000.0
2.9453E+03,-0.008218,0.008873,0.05964,2000.0
2.9453E+03,-0.007347,0.009619,0.05964,2000.0
2.9454E+03,-0.007052,0.009824,0.05964,2000.0
2.9454E+03,-0.006159,0.010417,0.05964,2000.0
2.9455E+03,-0.005841,0.010592,0.05964,2000.0
2.9455E+03,-0.004878,0.011071,0.05964,2000.0
2.9456E+03,-0.004545,0.011212,0.05964,2000.0
2.9456E+03,-0.003492,0.011583,0.05964,2000.0
2.9457E+03,-0.003146,0.011683,0.05964,2000.0
2.9457E+03,-0.002117,0.011907,0.05964,2000.0
2.9458E+03,-0.001760,0.011975,0.05964,2000.0
2.9458E+03,-0.000600,0.012080,0.05964,2000.0
2.9459E+03,-0.000244,0.012097,0.05964,2000.0
2.9459E+03,0.000854,0.012064,0.05964,2000.0
2.9460E+03,0.001218,0.012040,0.05964,2000.0
2.9460E+03,0.002251,0.011879,0.05964,2000.0
2.9460E+03,0.002607,0.011823,0.05964,2000.0
2.9461E+03,0.003677,0.011518,0.05964,2000.0
2.9461E+03,0.004025,0.011419,0.05964,2000.0
2.9462E+03,0.005354,0.010856,0.05964,2000.0
2.9463E+03,0.005667,0.010682,0.05964,2000.0
2.9463E+03,0.006630,0.010127,0.05964,2000.0
2.9464E+03,0.006923,0.009915,0.05964,2000.0
2.9464E+03,0.007802,0.009253,0.05964,2000.0
2.9465E+03,0.008070,0.009008,0.05964,2000.0
2.9465E+03,0.008830,0.008272,0.05964,2000.0
2.9466E+03,0.009071,0.008003,0.05964,2000.0
2.9466E+03,0.009776,0.007127,0.05964,2000.0
2.9467E+03,0.009985,0.006831,0.05964,2000.0
2.9467E+03,0.010542,0.005931,0.05964,2000.0
2.9467E+03,0.010720,0.005615,0.05964,2000.0
2.9468E+03,0.011186,0.004600,0.05964,2000.0
2.9468E+03,0.011324,0.004266,0.05964,2000.0
2.9469E+03,0.011657,0.003220,0.05964,2000.0
2.9469E+03,0.011757,0.002872,0.05964,2000.0
2.9470E+03,0.011962,0.001777,0.05964,2000.0
2.9470E+03,0.012018,0.001429,0.05964,2000.0
2.9471E+03,0.012197,0.001429,0.05964,2000.0
2.9471E+03,0.012109,0.000017,0.05964,2000.0
2.9471E+03,0.012110,0.000000,0.05964,2000.0
2.9471E+03,0.012109,-0.000017,0.05964,2000.0
2.9472E+03,0.012197,-0.001429,0.05964,2000.0
2.9473E+03,0.012018,-0.001429,0.05964,2000.0
2.9473E+03,0.011962,-0.001777,0.05964,2000.0
2.9474E+03,0.011757,-0.002872,0.05964,2000.0
2.9474E+03,0.011657,-0.003220,0.05964,2000.0
2.9475E+03,0.011324,-0.004266,0.05964,2000.0
2.9475E+03,0.011186,-0.004600,0.05964,2000.0
2.9475E+03,0.010720,-0.005615,0.05964,2000.0
2.9476E+03,0.010542,-0.005931,0.05964,2000.0
2.9476E+03,0.009985,-0.006831,0.05964,2000.0
2.9477E+03,0.009776,-0.007127,0.05964,2000.0
2.9477E+03,0.009071,-0.008003,0.05964,2000.0
2.9478E+03,0.008830,-0.008272,0.05964,2000.0
2.9478E+03,0.008070,-0.009008,0.05964,2000.0
2.9479E+03,0.007802,-0.009253,0.05964,2000.0
2.9479E+03,0.006923,-0.009915,0.05964,2000.0
2.9480E+03,0.006630,-0.010127,0.05964,2000.0
2.9480E+03,0.005663,-0.010683,0.05964,2000.0
2.9481E+03,0.005350,-0.010858,0.05964,2000.0
2.9481E+03,0.004352,-0.011280,0.05964,2000.0
2.9482E+03,0.004021,-0.011420,0.05964,2000.0
2.9483E+03,0.002609,-0.011821,0.05964,2000.0
2.9483E+03,0.002254,-0.011879,0.05964,2000.0
2.9483E+03,0.001218,-0.012040,0.05964,2000.0
2.9484E+03,0.000854,-0.012064,0.05964,2000.0
2.9484E+03,-0.000244,-0.012097,0.05964,2000.0
2.9485E+03,-0.000600,-0.012080,0.05964,2000.0
2.9485E+03,-0.001760,-0.011975,0.05964,2000.0
2.9486E+03,-0.002117,-0.011907,0.05964,2000.0
2.9486E+03,-0.003146,-0.011683,0.05964,2000.0
2.9487E+03,-0.003492,-0.011583,0.05964,2000.0
2.9487E+03,-0.004545,-0.011212,0.05964,2000.0
2.9488E+03,-0.004878,-0.011071,0.05964,2000.0
2.9488E+03,-0.005841,-0.010592,0.05964,2000.0
2.9489E+03,-0.006159,-0.010417,0.05964,2000.0
2.9489E+03,-0.007052,-0.009824,0.05964,2000.0
2.9490E+03,-0.007347,-0.009619,0.05964,2000.0
2.9490E+03,-0.008219,-0.008872,0.05964,2000.0
2.9491E+03,-0.008486,-0.008627,0.05964,2000.0
2.9491E+03,-0.009194,-0.007853,0.05964,2000.0
2.9491E+03,-0.009450,-0.007570,0.05964,2000.0
2.9492E+03,-0.009643,-0.007294,0.05964,2000.0
2.9492E+03,-0.010271,-0.006406,0.05964,2000.0
2.9493E+03,-0.010447,-0.006090,0.05964,2000.0
2.9493E+03,-0.010996,-0.005069,0.05964,2000.0
2.9494E+03,-0.011508,-0.003750,0.05964,2000.0
2.9495E+03,-0.011605,-0.003401,0.05964,2000.0
2.9495E+03,-0.011875,-0.002331,0.05964,2000.0
2.9496E+03,-0.011931,-0.001977,0.05964,2000.0
2.9496E+03,-0.012068,-0.000885,0.05964,2000.0
2.9497E+03,-0.012085,-0.000522,0.05964,2000.0
2.9497E+03,-0.012085,0.000522,0.05964,2000.0
2.9498E+03,-0.012068,0.000885,0.05964,2000.0
2.9498E+03,-0.011931,0.001977,0.05964,2000.0
2.9499E+03,-0.011875,0.002331,0.05964,2000.0
2.9499E+03,-0.011605,0.003404,0.05964,2000.0
2.9499E+03,-0.011506,0.003752,0.05964,2000.0
2.9501E+03,-0.010706,0.005819,0.05964,0.0
2.9509E+03,-0.010706,0.005819,0.07234,0.0
2.9511E+03,-0.008956,0.005274,0.07234,0.0
2.9519E+03,-0.008956,0.005274,0.05964,2000.0
2.9519E+03,-0.008831,0.005498,0.05964,2000.0
2.9520E+03,-0.008259,0.006306,0.05964,2000.0
2.9520E+03,-0.008115,0.006512,0.05964,2000.0
2.9521E+03,-0.007283,0.007425,0.05964,2000.0
2.9521E+03,-0.007092,0.007599,0.05964,2000.0
2.9522E+03,-0.006306,0.008272,0.05964,2000.0
2.9522E+03,-0.006096,0.008418,0.05964,2000.0
2.9522E+03,-0.005277,0.008962,0.05964,2000.0
2.9523E+03,-0.005052,0.009086,0.05964,2000.0
2.9523E+03,-0.004167,0.009526,0.05964,2000.0
2.9523E+03,-0.003931,0.009626,0.05964,2000.0
2.9524E+03,-0.002973,0.009963,0.05964,2000.0
2.9524E+03,-0.002728,0.010034,0.05964,2000.0
2.9525E+03,-0.001778,0.010241,0.05964,2000.0
2.9525E+03,-0.001524,0.010289,0.05964,2000.0
2.9526E+03,-0.000482,0.010384,0.05964,2000.0
2.9526E+03,-0.000229,0.010396,0.05964,2000.0
2.9527E+03,0.000773,0.010366,0.05964,2000.0
2.9527E+03,0.001031,0.010349,0.05964,2000.0
2.9527E+03,0.001987,0.010200,0.05964,2000.0
2.9528E+03,0.002239,0.010160,0.05964,2000.0
2.9528E+03,0.003213,0.009882,0.05964,2000.0
2.9528E+03,0.003460,0.009812,0.05964,2000.0
2.9529E+03,0.004606,0.009327,0.05964,2000.0
2.9529E+03,0.004828,0.009203,0.05964,2000.0
2.9530E+03,0.005706,0.008697,0.05964,2000.0
2.9530E+03,0.005914,0.008547,0.05964,2000.0
2.9531E+03,0.006714,0.007944,0.05964,2000.0
2.9531E+03,0.006904,0.007770,0.05964,2000.0
2.9532E+03,0.007605,0.007091,0.05964,2000.0
2.9532E+03,0.007776,0.006901,0.05964,2000.0
2.9533E+03,0.008418,0.006103,0.05964,2000.0
2.9533E+03,0.008566,0.005893,0.05964,2000.0
2.9533E+03,0.009078,0.005066,0.05964,2000.0
2.9534E+03,0.009204,0.004842,0.05964,2000.0
2.9534E+03,0.009628,0.003920,0.05964,2000.0
2.9534E+03,0.009726,0.003683,0.05964,2000.0
2.9535E+03,0.010030,0.002727,0.05964,2000.0
2.9535E+03,0.010101,0.002480,0.05964,2000.0
2.9536E+03,0.010287,0.001484,0.05964,2000.0
2.9536E+03,0.010328,0.001233,0.05964,2000.0
2.9537E+03,0.010388,0.000271,0.05964,2000.0
2.9537E+03,0.010387,0.000271,0.05964,2000.0
2.9537E+03,0.010406,0.000000,0.05964,2000.0
2.9537E+03,0.010387,-0.000271,0.05964,2000.0
2.9537E+03,0.010388,-0.000271,0.05964,2000.0
2.9538E+03,0.010328,-0.001233,0.05964,2000.0
2.9538E+03,0.010287,-0.001484,0.05964,2000.0
2.9539E+03,0.010101,-0.002480,0.05964,2000.0
2.9539E+03,0.010030,-0.002727,0.05964,2000.0
2.9539E+03,0.009726,-0.003683,0.05964,2000.0
2.9540E+03,0.009628,-0.003920,0.05964,2000.0
2.9540E+03,0.009204,-0.004842,0.05964,2000.0
2.9540E+03,0.009078,-0.005066,0.05964,2000.0
2.9541E+03,0.008566,-0.005893,0.05964,2000.0
2.9541E+03,0.008418,-0.006103,0.05964,2000.0
2.9542E+03,0.007776,-0.006901,0.05964,2000.0
2.9542E+03,0.007605,-0.007091,0.05964,2000.0
2.9543E+03,0.006904,-0.007770,0.05964,2000.0
2.9543E+03,0.006714,-0.007944,0.05964,2000.0
2.9544E+03,0.005914,-0.008547,0.05964,2000.0
2.9544E+03,0.005706,-0.008697,0.05964,2000.0
2.9544E+03,0.004826,-0.009204,0.05964,2000.0
2.9545E+03,0.004603,-0.009328,0.05964,2000.0
2.9545E+03,0.003691,-0.009714,0.05964,2000.0
2.9545E+03,0.003456,-0.009813,0.05964,2000.0
2.9546E+03,0.002239,-0.010159,0.05964,2000.0
2.9546E+03,0.001987,-0.010200,0.05964,2000.0
2.9547E+03,0.001031,-0.010349,0.05964,2000.0
2.9547E+03,0.000773,-0.010366,0.05964,2000.0
2.9548E+03,-0.000229,-0.010396,0.05964,2000.0
2.9548E+03,-0.000482,-0.010384,0.05964,2000.0
2.9549E+03,-0.001524,-0.010289,0.05964,2000.0
2.9549E+03,-0.001778,-0.010241,0.05964,2000.0
2.9550E+03,-0.002728,-0.010034,0.05964,2000.0
2.9550E+03,-0.002973,-0.009963,0.05964,2000.0
2.9551E+03,-0.003931,-0.009626,0.05964,2000.0
2.9551E+03,-0.004167,-0.009526,0.05964,2000.0
2.9551E+03,-0.005052,-0.009086,0.05964,2000.0
2.9552E+03,-0.005277,-0.008962,0.05964,2000.0
2.9552E+03,-0.006096,-0.008418,0.05964,2000.0
2.9552E+03,-0.006306,-0.008272,0.05964,2000.0
2.9553E+03,-0.007092,-0.007599,0.05964,2000.0
2.9553E+03,-0.007282,-0.007425,0.05964,2000.0
2.9554E+03,-0.007936,-0.006709,0.05964,2000.0
2.9554E+03,-0.008118,-0.006508,0.05964,2000.0
2.9554E+03,-0.008255,-0.006312,0.05964,2000.0
2.9555E+03,-0.008831,-0.005498,0.05964,2000.0
2.9555E+03,-0.008956,-0.005274,0.05964,2000.0
2.9556E+03,-0.009449,-0.004356,0.05964,2000.0
2.9557E+03,-0.009893,-0.003213,0.05964,2000.0
2.9557E+03,-0.009962,-0.002965,0.05964,2000.0
2.9557E+03,-0.010208,-0.001989,0.05964,2000.0
2.9558E+03,-0.010248,-0.001738,0.05964,2000.0
2.9558E+03,-0.010373,-0.000740,0.05964,2000.0
2.9558E+03,-0.010385,-0.000482,0.05964,2000.0
2.9559E+03,-0.010385,0.000482,0.05964,2000.0
2.9559E+03,-0.010373,0.000740,0.05964,2000.0
2.9560E+03,-0.010248,0.001738,0.05964,2000.0
2.9560E+03,-0.010208,0.001989,0.05964,2000.0
2.9561E+03,-0.009962,0.002965,0.05964,2000.0
2.9561E+03,-0.009892,0.003213,0.05964,2000.0
2.9562E+03,-0.009541,0.004119,0.05964,2000.0
2.9562E+03,-0.009540,0.004119,0.05964,2000.0
2.9562E+03,-0.009448,0.004357,0.05964,2000.0
2.9562E+03,-0.008956,0.005274,0.05964,0.0
2.9571E+03,-0.008956,0.005274,0.07234,0.0
2.9572E+03,-0.007464,0.004458,0.07234,0.0
2.9580E+03,-0.007464,0.004458,0.05964,2000.0
2.9580E+03,-0.007390,0.004591,0.05964,2000.0
2.9581E+03,-0.006867,0.005330,0.05964,2000.0
2.9581E+03,-0.006785,0.005447,0.05964,2000.0
2.9582E+03,-0.006079,0.006222,0.05964,2000.0
2.9582E+03,-0.005966,0.006325,0.05964,2000.0
2.9582E+03,-0.005266,0.006925,0.05964,2000.0
2.9583E+03,-0.005142,0.007011,0.05964,2000.0
2.9583E+03,-0.004394,0.007507,0.05964,2000.0
2.9583E+03,-0.004262,0.007580,0.05964,2000.0
2.9584E+03,-0.003458,0.007980,0.05964,2000.0
2.9584E+03,-0.003318,0.008039,0.05964,2000.0
2.9585E+03,-0.002454,0.008343,0.05964,2000.0
2.9585E+03,-0.002309,0.008385,0.05964,2000.0
2.9585E+03,-0.001440,0.008575,0.05964,2000.0
2.9585E+03,-0.001290,0.008603,0.05964,2000.0
2.9586E+03,-0.000365,0.008688,0.05964,2000.0
2.9586E+03,-0.000215,0.008695,0.05964,2000.0
2.9587E+03,0.000692,0.008668,0.05964,2000.0
2.9587E+03,0.000844,0.008658,0.05964,2000.0
2.9587E+03,0.001721,0.008521,0.05964,2000.0
2.9587E+03,0.001870,0.008497,0.05964,2000.0
2.9588E+03,0.002746,0.008248,0.05964,2000.0
2.9588E+03,0.002892,0.008206,0.05964,2000.0
2.9589E+03,0.003859,0.007797,0.05964,2000.0
2.9589E+03,0.003990,0.007724,0.05964,2000.0
2.9590E+03,0.004781,0.007268,0.05964,2000.0
2.9590E+03,0.004904,0.007179,0.05964,2000.0
2.9590E+03,0.005627,0.006634,0.05964,2000.0
2.9590E+03,0.005740,0.006531,0.05964,2000.0
2.9591E+03,0.006381,0.005910,0.05964,2000.0
2.9591E+03,0.006482,0.005798,0.05964,2000.0
2.9592E+03,0.007059,0.005081,0.05964,2000.0
2.9592E+03,0.007146,0.004957,0.05964,2000.0
2.9592E+03,0.007614,0.004201,0.05964,2000.0
2.9592E+03,0.007689,0.004068,0.05964,2000.0
2.9593E+03,0.008070,0.003239,0.05964,2000.0
2.9593E+03,0.008128,0.003099,0.05964,2000.0
2.9594E+03,0.008403,0.002234,0.05964,2000.0
2.9594E+03,0.008445,0.002088,0.05964,2000.0
2.9594E+03,0.008612,0.001193,0.05964,2000.0
2.9595E+03,0.008636,0.001044,0.05964,2000.0
2.9595E+03,0.008691,0.000165,0.05964,2000.0
2.9595E+03,0.008702,0.000000,0.05964,2000.0
2.9595E+03,0.008691,-0.000165,0.05964,2000.0
2.9596E+03,0.008636,-0.001044,0.05964,2000.0
2.9596E+03,0.008612,-0.001193,0.05964,2000.0
2.9597E+03,0.008445,-0.002088,0.05964,2000.0
2.9597E+03,0.008403,-0.002234,0.05964,2000.0
2.9597E+03,0.008128,-0.003099,0.05964,2000.0
2.9597E+03,0.008070,-0.003239,0.05964,2000.0
2.9598E+03,0.007689,-0.004068,0.05964,2000.0
2.9598E+03,0.007614,-0.004201,0.05964,2000.0
2.9599E+03,0.007146,-0.004957,0.05964,2000.0
2.9599E+03,0.007059,-0.005081,0.05964,2000.0
2.9600E+03,0.006482,-0.005798,0.05964,2000.0
2.9600E+03,0.006381,-0.005910,0.05964,2000.0
2.9600E+03,0.005740,-0.006531,0.05964,2000.0
2.9600E+03,0.005627,-0.006634,0.05964,2000.0
2.9601E+03,0.004904,-0.007179,0.05964,2000.0
2.9601E+03,0.004781,-0.007268,0.05964,2000.0
2.9602E+03,0.003990,-0.007724,0.05964,2000.0
2.9602E+03,0.003858,-0.007797,0.05964,2000.0
2.9602E+03,0.003030,-0.008148,0.05964,2000.0
2.9602E+03,0.002892,-0.008206,0.05964,2000.0
2.9603E+03,0.001870,-0.008497,0.05964,2000.0
2.9603E+03,0.001721,-0.008521,0.05964,2000.0
2.9604E+03,0.000844,-0.008658,0.05964,2000.0
2.9604E+03,0.000692,-0.008668,0.05964,2000.0
2.9605E+03,-0.000215,-0.008695,0.05964,2000.0
2.9605E+03,-0.000365,-0.008688,0.05964,2000.0
2.9605E+03,-0.001290,-0.008603,0.05964,2000.0
2.9605E+03,-0.001440,-0.008575,0.05964,2000.0
2.9606E+03,-0.002309,-0.008385,0.05964,2000.0
2.9606E+03,-0.002454,-0.008343,0.05964,2000.0
2.9607E+03,-0.003318,-0.008039,0.05964,2000.0
2.9607E+03,-0.003458,-0.007980,0.05964,2000.0
2.9607E+03,-0.004262,-0.007580,0.05964,2000.0
2.9607E+03,-0.004394,-0.007507,0.05964,2000.0
2.9608E+03,-0.005142,-0.007011,0.05964,2000.0
2.9608E+03,-0.005266,-0.006925,0.05964,2000.0
2.9609E+03,-0.005966,-0.006325,0.05964,2000.0
2.9609E+03,-0.006079,-0.006222,0.05964,2000.0
2.9609E+03,-0.006678,-0.005565,0.05964,2000.0
2.9610E+03,-0.006786,-0.005446,0.05964,2000.0
2.9610E+03,-0.006867,-0.005330,0.05964,2000.0
2.9610E+03,-0.007390,-0.004591,0.05964,2000.0
2.9610E+03,-0.007464,-0.004458,0.05964,2000.0
2.9611E+03,-0.007902,-0.003643,0.05964,2000.0
2.9612E+03,-0.008278,-0.002674,0.05964,2000.0
2.9612E+03,-0.008319,-0.002528,0.05964,2000.0
2.9612E+03,-0.008541,-0.001646,0.05964,2000.0
2.9612E+03,-0.008565,-0.001497,0.05964,2000.0
2.9613E+03,-0.008678,-0.000595,0.05964,2000.0
2.9613E+03,-0.008685,-0.000443,0.05964,2000.0
2.9614E+03,-0.008685,0.000443,0.05964,2000.0
2.9614E+03,-0.008678,0.000595,0.05964,2000.0
2.9614E+03,-0.008565,0.001497,0.05964,2000.0
2.9615E+03,-0.008541,0.001646,0.05964,2000.0
2.9615E+03,-0.008319,0.002528,0.05964,2000.0
2.9615E+03,-0.008278,0.002674,0.05964,2000.0
2.9616E+03,-0.007956,0.003503,0.05964,2000.0
2.9616E+03,-0.007901,0.003645,0.05964,2000.0
2.9617E+03,-0.007464,0.004458,0.05964,0.0
2.9620E+03,-0.007464,0.000000,0.05964,0.0
