1.9587E+03,-0.014142,0.008639,0.05672,0.0
1.9587E+03,-0.014190,0.008806,0.05672,0.0
1.9595E+03,-0.014190,0.008806,0.04402,2000.0
1.9596E+03,-0.014806,0.007727,0.04402,2000.0
1.9597E+03,-0.015320,0.006644,0.04402,2000.0
1.9597E+03,-0.015340,0.006602,0.04402,2000.0
1.9598E+03,-0.015772,0.005486,0.04402,2000.0
1.9598E+03,-0.015788,0.005444,0.04402,2000.0
1.9599E+03,-0.016138,0.004297,0.04402,2000.0
1.9599E+03,-0.016149,0.004259,0.04402,2000.0
1.9599E+03,-0.016413,0.003085,0.04402,2000.0
1.9599E+03,-0.016418,0.003061,0.04402,2000.0
1.9600E+03,-0.016598,0.001853,0.04402,2000.0
1.9600E+03,-0.016602,0.001821,0.04402,2000.0
1.9601E+03,-0.016688,0.000655,0.04402,2000.0
1.9601E+03,-0.016690,0.000597,0.04402,2000.0
1.9602E+03,-0.016690,-0.000597,0.04402,2000.0
1.9602E+03,-0.016688,-0.000655,0.04402,2000.0
1.9603E+03,-0.016602,-0.001821,0.04402,2000.0
1.9603E+03,-0.016598,-0.001853,0.04402,2000.0
1.9603E+03,-0.016418,-0.003061,0.04402,2000.0
1.9603E+03,-0.016413,-0.003085,0.04402,2000.0
1.9604E+03,-0.016149,-0.004259,0.04402,2000.0
1.9604E+03,-0.016138,-0.004297,0.04402,2000.0
1.9605E+03,-0.015788,-0.005444,0.04402,2000.0
1.9605E+03,-0.015772,-0.005486,0.04402,2000.0
1.9606E+03,-0.015340,-0.006603,0.04402,2000.0
1.9606E+03,-0.015320,-0.006644,0.04402,2000.0
1.9607E+03,-0.014806,-0.007727,0.04402,2000.0
1.9608E+03,-0.014190,-0.008806,0.04402,2000.0
1.9608E+03,-0.013535,-0.009781,0.04402,2000.0
1.9608E+03,-0.013505,-0.009824,0.04402,2000.0
1.9609E+03,-0.012776,-0.010753,0.04402,2000.0
1.9609E+03,-0.012729,-0.010812,0.04402,2000.0
1.9610E+03,-0.011933,-0.011684,0.04402,2000.0
1.9610E+03,-0.011911,-0.011706,0.04402,2000.0
1.9611E+03,-0.011029,-0.012540,0.04402,2000.0
1.9611E+03,-0.011001,-0.012565,0.04402,2000.0
1.9612E+03,-0.010084,-0.013312,0.04402,2000.0
1.9612E+03,-0.010042,-0.013343,0.04402,2000.0
1.9612E+03,-0.009069,-0.014024,0.04402,2000.0
1.9613E+03,-0.009022,-0.014053,0.04402,2000.0
1.9613E+03,-0.008017,-0.014651,0.04402,2000.0
1.9613E+03,-0.007951,-0.014685,0.04402,2000.0
1.9614E+03,-0.006910,-0.015204,0.04402,2000.0
1.9614E+03,-0.006842,-0.015233,0.04402,2000.0
1.9615E+03,-0.005748,-0.015680,0.04402,2000.0
1.9615E+03,-0.005689,-0.015700,0.04402,2000.0
1.9616E+03,-0.004584,-0.016060,0.04402,2000.0
1.9616E+03,-0.004531,-0.016072,0.04402,2000.0
1.9617E+03,-0.003371,-0.016356,0.04402,2000.0
1.9617E+03,-0.002190,-0.016555,0.04402,2000.0
1.9617E+03,-0.002190,-0.016556,0.04402,2000.0
1.9617E+03,-0.002160,-0.016560,0.04402,2000.0
1.9618E+03,-0.000963,-0.016671,0.04402,2000.0
1.9618E+03,-0.000914,-0.016675,0.04402,2000.0
1.9619E+03,0.000290,-0.016698,0.04402,2000.0
1.9619E+03,0.000329,-0.016698,0.04402,2000.0
1.9620E+03,0.001490,-0.016633,0.04402,2000.0
1.9620E+03,0.001573,-0.016626,0.04402,2000.0
1.9621E+03,0.002717,-0.016477,0.04402,2000.0
1.9621E+03,0.002800,-0.016464,0.04402,2000.0
1.9622E+03,0.003941,-0.016229,0.04402,2000.0
1.9622E+03,0.004013,-0.016211,0.04402,2000.0
1.9622E+03,0.005127,-0.015894,0.04402,2000.0
1.9622E+03,0.005206,-0.015868,0.04402,2000.0
1.9623E+03,0.006297,-0.015468,0.04402,2000.0
1.9623E+03,0.006370,-0.015437,0.04402,2000.0
1.9624E+03,0.007431,-0.014956,0.04402,2000.0
1.9624E+03,0.007472,-0.014935,0.04402,2000.0
1.9625E+03,0.008516,-0.014367,0.04402,2000.0
1.9625E+03,0.008562,-0.014337,0.04402,2000.0
1.9626E+03,0.009557,-0.013695,0.04402,2000.0
1.9626E+03,0.009599,-0.013664,0.04402,2000.0
1.9626E+03,0.010549,-0.012947,0.04402,2000.0
1.9627E+03,0.011447,-0.012158,0.04402,2000.0
1.9627E+03,0.011477,-0.012132,0.04402,2000.0
1.9628E+03,0.012302,-0.011292,0.04402,2000.0
1.9628E+03,0.012355,-0.011236,0.04402,2000.0
1.9629E+03,0.013109,-0.010345,0.04402,2000.0
1.9629E+03,0.013152,-0.010293,0.04402,2000.0
1.9630E+03,0.013842,-0.009342,0.04402,2000.0
1.9630E+03,0.013879,-0.009289,0.04402,2000.0
1.9631E+03,0.014497,-0.008290,0.04402,2000.0
1.9631E+03,0.014526,-0.008241,0.04402,2000.0
1.9631E+03,0.015075,-0.007186,0.04402,2000.0
1.9631E+03,0.015098,-0.007137,0.04402,2000.0
1.9632E+03,0.015566,-0.006053,0.04402,2000.0
1.9632E+03,0.015582,-0.006011,0.04402,2000.0
1.9633E+03,0.015972,-0.004880,0.04402,2000.0
1.9633E+03,0.015980,-0.004855,0.04402,2000.0
1.9634E+03,0.016288,-0.003690,0.04402,2000.0
1.9634E+03,0.016296,-0.003650,0.04402,2000.0
1.9635E+03,0.016516,-0.002475,0.04402,2000.0
1.9636E+03,0.016654,-0.001246,0.04402,2000.0
1.9636E+03,0.016656,-0.001194,0.04402,2000.0
1.9636E+03,0.016701,0.000000,0.04402,2000.0
1.9637E+03,0.016656,0.001194,0.04402,2000.0
1.9637E+03,0.016654,0.001247,0.04402,2000.0
1.9638E+03,0.016522,0.002424,0.04402,2000.0
1.9638E+03,0.016516,0.002478,0.04402,2000.0
1.9639E+03,0.016301,0.003624,0.04402,2000.0
1.9639E+03,0.016288,0.003690,0.04402,2000.0
1.9640E+03,0.015984,0.004841,0.04402,2000.0
1.9640E+03,0.015972,0.004880,0.04402,2000.0
1.9640E+03,0.015585,0.006003,0.04402,2000.0
1.9641E+03,0.015566,0.006053,0.04402,2000.0
1.9641E+03,0.015098,0.007137,0.04402,2000.0
1.9641E+03,0.015082,0.007173,0.04402,2000.0
1.9642E+03,0.014526,0.008241,0.04402,2000.0
1.9642E+03,0.014497,0.008290,0.04402,2000.0
1.9643E+03,0.013879,0.009289,0.04402,2000.0
1.9643E+03,0.013842,0.009342,0.04402,2000.0
1.9644E+03,0.013152,0.010293,0.04402,2000.0
1.9644E+03,0.013115,0.010338,0.04402,2000.0
1.9645E+03,0.012355,0.011236,0.04402,2000.0
1.9645E+03,0.012308,0.011286,0.04402,2000.0
1.9645E+03,0.011477,0.012132,0.04402,2000.0
1.9645E+03,0.011447,0.012158,0.04402,2000.0
1.9646E+03,0.010549,0.012947,0.04402,2000.0
1.9647E+03,0.009603,0.013661,0.04402,2000.0
1.9647E+03,0.009557,0.013695,0.04402,2000.0
1.9648E+03,0.008562,0.014337,0.04402,2000.0
1.9648E+03,0.008516,0.014367,0.04402,2000.0
1.9649E+03,0.007481,0.014930,0.04402,2000.0
1.9649E+03,0.007431,0.014956,0.04402,2000.0
1.9650E+03,0.006370,0.015437,0.04402,2000.0
1.9650E+03,0.006297,0.015468,0.04402,2000.0
1.9650E+03,0.005206,0.015868,0.04402,2000.0
1.9650E+03,0.005127,0.015894,0.04402,2000.0
1.9651E+03,0.004013,0.016211,0.04402,2000.0
1.9651E+03,0.003941,0.016229,0.04402,2000.0
1.9652E+03,0.002800,0.016464,0.04402,2000.0
1.9652E+03,0.002717,0.016477,0.04402,2000.0
1.9653E+03,0.001573,0.016626,0.04402,2000.0
1.9653E+03,0.001490,0.016633,0.04402,2000.0
1.9654E+03,0.000329,0.016698,0.04402,2000.0
1.9654E+03,0.000290,0.016698,0.04402,2000.0
1.9654E+03,-0.000914,0.016675,0.04402,2000.0
1.9655E+03,-0.000963,0.016671,0.04402,2000.0
1.9655E+03,-0.002160,0.016560,0.04402,2000.0
1.9655E+03,-0.002190,0.016556,0.04402,2000.0
1.9655E+03,-0.002190,0.016555,0.04402,2000.0
1.9656E+03,-0.003371,0.016356,0.04402,2000.0
1.9657E+03,-0.004531,0.016072,0.04402,2000.0
1.9657E+03,-0.004584,0.016060,0.04402,2000.0
1.9658E+03,-0.005689,0.015700,0.04402,2000.0
1.9658E+03,-0.005748,0.015680,0.04402,2000.0
1.9659E+03,-0.006843,0.015233,0.04402,2000.0
1.9659E+03,-0.006910,0.015204,0.04402,2000.0
1.9659E+03,-0.007951,0.014685,0.04402,2000.0
1.9659E+03,-0.008017,0.014651,0.04402,2000.0
1.9660E+03,-0.009022,0.014053,0.04402,2000.0
1.9660E+03,-0.009069,0.014024,0.04402,2000.0
1.9661E+03,-0.010042,0.013343,0.04402,2000.0
1.9661E+03,-0.010084,0.013312,0.04402,2000.0
1.9662E+03,-0.011001,0.012565,0.04402,2000.0
1.9662E+03,-0.011034,0.012535,0.04402,2000.0
1.9663E+03,-0.011911,0.011706,0.04402,2000.0
1.9663E+03,-0.011937,0.011680,0.04402,2000.0
1.9664E+03,-0.012729,0.010812,0.04402,2000.0
1.9664E+03,-0.012776,0.010753,0.04402,2000.0
1.9664E+03,-0.013505,0.009824,0.04402,2000.0
1.9664E+03,-0.013535,0.009781,0.04402,2000.0
1.9665E+03,-0.014190,0.008806,0.04402,0.0
1.9674E+03,-0.014190,0.008806,0.05672,0.0
1.9675E+03,-0.012745,0.007908,0.05672,0.0
1.9683E+03,-0.012745,0.007908,0.04402,2000.0
1.9684E+03,-0.013295,0.006945,0.04402,2000.0
1.9684E+03,-0.013778,0.005929,0.04402,2000.0
1.9685E+03,-0.014178,0.004894,0.04402,2000.0
1.9686E+03,-0.014501,0.003837,0.04402,2000.0
1.9687E+03,-0.014748,0.002738,0.04402,2000.0
1.9687E+03,-0.014911,0.001642,0.04402,2000.0
1.9688E+03,-0.014990,0.000574,0.04402,2000.0
1.9689E+03,-0.014990,-0.000574,0.04402,2000.0
1.9690E+03,-0.014911,-0.001643,0.04402,2000.0
1.9690E+03,-0.014747,-0.002744,0.04402,2000.0
1.9691E+03,-0.014501,-0.003837,0.04402,2000.0
1.9692E+03,-0.014181,-0.004887,0.04402,2000.0
1.9693E+03,-0.013778,-0.005929,0.04402,2000.0
1.9693E+03,-0.013295,-0.006945,0.04402,2000.0
1.9694E+03,-0.012745,-0.007908,0.04402,2000.0
1.9695E+03,-0.012141,-0.008808,0.04402,2000.0
1.9695E+03,-0.012132,-0.008821,0.04402,2000.0
1.9696E+03,-0.011447,-0.009694,0.04402,2000.0
1.9696E+03,-0.011446,-0.009694,0.04402,2000.0
1.9696E+03,-0.011436,-0.009706,0.04402,2000.0
1.9696E+03,-0.010708,-0.010504,0.04402,2000.0
1.9697E+03,-0.009893,-0.011274,0.04402,2000.0
1.9698E+03,-0.009046,-0.011965,0.04402,2000.0
1.9698E+03,-0.008135,-0.012602,0.04402,2000.0
1.9698E+03,-0.008129,-0.012606,0.04402,2000.0
1.9699E+03,-0.007194,-0.013163,0.04402,2000.0
1.9699E+03,-0.007172,-0.013174,0.04402,2000.0
1.9700E+03,-0.006203,-0.013657,0.04402,2000.0
1.9700E+03,-0.006175,-0.013669,0.04402,2000.0
1.9701E+03,-0.005150,-0.014088,0.04402,2000.0
1.9701E+03,-0.005143,-0.014090,0.04402,2000.0
1.9701E+03,-0.004136,-0.014418,0.04402,2000.0
1.9702E+03,-0.003025,-0.014691,0.04402,2000.0
1.9703E+03,-0.001945,-0.014872,0.04402,2000.0
1.9704E+03,-0.000827,-0.014976,0.04402,2000.0
1.9704E+03,0.000296,-0.014998,0.04402,2000.0
1.9705E+03,0.001358,-0.014938,0.04402,2000.0
1.9705E+03,0.001386,-0.014936,0.04402,2000.0
1.9706E+03,0.002469,-0.014795,0.04402,2000.0
1.9706E+03,0.002507,-0.014789,0.04402,2000.0
1.9707E+03,0.003570,-0.014570,0.04402,2000.0
1.9707E+03,0.004623,-0.014270,0.04402,2000.0
1.9707E+03,0.004654,-0.014260,0.04402,2000.0
1.9708E+03,0.005666,-0.013889,0.04402,2000.0
1.9708E+03,0.005698,-0.013875,0.04402,2000.0
1.9709E+03,0.006688,-0.013426,0.04402,2000.0
1.9709E+03,0.006697,-0.013422,0.04402,2000.0
1.9710E+03,0.007642,-0.012908,0.04402,2000.0
1.9710E+03,0.008582,-0.012301,0.04402,2000.0
1.9710E+03,0.008589,-0.012296,0.04402,2000.0
1.9711E+03,0.009476,-0.011627,0.04402,2000.0
1.9712E+03,0.010313,-0.010891,0.04402,2000.0
1.9713E+03,0.011067,-0.010123,0.04402,2000.0
1.9713E+03,0.011088,-0.010101,0.04402,2000.0
1.9713E+03,0.011811,-0.009247,0.04402,2000.0
1.9714E+03,0.012448,-0.008369,0.04402,2000.0
1.9714E+03,0.012458,-0.008355,0.04402,2000.0
1.9715E+03,0.013034,-0.007424,0.04402,2000.0
1.9715E+03,0.013039,-0.007415,0.04402,2000.0
1.9715E+03,0.013548,-0.006437,0.04402,2000.0
1.9716E+03,0.013990,-0.005413,0.04402,2000.0
1.9716E+03,0.013993,-0.005406,0.04402,2000.0
1.9717E+03,0.014347,-0.004378,0.04402,2000.0
1.9718E+03,0.014632,-0.003302,0.04402,2000.0
1.9718E+03,0.014835,-0.002218,0.04402,2000.0
1.9719E+03,0.014957,-0.001130,0.04402,2000.0
1.9720E+03,0.015000,0.000000,0.04402,2000.0
1.9721E+03,0.014957,0.001128,0.04402,2000.0
1.9721E+03,0.014832,0.002233,0.04402,2000.0
1.9722E+03,0.014633,0.003295,0.04402,2000.0
1.9722E+03,0.014631,0.003305,0.04402,2000.0
1.9723E+03,0.014350,0.004371,0.04402,2000.0
1.9724E+03,0.013991,0.005412,0.04402,2000.0
1.9724E+03,0.013547,0.006440,0.04402,2000.0
1.9725E+03,0.013040,0.007414,0.04402,2000.0
1.9726E+03,0.012465,0.008344,0.04402,2000.0
1.9726E+03,0.012452,0.008364,0.04402,2000.0
1.9727E+03,0.011809,0.009249,0.04402,2000.0
1.9727E+03,0.011084,0.010106,0.04402,2000.0
1.9727E+03,0.011081,0.010110,0.04402,2000.0
1.9728E+03,0.010313,0.010891,0.04402,2000.0
1.9729E+03,0.009476,0.011627,0.04402,2000.0
1.9730E+03,0.008587,0.012298,0.04402,2000.0
1.9730E+03,0.007642,0.012907,0.04402,2000.0
1.9731E+03,0.006697,0.013422,0.04402,2000.0
1.9731E+03,0.006689,0.013426,0.04402,2000.0
1.9732E+03,0.005698,0.013875,0.04402,2000.0
1.9732E+03,0.005668,0.013888,0.04402,2000.0
1.9732E+03,0.004654,0.014260,0.04402,2000.0
1.9732E+03,0.004623,0.014270,0.04402,2000.0
1.9733E+03,0.003570,0.014570,0.04402,2000.0
1.9734E+03,0.002507,0.014789,0.04402,2000.0
1.9734E+03,0.002469,0.014795,0.04402,2000.0
1.9735E+03,0.001386,0.014936,0.04402,2000.0
1.9735E+03,0.001358,0.014938,0.04402,2000.0
1.9735E+03,0.000296,0.014998,0.04402,2000.0
1.9736E+03,-0.000827,0.014976,0.04402,2000.0
1.9737E+03,-0.001945,0.014872,0.04402,2000.0
1.9738E+03,-0.003025,0.014691,0.04402,2000.0
1.9738E+03,-0.004136,0.014418,0.04402,2000.0
1.9739E+03,-0.005143,0.014090,0.04402,2000.0
1.9739E+03,-0.005150,0.014088,0.04402,2000.0
1.9740E+03,-0.006195,0.013661,0.04402,2000.0
1.9741E+03,-0.007174,0.013173,0.04402,2000.0
1.9741E+03,-0.007194,0.013163,0.04402,2000.0
1.9741E+03,-0.008129,0.012606,0.04402,2000.0
1.9741E+03,-0.008135,0.012602,0.04402,2000.0
1.9742E+03,-0.009046,0.011965,0.04402,2000.0
1.9743E+03,-0.009891,0.011276,0.04402,2000.0
1.9744E+03,-0.010710,0.010502,0.04402,2000.0
1.9744E+03,-0.011438,0.009704,0.04402,2000.0
1.9744E+03,-0.011446,0.009694,0.04402,2000.0
1.9744E+03,-0.011447,0.009695,0.04402,2000.0
1.9744E+03,-0.011447,0.009694,0.04402,2000.0
1.9745E+03,-0.012132,0.008821,0.04402,2000.0
1.9745E+03,-0.012141,0.008808,0.04402,2000.0
1.9746E+03,-0.012745,0.007908,0.04402,0.0
1.9754E+03,-0.012745,0.007908,0.05672,0.0
1.9756E+03,-0.010014,0.006400,0.05672,0.0
1.9764E+03,-0.010014,0.006400,0.04402,2000.0
1.9765E+03,-0.009429,0.007224,0.04402,2000.0
1.9765E+03,-0.009256,0.007456,0.04402,2000.0
1.9766E+03,-0.008595,0.008196,0.04402,2000.0
1.9766E+03,-0.008406,0.008406,0.04402,2000.0
1.9766E+03,-0.008196,0.008595,0.04402,2000.0
1.9767E+03,-0.007456,0.009256,0.04402,2000.0
1.9767E+03,-0.007224,0.009429,0.04402,2000.0
1.9768E+03,-0.006400,0.010014,0.04402,2000.0
1.9768E+03,-0.006153,0.010162,0.04402,2000.0
1.9769E+03,-0.005275,0.010648,0.04402,2000.0
1.9769E+03,-0.005013,0.010773,0.04402,2000.0
1.9770E+03,-0.004078,0.011159,0.04402,2000.0
1.9770E+03,-0.003809,0.011256,0.04402,2000.0
1.9770E+03,-0.002841,0.011536,0.04402,2000.0
1.9771E+03,-0.002560,0.011606,0.04402,2000.0
1.9771E+03,-0.001568,0.011774,0.04402,2000.0
1.9772E+03,-0.001283,0.011817,0.04402,2000.0
1.9772E+03,-0.000282,0.011873,0.04402,2000.0
1.9772E+03,0.000000,0.011887,0.04402,2000.0
1.9773E+03,0.000282,0.011873,0.04402,2000.0
1.9773E+03,0.001283,0.011817,0.04402,2000.0
1.9773E+03,0.001568,0.011774,0.04402,2000.0
1.9774E+03,0.002560,0.011606,0.04402,2000.0
1.9774E+03,0.002841,0.011536,0.04402,2000.0
1.9775E+03,0.003809,0.011256,0.04402,2000.0
1.9775E+03,0.004078,0.011159,0.04402,2000.0
1.9776E+03,0.005013,0.010773,0.04402,2000.0
1.9776E+03,0.005275,0.010648,0.04402,2000.0
1.9777E+03,0.006153,0.010162,0.04402,2000.0
1.9777E+03,0.006400,0.010014,0.04402,2000.0
1.9778E+03,0.007224,0.009429,0.04402,2000.0
1.9778E+03,0.007456,0.009256,0.04402,2000.0
1.9778E+03,0.008196,0.008595,0.04402,2000.0
1.9779E+03,0.008406,0.008406,0.04402,2000.0
1.9779E+03,0.008595,0.008196,0.04402,2000.0
1.9779E+03,0.009256,0.007456,0.04402,2000.0
1.9780E+03,0.009429,0.007224,0.04402,2000.0
1.9780E+03,0.010014,0.006400,0.04402,2000.0
1.9781E+03,0.010162,0.006153,0.04402,2000.0
1.9781E+03,0.010648,0.005275,0.04402,2000.0
1.9781E+03,0.010773,0.005013,0.04402,2000.0
1.9782E+03,0.011159,0.004078,0.04402,2000.0
1.9782E+03,0.011256,0.003809,0.04402,2000.0
1.9783E+03,0.011536,0.002841,0.04402,2000.0
1.9783E+03,0.011606,0.002560,0.04402,2000.0
1.9784E+03,0.011774,0.001568,0.04402,2000.0
1.9784E+03,0.011817,0.001283,0.04402,2000.0
1.9785E+03,0.011873,0.000282,0.04402,2000.0
1.9785E+03,0.011887,0.000000,0.04402,2000.0
1.9785E+03,0.011873,-0.000282,0.04402,2000.0
1.9786E+03,0.011817,-0.001283,0.04402,2000.0
1.9786E+03,0.011774,-0.001568,0.04402,2000.0
1.9787E+03,0.011606,-0.002560,0.04402,2000.0
1.9787E+03,0.011536,-0.002841,0.04402,2000.0
1.9787E+03,0.011256,-0.003809,0.04402,2000.0
1.9788E+03,0.011159,-0.004078,0.04402,2000.0
1.9788E+03,0.010773,-0.005013,0.04402,2000.0
1.9788E+03,0.010648,-0.005275,0.04402,2000.0
1.9789E+03,0.010162,-0.006153,0.04402,2000.0
1.9789E+03,0.010014,-0.006400,0.04402,2000.0
1.9790E+03,0.009429,-0.007224,0.04402,2000.0
1.9790E+03,0.009256,-0.007456,0.04402,2000.0
1.9791E+03,0.008595,-0.008196,0.04402,2000.0
1.9791E+03,0.008406,-0.008406,0.04402,2000.0
1.9791E+03,0.008196,-0.008595,0.04402,2000.0
1.9792E+03,0.007456,-0.009256,0.04402,2000.0
1.9792E+03,0.007224,-0.009429,0.04402,2000.0
1.9793E+03,0.006400,-0.010014,0.04402,2000.0
1.9793E+03,0.006153,-0.010162,0.04402,2000.0
1.9794E+03,0.005275,-0.010648,0.04402,2000.0
1.9794E+03,0.005013,-0.010773,0.04402,2000.0
1.9795E+03,0.004078,-0.011159,0.04402,2000.0
1.9795E+03,0.003809,-0.011256,0.04402,2000.0
1.9795E+03,0.002841,-0.011536,0.04402,2000.0
1.9796E+03,0.002560,-0.011606,0.04402,2000.0
1.9796E+03,0.001568,-0.011774,0.04402,2000.0
1.9796E+03,0.001283,-0.011817,0.04402,2000.0
1.9797E+03,0.000282,-0.011873,0.04402,2000.0
1.9797E+03,0.000000,-0.011887,0.04402,2000.0
1.9797E+03,-0.000282,-0.011873,0.04402,2000.0
1.9798E+03,-0.001283,-0.011817,0.04402,2000.0
1.9798E+03,-0.001568,-0.011774,0.04402,2000.0
1.9799E+03,-0.002560,-0.011606,0.04402,2000.0
1.9799E+03,-0.002841,-0.011536,0.04402,2000.0
1.9800E+03,-0.003809,-0.011256,0.04402,2000.0
1.9800E+03,-0.004078,-0.011159,0.04402,2000.0
1.9801E+03,-0.005013,-0.010773,0.04402,2000.0
1.9801E+03,-0.005275,-0.010648,0.04402,2000.0
1.9802E+03,-0.006153,-0.010162,0.04402,2000.0
1.9802E+03,-0.006400,-0.010014,0.04402,2000.0
1.9802E+03,-0.007224,-0.009429,0.04402,2000.0
1.9803E+03,-0.007456,-0.009256,0.04402,2000.0
1.9803E+03,-0.008196,-0.008595,0.04402,2000.0
1.9804E+03,-0.008406,-0.008406,0.04402,2000.0
1.9804E+03,-0.008595,-0.008196,0.04402,2000.0
1.9804E+03,-0.009256,-0.007456,0.04402,2000.0
1.9805E+03,-0.009429,-0.007224,0.04402,2000.0
1.9805E+03,-0.010014,-0.006400,0.04402,2000.0
1.9805E+03,-0.010162,-0.006153,0.04402,2000.0
1.9806E+03,-0.010648,-0.005275,0.04402,2000.0
1.9806E+03,-0.010773,-0.005013,0.04402,2000.0
1.9807E+03,-0.011159,-0.004078,0.04402,2000.0
1.9807E+03,-0.011256,-0.003809,0.04402,2000.0
1.9808E+03,-0.011536,-0.002841,0.04402,2000.0
1.9808E+03,-0.011606,-0.002560,0.04402,2000.0
1.9809E+03,-0.011774,-0.001568,0.04402,2000.0
1.9809E+03,-0.011817,-0.001283,0.04402,2000.0
1.9810E+03,-0.011873,-0.000282,0.04402,2000.0
1.9810E+03,-0.011887,0.000000,0.04402,2000.0
1.9810E+03,-0.011873,0.000282,0.04402,2000.0
1.9811E+03,-0.011817,0.001283,0.04402,2000.0
1.9811E+03,-0.011774,0.001568,0.04402,2000.0
1.9811E+03,-0.011606,0.002560,0.04402,2000.0
1.9812E+03,-0.011536,0.002841,0.04402,2000.0
1.9812E+03,-0.011256,0.003809,0.04402,2000.0
1.9813E+03,-0.011159,0.004078,0.04402,2000.0
1.9813E+03,-0.010773,0.005013,0.04402,2000.0
1.9813E+03,-0.010648,0.005275,0.04402,2000.0
1.9814E+03,-0.010162,0.006153,0.04402,2000.0
1.9814E+03,-0.010014,0.006400,0.04402,0.0
1.9823E+03,-0.010014,0.006400,0.05672,0.0
1.9824E+03,-0.008590,0.005469,0.05672,0.0
1.9832E+03,-0.008590,0.005469,0.04402,2000.0
1.9833E+03,-0.008055,0.006223,0.04402,2000.0
1.9833E+03,-0.007939,0.006378,0.04402,2000.0
1.9833E+03,-0.007329,0.007061,0.04402,2000.0
1.9834E+03,-0.007202,0.007202,0.04402,2000.0
1.9834E+03,-0.007061,0.007329,0.04402,2000.0
1.9834E+03,-0.006378,0.007939,0.04402,2000.0
1.9834E+03,-0.006223,0.008055,0.04402,2000.0
1.9835E+03,-0.005469,0.008590,0.04402,2000.0
1.9835E+03,-0.005304,0.008689,0.04402,2000.0
1.9836E+03,-0.004495,0.009136,0.04402,2000.0
1.9836E+03,-0.004320,0.009220,0.04402,2000.0
1.9836E+03,-0.003466,0.009573,0.04402,2000.0
1.9837E+03,-0.003285,0.009638,0.04402,2000.0
1.9837E+03,-0.002398,0.009894,0.04402,2000.0
1.9837E+03,-0.002211,0.009941,0.04402,2000.0
1.9838E+03,-0.001299,0.010095,0.04402,2000.0
1.9838E+03,-0.001108,0.010124,0.04402,2000.0
1.9839E+03,-0.000190,0.010175,0.04402,2000.0
1.9839E+03,0.000000,0.010185,0.04402,2000.0
1.9839E+03,0.000190,0.010175,0.04402,2000.0
1.9840E+03,0.001108,0.010124,0.04402,2000.0
1.9840E+03,0.001299,0.010095,0.04402,2000.0
1.9840E+03,0.002211,0.009941,0.04402,2000.0
1.9840E+03,0.002398,0.009894,0.04402,2000.0
1.9841E+03,0.003285,0.009638,0.04402,2000.0
1.9841E+03,0.003466,0.009573,0.04402,2000.0
1.9842E+03,0.004320,0.009220,0.04402,2000.0
1.9842E+03,0.004495,0.009136,0.04402,2000.0
1.9843E+03,0.005304,0.008689,0.04402,2000.0
1.9843E+03,0.005469,0.008590,0.04402,2000.0
1.9843E+03,0.006223,0.008055,0.04402,2000.0
1.9843E+03,0.006378,0.007939,0.04402,2000.0
1.9844E+03,0.007061,0.007329,0.04402,2000.0
1.9844E+03,0.007202,0.007202,0.04402,2000.0
1.9844E+03,0.007329,0.007061,0.04402,2000.0
1.9845E+03,0.007939,0.006378,0.04402,2000.0
1.9845E+03,0.008055,0.006223,0.04402,2000.0
1.9846E+03,0.008590,0.005469,0.04402,2000.0
1.9846E+03,0.008689,0.005304,0.04402,2000.0
1.9846E+03,0.009136,0.004495,0.04402,2000.0
1.9847E+03,0.009220,0.004320,0.04402,2000.0
1.9847E+03,0.009573,0.003466,0.04402,2000.0
1.9847E+03,0.009638,0.003285,0.04402,2000.0
1.9848E+03,0.009894,0.002398,0.04402,2000.0
1.9848E+03,0.009941,0.002211,0.04402,2000.0
1.9849E+03,0.010095,0.001299,0.04402,2000.0
1.9849E+03,0.010124,0.001108,0.04402,2000.0
1.9849E+03,0.010175,0.000190,0.04402,2000.0
1.9849E+03,0.010185,0.000000,0.04402,2000.0
1.9850E+03,0.010175,-0.000190,0.04402,2000.0
1.9850E+03,0.010124,-0.001108,0.04402,2000.0
1.9850E+03,0.010095,-0.001299,0.04402,2000.0
1.9851E+03,0.009941,-0.002211,0.04402,2000.0
1.9851E+03,0.009894,-0.002398,0.04402,2000.0
1.9852E+03,0.009638,-0.003285,0.04402,2000.0
1.9852E+03,0.009573,-0.003466,0.04402,2000.0
1.9852E+03,0.009220,-0.004320,0.04402,2000.0
1.9853E+03,0.009136,-0.004495,0.04402,2000.0
1.9853E+03,0.008689,-0.005304,0.04402,2000.0
1.9853E+03,0.008590,-0.005469,0.04402,2000.0
1.9854E+03,0.008055,-0.006223,0.04402,2000.0
1.9854E+03,0.007939,-0.006378,0.04402,2000.0
1.9855E+03,0.007329,-0.007061,0.04402,2000.0
1.9855E+03,0.007202,-0.007202,0.04402,2000.0
1.9855E+03,0.007061,-0.007329,0.04402,2000.0
1.9856E+03,0.006378,-0.007939,0.04402,2000.0
1.9856E+03,0.006223,-0.008055,0.04402,2000.0
1.9856E+03,0.005469,-0.008590,0.04402,2000.0
1.9856E+03,0.005304,-0.008689,0.04402,2000.0
1.9857E+03,0.004495,-0.009136,0.04402,2000.0
1.9857E+03,0.004320,-0.009220,0.04402,2000.0
1.9858E+03,0.003466,-0.009573,0.04402,2000.0
1.9858E+03,0.003285,-0.009638,0.04402,2000.0
1.9859E+03,0.002398,-0.009894,0.04402,2000.0
1.9859E+03,0.002211,-0.009941,0.04402,2000.0
1.9859E+03,0.001299,-0.010095,0.04402,2000.0
1.9859E+03,0.001108,-0.010124,0.04402,2000.0
1.9860E+03,0.000190,-0.010175,0.04402,2000.0
1.9860E+03,0.000000,-0.010185,0.04402,2000.0
1.9860E+03,-0.000190,-0.010175,0.04402,2000.0
1.9861E+03,-0.001108,-0.010124,0.04402,2000.0
1.9861E+03,-0.001299,-0.010095,0.04402,2000.0
1.9862E+03,-0.002211,-0.009941,0.04402,2000.0
1.9862E+03,-0.002398,-0.009894,0.04402,2000.0
1.9862E+03,-0.003285,-0.009638,0.04402,2000.0
1.9863E+03,-0.003466,-0.009573,0.04402,2000.0
1.9863E+03,-0.004320,-0.009220,0.04402,2000.0
1.9863E+03,-0.004495,-0.009136,0.04402,2000.0
1.9864E+03,-0.005304,-0.008689,0.04402,2000.0
1.9864E+03,-0.005469,-0.008590,0.04402,2000.0
1.9865E+03,-0.006223,-0.008055,0.04402,2000.0
1.9865E+03,-0.006378,-0.007939,0.04402,2000.0
1.9865E+03,-0.007061,-0.007329,0.04402,2000.0
1.9865E+03,-0.007202,-0.007202,0.04402,2000.0
1.9866E+03,-0.007329,-0.007061,0.04402,2000.0
1.9866E+03,-0.007939,-0.006378,0.04402,2000.0
1.9866E+03,-0.008055,-0.006223,0.04402,2000.0
1.9867E+03,-0.008590,-0.005469,0.04402,2000.0
1.9867E+03,-0.008689,-0.005304,0.04402,2000.0
1.9868E+03,-0.009136,-0.004495,0.04402,2000.0
1.9868E+03,-0.009220,-0.004320,0.04402,2000.0
1.9868E+03,-0.009573,-0.003466,0.04402,2000.0
1.9869E+03,-0.009638,-0.003285,0.04402,2000.0
1.9869E+03,-0.009894,-0.002398,0.04402,2000.0
1.9869E+03,-0.009941,-0.002211,0.04402,2000.0
1.9870E+03,-0.010095,-0.001299,0.04402,2000.0
1.9870E+03,-0.010124,-0.001108,0.04402,2000.0
1.9871E+03,-0.010175,-0.000190,0.04402,2000.0
1.9871E+03,-0.010185,0.000000,0.04402,2000.0
1.9871E+03,-0.010175,0.000190,0.04402,2000.0
1.9872E+03,-0.010124,0.001108,0.04402,2000.0
1.9872E+03,-0.010095,0.001299,0.04402,2000.0
1.9872E+03,-0.009941,0.002211,0.04402,2000.0
1.9872E+03,-0.009894,0.002398,0.04402,2000.0
1.9873E+03,-0.009638,0.003285,0.04402,2000.0
1.9873E+03,-0.009573,0.003466,0.04402,2000.0
1.9874E+03,-0.009220,0.004320,0.04402,2000.0
1.9874E+03,-0.009136,0.004495,0.04402,2000.0
1.9875E+03,-0.008689,0.005304,0.04402,2000.0
1.9875E+03,-0.008590,0.005469,0.04402,0.0
1.9878E+03,-0.008590,0.000000,0.04402,0.0
