2.6972E+02,-0.007202,0.005340,0.01767,0.0
2.6973E+02,-0.007277,0.005342,0.01767,0.0
2.7055E+02,-0.007277,0.005342,0.00497,2000.0
2.7058E+02,-0.007056,0.005653,0.00497,2000.0
2.7060E+02,-0.006796,0.005945,0.00497,2000.0
2.7065E+02,-0.006335,0.006449,0.00497,2000.0
2.7067E+02,-0.006046,0.006709,0.00497,2000.0
2.7072E+02,-0.005521,0.007159,0.00497,2000.0
2.7075E+02,-0.005203,0.007383,0.00497,2000.0
2.7079E+02,-0.004632,0.007763,0.00497,2000.0
2.7082E+02,-0.004289,0.007951,0.00497,2000.0
2.7086E+02,-0.003678,0.008255,0.00497,2000.0
2.7089E+02,-0.003317,0.008405,0.00497,2000.0
2.7094E+02,-0.002672,0.008632,0.00497,2000.0
2.7096E+02,-0.002296,0.008741,0.00497,2000.0
2.7101E+02,-0.001627,0.008887,0.00497,2000.0
2.7103E+02,-0.001242,0.008953,0.00497,2000.0
2.7108E+02,-0.000559,0.009016,0.00497,2000.0
2.7111E+02,-0.000167,0.009039,0.00497,2000.0
2.7115E+02,0.000514,0.009016,0.00497,2000.0
2.7118E+02,0.000903,0.008996,0.00497,2000.0
2.7122E+02,0.001585,0.008890,0.00497,2000.0
2.7125E+02,0.001969,0.008824,0.00497,2000.0
2.7129E+02,0.002628,0.008637,0.00497,2000.0
2.7132E+02,0.002997,0.008530,0.00497,2000.0
2.7135E+02,0.003354,0.008382,0.00497,2000.0
2.7139E+02,0.003987,0.008114,0.00497,2000.0
2.7142E+02,0.004327,0.007926,0.00497,2000.0
2.7146E+02,0.004922,0.007583,0.00497,2000.0
2.7149E+02,0.005239,0.007357,0.00497,2000.0
2.7153E+02,0.005786,0.006945,0.00497,2000.0
2.7156E+02,0.006078,0.006684,0.00497,2000.0
2.7161E+02,0.006570,0.006207,0.00497,2000.0
2.7163E+02,0.006830,0.005915,0.00497,2000.0
2.7168E+02,0.007258,0.005383,0.00497,2000.0
2.7170E+02,0.007484,0.005066,0.00497,2000.0
2.7175E+02,0.007846,0.004481,0.00497,2000.0
2.7178E+02,0.008035,0.004139,0.00497,2000.0
2.7182E+02,0.008321,0.003516,0.00497,2000.0
2.7185E+02,0.008470,0.003156,0.00497,2000.0
2.7189E+02,0.008677,0.002505,0.00497,2000.0
2.7192E+02,0.008787,0.002129,0.00497,2000.0
2.7197E+02,0.008912,0.001455,0.00497,2000.0
2.7199E+02,0.008978,0.001071,0.00497,2000.0
2.7204E+02,0.009020,0.000385,0.00497,2000.0
2.7206E+02,0.009042,0.000000,0.00497,2000.0
2.7209E+02,0.009020,-0.000385,0.00497,2000.0
2.7213E+02,0.008978,-0.001071,0.00497,2000.0
2.7216E+02,0.008912,-0.001455,0.00497,2000.0
2.7221E+02,0.008787,-0.002129,0.00497,2000.0
2.7223E+02,0.008677,-0.002505,0.00497,2000.0
2.7228E+02,0.008470,-0.003156,0.00497,2000.0
2.7230E+02,0.008321,-0.003516,0.00497,2000.0
2.7235E+02,0.008035,-0.004139,0.00497,2000.0
2.7238E+02,0.007846,-0.004481,0.00497,2000.0
2.7242E+02,0.007484,-0.005066,0.00497,2000.0
2.7245E+02,0.007258,-0.005383,0.00497,2000.0
2.7249E+02,0.006830,-0.005915,0.00497,2000.0
2.7252E+02,0.006570,-0.006207,0.00497,2000.0
2.7256E+02,0.006078,-0.006684,0.00497,2000.0
2.7259E+02,0.005786,-0.006945,0.00497,2000.0
2.7264E+02,0.005239,-0.007357,0.00497,2000.0
2.7266E+02,0.004922,-0.007583,0.00497,2000.0
2.7271E+02,0.004327,-0.007926,0.00497,2000.0
2.7273E+02,0.003987,-0.008114,0.00497,2000.0
2.7278E+02,0.003354,-0.008382,0.00497,2000.0
2.7281E+02,0.002997,-0.008530,0.00497,2000.0
2.7283E+02,0.002628,-0.008637,0.00497,2000.0
2.7288E+02,0.001969,-0.008824,0.00497,2000.0
2.7290E+02,0.001585,-0.008890,0.00497,2000.0
2.7295E+02,0.000903,-0.008996,0.00497,2000.0
2.7297E+02,0.000514,-0.009016,0.00497,2000.0
2.7302E+02,-0.000167,-0.009039,0.00497,2000.0
2.7305E+02,-0.000559,-0.009016,0.00497,2000.0
2.7309E+02,-0.001242,-0.008953,0.00497,2000.0
2.7312E+02,-0.001627,-0.008887,0.00497,2000.0
2.7316E+02,-0.002296,-0.008741,0.00497,2000.0
2.7319E+02,-0.002672,-0.008632,0.00497,2000.0
2.7324E+02,-0.003317,-0.008405,0.00497,2000.0
2.7326E+02,-0.003678,-0.008255,0.00497,2000.0
2.7331E+02,-0.004289,-0.007951,0.00497,2000.0
2.7333E+02,-0.004632,-0.007763,0.00497,2000.0
2.7338E+02,-0.005203,-0.007383,0.00497,2000.0
2.7340E+02,-0.005521,-0.007159,0.00497,2000.0
2.7345E+02,-0.006046,-0.006709,0.00497,2000.0
2.7348E+02,-0.006335,-0.006449,0.00497,2000.0
2.7352E+02,-0.006796,-0.005945,0.00497,2000.0
2.7355E+02,-0.007056,-0.005653,0.00497,2000.0
2.7357E+02,-0.007277,-0.005342,0.00497,2000.0
2.7362E+02,-0.007673,-0.004782,0.00497,2000.0
2.7365E+02,-0.007862,-0.004441,0.00497,2000.0
2.7369E+02,-0.008186,-0.003837,0.00497,2000.0
2.7372E+02,-0.008336,-0.003476,0.00497,2000.0
2.7376E+02,-0.008583,-0.002837,0.00497,2000.0
2.7379E+02,-0.008691,-0.002461,0.00497,2000.0
2.7383E+02,-0.008857,-0.001799,0.00497,2000.0
2.7386E+02,-0.008924,-0.001414,0.00497,2000.0
2.7391E+02,-0.009008,-0.000732,0.00497,2000.0
2.7393E+02,-0.009030,-0.000343,0.00497,2000.0
2.7398E+02,-0.009030,0.000343,0.00497,2000.0
2.7400E+02,-0.009008,0.000732,0.00497,2000.0
2.7405E+02,-0.008924,0.001414,0.00497,2000.0
2.7408E+02,-0.008857,0.001799,0.00497,2000.0
2.7412E+02,-0.008691,0.002461,0.00497,2000.0
2.7415E+02,-0.008583,0.002837,0.00497,2000.0
2.7419E+02,-0.008336,0.003476,0.00497,2000.0
2.7422E+02,-0.008186,0.003837,0.00497,2000.0
2.7426E+02,-0.007862,0.004441,0.00497,2000.0
2.7429E+02,-0.007673,0.004782,0.00497,2000.0
2.7434E+02,-0.007277,0.005342,0.00497,0.0
2.7518E+02,-0.007277,0.005342,0.01767,0.0
2.7529E+02,-0.008664,0.006325,0.01767,0.0
2.7612E+02,-0.008664,0.006325,0.00497,2000.0
2.7615E+02,-0.008388,0.006714,0.00497,2000.0
2.7618E+02,-0.008058,0.007084,0.00497,2000.0
2.7623E+02,-0.007534,0.007657,0.00497,2000.0
2.7627E+02,-0.007168,0.007986,0.00497,2000.0
2.7632E+02,-0.006566,0.008502,0.00497,2000.0
2.7635E+02,-0.006164,0.008786,0.00497,2000.0
2.7640E+02,-0.005513,0.009219,0.00497,2000.0
2.7644E+02,-0.005076,0.009458,0.00497,2000.0
2.7649E+02,-0.004384,0.009803,0.00497,2000.0
2.7652E+02,-0.003926,0.009993,0.00497,2000.0
2.7657E+02,-0.003191,0.010251,0.00497,2000.0
2.7661E+02,-0.002714,0.010390,0.00497,2000.0
2.7666E+02,-0.001952,0.010556,0.00497,2000.0
2.7669E+02,-0.001464,0.010640,0.00497,2000.0
2.7674E+02,-0.000687,0.010711,0.00497,2000.0
2.7678E+02,-0.000188,0.010741,0.00497,2000.0
2.7683E+02,0.000586,0.010715,0.00497,2000.0
2.7686E+02,0.001078,0.010689,0.00497,2000.0
2.7691E+02,0.001860,0.010568,0.00497,2000.0
2.7695E+02,0.002346,0.010484,0.00497,2000.0
2.7700E+02,0.003097,0.010271,0.00497,2000.0
2.7703E+02,0.003561,0.010136,0.00497,2000.0
2.7706E+02,0.004011,0.009950,0.00497,2000.0
2.7712E+02,0.004732,0.009645,0.00497,2000.0
2.7715E+02,0.005163,0.009406,0.00497,2000.0
2.7720E+02,0.005842,0.009015,0.00497,2000.0
2.7723E+02,0.006244,0.008728,0.00497,2000.0
2.7729E+02,0.006866,0.008260,0.00497,2000.0
2.7732E+02,0.007237,0.007929,0.00497,2000.0
2.7737E+02,0.007798,0.007384,0.00497,2000.0
2.7740E+02,0.008128,0.007014,0.00497,2000.0
2.7746E+02,0.008614,0.006410,0.00497,2000.0
2.7749E+02,0.008900,0.006008,0.00497,2000.0
2.7754E+02,0.009314,0.005340,0.00497,2000.0
2.7757E+02,0.009554,0.004906,0.00497,2000.0
2.7763E+02,0.009879,0.004196,0.00497,2000.0
2.7766E+02,0.010068,0.003740,0.00497,2000.0
2.7771E+02,0.010303,0.003001,0.00497,2000.0
2.7774E+02,0.010443,0.002524,0.00497,2000.0
2.7780E+02,0.010586,0.001754,0.00497,2000.0
2.7783E+02,0.010669,0.001268,0.00497,2000.0
2.7788E+02,0.010717,0.000485,0.00497,2000.0
2.7791E+02,0.010745,0.000000,0.00497,2000.0
2.7795E+02,0.010717,-0.000485,0.00497,2000.0
2.7800E+02,0.010669,-0.001268,0.00497,2000.0
2.7803E+02,0.010586,-0.001754,0.00497,2000.0
2.7808E+02,0.010443,-0.002524,0.00497,2000.0
2.7812E+02,0.010303,-0.003001,0.00497,2000.0
2.7817E+02,0.010068,-0.003740,0.00497,2000.0
2.7820E+02,0.009879,-0.004196,0.00497,2000.0
2.7825E+02,0.009554,-0.004906,0.00497,2000.0
2.7829E+02,0.009314,-0.005340,0.00497,2000.0
2.7834E+02,0.008900,-0.006008,0.00497,2000.0
2.7837E+02,0.008614,-0.006410,0.00497,2000.0
2.7842E+02,0.008128,-0.007014,0.00497,2000.0
2.7846E+02,0.007798,-0.007384,0.00497,2000.0
2.7851E+02,0.007237,-0.007929,0.00497,2000.0
2.7854E+02,0.006866,-0.008260,0.00497,2000.0
2.7859E+02,0.006244,-0.008728,0.00497,2000.0
2.7863E+02,0.005842,-0.009015,0.00497,2000.0
2.7868E+02,0.005163,-0.009406,0.00497,2000.0
2.7871E+02,0.004732,-0.009645,0.00497,2000.0
2.7876E+02,0.004011,-0.009950,0.00497,2000.0
2.7880E+02,0.003561,-0.010136,0.00497,2000.0
2.7883E+02,0.003097,-0.010271,0.00497,2000.0
2.7888E+02,0.002346,-0.010484,0.00497,2000.0
2.7891E+02,0.001860,-0.010568,0.00497,2000.0
2.7897E+02,0.001078,-0.010689,0.00497,2000.0
2.7900E+02,0.000586,-0.010715,0.00497,2000.0
2.7905E+02,-0.000188,-0.010741,0.00497,2000.0
2.7908E+02,-0.000687,-0.010711,0.00497,2000.0
2.7914E+02,-0.001464,-0.010640,0.00497,2000.0
2.7917E+02,-0.001952,-0.010556,0.00497,2000.0
2.7922E+02,-0.002714,-0.010390,0.00497,2000.0
2.7925E+02,-0.003191,-0.010251,0.00497,2000.0
2.7931E+02,-0.003926,-0.009993,0.00497,2000.0
2.7934E+02,-0.004384,-0.009803,0.00497,2000.0
2.7939E+02,-0.005076,-0.009458,0.00497,2000.0
2.7942E+02,-0.005513,-0.009219,0.00497,2000.0
2.7948E+02,-0.006164,-0.008786,0.00497,2000.0
2.7951E+02,-0.006566,-0.008502,0.00497,2000.0
2.7956E+02,-0.007168,-0.007986,0.00497,2000.0
2.7959E+02,-0.007534,-0.007657,0.00497,2000.0
2.7965E+02,-0.008058,-0.007084,0.00497,2000.0
2.7968E+02,-0.008388,-0.006714,0.00497,2000.0
2.7971E+02,-0.008664,-0.006325,0.00497,2000.0
2.7976E+02,-0.009115,-0.005688,0.00497,2000.0
2.7980E+02,-0.009355,-0.005255,0.00497,2000.0
2.7985E+02,-0.009724,-0.004567,0.00497,2000.0
2.7988E+02,-0.009914,-0.004109,0.00497,2000.0
2.7993E+02,-0.010196,-0.003379,0.00497,2000.0
2.7997E+02,-0.010333,-0.002903,0.00497,2000.0
2.8002E+02,-0.010521,-0.002152,0.00497,2000.0
2.8005E+02,-0.010606,-0.001664,0.00497,2000.0
2.8010E+02,-0.010702,-0.000884,0.00497,2000.0
2.8014E+02,-0.010730,-0.000391,0.00497,2000.0
2.8019E+02,-0.010730,0.000391,0.00497,2000.0
2.8022E+02,-0.010702,0.000884,0.00497,2000.0
2.8027E+02,-0.010606,0.001664,0.00497,2000.0
2.8031E+02,-0.010521,0.002152,0.00497,2000.0
2.8036E+02,-0.010333,0.002903,0.00497,2000.0
2.8039E+02,-0.010196,0.003379,0.00497,2000.0
2.8044E+02,-0.009914,0.004109,0.00497,2000.0
2.8048E+02,-0.009724,0.004567,0.00497,2000.0
2.8053E+02,-0.009355,0.005255,0.00497,2000.0
2.8056E+02,-0.009115,0.005688,0.00497,2000.0
2.8061E+02,-0.008664,0.006325,0.00497,0.0
2.8146E+02,-0.008664,0.006325,0.01767,0.0
2.8157E+02,-0.010051,0.007308,0.01767,0.0
2.8239E+02,-0.010051,0.007308,0.00497,2000.0
2.8243E+02,-0.009720,0.007775,0.00497,2000.0
2.8247E+02,-0.009320,0.008223,0.00497,2000.0
2.8253E+02,-0.008732,0.008866,0.00497,2000.0
2.8257E+02,-0.008290,0.009264,0.00497,2000.0
2.8263E+02,-0.007612,0.009845,0.00497,2000.0
2.8267E+02,-0.007125,0.010188,0.00497,2000.0
2.8273E+02,-0.006393,0.010675,0.00497,2000.0
2.8277E+02,-0.005863,0.010965,0.00497,2000.0
2.8282E+02,-0.005090,0.011351,0.00497,2000.0
2.8286E+02,-0.004534,0.011581,0.00497,2000.0
2.8292E+02,-0.003711,0.011870,0.00497,2000.0
2.8296E+02,-0.003133,0.012039,0.00497,2000.0
2.8302E+02,-0.002277,0.012225,0.00497,2000.0
2.8306E+02,-0.001686,0.012327,0.00497,2000.0
2.8312E+02,-0.000815,0.012406,0.00497,2000.0
2.8316E+02,-0.000211,0.012443,0.00497,2000.0
2.8322E+02,0.000659,0.012413,0.00497,2000.0
2.8326E+02,0.001253,0.012382,0.00497,2000.0
2.8332E+02,0.002135,0.012246,0.00497,2000.0
2.8336E+02,0.002724,0.012144,0.00497,2000.0
2.8342E+02,0.003566,0.011905,0.00497,2000.0
2.8345E+02,0.004125,0.011742,0.00497,2000.0
2.8349E+02,0.004667,0.011518,0.00497,2000.0
2.8355E+02,0.005477,0.011176,0.00497,2000.0
2.8359E+02,0.005999,0.010886,0.00497,2000.0
2.8365E+02,0.006762,0.010447,0.00497,2000.0
2.8369E+02,0.007249,0.010099,0.00497,2000.0
2.8375E+02,0.007945,0.009576,0.00497,2000.0
2.8379E+02,0.008396,0.009173,0.00497,2000.0
2.8385E+02,0.009026,0.008561,0.00497,2000.0
2.8389E+02,0.009425,0.008113,0.00497,2000.0
2.8395E+02,0.009970,0.007437,0.00497,2000.0
2.8399E+02,0.010317,0.006949,0.00497,2000.0
2.8404E+02,0.010781,0.006200,0.00497,2000.0
2.8408E+02,0.011073,0.005672,0.00497,2000.0
2.8414E+02,0.011438,0.004875,0.00497,2000.0
2.8418E+02,0.011666,0.004324,0.00497,2000.0
2.8424E+02,0.011929,0.003498,0.00497,2000.0
2.8428E+02,0.012099,0.002920,0.00497,2000.0
2.8434E+02,0.012260,0.002052,0.00497,2000.0
2.8438E+02,0.012360,0.001464,0.00497,2000.0
2.8444E+02,0.012414,0.000586,0.00497,2000.0
2.8448E+02,0.012448,0.000000,0.00497,2000.0
2.8452E+02,0.012414,-0.000586,0.00497,2000.0
2.8457E+02,0.012360,-0.001464,0.00497,2000.0
2.8461E+02,0.012260,-0.002052,0.00497,2000.0
2.8467E+02,0.012099,-0.002920,0.00497,2000.0
2.8471E+02,0.011929,-0.003498,0.00497,2000.0
2.8477E+02,0.011666,-0.004324,0.00497,2000.0
2.8481E+02,0.011438,-0.004875,0.00497,2000.0
2.8487E+02,0.011073,-0.005672,0.00497,2000.0
2.8491E+02,0.010781,-0.006200,0.00497,2000.0
2.8497E+02,0.010317,-0.006949,0.00497,2000.0
2.8501E+02,0.009970,-0.007437,0.00497,2000.0
2.8507E+02,0.009425,-0.008113,0.00497,2000.0
2.8511E+02,0.009026,-0.008561,0.00497,2000.0
2.8516E+02,0.008396,-0.009173,0.00497,2000.0
2.8520E+02,0.007945,-0.009576,0.00497,2000.0
2.8526E+02,0.007249,-0.010099,0.00497,2000.0
2.8530E+02,0.006762,-0.010447,0.00497,2000.0
2.8536E+02,0.005999,-0.010886,0.00497,2000.0
2.8540E+02,0.005477,-0.011176,0.00497,2000.0
2.8546E+02,0.004667,-0.011518,0.00497,2000.0
2.8550E+02,0.004125,-0.011742,0.00497,2000.0
2.8554E+02,0.003566,-0.011905,0.00497,2000.0
2.8560E+02,0.002724,-0.012144,0.00497,2000.0
2.8564E+02,0.002135,-0.012246,0.00497,2000.0
2.8570E+02,0.001253,-0.012382,0.00497,2000.0
2.8574E+02,0.000659,-0.012413,0.00497,2000.0
2.8579E+02,-0.000211,-0.012443,0.00497,2000.0
2.8583E+02,-0.000815,-0.012406,0.00497,2000.0
2.8589E+02,-0.001686,-0.012327,0.00497,2000.0
2.8593E+02,-0.002277,-0.012225,0.00497,2000.0
2.8599E+02,-0.003133,-0.012039,0.00497,2000.0
2.8603E+02,-0.003711,-0.011870,0.00497,2000.0
2.8609E+02,-0.004534,-0.011581,0.00497,2000.0
2.8613E+02,-0.005090,-0.011351,0.00497,2000.0
2.8619E+02,-0.005863,-0.010965,0.00497,2000.0
2.8623E+02,-0.006393,-0.010675,0.00497,2000.0
2.8629E+02,-0.007125,-0.010188,0.00497,2000.0
2.8632E+02,-0.007612,-0.009845,0.00497,2000.0
2.8638E+02,-0.008290,-0.009264,0.00497,2000.0
2.8642E+02,-0.008732,-0.008866,0.00497,2000.0
2.8648E+02,-0.009320,-0.008223,0.00497,2000.0
2.8652E+02,-0.009720,-0.007775,0.00497,2000.0
2.8656E+02,-0.010051,-0.007308,0.00497,2000.0
2.8662E+02,-0.010557,-0.006594,0.00497,2000.0
2.8666E+02,-0.010848,-0.006069,0.00497,2000.0
2.8672E+02,-0.011262,-0.005296,0.00497,2000.0
2.8676E+02,-0.011492,-0.004741,0.00497,2000.0
2.8682E+02,-0.011809,-0.003921,0.00497,2000.0
2.8686E+02,-0.011975,-0.003345,0.00497,2000.0
2.8691E+02,-0.012185,-0.002505,0.00497,2000.0
2.8695E+02,-0.012288,-0.001914,0.00497,2000.0
2.8701E+02,-0.012396,-0.001036,0.00497,2000.0
2.8705E+02,-0.012430,-0.000439,0.00497,2000.0
2.8711E+02,-0.012430,0.000439,0.00497,2000.0
2.8715E+02,-0.012396,0.001036,0.00497,2000.0
2.8721E+02,-0.012288,0.001914,0.00497,2000.0
2.8725E+02,-0.012185,0.002505,0.00497,2000.0
2.8731E+02,-0.011975,0.003345,0.00497,2000.0
2.8735E+02,-0.011809,0.003921,0.00497,2000.0
2.8741E+02,-0.011492,0.004741,0.00497,2000.0
2.8745E+02,-0.011262,0.005296,0.00497,2000.0
2.8750E+02,-0.010848,0.006069,0.00497,2000.0
2.8754E+02,-0.010557,0.006594,0.00497,2000.0
2.8760E+02,-0.010051,0.007308,0.00497,0.0
2.8845E+02,-0.010051,0.007308,0.01767,0.0
2.8858E+02,-0.011764,0.008379,0.01767,0.0
2.8940E+02,-0.011764,0.008379,0.00497,2000.0
2.8942E+02,-0.011923,0.008141,0.00497,2000.0
2.8947E+02,-0.012349,0.007490,0.00497,2000.0
2.8949E+02,-0.012488,0.007246,0.00497,2000.0
2.8954E+02,-0.012861,0.006573,0.00497,2000.0
2.8956E+02,-0.012974,0.006334,0.00497,2000.0
2.8962E+02,-0.013312,0.005603,0.00497,2000.0
2.8963E+02,-0.013397,0.005385,0.00497,2000.0
2.8963E+02,-0.013396,0.005385,0.00497,2000.0
2.8969E+02,-0.013682,0.004626,0.00497,2000.0
2.8970E+02,-0.013750,0.004403,0.00497,2000.0
2.8975E+02,-0.013977,0.003636,0.00497,2000.0
2.8977E+02,-0.014035,0.003380,0.00497,2000.0
2.8982E+02,-0.014203,0.002618,0.00497,2000.0
2.8986E+02,-0.014291,0.002022,0.00497,2000.0
2.8989E+02,-0.014357,0.001563,0.00497,2000.0
2.8996E+02,-0.014433,0.000519,0.00497,2000.0
2.9003E+02,-0.014433,-0.000519,0.00497,2000.0
2.9010E+02,-0.014356,-0.001579,0.00497,2000.0
2.9012E+02,-0.014318,-0.001842,0.00497,2000.0
2.9017E+02,-0.014203,-0.002620,0.00497,2000.0
2.9023E+02,-0.014035,-0.003380,0.00497,2000.0
2.9024E+02,-0.013977,-0.003636,0.00497,2000.0
2.9030E+02,-0.013750,-0.004403,0.00497,2000.0
2.9031E+02,-0.013682,-0.004626,0.00497,2000.0
2.9037E+02,-0.013396,-0.005385,0.00497,2000.0
2.9037E+02,-0.013397,-0.005385,0.00497,2000.0
2.9038E+02,-0.013312,-0.005603,0.00497,2000.0
2.9044E+02,-0.012974,-0.006334,0.00497,2000.0
2.9045E+02,-0.012861,-0.006573,0.00497,2000.0
2.9051E+02,-0.012488,-0.007246,0.00497,2000.0
2.9052E+02,-0.012344,-0.007498,0.00497,2000.0
2.9058E+02,-0.011923,-0.008141,0.00497,2000.0
2.9060E+02,-0.011764,-0.008379,0.00497,2000.0
2.9064E+02,-0.011315,-0.008969,0.00497,2000.0
2.9066E+02,-0.011140,-0.009192,0.00497,2000.0
2.9072E+02,-0.010592,-0.009814,0.00497,2000.0
2.9073E+02,-0.010452,-0.009968,0.00497,2000.0
2.9079E+02,-0.009835,-0.010574,0.00497,2000.0
2.9080E+02,-0.009708,-0.010694,0.00497,2000.0
2.9085E+02,-0.009109,-0.011202,0.00497,2000.0
2.9087E+02,-0.008876,-0.011393,0.00497,2000.0
2.9093E+02,-0.008247,-0.011852,0.00497,2000.0
2.9094E+02,-0.008022,-0.012010,0.00497,2000.0
2.9100E+02,-0.007360,-0.012425,0.00497,2000.0
2.9101E+02,-0.007175,-0.012535,0.00497,2000.0
2.9107E+02,-0.006439,-0.012925,0.00497,2000.0
2.9108E+02,-0.006224,-0.013032,0.00497,2000.0
2.9114E+02,-0.005491,-0.013356,0.00497,2000.0
2.9115E+02,-0.005237,-0.013460,0.00497,2000.0
2.9120E+02,-0.004526,-0.013714,0.00497,2000.0
2.9122E+02,-0.004274,-0.013795,0.00497,2000.0
2.9128E+02,-0.003499,-0.014011,0.00497,2000.0
2.9129E+02,-0.003272,-0.014066,0.00497,2000.0
2.9135E+02,-0.002418,-0.014238,0.00497,2000.0
2.9136E+02,-0.002225,-0.014271,0.00497,2000.0
2.9141E+02,-0.001447,-0.014370,0.00497,2000.0
2.9143E+02,-0.001175,-0.014395,0.00497,2000.0
2.9148E+02,-0.000415,-0.014436,0.00497,2000.0
2.9150E+02,-0.000147,-0.014441,0.00497,2000.0
2.9156E+02,0.000709,-0.014425,0.00497,2000.0
2.9157E+02,0.000890,-0.014415,0.00497,2000.0
2.9163E+02,0.001733,-0.014339,0.00497,2000.0
2.9164E+02,0.001926,-0.014314,0.00497,2000.0
2.9170E+02,0.002748,-0.014179,0.00497,2000.0
2.9171E+02,0.002988,-0.014129,0.00497,2000.0
2.9176E+02,0.003744,-0.013949,0.00497,2000.0
2.9179E+02,0.004050,-0.013862,0.00497,2000.0
2.9183E+02,0.004756,-0.013638,0.00497,2000.0
2.9185E+02,0.004955,-0.013565,0.00497,2000.0
2.9191E+02,0.005760,-0.013244,0.00497,2000.0
2.9192E+02,0.005928,-0.013168,0.00497,2000.0
2.9198E+02,0.006705,-0.012792,0.00497,2000.0
2.9199E+02,0.006897,-0.012687,0.00497,2000.0
2.9205E+02,0.007600,-0.012282,0.00497,2000.0
2.9206E+02,0.007812,-0.012144,0.00497,2000.0
2.9211E+02,0.008468,-0.011699,0.00497,2000.0
2.9213E+02,0.008652,-0.011560,0.00497,2000.0
2.9219E+02,0.009316,-0.011037,0.00497,2000.0
2.9220E+02,0.009464,-0.010907,0.00497,2000.0
2.9225E+02,0.010076,-0.010347,0.00497,2000.0
2.9227E+02,0.010254,-0.010166,0.00497,2000.0
2.9233E+02,0.010812,-0.009576,0.00497,2000.0
2.9234E+02,0.010926,-0.009442,0.00497,2000.0
2.9239E+02,0.011462,-0.008786,0.00497,2000.0
2.9242E+02,0.011660,-0.008514,0.00497,2000.0
2.9246E+02,0.012071,-0.007931,0.00497,2000.0
2.9248E+02,0.012209,-0.007708,0.00497,2000.0
2.9253E+02,0.012605,-0.007051,0.00497,2000.0
2.9256E+02,0.012784,-0.006706,0.00497,2000.0
2.9260E+02,0.013095,-0.006093,0.00497,2000.0
2.9262E+02,0.013178,-0.005901,0.00497,2000.0
2.9267E+02,0.013503,-0.005126,0.00497,2000.0
2.9269E+02,0.013573,-0.004923,0.00497,2000.0
2.9274E+02,0.013833,-0.004151,0.00497,2000.0
2.9277E+02,0.013934,-0.003772,0.00497,2000.0
2.9281E+02,0.014101,-0.003123,0.00497,2000.0
2.9283E+02,0.014144,-0.002894,0.00497,2000.0
2.9288E+02,0.014290,-0.002099,0.00497,2000.0
2.9295E+02,0.014403,-0.001055,0.00497,2000.0
2.9297E+02,0.014413,-0.000812,0.00497,2000.0
2.9302E+02,0.014443,-0.000001,0.00497,2000.0
2.9308E+02,0.014413,0.000801,0.00497,2000.0
2.9309E+02,0.014403,0.001059,0.00497,2000.0
2.9316E+02,0.014300,0.002014,0.00497,2000.0
2.9316E+02,0.014291,0.002093,0.00497,2000.0
2.9322E+02,0.014147,0.002879,0.00497,2000.0
2.9323E+02,0.014102,0.003119,0.00497,2000.0
2.9328E+02,0.013942,0.003740,0.00497,2000.0
2.9330E+02,0.013833,0.004149,0.00497,2000.0
2.9336E+02,0.013586,0.004882,0.00497,2000.0
2.9337E+02,0.013496,0.005140,0.00497,2000.0
2.9343E+02,0.013198,0.005855,0.00497,2000.0
2.9344E+02,0.013097,0.006090,0.00497,2000.0
2.9350E+02,0.012738,0.006795,0.00497,2000.0
2.9351E+02,0.012608,0.007045,0.00497,2000.0
2.9357E+02,0.012209,0.007708,0.00497,2000.0
2.9358E+02,0.012071,0.007931,0.00497,2000.0
2.9363E+02,0.011682,0.008483,0.00497,2000.0
2.9365E+02,0.011460,0.008788,0.00497,2000.0
2.9371E+02,0.010947,0.009416,0.00497,2000.0
2.9372E+02,0.010816,0.009571,0.00497,2000.0
2.9378E+02,0.010254,0.010166,0.00497,2000.0
2.9379E+02,0.010075,0.010348,0.00497,2000.0
2.9385E+02,0.009475,0.010897,0.00497,2000.0
2.9386E+02,0.009316,0.011037,0.00497,2000.0
2.9392E+02,0.008652,0.011560,0.00497,2000.0
2.9393E+02,0.008468,0.011699,0.00497,2000.0
2.9399E+02,0.007812,0.012144,0.00497,2000.0
2.9400E+02,0.007600,0.012282,0.00497,2000.0
2.9406E+02,0.006916,0.012676,0.00497,2000.0
2.9407E+02,0.006694,0.012797,0.00497,2000.0
2.9413E+02,0.005948,0.013159,0.00497,2000.0
2.9414E+02,0.005744,0.013251,0.00497,2000.0
2.9420E+02,0.004997,0.013548,0.00497,2000.0
2.9421E+02,0.004743,0.013642,0.00497,2000.0
2.9426E+02,0.004034,0.013866,0.00497,2000.0
2.9428E+02,0.003744,0.013949,0.00497,2000.0
2.9434E+02,0.002988,0.014129,0.00497,2000.0
2.9435E+02,0.002748,0.014179,0.00497,2000.0
2.9441E+02,0.001926,0.014314,0.00497,2000.0
2.9442E+02,0.001733,0.014339,0.00497,2000.0
2.9448E+02,0.000890,0.014415,0.00497,2000.0
2.9449E+02,0.000709,0.014425,0.00497,2000.0
2.9455E+02,-0.000147,0.014441,0.00497,2000.0
2.9456E+02,-0.000415,0.014436,0.00497,2000.0
2.9461E+02,-0.001175,0.014395,0.00497,2000.0
2.9463E+02,-0.001447,0.014370,0.00497,2000.0
2.9468E+02,-0.002225,0.014271,0.00497,2000.0
2.9470E+02,-0.002418,0.014238,0.00497,2000.0
2.9476E+02,-0.003272,0.014066,0.00497,2000.0
2.9477E+02,-0.003499,0.014011,0.00497,2000.0
2.9483E+02,-0.004274,0.013795,0.00497,2000.0
2.9484E+02,-0.004526,0.013714,0.00497,2000.0
2.9489E+02,-0.005237,0.013460,0.00497,2000.0
2.9491E+02,-0.005491,0.013356,0.00497,2000.0
2.9496E+02,-0.006222,0.013032,0.00497,2000.0
2.9498E+02,-0.006443,0.012923,0.00497,2000.0
2.9504E+02,-0.007165,0.012540,0.00497,2000.0
2.9505E+02,-0.007330,0.012442,0.00497,2000.0
2.9510E+02,-0.008047,0.011992,0.00497,2000.0
2.9512E+02,-0.008236,0.011860,0.00497,2000.0
2.9517E+02,-0.008876,0.011393,0.00497,2000.0
2.9519E+02,-0.009109,0.011202,0.00497,2000.0
2.9525E+02,-0.009704,0.010697,0.00497,2000.0
2.9526E+02,-0.009865,0.010546,0.00497,2000.0
2.9531E+02,-0.010447,0.009974,0.00497,2000.0
2.9533E+02,-0.010593,0.009812,0.00497,2000.0
2.9539E+02,-0.011155,0.009173,0.00497,2000.0
2.9540E+02,-0.011317,0.008967,0.00497,2000.0
2.9545E+02,-0.011764,0.008379,0.00497,0.0
2.9630E+02,-0.011764,0.008379,0.01767,0.0
2.9641E+02,-0.013152,0.009362,0.01767,0.0
2.9723E+02,-0.013152,0.009362,0.00497,2000.0
2.9725E+02,-0.013337,0.009085,0.00497,2000.0
2.9731E+02,-0.013802,0.008374,0.00497,2000.0
2.9733E+02,-0.013965,0.008088,0.00497,2000.0
2.9739E+02,-0.014373,0.007352,0.00497,2000.0
2.9741E+02,-0.014511,0.007060,0.00497,2000.0
2.9747E+02,-0.014873,0.006278,0.00497,2000.0
2.9749E+02,-0.014987,0.005985,0.00497,2000.0
2.9755E+02,-0.015289,0.005184,0.00497,2000.0
2.9757E+02,-0.015376,0.004898,0.00497,2000.0
2.9762E+02,-0.015623,0.004065,0.00497,2000.0
2.9765E+02,-0.015693,0.003756,0.00497,2000.0
2.9770E+02,-0.015877,0.002922,0.00497,2000.0
2.9772E+02,-0.015922,0.002618,0.00497,2000.0
2.9772E+02,-0.015923,0.002618,0.00497,2000.0
2.9778E+02,-0.016048,0.001753,0.00497,2000.0
2.9780E+02,-0.016071,0.001454,0.00497,2000.0
2.9780E+02,-0.016070,0.001454,0.00497,2000.0
2.9786E+02,-0.016133,0.000587,0.00497,2000.0
2.9794E+02,-0.016133,-0.000587,0.00497,2000.0
2.9800E+02,-0.016070,-0.001454,0.00497,2000.0
2.9800E+02,-0.016071,-0.001454,0.00497,2000.0
2.9802E+02,-0.016048,-0.001754,0.00497,2000.0
2.9807E+02,-0.015923,-0.002618,0.00497,2000.0
2.9807E+02,-0.015922,-0.002618,0.00497,2000.0
2.9809E+02,-0.015877,-0.002922,0.00497,2000.0
2.9815E+02,-0.015693,-0.003756,0.00497,2000.0
2.9817E+02,-0.015623,-0.004065,0.00497,2000.0
2.9823E+02,-0.015376,-0.004898,0.00497,2000.0
2.9825E+02,-0.015289,-0.005184,0.00497,2000.0
2.9831E+02,-0.014987,-0.005985,0.00497,2000.0
2.9833E+02,-0.014873,-0.006278,0.00497,2000.0
2.9839E+02,-0.014511,-0.007060,0.00497,2000.0
2.9841E+02,-0.014373,-0.007352,0.00497,2000.0
2.9846E+02,-0.013965,-0.008088,0.00497,2000.0
2.9849E+02,-0.013799,-0.008379,0.00497,2000.0
2.9854E+02,-0.013337,-0.009085,0.00497,2000.0
2.9856E+02,-0.013152,-0.009362,0.00497,2000.0
2.9862E+02,-0.012653,-0.010018,0.00497,2000.0
2.9864E+02,-0.012453,-0.010273,0.00497,2000.0
2.9870E+02,-0.011851,-0.010956,0.00497,2000.0
2.9872E+02,-0.011676,-0.011149,0.00497,2000.0
2.9878E+02,-0.011026,-0.011787,0.00497,2000.0
2.9880E+02,-0.010842,-0.011961,0.00497,2000.0
2.9885E+02,-0.010186,-0.012518,0.00497,2000.0
2.9888E+02,-0.009927,-0.012730,0.00497,2000.0
2.9893E+02,-0.009224,-0.013243,0.00497,2000.0
2.9895E+02,-0.008965,-0.013425,0.00497,2000.0
2.9901E+02,-0.008244,-0.013877,0.00497,2000.0
2.9903E+02,-0.007996,-0.014024,0.00497,2000.0
2.9909E+02,-0.007216,-0.014438,0.00497,2000.0
2.9911E+02,-0.006943,-0.014573,0.00497,2000.0
2.9917E+02,-0.006161,-0.014919,0.00497,2000.0
2.9919E+02,-0.005848,-0.015047,0.00497,2000.0
2.9924E+02,-0.005064,-0.015327,0.00497,2000.0
2.9927E+02,-0.004767,-0.015423,0.00497,2000.0
2.9932E+02,-0.003930,-0.015656,0.00497,2000.0
2.9934E+02,-0.003638,-0.015727,0.00497,2000.0
2.9940E+02,-0.002737,-0.015908,0.00497,2000.0
2.9942E+02,-0.002484,-0.015951,0.00497,2000.0
2.9948E+02,-0.001620,-0.016061,0.00497,2000.0
2.9950E+02,-0.001314,-0.016089,0.00497,2000.0
2.9956E+02,-0.000458,-0.016136,0.00497,2000.0
2.9958E+02,-0.000144,-0.016141,0.00497,2000.0
2.9964E+02,0.000751,-0.016125,0.00497,2000.0
2.9966E+02,0.001026,-0.016110,0.00497,2000.0
2.9972E+02,0.001904,-0.016030,0.00497,2000.0
2.9973E+02,0.002172,-0.015996,0.00497,2000.0
2.9979E+02,0.003060,-0.015850,0.00497,2000.0
2.9982E+02,0.003382,-0.015783,0.00497,2000.0
2.9987E+02,0.004179,-0.015593,0.00497,2000.0
2.9989E+02,0.004514,-0.015498,0.00497,2000.0
2.9995E+02,0.005311,-0.015245,0.00497,2000.0
2.9997E+02,0.005570,-0.015150,0.00497,2000.0
3.0003E+02,0.006424,-0.014809,0.00497,2000.0
3.0004E+02,0.006643,-0.014711,0.00497,2000.0
3.0011E+02,0.007485,-0.014303,0.00497,2000.0
3.0013E+02,0.007732,-0.014168,0.00497,2000.0
3.0018E+02,0.008490,-0.013731,0.00497,2000.0
3.0020E+02,0.008738,-0.013570,0.00497,2000.0
3.0026E+02,0.009459,-0.013081,0.00497,2000.0
3.0028E+02,0.009704,-0.012896,0.00497,2000.0
3.0034E+02,0.010396,-0.012351,0.00497,2000.0
3.0036E+02,0.010611,-0.012162,0.00497,2000.0
3.0042E+02,0.011254,-0.011574,0.00497,2000.0
3.0044E+02,0.011467,-0.011357,0.00497,2000.0
3.0050E+02,0.012078,-0.010711,0.00497,2000.0
3.0051E+02,0.012242,-0.010518,0.00497,2000.0
3.0057E+02,0.012809,-0.009824,0.00497,2000.0
3.0060E+02,0.013050,-0.009493,0.00497,2000.0
3.0065E+02,0.013483,-0.008878,0.00497,2000.0
3.0068E+02,0.013666,-0.008584,0.00497,2000.0
3.0073E+02,0.014092,-0.007876,0.00497,2000.0
3.0075E+02,0.014240,-0.007592,0.00497,2000.0
3.0075E+02,0.014241,-0.007592,0.00497,2000.0
3.0081E+02,0.014634,-0.006817,0.00497,2000.0
3.0083E+02,0.014746,-0.006558,0.00497,2000.0
3.0089E+02,0.015090,-0.005737,0.00497,2000.0
3.0091E+02,0.015184,-0.005466,0.00497,2000.0
3.0096E+02,0.015461,-0.004644,0.00497,2000.0
3.0100E+02,0.015580,-0.004196,0.00497,2000.0
3.0104E+02,0.015762,-0.003490,0.00497,2000.0
3.0106E+02,0.015816,-0.003201,0.00497,2000.0
3.0112E+02,0.015973,-0.002346,0.00497,2000.0
3.0113E+02,0.015980,-0.002280,0.00497,2000.0
3.0120E+02,0.016100,-0.001176,0.00497,2000.0
3.0122E+02,0.016112,-0.000874,0.00497,2000.0
3.0128E+02,0.016144,0.000000,0.00497,2000.0
3.0134E+02,0.016112,0.000867,0.00497,2000.0
3.0136E+02,0.016100,0.001176,0.00497,2000.0
3.0143E+02,0.015989,0.002204,0.00497,2000.0
3.0144E+02,0.015973,0.002346,0.00497,2000.0
3.0149E+02,0.015818,0.003190,0.00497,2000.0
3.0151E+02,0.015762,0.003491,0.00497,2000.0
3.0156E+02,0.015585,0.004177,0.00497,2000.0
3.0159E+02,0.015462,0.004639,0.00497,2000.0
3.0165E+02,0.015192,0.005440,0.00497,2000.0
3.0167E+02,0.015085,0.005748,0.00497,2000.0
3.0173E+02,0.014760,0.006526,0.00497,2000.0
3.0175E+02,0.014635,0.006817,0.00497,2000.0
3.0180E+02,0.014246,0.007580,0.00497,2000.0
3.0183E+02,0.014092,0.007876,0.00497,2000.0
3.0188E+02,0.013666,0.008584,0.00497,2000.0
3.0191E+02,0.013483,0.008878,0.00497,2000.0
3.0195E+02,0.013057,0.009483,0.00497,2000.0
3.0198E+02,0.012809,0.009824,0.00497,2000.0
3.0204E+02,0.012262,0.010494,0.00497,2000.0
3.0206E+02,0.012081,0.010707,0.00497,2000.0
3.0212E+02,0.011467,0.011357,0.00497,2000.0
3.0214E+02,0.011254,0.011574,0.00497,2000.0
3.0220E+02,0.010619,0.012155,0.00497,2000.0
3.0222E+02,0.010396,0.012351,0.00497,2000.0
3.0227E+02,0.009704,0.012896,0.00497,2000.0
3.0230E+02,0.009459,0.013081,0.00497,2000.0
3.0235E+02,0.008738,0.013570,0.00497,2000.0
3.0237E+02,0.008490,0.013731,0.00497,2000.0
3.0243E+02,0.007732,0.014168,0.00497,2000.0
3.0245E+02,0.007476,0.014308,0.00497,2000.0
3.0251E+02,0.006684,0.014692,0.00497,2000.0
3.0253E+02,0.006413,0.014814,0.00497,2000.0
3.0259E+02,0.005587,0.015143,0.00497,2000.0
3.0261E+02,0.005303,0.015248,0.00497,2000.0
3.0266E+02,0.004514,0.015498,0.00497,2000.0
3.0269E+02,0.004179,0.015593,0.00497,2000.0
3.0274E+02,0.003382,0.015783,0.00497,2000.0
3.0276E+02,0.003060,0.015850,0.00497,2000.0
3.0282E+02,0.002172,0.015996,0.00497,2000.0
3.0284E+02,0.001904,0.016030,0.00497,2000.0
3.0290E+02,0.001026,0.016110,0.00497,2000.0
3.0292E+02,0.000751,0.016125,0.00497,2000.0
3.0298E+02,-0.000144,0.016141,0.00497,2000.0
3.0300E+02,-0.000458,0.016136,0.00497,2000.0
3.0306E+02,-0.001314,0.016089,0.00497,2000.0
3.0308E+02,-0.001620,0.016061,0.00497,2000.0
3.0314E+02,-0.002484,0.015951,0.00497,2000.0
3.0315E+02,-0.002737,0.015908,0.00497,2000.0
3.0321E+02,-0.003638,0.015727,0.00497,2000.0
3.0323E+02,-0.003930,0.015656,0.00497,2000.0
3.0329E+02,-0.004767,0.015423,0.00497,2000.0
3.0331E+02,-0.005064,0.015327,0.00497,2000.0
3.0337E+02,-0.005848,0.015047,0.00497,2000.0
3.0339E+02,-0.006161,0.014919,0.00497,2000.0
3.0345E+02,-0.006943,0.014573,0.00497,2000.0
3.0347E+02,-0.007221,0.014435,0.00497,2000.0
3.0353E+02,-0.007992,0.014026,0.00497,2000.0
3.0354E+02,-0.008220,0.013891,0.00497,2000.0
3.0360E+02,-0.008978,0.013415,0.00497,2000.0
3.0362E+02,-0.009224,0.013243,0.00497,2000.0
3.0368E+02,-0.009927,0.012730,0.00497,2000.0
3.0370E+02,-0.010186,0.012518,0.00497,2000.0
3.0376E+02,-0.010841,0.011961,0.00497,2000.0
3.0378E+02,-0.011041,0.011773,0.00497,2000.0
3.0384E+02,-0.011668,0.011157,0.00497,2000.0
3.0386E+02,-0.011870,0.010935,0.00497,2000.0
3.0392E+02,-0.012454,0.010271,0.00497,2000.0
3.0394E+02,-0.012653,0.010018,0.00497,2000.0
3.0399E+02,-0.013152,0.009362,0.00497,0.0
3.0484E+02,-0.013152,0.009362,0.01767,0.0
3.0495E+02,-0.014540,0.010345,0.01767,0.0
3.0577E+02,-0.014540,0.010345,0.00497,2000.0
3.0580E+02,-0.014751,0.010029,0.00497,2000.0
3.0586E+02,-0.015255,0.009258,0.00497,2000.0
3.0589E+02,-0.015442,0.008930,0.00497,2000.0
3.0595E+02,-0.015888,0.008125,0.00497,2000.0
3.0597E+02,-0.016048,0.007787,0.00497,2000.0
3.0603E+02,-0.016438,0.006945,0.00497,2000.0
3.0606E+02,-0.016572,0.006600,0.00497,2000.0
3.0612E+02,-0.016896,0.005740,0.00497,2000.0
3.0614E+02,-0.017006,0.005381,0.00497,2000.0
3.0621E+02,-0.017269,0.004494,0.00497,2000.0
3.0623E+02,-0.017351,0.004132,0.00497,2000.0
3.0629E+02,-0.017551,0.003225,0.00497,2000.0
3.0632E+02,-0.017604,0.002866,0.00497,2000.0
3.0638E+02,-0.017739,0.001937,0.00497,2000.0
3.0640E+02,-0.017766,0.001577,0.00497,2000.0
3.0647E+02,-0.017833,0.000655,0.00497,2000.0
3.0655E+02,-0.017833,-0.000655,0.00497,2000.0
3.0661E+02,-0.017766,-0.001577,0.00497,2000.0
3.0664E+02,-0.017739,-0.001937,0.00497,2000.0
3.0670E+02,-0.017604,-0.002866,0.00497,2000.0
3.0672E+02,-0.017551,-0.003225,0.00497,2000.0
3.0679E+02,-0.017351,-0.004132,0.00497,2000.0
3.0681E+02,-0.017269,-0.004494,0.00497,2000.0
3.0687E+02,-0.017006,-0.005381,0.00497,2000.0
3.0690E+02,-0.016896,-0.005740,0.00497,2000.0
3.0696E+02,-0.016572,-0.006600,0.00497,2000.0
3.0698E+02,-0.016438,-0.006945,0.00497,2000.0
3.0705E+02,-0.016048,-0.007787,0.00497,2000.0
3.0707E+02,-0.015888,-0.008125,0.00497,2000.0
3.0713E+02,-0.015442,-0.008930,0.00497,2000.0
3.0716E+02,-0.015255,-0.009258,0.00497,2000.0
3.0722E+02,-0.014751,-0.010029,0.00497,2000.0
3.0724E+02,-0.014540,-0.010345,0.00497,2000.0
3.0730E+02,-0.013990,-0.011068,0.00497,2000.0
3.0733E+02,-0.013755,-0.011367,0.00497,2000.0
3.0739E+02,-0.013127,-0.012080,0.00497,2000.0
3.0742E+02,-0.012898,-0.012332,0.00497,2000.0
3.0748E+02,-0.012216,-0.013001,0.00497,2000.0
3.0750E+02,-0.011967,-0.013236,0.00497,2000.0
3.0756E+02,-0.011263,-0.013834,0.00497,2000.0
3.0759E+02,-0.010971,-0.014073,0.00497,2000.0
3.0765E+02,-0.010214,-0.014626,0.00497,2000.0
3.0768E+02,-0.009914,-0.014836,0.00497,2000.0
3.0774E+02,-0.009110,-0.015340,0.00497,2000.0
3.0776E+02,-0.008823,-0.015510,0.00497,2000.0
3.0782E+02,-0.008013,-0.015940,0.00497,2000.0
3.0785E+02,-0.007662,-0.016114,0.00497,2000.0
3.0791E+02,-0.006807,-0.016492,0.00497,2000.0
3.0794E+02,-0.006471,-0.016630,0.00497,2000.0
3.0800E+02,-0.005621,-0.016933,0.00497,2000.0
3.0802E+02,-0.005244,-0.017055,0.00497,2000.0
3.0808E+02,-0.004362,-0.017300,0.00497,2000.0
3.0811E+02,-0.003999,-0.017389,0.00497,2000.0
3.0817E+02,-0.003069,-0.017576,0.00497,2000.0
3.0819E+02,-0.002730,-0.017633,0.00497,2000.0
3.0826E+02,-0.001788,-0.017753,0.00497,2000.0
3.0828E+02,-0.001433,-0.017786,0.00497,2000.0
3.0834E+02,-0.000525,-0.017835,0.00497,2000.0
3.0837E+02,-0.000143,-0.017842,0.00497,2000.0
3.0843E+02,0.000812,-0.017824,0.00497,2000.0
3.0845E+02,0.001138,-0.017807,0.00497,2000.0
3.0852E+02,0.002095,-0.017720,0.00497,2000.0
3.0854E+02,0.002426,-0.017677,0.00497,2000.0
3.0860E+02,0.003370,-0.017522,0.00497,2000.0
3.0863E+02,0.003727,-0.017448,0.00497,2000.0
3.0869E+02,0.004618,-0.017235,0.00497,2000.0
3.0871E+02,0.004990,-0.017130,0.00497,2000.0
3.0878E+02,0.005866,-0.016852,0.00497,2000.0
3.0880E+02,0.006185,-0.016735,0.00497,2000.0
3.0886E+02,0.007085,-0.016376,0.00497,2000.0
3.0888E+02,0.007385,-0.016241,0.00497,2000.0
3.0895E+02,0.008255,-0.015819,0.00497,2000.0
3.0897E+02,0.008556,-0.015655,0.00497,2000.0
3.0904E+02,0.009381,-0.015179,0.00497,2000.0
3.0906E+02,0.009662,-0.014997,0.00497,2000.0
3.0912E+02,0.010450,-0.014463,0.00497,2000.0
3.0915E+02,0.010756,-0.014232,0.00497,2000.0
3.0921E+02,0.011485,-0.013658,0.00497,2000.0
3.0923E+02,0.011734,-0.013439,0.00497,2000.0
3.0929E+02,0.012432,-0.012801,0.00497,2000.0
3.0932E+02,0.012703,-0.012525,0.00497,2000.0
3.0938E+02,0.013340,-0.011851,0.00497,2000.0
3.0940E+02,0.013558,-0.011594,0.00497,2000.0
3.0947E+02,0.014159,-0.010859,0.00497,2000.0
3.0949E+02,0.014380,-0.010555,0.00497,2000.0
3.0949E+02,0.014381,-0.010555,0.00497,2000.0
3.0955E+02,0.014906,-0.009809,0.00497,2000.0
3.0958E+02,0.015109,-0.009483,0.00497,2000.0
3.0964E+02,0.015580,-0.008699,0.00497,2000.0
3.0966E+02,0.015747,-0.008379,0.00497,2000.0
3.0973E+02,0.016177,-0.007533,0.00497,2000.0
3.0975E+02,0.016314,-0.007215,0.00497,2000.0
3.0981E+02,0.016677,-0.006348,0.00497,2000.0
3.0984E+02,0.016795,-0.006008,0.00497,2000.0
3.0990E+02,0.017091,-0.005128,0.00497,2000.0
3.0992E+02,0.017189,-0.004760,0.00497,2000.0
3.0992E+02,0.017190,-0.004760,0.00497,2000.0
3.0999E+02,0.017422,-0.003861,0.00497,2000.0
3.1001E+02,0.017488,-0.003508,0.00497,2000.0
3.1007E+02,0.017657,-0.002587,0.00497,2000.0
3.1010E+02,0.017697,-0.002228,0.00497,2000.0
3.1010E+02,0.017696,-0.002228,0.00497,2000.0
3.1016E+02,0.017797,-0.001295,0.00497,2000.0
3.1018E+02,0.017811,-0.000936,0.00497,2000.0
3.1025E+02,0.017845,0.000000,0.00497,2000.0
3.1031E+02,0.017811,0.000933,0.00497,2000.0
3.1033E+02,0.017797,0.001295,0.00497,2000.0
3.1039E+02,0.017696,0.002228,0.00497,2000.0
3.1039E+02,0.017697,0.002228,0.00497,2000.0
3.1042E+02,0.017657,0.002587,0.00497,2000.0
3.1048E+02,0.017489,0.003502,0.00497,2000.0
3.1050E+02,0.017422,0.003861,0.00497,2000.0
3.1057E+02,0.017190,0.004760,0.00497,2000.0
3.1057E+02,0.017189,0.004760,0.00497,2000.0
3.1059E+02,0.017091,0.005128,0.00497,2000.0
3.1065E+02,0.016799,0.005995,0.00497,2000.0
3.1068E+02,0.016677,0.006348,0.00497,2000.0
3.1074E+02,0.016321,0.007199,0.00497,2000.0
3.1076E+02,0.016177,0.007533,0.00497,2000.0
3.1083E+02,0.015754,0.008365,0.00497,2000.0
3.1085E+02,0.015580,0.008699,0.00497,2000.0
3.1091E+02,0.015109,0.009483,0.00497,2000.0
3.1094E+02,0.014906,0.009809,0.00497,2000.0
3.1100E+02,0.014381,0.010555,0.00497,2000.0
3.1100E+02,0.014380,0.010555,0.00497,2000.0
3.1102E+02,0.014159,0.010859,0.00497,2000.0
3.1109E+02,0.013558,0.011594,0.00497,2000.0
3.1111E+02,0.013340,0.011851,0.00497,2000.0
3.1117E+02,0.012703,0.012525,0.00497,2000.0
3.1120E+02,0.012432,0.012801,0.00497,2000.0
3.1126E+02,0.011742,0.013432,0.00497,2000.0
3.1128E+02,0.011485,0.013658,0.00497,2000.0
3.1134E+02,0.010756,0.014232,0.00497,2000.0
3.1137E+02,0.010450,0.014463,0.00497,2000.0
3.1143E+02,0.009662,0.014997,0.00497,2000.0
3.1146E+02,0.009381,0.015179,0.00497,2000.0
3.1152E+02,0.008556,0.015655,0.00497,2000.0
3.1154E+02,0.008255,0.015819,0.00497,2000.0
3.1161E+02,0.007390,0.016239,0.00497,2000.0
3.1163E+02,0.007085,0.016376,0.00497,2000.0
3.1169E+02,0.006190,0.016733,0.00497,2000.0
3.1172E+02,0.005866,0.016852,0.00497,2000.0
3.1178E+02,0.004990,0.017130,0.00497,2000.0
3.1180E+02,0.004618,0.017235,0.00497,2000.0
3.1186E+02,0.003727,0.017448,0.00497,2000.0
3.1189E+02,0.003370,0.017522,0.00497,2000.0
3.1195E+02,0.002426,0.017677,0.00497,2000.0
3.1197E+02,0.002095,0.017720,0.00497,2000.0
3.1204E+02,0.001138,0.017807,0.00497,2000.0
3.1206E+02,0.000812,0.017824,0.00497,2000.0
3.1212E+02,-0.000143,0.017842,0.00497,2000.0
3.1215E+02,-0.000525,0.017835,0.00497,2000.0
3.1221E+02,-0.001433,0.017786,0.00497,2000.0
3.1223E+02,-0.001788,0.017753,0.00497,2000.0
3.1230E+02,-0.002730,0.017633,0.00497,2000.0
3.1232E+02,-0.003069,0.017576,0.00497,2000.0
3.1238E+02,-0.003999,0.017389,0.00497,2000.0
3.1241E+02,-0.004362,0.017300,0.00497,2000.0
3.1247E+02,-0.005244,0.017055,0.00497,2000.0
3.1250E+02,-0.005621,0.016933,0.00497,2000.0
3.1256E+02,-0.006471,0.016630,0.00497,2000.0
3.1258E+02,-0.006807,0.016492,0.00497,2000.0
3.1264E+02,-0.007662,0.016114,0.00497,2000.0
3.1267E+02,-0.008013,0.015940,0.00497,2000.0
3.1273E+02,-0.008823,0.015510,0.00497,2000.0
3.1275E+02,-0.009116,0.015336,0.00497,2000.0
3.1281E+02,-0.009914,0.014836,0.00497,2000.0
3.1284E+02,-0.010214,0.014626,0.00497,2000.0
3.1290E+02,-0.010971,0.014073,0.00497,2000.0
3.1293E+02,-0.011263,0.013834,0.00497,2000.0
3.1299E+02,-0.011967,0.013236,0.00497,2000.0
3.1301E+02,-0.012225,0.012992,0.00497,2000.0
3.1307E+02,-0.012898,0.012332,0.00497,2000.0
3.1310E+02,-0.013128,0.012079,0.00497,2000.0
3.1316E+02,-0.013755,0.011367,0.00497,2000.0
3.1319E+02,-0.013990,0.011068,0.00497,2000.0
3.1325E+02,-0.014540,0.010345,0.00497,0.0
3.1394E+02,-0.014540,0.000000,0.00497,0.0
