2.2886E+03,-0.014534,0.009289,0.06240,0.0
2.2886E+03,-0.014568,0.009349,0.06240,0.0
2.2894E+03,-0.014568,0.009349,0.04970,2000.0
2.2894E+03,-0.014754,0.009063,0.04970,2000.0
2.2895E+03,-0.015214,0.008256,0.04970,2000.0
2.2895E+03,-0.015377,0.007963,0.04970,2000.0
2.2896E+03,-0.015778,0.007119,0.04970,2000.0
2.2896E+03,-0.015921,0.006807,0.04970,2000.0
2.2896E+03,-0.016257,0.005942,0.04970,2000.0
2.2897E+03,-0.016378,0.005620,0.04970,2000.0
2.2897E+03,-0.016648,0.004735,0.04970,2000.0
2.2897E+03,-0.016746,0.004405,0.04970,2000.0
2.2898E+03,-0.016950,0.003503,0.04970,2000.0
2.2898E+03,-0.017024,0.003167,0.04970,2000.0
2.2899E+03,-0.017161,0.002250,0.04970,2000.0
2.2899E+03,-0.017212,0.001899,0.04970,2000.0
2.2900E+03,-0.017279,0.000988,0.04970,2000.0
2.2900E+03,-0.017304,0.000643,0.04970,2000.0
2.2901E+03,-0.017304,-0.000643,0.04970,2000.0
2.2901E+03,-0.017279,-0.000988,0.04970,2000.0
2.2902E+03,-0.017212,-0.001899,0.04970,2000.0
2.2902E+03,-0.017161,-0.002250,0.04970,2000.0
2.2903E+03,-0.017024,-0.003167,0.04970,2000.0
2.2903E+03,-0.016950,-0.003503,0.04970,2000.0
2.2903E+03,-0.016746,-0.004405,0.04970,2000.0
2.2904E+03,-0.016648,-0.004735,0.04970,2000.0
2.2904E+03,-0.016378,-0.005620,0.04970,2000.0
2.2905E+03,-0.016257,-0.005942,0.04970,2000.0
2.2905E+03,-0.015921,-0.006807,0.04970,2000.0
2.2905E+03,-0.015778,-0.007119,0.04970,2000.0
2.2906E+03,-0.015375,-0.007967,0.04970,2000.0
2.2906E+03,-0.015214,-0.008256,0.04970,2000.0
2.2907E+03,-0.014754,-0.009063,0.04970,2000.0
2.2907E+03,-0.014568,-0.009349,0.04970,2000.0
2.2908E+03,-0.014044,-0.010128,0.04970,2000.0
2.2908E+03,-0.013828,-0.010413,0.04970,2000.0
2.2909E+03,-0.013276,-0.011117,0.04970,2000.0
2.2909E+03,-0.013046,-0.011379,0.04970,2000.0
2.2909E+03,-0.012421,-0.012064,0.04970,2000.0
2.2910E+03,-0.012153,-0.012328,0.04970,2000.0
2.2910E+03,-0.011500,-0.012945,0.04970,2000.0
2.2910E+03,-0.011215,-0.013187,0.04970,2000.0
2.2911E+03,-0.010525,-0.013750,0.04970,2000.0
2.2911E+03,-0.010217,-0.013975,0.04970,2000.0
2.2912E+03,-0.009488,-0.014485,0.04970,2000.0
2.2912E+03,-0.009162,-0.014689,0.04970,2000.0
2.2913E+03,-0.008399,-0.015142,0.04970,2000.0
2.2913E+03,-0.008058,-0.015323,0.04970,2000.0
2.2914E+03,-0.007250,-0.015725,0.04970,2000.0
2.2914E+03,-0.006946,-0.015859,0.04970,2000.0
2.2914E+03,-0.006092,-0.016208,0.04970,2000.0
2.2915E+03,-0.005726,-0.016339,0.04970,2000.0
2.2915E+03,-0.004884,-0.016612,0.04970,2000.0
2.2916E+03,-0.004542,-0.016707,0.04970,2000.0
2.2916E+03,-0.003636,-0.016929,0.04970,2000.0
2.2916E+03,-0.003307,-0.016996,0.04970,2000.0
2.2917E+03,-0.002396,-0.017148,0.04970,2000.0
2.2917E+03,-0.002051,-0.017192,0.04970,2000.0
2.2918E+03,-0.001107,-0.017279,0.04970,2000.0
2.2918E+03,-0.000794,-0.017296,0.04970,2000.0
2.2919E+03,0.000143,-0.017313,0.04970,2000.0
2.2919E+03,0.000507,-0.017307,0.04970,2000.0
2.2920E+03,0.001395,-0.017257,0.04970,2000.0
2.2920E+03,0.001782,-0.017222,0.04970,2000.0
2.2920E+03,0.002653,-0.017109,0.04970,2000.0
2.2921E+03,0.003027,-0.017048,0.04970,2000.0
2.2921E+03,0.003928,-0.016862,0.04970,2000.0
2.2921E+03,0.004257,-0.016784,0.04970,2000.0
2.2922E+03,0.005143,-0.016531,0.04970,2000.0
2.2922E+03,0.005502,-0.016418,0.04970,2000.0
2.2923E+03,0.006323,-0.016117,0.04970,2000.0
2.2923E+03,0.006684,-0.015973,0.04970,2000.0
2.2924E+03,0.007520,-0.015594,0.04970,2000.0
2.2924E+03,0.007828,-0.015445,0.04970,2000.0
2.2925E+03,0.008617,-0.015015,0.04970,2000.0
2.2925E+03,0.008953,-0.014821,0.04970,2000.0
2.2925E+03,0.009698,-0.014340,0.04970,2000.0
2.2926E+03,0.010008,-0.014131,0.04970,2000.0
2.2926E+03,0.010739,-0.013579,0.04970,2000.0
2.2927E+03,0.011012,-0.013363,0.04970,2000.0
2.2927E+03,0.011693,-0.012765,0.04970,2000.0
2.2927E+03,0.011971,-0.012511,0.04970,2000.0
2.2928E+03,0.012620,-0.011850,0.04970,2000.0
2.2928E+03,0.012847,-0.011609,0.04970,2000.0
2.2929E+03,0.013454,-0.010892,0.04970,2000.0
2.2929E+03,0.013666,-0.010634,0.04970,2000.0
2.2930E+03,0.014201,-0.009898,0.04970,2000.0
2.2930E+03,0.014416,-0.009593,0.04970,2000.0
2.2931E+03,0.014889,-0.008828,0.04970,2000.0
2.2931E+03,0.015082,-0.008507,0.04970,2000.0
2.2931E+03,0.015499,-0.007707,0.04970,2000.0
2.2932E+03,0.015659,-0.007394,0.04970,2000.0
2.2932E+03,0.016022,-0.006548,0.04970,2000.0
2.2932E+03,0.016162,-0.006216,0.04970,2000.0
2.2933E+03,0.016459,-0.005357,0.04970,2000.0
2.2933E+03,0.016572,-0.005019,0.04970,2000.0
2.2934E+03,0.016808,-0.004131,0.04970,2000.0
2.2934E+03,0.016899,-0.003781,0.04970,2000.0
2.2935E+03,0.017066,-0.002886,0.04970,2000.0
2.2935E+03,0.017065,-0.002886,0.04970,2000.0
2.2935E+03,0.017131,-0.002526,0.04970,2000.0
2.2936E+03,0.017231,-0.001626,0.04970,2000.0
2.2936E+03,0.017269,-0.001272,0.04970,2000.0
2.2936E+03,0.017303,-0.000355,0.04970,2000.0
2.2937E+03,0.017316,0.000000,0.04970,2000.0
2.2937E+03,0.017303,0.000354,0.04970,2000.0
2.2938E+03,0.017269,0.001272,0.04970,2000.0
2.2938E+03,0.017232,0.001620,0.04970,2000.0
2.2938E+03,0.017131,0.002526,0.04970,2000.0
2.2939E+03,0.017065,0.002886,0.04970,2000.0
2.2939E+03,0.017066,0.002886,0.04970,2000.0
2.2939E+03,0.016899,0.003781,0.04970,2000.0
2.2939E+03,0.016810,0.004122,0.04970,2000.0
2.2940E+03,0.016572,0.005019,0.04970,2000.0
2.2940E+03,0.016464,0.005342,0.04970,2000.0
2.2941E+03,0.016162,0.006216,0.04970,2000.0
2.2941E+03,0.016027,0.006536,0.04970,2000.0
2.2942E+03,0.015659,0.007394,0.04970,2000.0
2.2942E+03,0.015506,0.007693,0.04970,2000.0
2.2943E+03,0.015082,0.008507,0.04970,2000.0
2.2943E+03,0.014889,0.008828,0.04970,2000.0
2.2944E+03,0.014416,0.009593,0.04970,2000.0
2.2944E+03,0.014216,0.009877,0.04970,2000.0
2.2944E+03,0.013666,0.010634,0.04970,2000.0
2.2945E+03,0.013454,0.010892,0.04970,2000.0
2.2945E+03,0.012847,0.011609,0.04970,2000.0
2.2945E+03,0.012620,0.011850,0.04970,2000.0
2.2946E+03,0.011971,0.012511,0.04970,2000.0
2.2946E+03,0.011695,0.012764,0.04970,2000.0
2.2947E+03,0.011012,0.013363,0.04970,2000.0
2.2947E+03,0.010742,0.013576,0.04970,2000.0
2.2948E+03,0.010008,0.014131,0.04970,2000.0
2.2948E+03,0.009698,0.014340,0.04970,2000.0
2.2949E+03,0.008953,0.014821,0.04970,2000.0
2.2949E+03,0.008617,0.015015,0.04970,2000.0
2.2949E+03,0.007828,0.015445,0.04970,2000.0
2.2950E+03,0.007520,0.015594,0.04970,2000.0
2.2950E+03,0.006684,0.015973,0.04970,2000.0
2.2951E+03,0.006323,0.016117,0.04970,2000.0
2.2951E+03,0.005502,0.016418,0.04970,2000.0
2.2951E+03,0.005143,0.016531,0.04970,2000.0
2.2952E+03,0.004257,0.016784,0.04970,2000.0
2.2952E+03,0.003928,0.016862,0.04970,2000.0
2.2953E+03,0.003027,0.017048,0.04970,2000.0
2.2953E+03,0.002653,0.017109,0.04970,2000.0
2.2954E+03,0.001782,0.017222,0.04970,2000.0
2.2954E+03,0.001395,0.017257,0.04970,2000.0
2.2955E+03,0.000507,0.017307,0.04970,2000.0
2.2955E+03,0.000143,0.017313,0.04970,2000.0
2.2955E+03,-0.000794,0.017296,0.04970,2000.0
2.2956E+03,-0.001107,0.017279,0.04970,2000.0
2.2956E+03,-0.002051,0.017192,0.04970,2000.0
2.2956E+03,-0.002396,0.017148,0.04970,2000.0
2.2957E+03,-0.003307,0.016996,0.04970,2000.0
2.2957E+03,-0.003636,0.016929,0.04970,2000.0
2.2958E+03,-0.004542,0.016707,0.04970,2000.0
2.2958E+03,-0.004884,0.016612,0.04970,2000.0
2.2959E+03,-0.005729,0.016338,0.04970,2000.0
2.2959E+03,-0.006092,0.016208,0.04970,2000.0
2.2960E+03,-0.006946,0.015859,0.04970,2000.0
2.2960E+03,-0.007250,0.015725,0.04970,2000.0
2.2960E+03,-0.008062,0.015321,0.04970,2000.0
2.2961E+03,-0.008399,0.015142,0.04970,2000.0
2.2961E+03,-0.009163,0.014688,0.04970,2000.0
2.2962E+03,-0.009488,0.014485,0.04970,2000.0
2.2962E+03,-0.010218,0.013974,0.04970,2000.0
2.2962E+03,-0.010525,0.013750,0.04970,2000.0
2.2963E+03,-0.011215,0.013187,0.04970,2000.0
2.2963E+03,-0.011500,0.012945,0.04970,2000.0
2.2964E+03,-0.012163,0.012318,0.04970,2000.0
2.2964E+03,-0.012421,0.012064,0.04970,2000.0
2.2965E+03,-0.013046,0.011379,0.04970,2000.0
2.2965E+03,-0.013276,0.011117,0.04970,2000.0
2.2966E+03,-0.013828,0.010413,0.04970,2000.0
2.2966E+03,-0.014044,0.010128,0.04970,2000.0
2.2966E+03,-0.014568,0.009349,0.04970,0.0
2.2975E+03,-0.014568,0.009349,0.06240,0.0
2.2976E+03,-0.013157,0.008400,0.06240,0.0
2.2984E+03,-0.013157,0.008400,0.04970,2000.0
2.2984E+03,-0.013300,0.008180,0.04970,2000.0
2.2985E+03,-0.013737,0.007414,0.04970,2000.0
2.2985E+03,-0.013861,0.007191,0.04970,2000.0
2.2986E+03,-0.014242,0.006389,0.04970,2000.0
2.2986E+03,-0.014243,0.006389,0.04970,2000.0
2.2986E+03,-0.014350,0.006156,0.04970,2000.0
2.2986E+03,-0.014672,0.005326,0.04970,2000.0
2.2986E+03,-0.014673,0.005326,0.04970,2000.0
2.2987E+03,-0.014766,0.005077,0.04970,2000.0
2.2987E+03,-0.015022,0.004239,0.04970,2000.0
2.2987E+03,-0.015102,0.003968,0.04970,2000.0
2.2988E+03,-0.015292,0.003128,0.04970,2000.0
2.2988E+03,-0.015352,0.002855,0.04970,2000.0
2.2989E+03,-0.015480,0.001999,0.04970,2000.0
2.2989E+03,-0.015521,0.001714,0.04970,2000.0
2.2990E+03,-0.015584,0.000865,0.04970,2000.0
2.2990E+03,-0.015583,0.000865,0.04970,2000.0
2.2990E+03,-0.015604,0.000575,0.04970,2000.0
2.2990E+03,-0.015604,-0.000575,0.04970,2000.0
2.2991E+03,-0.015583,-0.000865,0.04970,2000.0
2.2991E+03,-0.015584,-0.000865,0.04970,2000.0
2.2991E+03,-0.015521,-0.001714,0.04970,2000.0
2.2991E+03,-0.015480,-0.001999,0.04970,2000.0
2.2992E+03,-0.015352,-0.002855,0.04970,2000.0
2.2992E+03,-0.015292,-0.003128,0.04970,2000.0
2.2993E+03,-0.015102,-0.003968,0.04970,2000.0
2.2993E+03,-0.015022,-0.004239,0.04970,2000.0
2.2994E+03,-0.014766,-0.005077,0.04970,2000.0
2.2994E+03,-0.014673,-0.005326,0.04970,2000.0
2.2994E+03,-0.014672,-0.005326,0.04970,2000.0
2.2994E+03,-0.014348,-0.006160,0.04970,2000.0
2.2995E+03,-0.014243,-0.006389,0.04970,2000.0
2.2995E+03,-0.013863,-0.007188,0.04970,2000.0
2.2995E+03,-0.013737,-0.007414,0.04970,2000.0
2.2996E+03,-0.013300,-0.008180,0.04970,2000.0
2.2996E+03,-0.013157,-0.008400,0.04970,2000.0
2.2997E+03,-0.012658,-0.009142,0.04970,2000.0
2.2997E+03,-0.012490,-0.009364,0.04970,2000.0
2.2997E+03,-0.011972,-0.010025,0.04970,2000.0
2.2998E+03,-0.011768,-0.010257,0.04970,2000.0
2.2998E+03,-0.011192,-0.010889,0.04970,2000.0
2.2998E+03,-0.010985,-0.011092,0.04970,2000.0
2.2999E+03,-0.010356,-0.011687,0.04970,2000.0
2.2999E+03,-0.010140,-0.011870,0.04970,2000.0
2.3000E+03,-0.009490,-0.012400,0.04970,2000.0
2.3000E+03,-0.009227,-0.012592,0.04970,2000.0
2.3000E+03,-0.008544,-0.013070,0.04970,2000.0
2.3001E+03,-0.008294,-0.013227,0.04970,2000.0
2.3001E+03,-0.007568,-0.013658,0.04970,2000.0
2.3001E+03,-0.007261,-0.013821,0.04970,2000.0
2.3002E+03,-0.006541,-0.014179,0.04970,2000.0
2.3002E+03,-0.006273,-0.014297,0.04970,2000.0
2.3003E+03,-0.005487,-0.014618,0.04970,2000.0
2.3003E+03,-0.005153,-0.014738,0.04970,2000.0
2.3003E+03,-0.004399,-0.014982,0.04970,2000.0
2.3004E+03,-0.004110,-0.015063,0.04970,2000.0
2.3004E+03,-0.003269,-0.015269,0.04970,2000.0
2.3004E+03,-0.002999,-0.015324,0.04970,2000.0
2.3005E+03,-0.002134,-0.015468,0.04970,2000.0
2.3005E+03,-0.001880,-0.015500,0.04970,2000.0
2.3006E+03,-0.000965,-0.015585,0.04970,2000.0
2.3006E+03,-0.000754,-0.015596,0.04970,2000.0
2.3007E+03,0.000146,-0.015612,0.04970,2000.0
2.3007E+03,0.000458,-0.015607,0.04970,2000.0
2.3007E+03,0.001265,-0.015562,0.04970,2000.0
2.3008E+03,0.001589,-0.015533,0.04970,2000.0
2.3008E+03,0.002405,-0.015427,0.04970,2000.0
2.3008E+03,0.002720,-0.015375,0.04970,2000.0
2.3009E+03,0.003572,-0.015200,0.04970,2000.0
2.3009E+03,0.003815,-0.015142,0.04970,2000.0
2.3010E+03,0.004658,-0.014901,0.04970,2000.0
2.3010E+03,0.004963,-0.014805,0.04970,2000.0
2.3010E+03,0.005709,-0.014532,0.04970,2000.0
2.3011E+03,0.006024,-0.014406,0.04970,2000.0
2.3011E+03,0.006805,-0.014052,0.04970,2000.0
2.3011E+03,0.007034,-0.013941,0.04970,2000.0
2.3012E+03,0.007803,-0.013522,0.04970,2000.0
2.3012E+03,0.008067,-0.013370,0.04970,2000.0
2.3013E+03,0.008748,-0.012930,0.04970,2000.0
2.3013E+03,0.009022,-0.012745,0.04970,2000.0
2.3013E+03,0.009700,-0.012233,0.04970,2000.0
2.3014E+03,0.009924,-0.012056,0.04970,2000.0
2.3014E+03,0.010546,-0.011510,0.04970,2000.0
2.3014E+03,0.010793,-0.011284,0.04970,2000.0
2.3015E+03,0.011407,-0.010659,0.04970,2000.0
2.3015E+03,0.011586,-0.010469,0.04970,2000.0
2.3016E+03,0.012141,-0.009813,0.04970,2000.0
2.3016E+03,0.012313,-0.009603,0.04970,2000.0
2.3017E+03,0.012826,-0.008898,0.04970,2000.0
2.3017E+03,0.012827,-0.008898,0.04970,2000.0
2.3017E+03,0.012991,-0.008665,0.04970,2000.0
2.3017E+03,0.013432,-0.007952,0.04970,2000.0
2.3017E+03,0.013602,-0.007670,0.04970,2000.0
2.3018E+03,0.013986,-0.006933,0.04970,2000.0
2.3018E+03,0.013985,-0.006933,0.04970,2000.0
2.3018E+03,0.014124,-0.006661,0.04970,2000.0
2.3019E+03,0.014456,-0.005887,0.04970,2000.0
2.3019E+03,0.014569,-0.005620,0.04970,2000.0
2.3020E+03,0.014852,-0.004801,0.04970,2000.0
2.3020E+03,0.014853,-0.004801,0.04970,2000.0
2.3020E+03,0.014941,-0.004537,0.04970,2000.0
2.3020E+03,0.015163,-0.003703,0.04970,2000.0
2.3021E+03,0.015239,-0.003412,0.04970,2000.0
2.3021E+03,0.015292,-0.003128,0.04970,2000.0
2.3021E+03,0.015447,-0.002285,0.04970,2000.0
2.3022E+03,0.015541,-0.001438,0.04970,2000.0
2.3022E+03,0.015542,-0.001438,0.04970,2000.0
2.3022E+03,0.015572,-0.001157,0.04970,2000.0
2.3023E+03,0.015604,-0.000292,0.04970,2000.0
2.3023E+03,0.015615,0.000000,0.04970,2000.0
2.3023E+03,0.015604,0.000292,0.04970,2000.0
2.3024E+03,0.015572,0.001159,0.04970,2000.0
2.3024E+03,0.015543,0.001432,0.04970,2000.0
2.3024E+03,0.015542,0.001432,0.04970,2000.0
2.3024E+03,0.015447,0.002285,0.04970,2000.0
2.3025E+03,0.015337,0.002886,0.04970,2000.0
2.3025E+03,0.015240,0.003407,0.04970,2000.0
2.3025E+03,0.015167,0.003686,0.04970,2000.0
2.3026E+03,0.014942,0.004533,0.04970,2000.0
2.3026E+03,0.014857,0.004787,0.04970,2000.0
2.3027E+03,0.014572,0.005612,0.04970,2000.0
2.3027E+03,0.014465,0.005866,0.04970,2000.0
2.3027E+03,0.014119,0.006673,0.04970,2000.0
2.3028E+03,0.013998,0.006908,0.04970,2000.0
2.3028E+03,0.013598,0.007676,0.04970,2000.0
2.3028E+03,0.013443,0.007934,0.04970,2000.0
2.3029E+03,0.012998,0.008654,0.04970,2000.0
2.3029E+03,0.012826,0.008898,0.04970,2000.0
2.3030E+03,0.012322,0.009593,0.04970,2000.0
2.3030E+03,0.012157,0.009794,0.04970,2000.0
2.3030E+03,0.011586,0.010469,0.04970,2000.0
2.3031E+03,0.011407,0.010659,0.04970,2000.0
2.3031E+03,0.010791,0.011287,0.04970,2000.0
2.3031E+03,0.010557,0.011501,0.04970,2000.0
2.3032E+03,0.009929,0.012052,0.04970,2000.0
2.3032E+03,0.009689,0.012241,0.04970,2000.0
2.3033E+03,0.009025,0.012743,0.04970,2000.0
2.3033E+03,0.008748,0.012930,0.04970,2000.0
2.3034E+03,0.008067,0.013370,0.04970,2000.0
2.3034E+03,0.007803,0.013522,0.04970,2000.0
2.3034E+03,0.007034,0.013941,0.04970,2000.0
2.3034E+03,0.006805,0.014052,0.04970,2000.0
2.3035E+03,0.006024,0.014406,0.04970,2000.0
2.3035E+03,0.005709,0.014532,0.04970,2000.0
2.3036E+03,0.004963,0.014805,0.04970,2000.0
2.3036E+03,0.004658,0.014901,0.04970,2000.0
2.3037E+03,0.003815,0.015142,0.04970,2000.0
2.3037E+03,0.003572,0.015200,0.04970,2000.0
2.3037E+03,0.002720,0.015375,0.04970,2000.0
2.3038E+03,0.002405,0.015427,0.04970,2000.0
2.3038E+03,0.001589,0.015533,0.04970,2000.0
2.3038E+03,0.001265,0.015562,0.04970,2000.0
2.3039E+03,0.000458,0.015607,0.04970,2000.0
2.3039E+03,0.000146,0.015612,0.04970,2000.0
2.3040E+03,-0.000754,0.015596,0.04970,2000.0
2.3040E+03,-0.000965,0.015585,0.04970,2000.0
2.3040E+03,-0.001880,0.015500,0.04970,2000.0
2.3041E+03,-0.002134,0.015468,0.04970,2000.0
2.3041E+03,-0.002999,0.015324,0.04970,2000.0
2.3041E+03,-0.003269,0.015269,0.04970,2000.0
2.3042E+03,-0.004110,0.015063,0.04970,2000.0
2.3042E+03,-0.004399,0.014982,0.04970,2000.0
2.3043E+03,-0.005189,0.014726,0.04970,2000.0
2.3043E+03,-0.005467,0.014626,0.04970,2000.0
2.3043E+03,-0.006273,0.014297,0.04970,2000.0
2.3044E+03,-0.006541,0.014179,0.04970,2000.0
2.3044E+03,-0.007305,0.013799,0.04970,2000.0
2.3044E+03,-0.007567,0.013659,0.04970,2000.0
2.3045E+03,-0.008262,0.013246,0.04970,2000.0
2.3045E+03,-0.008550,0.013066,0.04970,2000.0
2.3046E+03,-0.009243,0.012581,0.04970,2000.0
2.3046E+03,-0.009482,0.012407,0.04970,2000.0
2.3047E+03,-0.010140,0.011870,0.04970,2000.0
2.3047E+03,-0.010366,0.011678,0.04970,2000.0
2.3047E+03,-0.010979,0.011098,0.04970,2000.0
2.3047E+03,-0.011192,0.010889,0.04970,2000.0
2.3048E+03,-0.011768,0.010257,0.04970,2000.0
2.3048E+03,-0.011972,0.010024,0.04970,2000.0
2.3049E+03,-0.012490,0.009364,0.04970,2000.0
2.3049E+03,-0.012658,0.009142,0.04970,2000.0
2.3050E+03,-0.013157,0.008400,0.04970,0.0
2.3058E+03,-0.013157,0.008400,0.06240,0.0
2.3059E+03,-0.011747,0.007451,0.06240,0.0
2.3067E+03,-0.011747,0.007451,0.04970,2000.0
2.3068E+03,-0.011842,0.007305,0.04970,2000.0
2.3068E+03,-0.012260,0.006572,0.04970,2000.0
2.3068E+03,-0.012348,0.006413,0.04970,2000.0
2.3069E+03,-0.012732,0.005607,0.04970,2000.0
2.3069E+03,-0.012782,0.005497,0.04970,2000.0
2.3069E+03,-0.013101,0.004676,0.04970,2000.0
2.3070E+03,-0.013156,0.004527,0.04970,2000.0
2.3070E+03,-0.013396,0.003742,0.04970,2000.0
2.3070E+03,-0.013397,0.003742,0.04970,2000.0
2.3070E+03,-0.013455,0.003545,0.04970,2000.0
2.3071E+03,-0.013634,0.002753,0.04970,2000.0
2.3071E+03,-0.013680,0.002546,0.04970,2000.0
2.3071E+03,-0.013798,0.001757,0.04970,2000.0
2.3071E+03,-0.013797,0.001757,0.04970,2000.0
2.3072E+03,-0.013830,0.001526,0.04970,2000.0
2.3072E+03,-0.013904,0.000507,0.04970,2000.0
2.3073E+03,-0.013904,-0.000507,0.04970,2000.0
2.3074E+03,-0.013830,-0.001526,0.04970,2000.0
2.3074E+03,-0.013797,-0.001757,0.04970,2000.0
2.3074E+03,-0.013798,-0.001757,0.04970,2000.0
2.3074E+03,-0.013680,-0.002546,0.04970,2000.0
2.3074E+03,-0.013634,-0.002753,0.04970,2000.0
2.3075E+03,-0.013455,-0.003545,0.04970,2000.0
2.3075E+03,-0.013397,-0.003742,0.04970,2000.0
2.3075E+03,-0.013396,-0.003742,0.04970,2000.0
2.3076E+03,-0.013156,-0.004527,0.04970,2000.0
2.3076E+03,-0.013099,-0.004680,0.04970,2000.0
2.3076E+03,-0.012778,-0.005506,0.04970,2000.0
2.3077E+03,-0.012708,-0.005659,0.04970,2000.0
2.3077E+03,-0.012355,-0.006401,0.04970,2000.0
2.3077E+03,-0.012260,-0.006572,0.04970,2000.0
2.3078E+03,-0.011842,-0.007305,0.04970,2000.0
2.3078E+03,-0.011747,-0.007451,0.04970,2000.0
2.3078E+03,-0.011746,-0.007451,0.04970,2000.0
2.3078E+03,-0.011273,-0.008154,0.04970,2000.0
2.3079E+03,-0.011134,-0.008338,0.04970,2000.0
2.3079E+03,-0.010667,-0.008933,0.04970,2000.0
2.3079E+03,-0.010491,-0.009134,0.04970,2000.0
2.3079E+03,-0.010492,-0.009134,0.04970,2000.0
2.3080E+03,-0.009973,-0.009704,0.04970,2000.0
2.3080E+03,-0.009795,-0.009878,0.04970,2000.0
2.3080E+03,-0.009224,-0.010418,0.04970,2000.0
2.3081E+03,-0.009066,-0.010552,0.04970,2000.0
2.3081E+03,-0.008445,-0.011059,0.04970,2000.0
2.3081E+03,-0.008252,-0.011199,0.04970,2000.0
2.3082E+03,-0.007603,-0.011654,0.04970,2000.0
2.3082E+03,-0.007408,-0.011776,0.04970,2000.0
2.3083E+03,-0.006721,-0.012184,0.04970,2000.0
2.3083E+03,-0.006504,-0.012299,0.04970,2000.0
2.3083E+03,-0.005824,-0.012637,0.04970,2000.0
2.3083E+03,-0.005615,-0.012729,0.04970,2000.0
2.3084E+03,-0.004876,-0.013031,0.04970,2000.0
2.3084E+03,-0.004583,-0.013136,0.04970,2000.0
2.3085E+03,-0.003924,-0.013350,0.04970,2000.0
2.3085E+03,-0.003666,-0.013422,0.04970,2000.0
2.3085E+03,-0.002908,-0.013608,0.04970,2000.0
2.3085E+03,-0.002687,-0.013652,0.04970,2000.0
2.3086E+03,-0.001894,-0.013785,0.04970,2000.0
2.3086E+03,-0.001695,-0.013810,0.04970,2000.0
2.3087E+03,-0.000844,-0.013889,0.04970,2000.0
2.3087E+03,-0.000693,-0.013897,0.04970,2000.0
2.3087E+03,0.000149,-0.013912,0.04970,2000.0
2.3087E+03,0.000411,-0.013907,0.04970,2000.0
2.3088E+03,0.001137,-0.013867,0.04970,2000.0
2.3088E+03,0.001395,-0.013844,0.04970,2000.0
2.3089E+03,0.002170,-0.013743,0.04970,2000.0
2.3089E+03,0.002409,-0.013704,0.04970,2000.0
2.3089E+03,0.003180,-0.013545,0.04970,2000.0
2.3089E+03,0.003386,-0.013496,0.04970,2000.0
2.3090E+03,0.004172,-0.013271,0.04970,2000.0
2.3090E+03,0.004432,-0.013190,0.04970,2000.0
2.3091E+03,0.005102,-0.012945,0.04970,2000.0
2.3091E+03,0.005352,-0.012844,0.04970,2000.0
2.3091E+03,0.006063,-0.012522,0.04970,2000.0
2.3092E+03,0.006264,-0.012425,0.04970,2000.0
2.3092E+03,0.006990,-0.012029,0.04970,2000.0
2.3092E+03,0.007170,-0.011925,0.04970,2000.0
2.3093E+03,0.007825,-0.011502,0.04970,2000.0
2.3093E+03,0.008032,-0.011362,0.04970,2000.0
2.3093E+03,0.008646,-0.010899,0.04970,2000.0
2.3094E+03,0.008838,-0.010747,0.04970,2000.0
2.3094E+03,0.009398,-0.010256,0.04970,2000.0
2.3094E+03,0.009614,-0.010058,0.04970,2000.0
2.3095E+03,0.010194,-0.009468,0.04970,2000.0
2.3095E+03,0.010315,-0.009339,0.04970,2000.0
2.3096E+03,0.010843,-0.008715,0.04970,2000.0
2.3096E+03,0.010963,-0.008569,0.04970,2000.0
2.3096E+03,0.011486,-0.007850,0.04970,2000.0
2.3096E+03,0.011568,-0.007734,0.04970,2000.0
2.3097E+03,0.011976,-0.007074,0.04970,2000.0
2.3097E+03,0.012116,-0.006842,0.04970,2000.0
2.3097E+03,0.012435,-0.006230,0.04970,2000.0
2.3098E+03,0.012589,-0.005928,0.04970,2000.0
2.3098E+03,0.012891,-0.005224,0.04970,2000.0
2.3098E+03,0.012890,-0.005224,0.04970,2000.0
2.3098E+03,0.012983,-0.005004,0.04970,2000.0
2.3099E+03,0.013248,-0.004239,0.04970,2000.0
2.3099E+03,0.013313,-0.004045,0.04970,2000.0
2.3100E+03,0.013518,-0.003273,0.04970,2000.0
2.3100E+03,0.013580,-0.003035,0.04970,2000.0
2.3100E+03,0.013620,-0.002821,0.04970,2000.0
2.3100E+03,0.013763,-0.002044,0.04970,2000.0
2.3101E+03,0.013875,-0.001032,0.04970,2000.0
2.3102E+03,0.013905,-0.000229,0.04970,2000.0
2.3102E+03,0.013914,0.000000,0.04970,2000.0
2.3102E+03,0.013905,0.000229,0.04970,2000.0
2.3102E+03,0.013875,0.001039,0.04970,2000.0
2.3103E+03,0.013763,0.002047,0.04970,2000.0
2.3104E+03,0.013666,0.002575,0.04970,2000.0
2.3104E+03,0.013582,0.003028,0.04970,2000.0
2.3104E+03,0.013524,0.003250,0.04970,2000.0
2.3105E+03,0.013312,0.004047,0.04970,2000.0
2.3105E+03,0.013250,0.004232,0.04970,2000.0
2.3105E+03,0.012984,0.005001,0.04970,2000.0
2.3105E+03,0.012898,0.005206,0.04970,2000.0
2.3105E+03,0.012899,0.005206,0.04970,2000.0
2.3106E+03,0.012580,0.005950,0.04970,2000.0
2.3106E+03,0.012490,0.006123,0.04970,2000.0
2.3107E+03,0.012110,0.006853,0.04970,2000.0
2.3107E+03,0.011997,0.007040,0.04970,2000.0
2.3107E+03,0.011573,0.007726,0.04970,2000.0
2.3107E+03,0.011450,0.007900,0.04970,2000.0
2.3108E+03,0.010980,0.008548,0.04970,2000.0
2.3108E+03,0.010859,0.008696,0.04970,2000.0
2.3109E+03,0.010315,0.009339,0.04970,2000.0
2.3109E+03,0.010193,0.009469,0.04970,2000.0
2.3109E+03,0.009603,0.010071,0.04970,2000.0
2.3109E+03,0.009436,0.010223,0.04970,2000.0
2.3110E+03,0.008849,0.010738,0.04970,2000.0
2.3110E+03,0.008637,0.010905,0.04970,2000.0
2.3111E+03,0.008038,0.011359,0.04970,2000.0
2.3111E+03,0.007825,0.011502,0.04970,2000.0
2.3111E+03,0.007170,0.011925,0.04970,2000.0
2.3111E+03,0.006990,0.012029,0.04970,2000.0
2.3112E+03,0.006264,0.012425,0.04970,2000.0
2.3112E+03,0.006063,0.012522,0.04970,2000.0
2.3113E+03,0.005352,0.012844,0.04970,2000.0
2.3113E+03,0.005102,0.012945,0.04970,2000.0
2.3113E+03,0.004432,0.013190,0.04970,2000.0
2.3114E+03,0.004172,0.013271,0.04970,2000.0
2.3114E+03,0.003386,0.013496,0.04970,2000.0
2.3114E+03,0.003180,0.013545,0.04970,2000.0
2.3115E+03,0.002409,0.013704,0.04970,2000.0
2.3115E+03,0.002170,0.013743,0.04970,2000.0
2.3115E+03,0.001395,0.013844,0.04970,2000.0
2.3116E+03,0.001137,0.013867,0.04970,2000.0
2.3116E+03,0.000411,0.013907,0.04970,2000.0
2.3116E+03,0.000149,0.013912,0.04970,2000.0
2.3117E+03,-0.000693,0.013897,0.04970,2000.0
2.3117E+03,-0.000844,0.013889,0.04970,2000.0
2.3117E+03,-0.001695,0.013810,0.04970,2000.0
2.3118E+03,-0.001894,0.013785,0.04970,2000.0
2.3118E+03,-0.002687,0.013652,0.04970,2000.0
2.3118E+03,-0.002908,0.013608,0.04970,2000.0
2.3119E+03,-0.003666,0.013422,0.04970,2000.0
2.3119E+03,-0.003916,0.013352,0.04970,2000.0
2.3119E+03,-0.004627,0.013121,0.04970,2000.0
2.3120E+03,-0.004864,0.013036,0.04970,2000.0
2.3120E+03,-0.005602,0.012735,0.04970,2000.0
2.3120E+03,-0.005824,0.012637,0.04970,2000.0
2.3121E+03,-0.006534,0.012284,0.04970,2000.0
2.3121E+03,-0.006736,0.012176,0.04970,2000.0
2.3122E+03,-0.007361,0.011804,0.04970,2000.0
2.3122E+03,-0.007612,0.011647,0.04970,2000.0
2.3122E+03,-0.008268,0.011188,0.04970,2000.0
2.3122E+03,-0.008442,0.011061,0.04970,2000.0
2.3123E+03,-0.009039,0.010574,0.04970,2000.0
2.3123E+03,-0.009240,0.010403,0.04970,2000.0
2.3124E+03,-0.009795,0.009878,0.04970,2000.0
2.3124E+03,-0.009972,0.009704,0.04970,2000.0
2.3124E+03,-0.010489,0.009137,0.04970,2000.0
2.3124E+03,-0.010663,0.008938,0.04970,2000.0
2.3125E+03,-0.011134,0.008338,0.04970,2000.0
2.3125E+03,-0.011273,0.008154,0.04970,2000.0
2.3126E+03,-0.011746,0.007451,0.04970,2000.0
2.3126E+03,-0.011747,0.007451,0.04970,0.0
2.3134E+03,-0.011747,0.007451,0.06240,0.0
2.3135E+03,-0.010994,0.006890,0.06240,0.0
2.3143E+03,-0.010994,0.006890,0.04970,2000.0
2.3144E+03,-0.010139,0.008098,0.04970,2000.0
2.3145E+03,-0.009495,0.008817,0.04970,2000.0
2.3145E+03,-0.009137,0.009211,0.04970,2000.0
2.3146E+03,-0.008409,0.009862,0.04970,2000.0
2.3146E+03,-0.008004,0.010209,0.04970,2000.0
2.3147E+03,-0.007207,0.010774,0.04970,2000.0
2.3147E+03,-0.006760,0.011068,0.04970,2000.0
2.3148E+03,-0.005928,0.011528,0.04970,2000.0
2.3148E+03,-0.005450,0.011770,0.04970,2000.0
2.3149E+03,-0.004538,0.012146,0.04970,2000.0
2.3149E+03,-0.004037,0.012322,0.04970,2000.0
2.3150E+03,-0.003109,0.012590,0.04970,2000.0
2.3150E+03,-0.002585,0.012704,0.04970,2000.0
2.3151E+03,-0.001628,0.012867,0.04970,2000.0
2.3151E+03,-0.001095,0.012917,0.04970,2000.0
2.3152E+03,-0.000134,0.012969,0.04970,2000.0
2.3152E+03,0.000401,0.012956,0.04970,2000.0
2.3153E+03,0.001384,0.012898,0.04970,2000.0
2.3153E+03,0.001905,0.012817,0.04970,2000.0
2.3154E+03,0.002858,0.012657,0.04970,2000.0
2.3154E+03,0.003376,0.012509,0.04970,2000.0
2.3155E+03,0.004290,0.012245,0.04970,2000.0
2.3155E+03,0.005183,0.011876,0.04970,2000.0
2.3156E+03,0.005672,0.011667,0.04970,2000.0
2.3156E+03,0.006520,0.011200,0.04970,2000.0
2.3157E+03,0.006985,0.010931,0.04970,2000.0
2.3157E+03,0.007775,0.010371,0.04970,2000.0
2.3158E+03,0.008201,0.010049,0.04970,2000.0
2.3158E+03,0.008925,0.009402,0.04970,2000.0
2.3159E+03,0.009310,0.009029,0.04970,2000.0
2.3159E+03,0.009957,0.008304,0.04970,2000.0
2.3160E+03,0.010290,0.007889,0.04970,2000.0
2.3160E+03,0.010854,0.007095,0.04970,2000.0
2.3161E+03,0.011134,0.006641,0.04970,2000.0
2.3161E+03,0.011601,0.005798,0.04970,2000.0
2.3162E+03,0.011825,0.005311,0.04970,2000.0
2.3162E+03,0.012200,0.004408,0.04970,2000.0
2.3163E+03,0.012361,0.003899,0.04970,2000.0
2.3163E+03,0.012628,0.002970,0.04970,2000.0
2.3164E+03,0.012727,0.002441,0.04970,2000.0
2.3164E+03,0.012887,0.001499,0.04970,2000.0
2.3165E+03,0.012922,0.000963,0.04970,2000.0
2.3165E+03,0.012976,0.000000,0.04970,2000.0
2.3166E+03,0.012922,-0.000963,0.04970,2000.0
2.3166E+03,0.012887,-0.001499,0.04970,2000.0
2.3167E+03,0.012727,-0.002441,0.04970,2000.0
2.3167E+03,0.012628,-0.002970,0.04970,2000.0
2.3168E+03,0.012361,-0.003899,0.04970,2000.0
2.3168E+03,0.012200,-0.004408,0.04970,2000.0
2.3169E+03,0.011825,-0.005311,0.04970,2000.0
2.3169E+03,0.011601,-0.005798,0.04970,2000.0
2.3170E+03,0.011134,-0.006641,0.04970,2000.0
2.3170E+03,0.010854,-0.007095,0.04970,2000.0
2.3171E+03,0.010290,-0.007889,0.04970,2000.0
2.3171E+03,0.009957,-0.008304,0.04970,2000.0
2.3172E+03,0.009310,-0.009029,0.04970,2000.0
2.3172E+03,0.008925,-0.009402,0.04970,2000.0
2.3173E+03,0.008201,-0.010049,0.04970,2000.0
2.3173E+03,0.007775,-0.010371,0.04970,2000.0
2.3174E+03,0.006985,-0.010931,0.04970,2000.0
2.3174E+03,0.006520,-0.011200,0.04970,2000.0
2.3175E+03,0.005672,-0.011667,0.04970,2000.0
2.3175E+03,0.005183,-0.011876,0.04970,2000.0
2.3176E+03,0.004290,-0.012245,0.04970,2000.0
2.3177E+03,0.003376,-0.012509,0.04970,2000.0
2.3177E+03,0.002858,-0.012657,0.04970,2000.0
2.3178E+03,0.001905,-0.012817,0.04970,2000.0
2.3178E+03,0.001384,-0.012898,0.04970,2000.0
2.3179E+03,0.000401,-0.012956,0.04970,2000.0
2.3179E+03,-0.000134,-0.012969,0.04970,2000.0
2.3180E+03,-0.001095,-0.012917,0.04970,2000.0
2.3180E+03,-0.001628,-0.012867,0.04970,2000.0
2.3181E+03,-0.002585,-0.012704,0.04970,2000.0
2.3181E+03,-0.003109,-0.012590,0.04970,2000.0
2.3182E+03,-0.004037,-0.012322,0.04970,2000.0
2.3182E+03,-0.004538,-0.012146,0.04970,2000.0
2.3183E+03,-0.005450,-0.011770,0.04970,2000.0
2.3183E+03,-0.005928,-0.011528,0.04970,2000.0
2.3184E+03,-0.006760,-0.011068,0.04970,2000.0
2.3184E+03,-0.007207,-0.010774,0.04970,2000.0
2.3185E+03,-0.008004,-0.010209,0.04970,2000.0
2.3185E+03,-0.008409,-0.009862,0.04970,2000.0
2.3186E+03,-0.009137,-0.009211,0.04970,2000.0
2.3186E+03,-0.009495,-0.008817,0.04970,2000.0
2.3187E+03,-0.010141,-0.008096,0.04970,2000.0
2.3187E+03,-0.010489,-0.007603,0.04970,2000.0
2.3188E+03,-0.010993,-0.006893,0.04970,2000.0
2.3188E+03,-0.011465,-0.006039,0.04970,2000.0
2.3189E+03,-0.011717,-0.005569,0.04970,2000.0
2.3189E+03,-0.012087,-0.004676,0.04970,2000.0
2.3190E+03,-0.012283,-0.004174,0.04970,2000.0
2.3190E+03,-0.012550,-0.003241,0.04970,2000.0
2.3191E+03,-0.012679,-0.002729,0.04970,2000.0
2.3191E+03,-0.012845,-0.001764,0.04970,2000.0
2.3192E+03,-0.012909,-0.001228,0.04970,2000.0
2.3192E+03,-0.012963,-0.000264,0.04970,2000.0
2.3193E+03,-0.012963,0.000264,0.04970,2000.0
2.3193E+03,-0.012909,0.001228,0.04970,2000.0
2.3194E+03,-0.012845,0.001764,0.04970,2000.0
2.3194E+03,-0.012679,0.002729,0.04970,2000.0
2.3195E+03,-0.012550,0.003241,0.04970,2000.0
2.3195E+03,-0.012283,0.004174,0.04970,2000.0
2.3196E+03,-0.012087,0.004676,0.04970,2000.0
2.3196E+03,-0.011717,0.005569,0.04970,2000.0
2.3197E+03,-0.011465,0.006039,0.04970,2000.0
2.3197E+03,-0.010994,0.006890,0.04970,0.0
2.3206E+03,-0.010994,0.006890,0.06240,0.0
2.3207E+03,-0.009552,0.005985,0.06240,0.0
2.3215E+03,-0.009552,0.005985,0.04970,2000.0
2.3216E+03,-0.008808,0.007036,0.04970,2000.0
2.3216E+03,-0.008232,0.007679,0.04970,2000.0
2.3217E+03,-0.007938,0.008003,0.04970,2000.0
2.3217E+03,-0.007290,0.008582,0.04970,2000.0
2.3218E+03,-0.006957,0.008867,0.04970,2000.0
2.3218E+03,-0.006248,0.009370,0.04970,2000.0
2.3219E+03,-0.005880,0.009612,0.04970,2000.0
2.3219E+03,-0.005133,0.010025,0.04970,2000.0
2.3219E+03,-0.004741,0.010223,0.04970,2000.0
2.3220E+03,-0.003932,0.010557,0.04970,2000.0
2.3220E+03,-0.003519,0.010702,0.04970,2000.0
2.3221E+03,-0.002691,0.010941,0.04970,2000.0
2.3221E+03,-0.002261,0.011035,0.04970,2000.0
2.3222E+03,-0.001406,0.011180,0.04970,2000.0
2.3222E+03,-0.000969,0.011221,0.04970,2000.0
2.3223E+03,-0.000109,0.011268,0.04970,2000.0
2.3223E+03,0.000330,0.011257,0.04970,2000.0
2.3223E+03,0.001203,0.011206,0.04970,2000.0
2.3224E+03,0.001633,0.011139,0.04970,2000.0
2.3224E+03,0.002483,0.010996,0.04970,2000.0
2.3225E+03,0.002907,0.010875,0.04970,2000.0
2.3225E+03,0.003728,0.010638,0.04970,2000.0
2.3226E+03,0.004524,0.010309,0.04970,2000.0
2.3226E+03,0.004926,0.010137,0.04970,2000.0
2.3227E+03,0.005684,0.009720,0.04970,2000.0
2.3227E+03,0.006065,0.009499,0.04970,2000.0
2.3227E+03,0.006771,0.008999,0.04970,2000.0
2.3228E+03,0.007120,0.008735,0.04970,2000.0
2.3228E+03,0.007767,0.008157,0.04970,2000.0
2.3229E+03,0.008083,0.007851,0.04970,2000.0
2.3229E+03,0.008659,0.007206,0.04970,2000.0
2.3230E+03,0.008933,0.006864,0.04970,2000.0
2.3230E+03,0.009436,0.006156,0.04970,2000.0
2.3230E+03,0.009666,0.005783,0.04970,2000.0
2.3231E+03,0.010083,0.005030,0.04970,2000.0
2.3231E+03,0.010267,0.004630,0.04970,2000.0
2.3232E+03,0.010601,0.003825,0.04970,2000.0
2.3232E+03,0.010733,0.003407,0.04970,2000.0
2.3233E+03,0.010972,0.002578,0.04970,2000.0
2.3233E+03,0.011053,0.002143,0.04970,2000.0
2.3234E+03,0.011196,0.001300,0.04970,2000.0
2.3234E+03,0.011225,0.000860,0.04970,2000.0
2.3234E+03,0.011273,0.000000,0.04970,2000.0
2.3235E+03,0.011225,-0.000860,0.04970,2000.0
2.3235E+03,0.011196,-0.001300,0.04970,2000.0
2.3236E+03,0.011053,-0.002143,0.04970,2000.0
2.3236E+03,0.010972,-0.002578,0.04970,2000.0
2.3237E+03,0.010733,-0.003407,0.04970,2000.0
2.3237E+03,0.010601,-0.003825,0.04970,2000.0
2.3238E+03,0.010267,-0.004630,0.04970,2000.0
2.3238E+03,0.010083,-0.005030,0.04970,2000.0
2.3238E+03,0.009666,-0.005783,0.04970,2000.0
2.3239E+03,0.009436,-0.006156,0.04970,2000.0
2.3239E+03,0.008933,-0.006864,0.04970,2000.0
2.3240E+03,0.008659,-0.007206,0.04970,2000.0
2.3240E+03,0.008083,-0.007851,0.04970,2000.0
2.3241E+03,0.007767,-0.008157,0.04970,2000.0
2.3241E+03,0.007120,-0.008735,0.04970,2000.0
2.3241E+03,0.006771,-0.008999,0.04970,2000.0
2.3242E+03,0.006065,-0.009499,0.04970,2000.0
2.3242E+03,0.005684,-0.009720,0.04970,2000.0
2.3243E+03,0.004926,-0.010137,0.04970,2000.0
2.3243E+03,0.004524,-0.010309,0.04970,2000.0
2.3244E+03,0.003728,-0.010638,0.04970,2000.0
2.3244E+03,0.002907,-0.010875,0.04970,2000.0
2.3245E+03,0.002483,-0.010996,0.04970,2000.0
2.3245E+03,0.001633,-0.011139,0.04970,2000.0
2.3245E+03,0.001203,-0.011206,0.04970,2000.0
2.3246E+03,0.000330,-0.011257,0.04970,2000.0
2.3246E+03,-0.000109,-0.011268,0.04970,2000.0
2.3247E+03,-0.000969,-0.011221,0.04970,2000.0
2.3247E+03,-0.001406,-0.011180,0.04970,2000.0
2.3248E+03,-0.002261,-0.011035,0.04970,2000.0
2.3248E+03,-0.002691,-0.010941,0.04970,2000.0
2.3249E+03,-0.003519,-0.010702,0.04970,2000.0
2.3249E+03,-0.003932,-0.010557,0.04970,2000.0
2.3250E+03,-0.004741,-0.010223,0.04970,2000.0
2.3250E+03,-0.005133,-0.010025,0.04970,2000.0
2.3250E+03,-0.005880,-0.009612,0.04970,2000.0
2.3251E+03,-0.006248,-0.009370,0.04970,2000.0
2.3251E+03,-0.006957,-0.008867,0.04970,2000.0
2.3252E+03,-0.007290,-0.008582,0.04970,2000.0
2.3252E+03,-0.007938,-0.008003,0.04970,2000.0
2.3252E+03,-0.008232,-0.007679,0.04970,2000.0
2.3253E+03,-0.008809,-0.007035,0.04970,2000.0
2.3254E+03,-0.009296,-0.006345,0.04970,2000.0
2.3254E+03,-0.009297,-0.006345,0.04970,2000.0
2.3254E+03,-0.009551,-0.005987,0.04970,2000.0
2.3254E+03,-0.009972,-0.005226,0.04970,2000.0
2.3255E+03,-0.010179,-0.004840,0.04970,2000.0
2.3255E+03,-0.010510,-0.004042,0.04970,2000.0
2.3256E+03,-0.010670,-0.003631,0.04970,2000.0
2.3256E+03,-0.010908,-0.002799,0.04970,2000.0
2.3256E+03,-0.011015,-0.002376,0.04970,2000.0
2.3257E+03,-0.011162,-0.001518,0.04970,2000.0
2.3257E+03,-0.011215,-0.001079,0.04970,2000.0
2.3258E+03,-0.011263,-0.000217,0.04970,2000.0
2.3258E+03,-0.011263,0.000217,0.04970,2000.0
2.3259E+03,-0.011215,0.001079,0.04970,2000.0
2.3259E+03,-0.011162,0.001518,0.04970,2000.0
2.3260E+03,-0.011015,0.002376,0.04970,2000.0
2.3260E+03,-0.010908,0.002799,0.04970,2000.0
2.3261E+03,-0.010670,0.003631,0.04970,2000.0
2.3261E+03,-0.010510,0.004042,0.04970,2000.0
2.3261E+03,-0.010179,0.004840,0.04970,2000.0
2.3262E+03,-0.009972,0.005226,0.04970,2000.0
2.3262E+03,-0.009552,0.005985,0.04970,0.0
2.3271E+03,-0.009552,0.005985,0.06240,0.0
2.3272E+03,-0.008110,0.005080,0.06240,0.0
2.3280E+03,-0.008110,0.005080,0.04970,2000.0
2.3281E+03,-0.007477,0.005974,0.04970,2000.0
2.3281E+03,-0.006970,0.006540,0.04970,2000.0
2.3281E+03,-0.006739,0.006794,0.04970,2000.0
2.3282E+03,-0.006171,0.007302,0.04970,2000.0
2.3282E+03,-0.005910,0.007525,0.04970,2000.0
2.3283E+03,-0.005288,0.007967,0.04970,2000.0
2.3283E+03,-0.005001,0.008156,0.04970,2000.0
2.3283E+03,-0.004339,0.008521,0.04970,2000.0
2.3284E+03,-0.004032,0.008676,0.04970,2000.0
2.3284E+03,-0.003325,0.008968,0.04970,2000.0
2.3284E+03,-0.003001,0.009082,0.04970,2000.0
2.3285E+03,-0.002272,0.009292,0.04970,2000.0
2.3285E+03,-0.001936,0.009366,0.04970,2000.0
2.3286E+03,-0.001185,0.009493,0.04970,2000.0
2.3286E+03,-0.000843,0.009525,0.04970,2000.0
2.3286E+03,-0.000084,0.009567,0.04970,2000.0
2.3287E+03,0.000259,0.009558,0.04970,2000.0
2.3287E+03,0.001022,0.009514,0.04970,2000.0
2.3287E+03,0.001360,0.009461,0.04970,2000.0
2.3288E+03,0.002108,0.009335,0.04970,2000.0
2.3288E+03,0.002439,0.009241,0.04970,2000.0
2.3289E+03,0.003165,0.009031,0.04970,2000.0
2.3289E+03,0.003866,0.008741,0.04970,2000.0
2.3289E+03,0.004181,0.008607,0.04970,2000.0
2.3290E+03,0.004848,0.008239,0.04970,2000.0
2.3290E+03,0.005146,0.008067,0.04970,2000.0
2.3291E+03,0.005766,0.007627,0.04970,2000.0
2.3291E+03,0.006040,0.007420,0.04970,2000.0
2.3291E+03,0.006608,0.006913,0.04970,2000.0
2.3292E+03,0.006855,0.006673,0.04970,2000.0
2.3292E+03,0.007361,0.006107,0.04970,2000.0
2.3292E+03,0.007576,0.005839,0.04970,2000.0
2.3293E+03,0.008018,0.005217,0.04970,2000.0
2.3293E+03,0.008198,0.004925,0.04970,2000.0
2.3294E+03,0.008565,0.004262,0.04970,2000.0
2.3294E+03,0.008709,0.003949,0.04970,2000.0
2.3294E+03,0.009002,0.003243,0.04970,2000.0
2.3295E+03,0.009105,0.002916,0.04970,2000.0
2.3295E+03,0.009316,0.002186,0.04970,2000.0
2.3295E+03,0.009379,0.001846,0.04970,2000.0
2.3296E+03,0.009505,0.001101,0.04970,2000.0
2.3296E+03,0.009528,0.000756,0.04970,2000.0
2.3296E+03,0.009570,0.000000,0.04970,2000.0
2.3297E+03,0.009528,-0.000756,0.04970,2000.0
2.3297E+03,0.009505,-0.001101,0.04970,2000.0
2.3298E+03,0.009379,-0.001846,0.04970,2000.0
2.3298E+03,0.009316,-0.002186,0.04970,2000.0
2.3298E+03,0.009105,-0.002916,0.04970,2000.0
2.3299E+03,0.009002,-0.003243,0.04970,2000.0
2.3299E+03,0.008709,-0.003949,0.04970,2000.0
2.3299E+03,0.008565,-0.004262,0.04970,2000.0
2.3300E+03,0.008198,-0.004925,0.04970,2000.0
2.3300E+03,0.008018,-0.005217,0.04970,2000.0
2.3301E+03,0.007576,-0.005839,0.04970,2000.0
2.3301E+03,0.007361,-0.006107,0.04970,2000.0
2.3301E+03,0.006855,-0.006673,0.04970,2000.0
2.3302E+03,0.006608,-0.006913,0.04970,2000.0
2.3302E+03,0.006040,-0.007420,0.04970,2000.0
2.3302E+03,0.005766,-0.007627,0.04970,2000.0
2.3303E+03,0.005146,-0.008067,0.04970,2000.0
2.3303E+03,0.004848,-0.008239,0.04970,2000.0
2.3304E+03,0.004181,-0.008607,0.04970,2000.0
2.3304E+03,0.003866,-0.008741,0.04970,2000.0
2.3304E+03,0.003165,-0.009031,0.04970,2000.0
2.3305E+03,0.002439,-0.009241,0.04970,2000.0
2.3305E+03,0.002108,-0.009335,0.04970,2000.0
2.3306E+03,0.001360,-0.009461,0.04970,2000.0
2.3306E+03,0.001022,-0.009514,0.04970,2000.0
2.3306E+03,0.000259,-0.009558,0.04970,2000.0
2.3307E+03,-0.000084,-0.009567,0.04970,2000.0
2.3307E+03,-0.000843,-0.009525,0.04970,2000.0
2.3307E+03,-0.001185,-0.009493,0.04970,2000.0
2.3308E+03,-0.001936,-0.009366,0.04970,2000.0
2.3308E+03,-0.002272,-0.009292,0.04970,2000.0
2.3309E+03,-0.003001,-0.009082,0.04970,2000.0
2.3309E+03,-0.003325,-0.008968,0.04970,2000.0
2.3309E+03,-0.004032,-0.008676,0.04970,2000.0
2.3310E+03,-0.004339,-0.008521,0.04970,2000.0
2.3310E+03,-0.005001,-0.008156,0.04970,2000.0
2.3310E+03,-0.005288,-0.007967,0.04970,2000.0
2.3311E+03,-0.005910,-0.007525,0.04970,2000.0
2.3311E+03,-0.006171,-0.007302,0.04970,2000.0
2.3311E+03,-0.006739,-0.006794,0.04970,2000.0
2.3312E+03,-0.006970,-0.006540,0.04970,2000.0
2.3312E+03,-0.007477,-0.005974,0.04970,2000.0
2.3313E+03,-0.007911,-0.005360,0.04970,2000.0
2.3313E+03,-0.008110,-0.005080,0.04970,2000.0
2.3313E+03,-0.008479,-0.004413,0.04970,2000.0
2.3314E+03,-0.008641,-0.004111,0.04970,2000.0
2.3314E+03,-0.008932,-0.003408,0.04970,2000.0
2.3314E+03,-0.009057,-0.003087,0.04970,2000.0
2.3315E+03,-0.009267,-0.002355,0.04970,2000.0
2.3315E+03,-0.009351,-0.002024,0.04970,2000.0
2.3316E+03,-0.009479,-0.001272,0.04970,2000.0
2.3316E+03,-0.009521,-0.000929,0.04970,2000.0
2.3316E+03,-0.009563,-0.000170,0.04970,2000.0
2.3317E+03,-0.009563,0.000170,0.04970,2000.0
2.3317E+03,-0.009521,0.000929,0.04970,2000.0
2.3317E+03,-0.009479,0.001272,0.04970,2000.0
2.3318E+03,-0.009351,0.002024,0.04970,2000.0
2.3318E+03,-0.009267,0.002355,0.04970,2000.0
2.3319E+03,-0.009057,0.003087,0.04970,2000.0
2.3319E+03,-0.008932,0.003408,0.04970,2000.0
2.3319E+03,-0.008641,0.004111,0.04970,2000.0
2.3320E+03,-0.008479,0.004413,0.04970,2000.0
2.3320E+03,-0.008110,0.005080,0.04970,0.0
2.3323E+03,-0.008110,0.000000,0.04970,0.0
