3.1503E+02,-0.014540,0.010345,0.01838,0.0
3.1504E+02,-0.014485,0.010315,0.01838,0.0
3.1586E+02,-0.014485,0.010315,0.00568,2000.0
3.1589E+02,-0.014733,0.009946,0.00568,2000.0
3.1595E+02,-0.015193,0.009241,0.00568,2000.0
3.1598E+02,-0.015415,0.008850,0.00568,2000.0
3.1603E+02,-0.015831,0.008098,0.00568,2000.0
3.1606E+02,-0.016009,0.007723,0.00568,2000.0
3.1612E+02,-0.016378,0.006926,0.00568,2000.0
3.1615E+02,-0.016534,0.006524,0.00568,2000.0
3.1621E+02,-0.016837,0.005723,0.00568,2000.0
3.1624E+02,-0.016964,0.005306,0.00568,2000.0
3.1629E+02,-0.017210,0.004477,0.00568,2000.0
3.1632E+02,-0.017304,0.004059,0.00568,2000.0
3.1638E+02,-0.017489,0.003220,0.00568,2000.0
3.1641E+02,-0.017552,0.002793,0.00568,2000.0
3.1647E+02,-0.017677,0.001930,0.00568,2000.0
3.1655E+02,-0.017771,0.000650,0.00568,2000.0
3.1664E+02,-0.017771,-0.000650,0.00568,2000.0
3.1670E+02,-0.017708,-0.001511,0.00568,2000.0
3.1672E+02,-0.017677,-0.001930,0.00568,2000.0
3.1678E+02,-0.017552,-0.002793,0.00568,2000.0
3.1681E+02,-0.017489,-0.003220,0.00568,2000.0
3.1687E+02,-0.017304,-0.004059,0.00568,2000.0
3.1690E+02,-0.017210,-0.004477,0.00568,2000.0
3.1695E+02,-0.016964,-0.005306,0.00568,2000.0
3.1698E+02,-0.016837,-0.005723,0.00568,2000.0
3.1704E+02,-0.016534,-0.006524,0.00568,2000.0
3.1707E+02,-0.016378,-0.006926,0.00568,2000.0
3.1713E+02,-0.016009,-0.007723,0.00568,2000.0
3.1716E+02,-0.015831,-0.008098,0.00568,2000.0
3.1721E+02,-0.015415,-0.008850,0.00568,2000.0
3.1724E+02,-0.015193,-0.009241,0.00568,2000.0
3.1730E+02,-0.014733,-0.009946,0.00568,2000.0
3.1733E+02,-0.014485,-0.010315,0.00568,2000.0
3.1738E+02,-0.013971,-0.010990,0.00568,2000.0
3.1742E+02,-0.013692,-0.011345,0.00568,2000.0
3.1747E+02,-0.013116,-0.011999,0.00568,2000.0
3.1750E+02,-0.012843,-0.012299,0.00568,2000.0
3.1756E+02,-0.012208,-0.012922,0.00568,2000.0
3.1759E+02,-0.011911,-0.013202,0.00568,2000.0
3.1765E+02,-0.011235,-0.013777,0.00568,2000.0
3.1767E+02,-0.010921,-0.014033,0.00568,2000.0
3.1773E+02,-0.010203,-0.014559,0.00568,2000.0
3.1776E+02,-0.009869,-0.014792,0.00568,2000.0
3.1782E+02,-0.009151,-0.015242,0.00568,2000.0
3.1785E+02,-0.008756,-0.015477,0.00568,2000.0
3.1790E+02,-0.008001,-0.015877,0.00568,2000.0
3.1793E+02,-0.007632,-0.016060,0.00568,2000.0
3.1799E+02,-0.006803,-0.016426,0.00568,2000.0
3.1802E+02,-0.006435,-0.016577,0.00568,2000.0
3.1808E+02,-0.005625,-0.016866,0.00568,2000.0
3.1810E+02,-0.005207,-0.017001,0.00568,2000.0
3.1816E+02,-0.004363,-0.017236,0.00568,2000.0
3.1819E+02,-0.003979,-0.017330,0.00568,2000.0
3.1825E+02,-0.003093,-0.017508,0.00568,2000.0
3.1828E+02,-0.002689,-0.017576,0.00568,2000.0
3.1833E+02,-0.001835,-0.017685,0.00568,2000.0
3.1836E+02,-0.001379,-0.017727,0.00568,2000.0
3.1842E+02,-0.000559,-0.017771,0.00568,2000.0
3.1845E+02,-0.000108,-0.017779,0.00568,2000.0
3.1851E+02,0.000765,-0.017764,0.00568,2000.0
3.1854E+02,0.001173,-0.017741,0.00568,2000.0
3.1859E+02,0.002062,-0.017661,0.00568,2000.0
3.1862E+02,0.002450,-0.017610,0.00568,2000.0
3.1868E+02,0.003322,-0.017467,0.00568,2000.0
3.1871E+02,0.003748,-0.017380,0.00568,2000.0
3.1877E+02,0.004601,-0.017176,0.00568,2000.0
3.1879E+02,0.004978,-0.017069,0.00568,2000.0
3.1885E+02,0.005826,-0.016799,0.00568,2000.0
3.1888E+02,0.006249,-0.016645,0.00568,2000.0
3.1894E+02,0.007010,-0.016341,0.00568,2000.0
3.1897E+02,0.007429,-0.016152,0.00568,2000.0
3.1902E+02,0.008199,-0.015778,0.00568,2000.0
3.1905E+02,0.008575,-0.015574,0.00568,2000.0
3.1911E+02,0.009328,-0.015138,0.00568,2000.0
3.1914E+02,0.009678,-0.014913,0.00568,2000.0
3.1920E+02,0.010403,-0.014422,0.00568,2000.0
3.1923E+02,0.010754,-0.014156,0.00568,2000.0
3.1928E+02,0.011422,-0.013629,0.00568,2000.0
3.1931E+02,0.011729,-0.013359,0.00568,2000.0
3.1937E+02,0.012386,-0.012758,0.00568,2000.0
3.1940E+02,0.012693,-0.012446,0.00568,2000.0
3.1946E+02,0.013279,-0.011827,0.00568,2000.0
3.1949E+02,0.013561,-0.011493,0.00568,2000.0
3.1954E+02,0.014092,-0.010844,0.00568,2000.0
3.1957E+02,0.014363,-0.010473,0.00568,2000.0
3.1963E+02,0.014851,-0.009781,0.00568,2000.0
3.1966E+02,0.015072,-0.009423,0.00568,2000.0
3.1972E+02,0.015527,-0.008668,0.00568,2000.0
3.1974E+02,0.015717,-0.008303,0.00568,2000.0
3.1980E+02,0.016113,-0.007522,0.00568,2000.0
3.1983E+02,0.016280,-0.007135,0.00568,2000.0
3.1989E+02,0.016620,-0.006326,0.00568,2000.0
3.1992E+02,0.016756,-0.005932,0.00568,2000.0
3.1997E+02,0.017033,-0.005111,0.00568,2000.0
3.2000E+02,0.017143,-0.004696,0.00568,2000.0
3.2006E+02,0.017361,-0.003852,0.00568,2000.0
3.2009E+02,0.017439,-0.003436,0.00568,2000.0
3.2009E+02,0.017438,-0.003436,0.00568,2000.0
3.2015E+02,0.017596,-0.002569,0.00568,2000.0
3.2017E+02,0.017642,-0.002156,0.00568,2000.0
3.2017E+02,0.017641,-0.002156,0.00568,2000.0
3.2023E+02,0.017735,-0.001291,0.00568,2000.0
3.2032E+02,0.017783,0.000000,0.00568,2000.0
3.2040E+02,0.017735,0.001291,0.00568,2000.0
3.2046E+02,0.017641,0.002156,0.00568,2000.0
3.2046E+02,0.017642,0.002156,0.00568,2000.0
3.2049E+02,0.017596,0.002569,0.00568,2000.0
3.2055E+02,0.017438,0.003436,0.00568,2000.0
3.2055E+02,0.017439,0.003436,0.00568,2000.0
3.2058E+02,0.017361,0.003852,0.00568,2000.0
3.2063E+02,0.017146,0.004684,0.00568,2000.0
3.2066E+02,0.017033,0.005111,0.00568,2000.0
3.2072E+02,0.016760,0.005920,0.00568,2000.0
3.2075E+02,0.016620,0.006326,0.00568,2000.0
3.2081E+02,0.016286,0.007120,0.00568,2000.0
3.2084E+02,0.016113,0.007522,0.00568,2000.0
3.2089E+02,0.015726,0.008286,0.00568,2000.0
3.2092E+02,0.015527,0.008668,0.00568,2000.0
3.2098E+02,0.015083,0.009405,0.00568,2000.0
3.2101E+02,0.014851,0.009781,0.00568,2000.0
3.2107E+02,0.014363,0.010473,0.00568,2000.0
3.2110E+02,0.014092,0.010844,0.00568,2000.0
3.2115E+02,0.013561,0.011493,0.00568,2000.0
3.2118E+02,0.013279,0.011827,0.00568,2000.0
3.2124E+02,0.012693,0.012446,0.00568,2000.0
3.2127E+02,0.012386,0.012758,0.00568,2000.0
3.2133E+02,0.011729,0.013359,0.00568,2000.0
3.2135E+02,0.011422,0.013629,0.00568,2000.0
3.2141E+02,0.010754,0.014156,0.00568,2000.0
3.2144E+02,0.010403,0.014422,0.00568,2000.0
3.2150E+02,0.009678,0.014913,0.00568,2000.0
3.2153E+02,0.009328,0.015138,0.00568,2000.0
3.2158E+02,0.008575,0.015574,0.00568,2000.0
3.2161E+02,0.008199,0.015778,0.00568,2000.0
3.2167E+02,0.007429,0.016152,0.00568,2000.0
3.2170E+02,0.007010,0.016341,0.00568,2000.0
3.2175E+02,0.006249,0.016645,0.00568,2000.0
3.2178E+02,0.005826,0.016799,0.00568,2000.0
3.2184E+02,0.004978,0.017069,0.00568,2000.0
3.2187E+02,0.004601,0.017176,0.00568,2000.0
3.2193E+02,0.003748,0.017380,0.00568,2000.0
3.2196E+02,0.003322,0.017467,0.00568,2000.0
3.2202E+02,0.002450,0.017610,0.00568,2000.0
3.2204E+02,0.002062,0.017661,0.00568,2000.0
3.2210E+02,0.001173,0.017741,0.00568,2000.0
3.2213E+02,0.000765,0.017764,0.00568,2000.0
3.2219E+02,-0.000108,0.017779,0.00568,2000.0
3.2222E+02,-0.000559,0.017771,0.00568,2000.0
3.2227E+02,-0.001379,0.017727,0.00568,2000.0
3.2230E+02,-0.001835,0.017685,0.00568,2000.0
3.2236E+02,-0.002689,0.017576,0.00568,2000.0
3.2239E+02,-0.003093,0.017508,0.00568,2000.0
3.2245E+02,-0.003979,0.017330,0.00568,2000.0
3.2247E+02,-0.004363,0.017236,0.00568,2000.0
3.2253E+02,-0.005207,0.017001,0.00568,2000.0
3.2256E+02,-0.005625,0.016866,0.00568,2000.0
3.2262E+02,-0.006435,0.016577,0.00568,2000.0
3.2265E+02,-0.006802,0.016426,0.00568,2000.0
3.2271E+02,-0.007632,0.016060,0.00568,2000.0
3.2273E+02,-0.008001,0.015877,0.00568,2000.0
3.2279E+02,-0.008756,0.015477,0.00568,2000.0
3.2282E+02,-0.009151,0.015242,0.00568,2000.0
3.2288E+02,-0.009869,0.014792,0.00568,2000.0
3.2291E+02,-0.010213,0.014552,0.00568,2000.0
3.2296E+02,-0.010921,0.014033,0.00568,2000.0
3.2299E+02,-0.011235,0.013777,0.00568,2000.0
3.2305E+02,-0.011911,0.013202,0.00568,2000.0
3.2308E+02,-0.012214,0.012916,0.00568,2000.0
3.2314E+02,-0.012843,0.012299,0.00568,2000.0
3.2316E+02,-0.013118,0.011997,0.00568,2000.0
3.2322E+02,-0.013692,0.011345,0.00568,2000.0
3.2325E+02,-0.013971,0.010990,0.00568,2000.0
3.2331E+02,-0.014485,0.010315,0.00568,0.0
3.2416E+02,-0.014485,0.010315,0.01838,0.0
3.2427E+02,-0.013107,0.009317,0.01838,0.0
3.2509E+02,-0.013107,0.009317,0.00568,2000.0
3.2511E+02,-0.013309,0.009017,0.00568,2000.0
3.2517E+02,-0.013747,0.008346,0.00568,2000.0
3.2519E+02,-0.013928,0.008027,0.00568,2000.0
3.2519E+02,-0.013927,0.008027,0.00568,2000.0
3.2524E+02,-0.014319,0.007318,0.00568,2000.0
3.2527E+02,-0.014473,0.006994,0.00568,2000.0
3.2532E+02,-0.014813,0.006260,0.00568,2000.0
3.2535E+02,-0.014949,0.005909,0.00568,2000.0
3.2540E+02,-0.015228,0.005172,0.00568,2000.0
3.2542E+02,-0.015335,0.004822,0.00568,2000.0
3.2542E+02,-0.015334,0.004822,0.00568,2000.0
3.2548E+02,-0.015563,0.004049,0.00568,2000.0
3.2550E+02,-0.015645,0.003686,0.00568,2000.0
3.2550E+02,-0.015646,0.003686,0.00568,2000.0
3.2556E+02,-0.015815,0.002917,0.00568,2000.0
3.2558E+02,-0.015870,0.002545,0.00568,2000.0
3.2558E+02,-0.015871,0.002545,0.00568,2000.0
3.2563E+02,-0.015986,0.001746,0.00568,2000.0
3.2571E+02,-0.016071,0.000593,0.00568,2000.0
3.2579E+02,-0.016071,-0.000594,0.00568,2000.0
3.2584E+02,-0.016013,-0.001386,0.00568,2000.0
3.2587E+02,-0.015986,-0.001745,0.00568,2000.0
3.2592E+02,-0.015871,-0.002545,0.00568,2000.0
3.2592E+02,-0.015870,-0.002545,0.00568,2000.0
3.2595E+02,-0.015815,-0.002917,0.00568,2000.0
3.2600E+02,-0.015646,-0.003686,0.00568,2000.0
3.2600E+02,-0.015645,-0.003686,0.00568,2000.0
3.2602E+02,-0.015563,-0.004049,0.00568,2000.0
3.2608E+02,-0.015334,-0.004822,0.00568,2000.0
3.2608E+02,-0.015335,-0.004822,0.00568,2000.0
3.2610E+02,-0.015228,-0.005172,0.00568,2000.0
3.2616E+02,-0.014949,-0.005909,0.00568,2000.0
3.2618E+02,-0.014813,-0.006260,0.00568,2000.0
3.2623E+02,-0.014473,-0.006994,0.00568,2000.0
3.2626E+02,-0.014319,-0.007318,0.00568,2000.0
3.2631E+02,-0.013927,-0.008027,0.00568,2000.0
3.2631E+02,-0.013928,-0.008027,0.00568,2000.0
3.2634E+02,-0.013747,-0.008346,0.00568,2000.0
3.2639E+02,-0.013309,-0.009017,0.00568,2000.0
3.2641E+02,-0.013107,-0.009317,0.00568,2000.0
3.2647E+02,-0.012618,-0.009960,0.00568,2000.0
3.2649E+02,-0.012390,-0.010251,0.00568,2000.0
3.2655E+02,-0.011840,-0.010875,0.00568,2000.0
3.2657E+02,-0.011622,-0.011115,0.00568,2000.0
3.2663E+02,-0.011017,-0.011709,0.00568,2000.0
3.2665E+02,-0.010774,-0.011937,0.00568,2000.0
3.2670E+02,-0.010161,-0.012459,0.00568,2000.0
3.2673E+02,-0.009877,-0.012691,0.00568,2000.0
3.2678E+02,-0.009217,-0.013174,0.00568,2000.0
3.2680E+02,-0.008926,-0.013377,0.00568,2000.0
3.2686E+02,-0.008282,-0.013781,0.00568,2000.0
3.2688E+02,-0.007923,-0.013995,0.00568,2000.0
3.2694E+02,-0.007225,-0.014365,0.00568,2000.0
3.2696E+02,-0.006913,-0.014519,0.00568,2000.0
3.2702E+02,-0.006141,-0.014860,0.00568,2000.0
3.2704E+02,-0.005820,-0.014992,0.00568,2000.0
3.2709E+02,-0.005089,-0.015253,0.00568,2000.0
3.2712E+02,-0.004721,-0.015371,0.00568,2000.0
3.2717E+02,-0.003915,-0.015596,0.00568,2000.0
3.2719E+02,-0.003624,-0.015667,0.00568,2000.0
3.2725E+02,-0.002758,-0.015841,0.00568,2000.0
3.2727E+02,-0.002443,-0.015894,0.00568,2000.0
3.2732E+02,-0.001664,-0.015993,0.00568,2000.0
3.2735E+02,-0.001262,-0.016030,0.00568,2000.0
3.2740E+02,-0.000494,-0.016072,0.00568,2000.0
3.2743E+02,-0.000107,-0.016078,0.00568,2000.0
3.2748E+02,0.000716,-0.016064,0.00568,2000.0
3.2751E+02,0.001046,-0.016046,0.00568,2000.0
3.2756E+02,0.001857,-0.015973,0.00568,2000.0
3.2758E+02,0.002207,-0.015927,0.00568,2000.0
3.2764E+02,0.003015,-0.015794,0.00568,2000.0
3.2766E+02,0.003404,-0.015715,0.00568,2000.0
3.2772E+02,0.004171,-0.015531,0.00568,2000.0
3.2774E+02,0.004469,-0.015447,0.00568,2000.0
3.2779E+02,0.005287,-0.015186,0.00568,2000.0
3.2782E+02,0.005618,-0.015066,0.00568,2000.0
3.2787E+02,0.006347,-0.014775,0.00568,2000.0
3.2790E+02,0.006719,-0.014607,0.00568,2000.0
3.2795E+02,0.007423,-0.014265,0.00568,2000.0
3.2797E+02,0.007744,-0.014091,0.00568,2000.0
3.2803E+02,0.008444,-0.013686,0.00568,2000.0
3.2805E+02,0.008725,-0.013505,0.00568,2000.0
3.2811E+02,0.009412,-0.013040,0.00568,2000.0
3.2813E+02,0.009701,-0.012821,0.00568,2000.0
3.2818E+02,0.010330,-0.012325,0.00568,2000.0
3.2821E+02,0.010606,-0.012082,0.00568,2000.0
3.2821E+02,0.010607,-0.012083,0.00568,2000.0
3.2826E+02,0.011199,-0.011541,0.00568,2000.0
3.2829E+02,0.011458,-0.011277,0.00568,2000.0
3.2834E+02,0.012014,-0.010689,0.00568,2000.0
3.2836E+02,0.012245,-0.010416,0.00568,2000.0
3.2842E+02,0.012749,-0.009801,0.00568,2000.0
3.2844E+02,0.012990,-0.009470,0.00568,2000.0
3.2849E+02,0.013428,-0.008850,0.00568,2000.0
3.2852E+02,0.013625,-0.008530,0.00568,2000.0
3.2857E+02,0.014041,-0.007841,0.00568,2000.0
3.2860E+02,0.014201,-0.007534,0.00568,2000.0
3.2865E+02,0.014570,-0.006806,0.00568,2000.0
3.2867E+02,0.014713,-0.006476,0.00568,2000.0
3.2873E+02,0.015030,-0.005722,0.00568,2000.0
3.2875E+02,0.015145,-0.005389,0.00568,2000.0
3.2881E+02,0.015405,-0.004618,0.00568,2000.0
3.2883E+02,0.015497,-0.004271,0.00568,2000.0
3.2889E+02,0.015700,-0.003484,0.00568,2000.0
3.2890E+02,0.015741,-0.003267,0.00568,2000.0
3.2896E+02,0.015912,-0.002330,0.00568,2000.0
3.2904E+02,0.016038,-0.001170,0.00568,2000.0
3.2912E+02,0.016082,0.000000,0.00568,2000.0
3.2920E+02,0.016038,0.001170,0.00568,2000.0
3.2928E+02,0.015912,0.002330,0.00568,2000.0
3.2934E+02,0.015750,0.003220,0.00568,2000.0
3.2935E+02,0.015700,0.003483,0.00568,2000.0
3.2941E+02,0.015503,0.004249,0.00568,2000.0
3.2943E+02,0.015407,0.004610,0.00568,2000.0
3.2948E+02,0.015149,0.005376,0.00568,2000.0
3.2951E+02,0.015032,0.005717,0.00568,2000.0
3.2956E+02,0.014724,0.006448,0.00568,2000.0
3.2959E+02,0.014571,0.006802,0.00568,2000.0
3.2964E+02,0.014218,0.007501,0.00568,2000.0
3.2967E+02,0.014041,0.007841,0.00568,2000.0
3.2972E+02,0.013636,0.008512,0.00568,2000.0
3.2974E+02,0.013427,0.008850,0.00568,2000.0
3.2979E+02,0.012990,0.009470,0.00568,2000.0
3.2982E+02,0.012749,0.009801,0.00568,2000.0
3.2987E+02,0.012245,0.010416,0.00568,2000.0
3.2990E+02,0.012014,0.010689,0.00568,2000.0
3.2995E+02,0.011458,0.011277,0.00568,2000.0
3.2998E+02,0.011199,0.011541,0.00568,2000.0
3.3003E+02,0.010607,0.012083,0.00568,2000.0
3.3003E+02,0.010606,0.012082,0.00568,2000.0
3.3006E+02,0.010330,0.012325,0.00568,2000.0
3.3011E+02,0.009711,0.012813,0.00568,2000.0
3.3013E+02,0.009412,0.013040,0.00568,2000.0
3.3019E+02,0.008729,0.013502,0.00568,2000.0
3.3021E+02,0.008444,0.013686,0.00568,2000.0
3.3026E+02,0.007744,0.014091,0.00568,2000.0
3.3029E+02,0.007423,0.014265,0.00568,2000.0
3.3034E+02,0.006719,0.014607,0.00568,2000.0
3.3037E+02,0.006347,0.014775,0.00568,2000.0
3.3042E+02,0.005623,0.015064,0.00568,2000.0
3.3044E+02,0.005287,0.015186,0.00568,2000.0
3.3050E+02,0.004469,0.015447,0.00568,2000.0
3.3052E+02,0.004171,0.015531,0.00568,2000.0
3.3057E+02,0.003404,0.015715,0.00568,2000.0
3.3060E+02,0.003015,0.015794,0.00568,2000.0
3.3066E+02,0.002207,0.015927,0.00568,2000.0
3.3068E+02,0.001857,0.015973,0.00568,2000.0
3.3073E+02,0.001046,0.016046,0.00568,2000.0
3.3076E+02,0.000716,0.016064,0.00568,2000.0
3.3081E+02,-0.000107,0.016078,0.00568,2000.0
3.3084E+02,-0.000494,0.016072,0.00568,2000.0
3.3089E+02,-0.001262,0.016030,0.00568,2000.0
3.3091E+02,-0.001664,0.015993,0.00568,2000.0
3.3097E+02,-0.002443,0.015894,0.00568,2000.0
3.3099E+02,-0.002760,0.015841,0.00568,2000.0
3.3105E+02,-0.003624,0.015667,0.00568,2000.0
3.3107E+02,-0.003915,0.015596,0.00568,2000.0
3.3112E+02,-0.004721,0.015371,0.00568,2000.0
3.3115E+02,-0.005089,0.015253,0.00568,2000.0
3.3120E+02,-0.005822,0.014991,0.00568,2000.0
3.3122E+02,-0.006155,0.014854,0.00568,2000.0
3.3128E+02,-0.006906,0.014523,0.00568,2000.0
3.3130E+02,-0.007225,0.014365,0.00568,2000.0
3.3136E+02,-0.007923,0.013995,0.00568,2000.0
3.3138E+02,-0.008282,0.013781,0.00568,2000.0
3.3143E+02,-0.008926,0.013377,0.00568,2000.0
3.3146E+02,-0.009227,0.013167,0.00568,2000.0
3.3151E+02,-0.009876,0.012691,0.00568,2000.0
3.3154E+02,-0.010161,0.012459,0.00568,2000.0
3.3159E+02,-0.010775,0.011937,0.00568,2000.0
3.3161E+02,-0.011032,0.011694,0.00568,2000.0
3.3167E+02,-0.011614,0.011123,0.00568,2000.0
3.3169E+02,-0.011861,0.010852,0.00568,2000.0
3.3175E+02,-0.012382,0.010260,0.00568,2000.0
3.3177E+02,-0.012629,0.009946,0.00568,2000.0
3.3182E+02,-0.013107,0.009317,0.00568,0.0
3.3267E+02,-0.013107,0.009317,0.01838,0.0
3.3278E+02,-0.011734,0.008313,0.01838,0.0
3.3361E+02,-0.011734,0.008313,0.00568,2000.0
3.3362E+02,-0.011885,0.008088,0.00568,2000.0
3.3367E+02,-0.012293,0.007463,0.00568,2000.0
3.3369E+02,-0.012413,0.007252,0.00568,2000.0
3.3374E+02,-0.012811,0.006531,0.00568,2000.0
3.3376E+02,-0.012931,0.006279,0.00568,2000.0
3.3376E+02,-0.012930,0.006279,0.00568,2000.0
3.3381E+02,-0.013252,0.005583,0.00568,2000.0
3.3383E+02,-0.013364,0.005295,0.00568,2000.0
3.3388E+02,-0.013618,0.004624,0.00568,2000.0
3.3390E+02,-0.013707,0.004330,0.00568,2000.0
3.3395E+02,-0.013918,0.003617,0.00568,2000.0
3.3399E+02,-0.014035,0.003098,0.00568,2000.0
3.3402E+02,-0.014140,0.002619,0.00568,2000.0
3.3407E+02,-0.014248,0.001889,0.00568,2000.0
3.3409E+02,-0.014296,0.001552,0.00568,2000.0
3.3416E+02,-0.014371,0.000536,0.00568,2000.0
3.3423E+02,-0.014371,-0.000538,0.00568,2000.0
3.3428E+02,-0.014318,-0.001259,0.00568,2000.0
3.3430E+02,-0.014296,-0.001552,0.00568,2000.0
3.3434E+02,-0.014218,-0.002097,0.00568,2000.0
3.3437E+02,-0.014140,-0.002619,0.00568,2000.0
3.3440E+02,-0.014035,-0.003098,0.00568,2000.0
3.3444E+02,-0.013918,-0.003617,0.00568,2000.0
3.3450E+02,-0.013679,-0.004424,0.00568,2000.0
3.3451E+02,-0.013618,-0.004624,0.00568,2000.0
3.3456E+02,-0.013364,-0.005295,0.00568,2000.0
3.3458E+02,-0.013252,-0.005583,0.00568,2000.0
3.3463E+02,-0.012930,-0.006279,0.00568,2000.0
3.3463E+02,-0.012931,-0.006279,0.00568,2000.0
3.3465E+02,-0.012811,-0.006531,0.00568,2000.0
3.3470E+02,-0.012413,-0.007252,0.00568,2000.0
3.3472E+02,-0.012293,-0.007463,0.00568,2000.0
3.3477E+02,-0.011885,-0.008088,0.00568,2000.0
3.3479E+02,-0.011727,-0.008324,0.00568,2000.0
3.3484E+02,-0.011265,-0.008931,0.00568,2000.0
3.3486E+02,-0.011084,-0.009162,0.00568,2000.0
3.3491E+02,-0.010582,-0.009732,0.00568,2000.0
3.3493E+02,-0.010399,-0.009933,0.00568,2000.0
3.3498E+02,-0.009843,-0.010480,0.00568,2000.0
3.3500E+02,-0.009635,-0.010675,0.00568,2000.0
3.3505E+02,-0.009086,-0.011142,0.00568,2000.0
3.3507E+02,-0.008838,-0.011345,0.00568,2000.0
3.3512E+02,-0.008224,-0.011794,0.00568,2000.0
3.3514E+02,-0.007983,-0.011962,0.00568,2000.0
3.3518E+02,-0.007390,-0.012334,0.00568,2000.0
3.3521E+02,-0.007095,-0.012510,0.00568,2000.0
3.3526E+02,-0.006437,-0.012859,0.00568,2000.0
3.3527E+02,-0.006205,-0.012973,0.00568,2000.0
3.3533E+02,-0.005472,-0.013297,0.00568,2000.0
3.3535E+02,-0.005214,-0.013403,0.00568,2000.0
3.3539E+02,-0.004545,-0.013642,0.00568,2000.0
3.3542E+02,-0.004219,-0.013747,0.00568,2000.0
3.3546E+02,-0.003512,-0.013944,0.00568,2000.0
3.3548E+02,-0.003252,-0.014007,0.00568,2000.0
3.3554E+02,-0.002423,-0.014174,0.00568,2000.0
3.3555E+02,-0.002194,-0.014212,0.00568,2000.0
3.3560E+02,-0.001497,-0.014301,0.00568,2000.0
3.3563E+02,-0.001121,-0.014336,0.00568,2000.0
3.3567E+02,-0.000451,-0.014372,0.00568,2000.0
3.3569E+02,-0.000110,-0.014378,0.00568,2000.0
3.3575E+02,0.000674,-0.014364,0.00568,2000.0
3.3576E+02,0.000916,-0.014351,0.00568,2000.0
3.3581E+02,0.001652,-0.014285,0.00568,2000.0
3.3583E+02,0.001985,-0.014241,0.00568,2000.0
3.3588E+02,0.002698,-0.014124,0.00568,2000.0
3.3591E+02,0.003035,-0.014055,0.00568,2000.0
3.3595E+02,0.003749,-0.013884,0.00568,2000.0
3.3597E+02,0.003958,-0.013825,0.00568,2000.0
3.3602E+02,0.004759,-0.013570,0.00568,2000.0
3.3604E+02,0.005002,-0.013481,0.00568,2000.0
3.3609E+02,0.005686,-0.013208,0.00568,2000.0
3.3611E+02,0.005993,-0.013070,0.00568,2000.0
3.3616E+02,0.006639,-0.012756,0.00568,2000.0
3.3618E+02,0.006934,-0.012596,0.00568,2000.0
3.3623E+02,0.007546,-0.012242,0.00568,2000.0
3.3625E+02,0.007784,-0.012089,0.00568,2000.0
3.3630E+02,0.008421,-0.011658,0.00568,2000.0
3.3632E+02,0.008648,-0.011486,0.00568,2000.0
3.3637E+02,0.009248,-0.011013,0.00568,2000.0
3.3639E+02,0.009513,-0.010780,0.00568,2000.0
3.3644E+02,0.010010,-0.010325,0.00568,2000.0
3.3646E+02,0.010244,-0.010086,0.00568,2000.0
3.3651E+02,0.010743,-0.009559,0.00568,2000.0
3.3653E+02,0.010930,-0.009338,0.00568,2000.0
3.3658E+02,0.011408,-0.008755,0.00568,2000.0
3.3660E+02,0.011616,-0.008469,0.00568,2000.0
3.3665E+02,0.012004,-0.007920,0.00568,2000.0
3.3667E+02,0.012170,-0.007651,0.00568,2000.0
3.3672E+02,0.012553,-0.007017,0.00568,2000.0
3.3674E+02,0.012693,-0.006748,0.00568,2000.0
3.3679E+02,0.013028,-0.006087,0.00568,2000.0
3.3681E+02,0.013146,-0.005817,0.00568,2000.0
3.3686E+02,0.013440,-0.005117,0.00568,2000.0
3.3688E+02,0.013534,-0.004846,0.00568,2000.0
3.3693E+02,0.013777,-0.004125,0.00568,2000.0
3.3695E+02,0.013851,-0.003846,0.00568,2000.0
3.3700E+02,0.014041,-0.003108,0.00568,2000.0
3.3701E+02,0.014069,-0.002962,0.00568,2000.0
3.3707E+02,0.014227,-0.002097,0.00568,2000.0
3.3714E+02,0.014341,-0.001049,0.00568,2000.0
3.3721E+02,0.014381,0.000000,0.00568,2000.0
3.3728E+02,0.014341,0.001049,0.00568,2000.0
3.3735E+02,0.014229,0.002080,0.00568,2000.0
3.3740E+02,0.014080,0.002902,0.00568,2000.0
3.3742E+02,0.014039,0.003120,0.00568,2000.0
3.3746E+02,0.013861,0.003812,0.00568,2000.0
3.3746E+02,0.013860,0.003812,0.00568,2000.0
3.3749E+02,0.013778,0.004121,0.00568,2000.0
3.3754E+02,0.013541,0.004824,0.00568,2000.0
3.3755E+02,0.013444,0.005107,0.00568,2000.0
3.3760E+02,0.013157,0.005788,0.00568,2000.0
3.3760E+02,0.013158,0.005788,0.00568,2000.0
3.3763E+02,0.013032,0.006080,0.00568,2000.0
3.3767E+02,0.012710,0.006716,0.00568,2000.0
3.3770E+02,0.012553,0.007018,0.00568,2000.0
3.3774E+02,0.012190,0.007618,0.00568,2000.0
3.3777E+02,0.012009,0.007911,0.00568,2000.0
3.3781E+02,0.011616,0.008469,0.00568,2000.0
3.3783E+02,0.011408,0.008755,0.00568,2000.0
3.3788E+02,0.010930,0.009338,0.00568,2000.0
3.3790E+02,0.010743,0.009559,0.00568,2000.0
3.3795E+02,0.010244,0.010086,0.00568,2000.0
3.3797E+02,0.010010,0.010325,0.00568,2000.0
3.3802E+02,0.009513,0.010780,0.00568,2000.0
3.3804E+02,0.009240,0.011020,0.00568,2000.0
3.3809E+02,0.008683,0.011459,0.00568,2000.0
3.3811E+02,0.008415,0.011662,0.00568,2000.0
3.3816E+02,0.007807,0.012074,0.00568,2000.0
3.3818E+02,0.007551,0.012239,0.00568,2000.0
3.3823E+02,0.006934,0.012596,0.00568,2000.0
3.3825E+02,0.006639,0.012756,0.00568,2000.0
3.3830E+02,0.005993,0.013070,0.00568,2000.0
3.3832E+02,0.005686,0.013208,0.00568,2000.0
3.3837E+02,0.005016,0.013476,0.00568,2000.0
3.3839E+02,0.004750,0.013572,0.00568,2000.0
3.3845E+02,0.003958,0.013825,0.00568,2000.0
3.3846E+02,0.003749,0.013884,0.00568,2000.0
3.3851E+02,0.003035,0.014055,0.00568,2000.0
3.3853E+02,0.002698,0.014124,0.00568,2000.0
3.3858E+02,0.001985,0.014241,0.00568,2000.0
3.3860E+02,0.001652,0.014285,0.00568,2000.0
3.3865E+02,0.000916,0.014351,0.00568,2000.0
3.3867E+02,0.000674,0.014364,0.00568,2000.0
3.3872E+02,-0.000110,0.014378,0.00568,2000.0
3.3874E+02,-0.000451,0.014372,0.00568,2000.0
3.3879E+02,-0.001121,0.014336,0.00568,2000.0
3.3881E+02,-0.001497,0.014301,0.00568,2000.0
3.3886E+02,-0.002178,0.014214,0.00568,2000.0
3.3888E+02,-0.002443,0.014170,0.00568,2000.0
3.3893E+02,-0.003256,0.014006,0.00568,2000.0
3.3895E+02,-0.003512,0.013944,0.00568,2000.0
3.3900E+02,-0.004219,0.013747,0.00568,2000.0
3.3902E+02,-0.004544,0.013642,0.00568,2000.0
3.3907E+02,-0.005216,0.013402,0.00568,2000.0
3.3909E+02,-0.005469,0.013298,0.00568,2000.0
3.3914E+02,-0.006198,0.012976,0.00568,2000.0
3.3916E+02,-0.006449,0.012852,0.00568,2000.0
3.3921E+02,-0.007095,0.012510,0.00568,2000.0
3.3923E+02,-0.007405,0.012325,0.00568,2000.0
3.3928E+02,-0.007983,0.011962,0.00568,2000.0
3.3930E+02,-0.008241,0.011782,0.00568,2000.0
3.3935E+02,-0.008842,0.011341,0.00568,2000.0
3.3937E+02,-0.009066,0.011159,0.00568,2000.0
3.3942E+02,-0.009639,0.010672,0.00568,2000.0
3.3944E+02,-0.009848,0.010474,0.00568,2000.0
3.3949E+02,-0.010394,0.009938,0.00568,2000.0
3.3951E+02,-0.010586,0.009727,0.00568,2000.0
3.3956E+02,-0.011074,0.009173,0.00568,2000.0
3.3958E+02,-0.011275,0.008917,0.00568,2000.0
3.3963E+02,-0.011734,0.008313,0.00568,0.0
3.4047E+02,-0.011734,0.008313,0.01838,0.0
3.4060E+02,-0.010124,0.007313,0.01838,0.0
3.4142E+02,-0.010124,0.007313,0.00568,2000.0
3.4146E+02,-0.009766,0.007816,0.00568,2000.0
3.4150E+02,-0.009341,0.008291,0.00568,2000.0
3.4156E+02,-0.008780,0.008909,0.00568,2000.0
3.4160E+02,-0.008296,0.009341,0.00568,2000.0
3.4166E+02,-0.007660,0.009884,0.00568,2000.0
3.4170E+02,-0.007138,0.010255,0.00568,2000.0
3.4176E+02,-0.006443,0.010715,0.00568,2000.0
3.4180E+02,-0.005877,0.011029,0.00568,2000.0
3.4186E+02,-0.005126,0.011403,0.00568,2000.0
3.4190E+02,-0.004537,0.011646,0.00568,2000.0
3.4195E+02,-0.003746,0.011926,0.00568,2000.0
3.4200E+02,-0.003122,0.012104,0.00568,2000.0
3.4205E+02,-0.002314,0.012281,0.00568,2000.0
3.4209E+02,-0.001682,0.012390,0.00568,2000.0
3.4215E+02,-0.000848,0.012466,0.00568,2000.0
3.4219E+02,-0.000200,0.012505,0.00568,2000.0
3.4225E+02,0.000632,0.012478,0.00568,2000.0
3.4229E+02,0.001273,0.012443,0.00568,2000.0
3.4235E+02,0.002106,0.012313,0.00568,2000.0
3.4239E+02,0.002737,0.012204,0.00568,2000.0
3.4245E+02,0.003537,0.011978,0.00568,2000.0
3.4249E+02,0.004142,0.011804,0.00568,2000.0
3.4253E+02,0.004729,0.011560,0.00568,2000.0
3.4259E+02,0.005498,0.011235,0.00568,2000.0
3.4263E+02,0.006060,0.010923,0.00568,2000.0
3.4269E+02,0.006785,0.010505,0.00568,2000.0
3.4273E+02,0.007311,0.010132,0.00568,2000.0
3.4278E+02,0.007976,0.009630,0.00568,2000.0
3.4283E+02,0.008458,0.009199,0.00568,2000.0
3.4288E+02,0.009054,0.008620,0.00568,2000.0
3.4292E+02,0.009483,0.008144,0.00568,2000.0
3.4298E+02,0.010011,0.007487,0.00568,2000.0
3.4302E+02,0.010384,0.006959,0.00568,2000.0
3.4308E+02,0.010823,0.006249,0.00568,2000.0
3.4312E+02,0.011130,0.005693,0.00568,2000.0
3.4318E+02,0.011481,0.004933,0.00568,2000.0
3.4322E+02,0.011732,0.004330,0.00568,2000.0
3.4328E+02,0.011982,0.003538,0.00568,2000.0
3.4332E+02,0.012161,0.002922,0.00568,2000.0
3.4338E+02,0.012315,0.002097,0.00568,2000.0
3.4342E+02,0.012422,0.001465,0.00568,2000.0
3.4347E+02,0.012474,0.000629,0.00568,2000.0
3.4352E+02,0.012510,0.000000,0.00568,2000.0
3.4356E+02,0.012474,-0.000629,0.00568,2000.0
3.4361E+02,0.012422,-0.001465,0.00568,2000.0
3.4366E+02,0.012315,-0.002097,0.00568,2000.0
3.4371E+02,0.012161,-0.002922,0.00568,2000.0
3.4376E+02,0.011982,-0.003538,0.00568,2000.0
3.4381E+02,0.011732,-0.004330,0.00568,2000.0
3.4385E+02,0.011481,-0.004933,0.00568,2000.0
3.4391E+02,0.011130,-0.005693,0.00568,2000.0
3.4395E+02,0.010823,-0.006249,0.00568,2000.0
3.4401E+02,0.010384,-0.006959,0.00568,2000.0
3.4405E+02,0.010011,-0.007487,0.00568,2000.0
3.4411E+02,0.009483,-0.008144,0.00568,2000.0
3.4415E+02,0.009054,-0.008620,0.00568,2000.0
3.4421E+02,0.008458,-0.009199,0.00568,2000.0
3.4425E+02,0.007976,-0.009630,0.00568,2000.0
3.4430E+02,0.007311,-0.010132,0.00568,2000.0
3.4435E+02,0.006785,-0.010505,0.00568,2000.0
3.4440E+02,0.006060,-0.010923,0.00568,2000.0
3.4445E+02,0.005498,-0.011235,0.00568,2000.0
3.4450E+02,0.004729,-0.011560,0.00568,2000.0
3.4454E+02,0.004142,-0.011804,0.00568,2000.0
3.4459E+02,0.003537,-0.011978,0.00568,2000.0
3.4464E+02,0.002737,-0.012204,0.00568,2000.0
3.4468E+02,0.002106,-0.012313,0.00568,2000.0
3.4474E+02,0.001273,-0.012443,0.00568,2000.0
3.4478E+02,0.000632,-0.012478,0.00568,2000.0
3.4484E+02,-0.000200,-0.012505,0.00568,2000.0
3.4488E+02,-0.000848,-0.012466,0.00568,2000.0
3.4494E+02,-0.001682,-0.012390,0.00568,2000.0
3.4498E+02,-0.002314,-0.012281,0.00568,2000.0
3.4504E+02,-0.003122,-0.012104,0.00568,2000.0
3.4508E+02,-0.003746,-0.011926,0.00568,2000.0
3.4513E+02,-0.004537,-0.011646,0.00568,2000.0
3.4518E+02,-0.005126,-0.011403,0.00568,2000.0
3.4523E+02,-0.005877,-0.011029,0.00568,2000.0
3.4528E+02,-0.006443,-0.010715,0.00568,2000.0
3.4533E+02,-0.007138,-0.010255,0.00568,2000.0
3.4537E+02,-0.007660,-0.009884,0.00568,2000.0
3.4543E+02,-0.008296,-0.009341,0.00568,2000.0
3.4547E+02,-0.008780,-0.008909,0.00568,2000.0
3.4553E+02,-0.009341,-0.008291,0.00568,2000.0
3.4557E+02,-0.009766,-0.007816,0.00568,2000.0
3.4561E+02,-0.010124,-0.007313,0.00568,2000.0
3.4567E+02,-0.010612,-0.006623,0.00568,2000.0
3.4571E+02,-0.010922,-0.006060,0.00568,2000.0
3.4577E+02,-0.011315,-0.005329,0.00568,2000.0
3.4581E+02,-0.011561,-0.004735,0.00568,2000.0
3.4587E+02,-0.011865,-0.003952,0.00568,2000.0
3.4591E+02,-0.012043,-0.003331,0.00568,2000.0
3.4596E+02,-0.012246,-0.002525,0.00568,2000.0
3.4601E+02,-0.012354,-0.001889,0.00568,2000.0
3.4606E+02,-0.012456,-0.001058,0.00568,2000.0
3.4611E+02,-0.012492,-0.000415,0.00568,2000.0
3.4616E+02,-0.012492,0.000415,0.00568,2000.0
3.4620E+02,-0.012456,0.001058,0.00568,2000.0
3.4626E+02,-0.012354,0.001889,0.00568,2000.0
3.4630E+02,-0.012246,0.002525,0.00568,2000.0
3.4636E+02,-0.012043,0.003331,0.00568,2000.0
3.4640E+02,-0.011865,0.003952,0.00568,2000.0
3.4646E+02,-0.011561,0.004735,0.00568,2000.0
3.4650E+02,-0.011315,0.005329,0.00568,2000.0
3.4656E+02,-0.010922,0.006060,0.00568,2000.0
3.4660E+02,-0.010612,0.006623,0.00568,2000.0
3.4666E+02,-0.010124,0.007313,0.00568,0.0
3.4750E+02,-0.010124,0.007313,0.01838,0.0
3.4761E+02,-0.008737,0.006329,0.01838,0.0
3.4844E+02,-0.008737,0.006329,0.00568,2000.0
3.4847E+02,-0.008435,0.006754,0.00568,2000.0
3.4851E+02,-0.008078,0.007153,0.00568,2000.0
3.4855E+02,-0.007581,0.007700,0.00568,2000.0
3.4859E+02,-0.007177,0.008061,0.00568,2000.0
3.4864E+02,-0.006614,0.008542,0.00568,2000.0
3.4868E+02,-0.006176,0.008853,0.00568,2000.0
3.4873E+02,-0.005560,0.009261,0.00568,2000.0
3.4876E+02,-0.005086,0.009524,0.00568,2000.0
3.4881E+02,-0.004422,0.009854,0.00568,2000.0
3.4885E+02,-0.003928,0.010058,0.00568,2000.0
3.4890E+02,-0.003228,0.010306,0.00568,2000.0
3.4893E+02,-0.002707,0.010455,0.00568,2000.0
3.4898E+02,-0.001988,0.010612,0.00568,2000.0
3.4902E+02,-0.001460,0.010703,0.00568,2000.0
3.4907E+02,-0.000720,0.010771,0.00568,2000.0
3.4910E+02,-0.000178,0.010803,0.00568,2000.0
3.4915E+02,0.000558,0.010779,0.00568,2000.0
3.4919E+02,0.001095,0.010750,0.00568,2000.0
3.4924E+02,0.001831,0.010635,0.00568,2000.0
3.4927E+02,0.002361,0.010544,0.00568,2000.0
3.4932E+02,0.003071,0.010343,0.00568,2000.0
3.4936E+02,0.003579,0.010197,0.00568,2000.0
3.4939E+02,0.004072,0.009992,0.00568,2000.0
3.4944E+02,0.004753,0.009704,0.00568,2000.0
3.4948E+02,0.005224,0.009443,0.00568,2000.0
3.4953E+02,0.005866,0.009073,0.00568,2000.0
3.4956E+02,0.006306,0.008760,0.00568,2000.0
3.4961E+02,0.006896,0.008315,0.00568,2000.0
3.4965E+02,0.007299,0.007955,0.00568,2000.0
3.4970E+02,0.007828,0.007441,0.00568,2000.0
3.4973E+02,0.008187,0.007042,0.00568,2000.0
3.4978E+02,0.008653,0.006462,0.00568,2000.0
3.4982E+02,0.008966,0.006020,0.00568,2000.0
3.4987E+02,0.009355,0.005390,0.00568,2000.0
3.4990E+02,0.009613,0.004924,0.00568,2000.0
3.4995E+02,0.009924,0.004251,0.00568,2000.0
3.4999E+02,0.010133,0.003747,0.00568,2000.0
3.5004E+02,0.010355,0.003045,0.00568,2000.0
3.5008E+02,0.010505,0.002528,0.00568,2000.0
3.5012E+02,0.010641,0.001799,0.00568,2000.0
3.5016E+02,0.010731,0.001269,0.00568,2000.0
3.5021E+02,0.010777,0.000528,0.00568,2000.0
3.5025E+02,0.010807,0.000000,0.00568,2000.0
3.5028E+02,0.010777,-0.000528,0.00568,2000.0
3.5033E+02,0.010731,-0.001269,0.00568,2000.0
3.5037E+02,0.010641,-0.001799,0.00568,2000.0
3.5042E+02,0.010505,-0.002528,0.00568,2000.0
3.5045E+02,0.010355,-0.003045,0.00568,2000.0
3.5050E+02,0.010133,-0.003747,0.00568,2000.0
3.5054E+02,0.009924,-0.004251,0.00568,2000.0
3.5059E+02,0.009613,-0.004924,0.00568,2000.0
3.5062E+02,0.009355,-0.005390,0.00568,2000.0
3.5067E+02,0.008966,-0.006020,0.00568,2000.0
3.5071E+02,0.008653,-0.006462,0.00568,2000.0
3.5076E+02,0.008187,-0.007042,0.00568,2000.0
3.5079E+02,0.007828,-0.007441,0.00568,2000.0
3.5084E+02,0.007299,-0.007955,0.00568,2000.0
3.5088E+02,0.006896,-0.008315,0.00568,2000.0
3.5093E+02,0.006306,-0.008760,0.00568,2000.0
3.5096E+02,0.005866,-0.009073,0.00568,2000.0
3.5101E+02,0.005224,-0.009443,0.00568,2000.0
3.5105E+02,0.004753,-0.009704,0.00568,2000.0
3.5110E+02,0.004072,-0.009992,0.00568,2000.0
3.5113E+02,0.003579,-0.010197,0.00568,2000.0
3.5117E+02,0.003071,-0.010343,0.00568,2000.0
3.5122E+02,0.002361,-0.010544,0.00568,2000.0
3.5125E+02,0.001831,-0.010635,0.00568,2000.0
3.5130E+02,0.001095,-0.010750,0.00568,2000.0
3.5134E+02,0.000558,-0.010779,0.00568,2000.0
3.5139E+02,-0.000178,-0.010803,0.00568,2000.0
3.5142E+02,-0.000720,-0.010771,0.00568,2000.0
3.5147E+02,-0.001460,-0.010703,0.00568,2000.0
3.5151E+02,-0.001988,-0.010612,0.00568,2000.0
3.5156E+02,-0.002707,-0.010455,0.00568,2000.0
3.5159E+02,-0.003228,-0.010306,0.00568,2000.0
3.5164E+02,-0.003928,-0.010058,0.00568,2000.0
3.5168E+02,-0.004422,-0.009854,0.00568,2000.0
3.5173E+02,-0.005086,-0.009524,0.00568,2000.0
3.5177E+02,-0.005560,-0.009261,0.00568,2000.0
3.5181E+02,-0.006176,-0.008853,0.00568,2000.0
3.5185E+02,-0.006614,-0.008542,0.00568,2000.0
3.5190E+02,-0.007177,-0.008061,0.00568,2000.0
3.5194E+02,-0.007581,-0.007700,0.00568,2000.0
3.5199E+02,-0.008078,-0.007153,0.00568,2000.0
3.5202E+02,-0.008435,-0.006754,0.00568,2000.0
3.5206E+02,-0.008737,-0.006329,0.00568,2000.0
3.5211E+02,-0.009169,-0.005719,0.00568,2000.0
3.5214E+02,-0.009429,-0.005247,0.00568,2000.0
3.5219E+02,-0.009777,-0.004600,0.00568,2000.0
3.5223E+02,-0.009983,-0.004102,0.00568,2000.0
3.5228E+02,-0.010252,-0.003409,0.00568,2000.0
3.5231E+02,-0.010401,-0.002889,0.00568,2000.0
3.5236E+02,-0.010581,-0.002175,0.00568,2000.0
3.5240E+02,-0.010671,-0.001643,0.00568,2000.0
3.5245E+02,-0.010762,-0.000906,0.00568,2000.0
3.5248E+02,-0.010792,-0.000368,0.00568,2000.0
3.5253E+02,-0.010792,0.000368,0.00568,2000.0
3.5257E+02,-0.010762,0.000906,0.00568,2000.0
3.5262E+02,-0.010671,0.001643,0.00568,2000.0
3.5265E+02,-0.010581,0.002175,0.00568,2000.0
3.5270E+02,-0.010401,0.002889,0.00568,2000.0
3.5274E+02,-0.010252,0.003409,0.00568,2000.0
3.5279E+02,-0.009983,0.004102,0.00568,2000.0
3.5282E+02,-0.009777,0.004600,0.00568,2000.0
3.5287E+02,-0.009429,0.005247,0.00568,2000.0
3.5291E+02,-0.009169,0.005719,0.00568,2000.0
3.5296E+02,-0.008737,0.006329,0.00568,0.0
3.5380E+02,-0.008737,0.006329,0.01838,0.0
3.5392E+02,-0.007351,0.005345,0.01838,0.0
3.5474E+02,-0.007351,0.005345,0.00568,2000.0
3.5477E+02,-0.007105,0.005691,0.00568,2000.0
3.5480E+02,-0.006816,0.006014,0.00568,2000.0
3.5484E+02,-0.006382,0.006491,0.00568,2000.0
3.5487E+02,-0.006058,0.006781,0.00568,2000.0
3.5491E+02,-0.005568,0.007200,0.00568,2000.0
3.5494E+02,-0.005214,0.007451,0.00568,2000.0
3.5498E+02,-0.004677,0.007807,0.00568,2000.0
3.5501E+02,-0.004296,0.008018,0.00568,2000.0
3.5505E+02,-0.003718,0.008305,0.00568,2000.0
3.5508E+02,-0.003319,0.008470,0.00568,2000.0
3.5513E+02,-0.002709,0.008686,0.00568,2000.0
3.5516E+02,-0.002291,0.008806,0.00568,2000.0
3.5520E+02,-0.001663,0.008943,0.00568,2000.0
3.5523E+02,-0.001237,0.009016,0.00568,2000.0
3.5527E+02,-0.000592,0.009076,0.00568,2000.0
3.5530E+02,-0.000157,0.009101,0.00568,2000.0
3.5534E+02,0.000485,0.009080,0.00568,2000.0
3.5537E+02,0.000918,0.009057,0.00568,2000.0
3.5541E+02,0.001557,0.008957,0.00568,2000.0
3.5544E+02,0.001985,0.008884,0.00568,2000.0
3.5549E+02,0.002604,0.008708,0.00568,2000.0
3.5551E+02,0.003016,0.008590,0.00568,2000.0
3.5554E+02,0.003414,0.008424,0.00568,2000.0
3.5559E+02,0.004009,0.008173,0.00568,2000.0
3.5561E+02,0.004388,0.007963,0.00568,2000.0
3.5566E+02,0.004947,0.007641,0.00568,2000.0
3.5569E+02,0.005301,0.007389,0.00568,2000.0
3.5573E+02,0.005816,0.007000,0.00568,2000.0
3.5576E+02,0.006140,0.006711,0.00568,2000.0
3.5580E+02,0.006602,0.006262,0.00568,2000.0
3.5583E+02,0.006891,0.005940,0.00568,2000.0
3.5587E+02,0.007296,0.005437,0.00568,2000.0
3.5590E+02,0.007548,0.005081,0.00568,2000.0
3.5595E+02,0.007887,0.004532,0.00568,2000.0
3.5597E+02,0.008096,0.004154,0.00568,2000.0
3.5602E+02,0.008367,0.003569,0.00568,2000.0
3.5605E+02,0.008534,0.003165,0.00568,2000.0
3.5609E+02,0.008728,0.002552,0.00568,2000.0
3.5612E+02,0.008849,0.002135,0.00568,2000.0
3.5616E+02,0.008967,0.001501,0.00568,2000.0
3.5619E+02,0.009040,0.001073,0.00568,2000.0
3.5623E+02,0.009080,0.000428,0.00568,2000.0
3.5626E+02,0.009104,0.000000,0.00568,2000.0
3.5629E+02,0.009080,-0.000428,0.00568,2000.0
3.5633E+02,0.009040,-0.001073,0.00568,2000.0
3.5636E+02,0.008967,-0.001501,0.00568,2000.0
3.5641E+02,0.008849,-0.002135,0.00568,2000.0
3.5643E+02,0.008728,-0.002552,0.00568,2000.0
3.5648E+02,0.008534,-0.003165,0.00568,2000.0
3.5651E+02,0.008367,-0.003569,0.00568,2000.0
3.5655E+02,0.008096,-0.004154,0.00568,2000.0
3.5658E+02,0.007887,-0.004532,0.00568,2000.0
3.5662E+02,0.007548,-0.005081,0.00568,2000.0
3.5665E+02,0.007296,-0.005437,0.00568,2000.0
3.5669E+02,0.006891,-0.005940,0.00568,2000.0
3.5672E+02,0.006602,-0.006262,0.00568,2000.0
3.5677E+02,0.006140,-0.006711,0.00568,2000.0
3.5679E+02,0.005816,-0.007000,0.00568,2000.0
3.5684E+02,0.005301,-0.007389,0.00568,2000.0
3.5687E+02,0.004947,-0.007641,0.00568,2000.0
3.5691E+02,0.004388,-0.007963,0.00568,2000.0
3.5694E+02,0.004009,-0.008173,0.00568,2000.0
3.5698E+02,0.003414,-0.008424,0.00568,2000.0
3.5701E+02,0.003016,-0.008590,0.00568,2000.0
3.5704E+02,0.002604,-0.008708,0.00568,2000.0
3.5708E+02,0.001985,-0.008884,0.00568,2000.0
3.5711E+02,0.001557,-0.008957,0.00568,2000.0
3.5715E+02,0.000918,-0.009057,0.00568,2000.0
3.5718E+02,0.000485,-0.009080,0.00568,2000.0
3.5723E+02,-0.000157,-0.009101,0.00568,2000.0
3.5725E+02,-0.000592,-0.009076,0.00568,2000.0
3.5730E+02,-0.001237,-0.009016,0.00568,2000.0
3.5733E+02,-0.001663,-0.008943,0.00568,2000.0
3.5737E+02,-0.002291,-0.008806,0.00568,2000.0
3.5740E+02,-0.002709,-0.008686,0.00568,2000.0
3.5744E+02,-0.003319,-0.008470,0.00568,2000.0
3.5747E+02,-0.003718,-0.008305,0.00568,2000.0
3.5751E+02,-0.004296,-0.008018,0.00568,2000.0
3.5754E+02,-0.004677,-0.007807,0.00568,2000.0
3.5759E+02,-0.005214,-0.007451,0.00568,2000.0
3.5761E+02,-0.005568,-0.007200,0.00568,2000.0
3.5766E+02,-0.006058,-0.006781,0.00568,2000.0
3.5769E+02,-0.006382,-0.006491,0.00568,2000.0
3.5773E+02,-0.006816,-0.006014,0.00568,2000.0
3.5776E+02,-0.007105,-0.005691,0.00568,2000.0
3.5779E+02,-0.007351,-0.005345,0.00568,2000.0
3.5783E+02,-0.007726,-0.004816,0.00568,2000.0
3.5786E+02,-0.007935,-0.004435,0.00568,2000.0
3.5790E+02,-0.008239,-0.003870,0.00568,2000.0
3.5793E+02,-0.008405,-0.003469,0.00568,2000.0
3.5797E+02,-0.008639,-0.002866,0.00568,2000.0
3.5800E+02,-0.008759,-0.002447,0.00568,2000.0
3.5805E+02,-0.008916,-0.001824,0.00568,2000.0
3.5807E+02,-0.008989,-0.001396,0.00568,2000.0
3.5812E+02,-0.009068,-0.000755,0.00568,2000.0
3.5815E+02,-0.009092,-0.000321,0.00568,2000.0
3.5819E+02,-0.009092,0.000321,0.00568,2000.0
3.5822E+02,-0.009068,0.000755,0.00568,2000.0
3.5826E+02,-0.008989,0.001396,0.00568,2000.0
3.5829E+02,-0.008916,0.001824,0.00568,2000.0
3.5833E+02,-0.008759,0.002447,0.00568,2000.0
3.5836E+02,-0.008639,0.002866,0.00568,2000.0
3.5840E+02,-0.008405,0.003469,0.00568,2000.0
3.5843E+02,-0.008239,0.003870,0.00568,2000.0
3.5848E+02,-0.007935,0.004435,0.00568,2000.0
3.5851E+02,-0.007726,0.004816,0.00568,2000.0
3.5855E+02,-0.007351,0.005345,0.00568,0.0
3.5891E+02,-0.007351,0.000000,0.00568,0.0
