2.8281E+03,-0.015405,0.009309,0.07092,0.0
2.8281E+03,-0.015468,0.009325,0.07092,0.0
2.8289E+03,-0.015468,0.009325,0.05822,2000.0
2.8289E+03,-0.015525,0.009224,0.05822,2000.0
2.8290E+03,-0.016096,0.008194,0.05822,2000.0
2.8290E+03,-0.016157,0.008064,0.05822,2000.0
2.8291E+03,-0.016647,0.007005,0.05822,2000.0
2.8291E+03,-0.016699,0.006871,0.05822,2000.0
2.8291E+03,-0.017110,0.005784,0.05822,2000.0
2.8292E+03,-0.017151,0.005649,0.05822,2000.0
2.8292E+03,-0.017152,0.005649,0.05822,2000.0
2.8292E+03,-0.017483,0.004536,0.05822,2000.0
2.8292E+03,-0.017514,0.004396,0.05822,2000.0
2.8293E+03,-0.017767,0.003250,0.05822,2000.0
2.8293E+03,-0.017787,0.003117,0.05822,2000.0
2.8294E+03,-0.017955,0.001961,0.05822,2000.0
2.8294E+03,-0.017965,0.001826,0.05822,2000.0
2.8295E+03,-0.018050,0.000655,0.05822,2000.0
2.8296E+03,-0.018050,-0.000659,0.05822,2000.0
2.8297E+03,-0.017965,-0.001826,0.05822,2000.0
2.8297E+03,-0.017955,-0.001961,0.05822,2000.0
2.8297E+03,-0.017787,-0.003117,0.05822,2000.0
2.8298E+03,-0.017767,-0.003250,0.05822,2000.0
2.8298E+03,-0.017514,-0.004396,0.05822,2000.0
2.8298E+03,-0.017483,-0.004536,0.05822,2000.0
2.8299E+03,-0.017152,-0.005649,0.05822,2000.0
2.8299E+03,-0.017151,-0.005649,0.05822,2000.0
2.8299E+03,-0.017110,-0.005784,0.05822,2000.0
2.8300E+03,-0.016699,-0.006871,0.05822,2000.0
2.8300E+03,-0.016645,-0.007011,0.05822,2000.0
2.8301E+03,-0.016157,-0.008064,0.05822,2000.0
2.8301E+03,-0.016096,-0.008194,0.05822,2000.0
2.8302E+03,-0.015525,-0.009224,0.05822,2000.0
2.8302E+03,-0.015468,-0.009325,0.05822,2000.0
2.8303E+03,-0.014827,-0.010308,0.05822,2000.0
2.8303E+03,-0.014743,-0.010434,0.05822,2000.0
2.8304E+03,-0.014044,-0.011353,0.05822,2000.0
2.8304E+03,-0.013958,-0.011463,0.05822,2000.0
2.8304E+03,-0.013189,-0.012336,0.05822,2000.0
2.8305E+03,-0.013093,-0.012441,0.05822,2000.0
2.8305E+03,-0.012241,-0.013278,0.05822,2000.0
2.8305E+03,-0.012157,-0.013357,0.05822,2000.0
2.8306E+03,-0.011247,-0.014130,0.05822,2000.0
2.8306E+03,-0.011161,-0.014200,0.05822,2000.0
2.8307E+03,-0.010213,-0.014895,0.05822,2000.0
2.8307E+03,-0.010100,-0.014973,0.05822,2000.0
2.8308E+03,-0.009104,-0.015598,0.05822,2000.0
2.8308E+03,-0.008996,-0.015661,0.05822,2000.0
2.8309E+03,-0.007952,-0.016215,0.05822,2000.0
2.8309E+03,-0.007831,-0.016276,0.05822,2000.0
2.8310E+03,-0.006765,-0.016746,0.05822,2000.0
2.8310E+03,-0.006644,-0.016795,0.05822,2000.0
2.8311E+03,-0.005526,-0.017194,0.05822,2000.0
2.8311E+03,-0.005413,-0.017231,0.05822,2000.0
2.8311E+03,-0.004262,-0.017551,0.05822,2000.0
2.8311E+03,-0.004160,-0.017576,0.05822,2000.0
2.8312E+03,-0.002972,-0.017815,0.05822,2000.0
2.8312E+03,-0.002865,-0.017833,0.05822,2000.0
2.8313E+03,-0.001711,-0.017980,0.05822,2000.0
2.8313E+03,-0.001546,-0.017995,0.05822,2000.0
2.8314E+03,-0.000412,-0.018056,0.05822,2000.0
2.8314E+03,-0.000264,-0.018059,0.05822,2000.0
2.8315E+03,0.000927,-0.018037,0.05822,2000.0
2.8315E+03,0.001038,-0.018031,0.05822,2000.0
2.8316E+03,0.002207,-0.017926,0.05822,2000.0
2.8316E+03,0.002354,-0.017906,0.05822,2000.0
2.8317E+03,0.003497,-0.017719,0.05822,2000.0
2.8317E+03,0.003648,-0.017688,0.05822,2000.0
2.8317E+03,0.004768,-0.017420,0.05822,2000.0
2.8318E+03,0.004929,-0.017374,0.05822,2000.0
2.8318E+03,0.006005,-0.017033,0.05822,2000.0
2.8318E+03,0.006172,-0.016972,0.05822,2000.0
2.8319E+03,0.007252,-0.016542,0.05822,2000.0
2.8319E+03,0.007342,-0.016501,0.05822,2000.0
2.8320E+03,0.008416,-0.015981,0.05822,2000.0
2.8320E+03,0.008541,-0.015913,0.05822,2000.0
2.8321E+03,0.009559,-0.015325,0.05822,2000.0
2.8321E+03,0.009672,-0.015251,0.05822,2000.0
2.8322E+03,0.010625,-0.014606,0.05822,2000.0
2.8322E+03,0.010755,-0.014507,0.05822,2000.0
2.8323E+03,0.011658,-0.013796,0.05822,2000.0
2.8323E+03,0.011752,-0.013712,0.05822,2000.0
2.8324E+03,0.012634,-0.012907,0.05822,2000.0
2.8324E+03,0.012733,-0.012806,0.05822,2000.0
2.8324E+03,0.013536,-0.011959,0.05822,2000.0
2.8325E+03,0.013609,-0.011871,0.05822,2000.0
2.8325E+03,0.014360,-0.010954,0.05822,2000.0
2.8325E+03,0.014433,-0.010854,0.05822,2000.0
2.8326E+03,0.015119,-0.009881,0.05822,2000.0
2.8326E+03,0.015181,-0.009782,0.05822,2000.0
2.8327E+03,0.015786,-0.008776,0.05822,2000.0
2.8327E+03,0.015849,-0.008657,0.05822,2000.0
2.8328E+03,0.016383,-0.007604,0.05822,2000.0
2.8328E+03,0.016434,-0.007486,0.05822,2000.0
2.8329E+03,0.016892,-0.006395,0.05822,2000.0
2.8329E+03,0.016933,-0.006276,0.05822,2000.0
2.8330E+03,0.017311,-0.005156,0.05822,2000.0
2.8330E+03,0.017343,-0.005033,0.05822,2000.0
2.8331E+03,0.017638,-0.003892,0.05822,2000.0
2.8331E+03,0.017662,-0.003765,0.05822,2000.0
2.8331E+03,0.017661,-0.003765,0.05822,2000.0
2.8331E+03,0.017873,-0.002599,0.05822,2000.0
2.8332E+03,0.017887,-0.002476,0.05822,2000.0
2.8332E+03,0.018014,-0.001306,0.05822,2000.0
2.8333E+03,0.018062,-0.000001,0.05822,2000.0
2.8334E+03,0.018019,0.001174,0.05822,2000.0
2.8334E+03,0.018014,0.001306,0.05822,2000.0
2.8335E+03,0.017888,0.002469,0.05822,2000.0
2.8335E+03,0.017873,0.002599,0.05822,2000.0
2.8336E+03,0.017661,0.003765,0.05822,2000.0
2.8336E+03,0.017662,0.003765,0.05822,2000.0
2.8336E+03,0.017638,0.003892,0.05822,2000.0
2.8337E+03,0.017345,0.005026,0.05822,2000.0
2.8337E+03,0.017311,0.005156,0.05822,2000.0
2.8337E+03,0.016936,0.006266,0.05822,2000.0
2.8338E+03,0.016892,0.006395,0.05822,2000.0
2.8338E+03,0.016442,0.007467,0.05822,2000.0
2.8338E+03,0.016385,0.007599,0.05822,2000.0
2.8339E+03,0.015859,0.008637,0.05822,2000.0
2.8339E+03,0.015786,0.008776,0.05822,2000.0
2.8340E+03,0.015191,0.009765,0.05822,2000.0
2.8340E+03,0.015119,0.009881,0.05822,2000.0
2.8341E+03,0.014445,0.010837,0.05822,2000.0
2.8341E+03,0.014360,0.010954,0.05822,2000.0
2.8342E+03,0.013609,0.011871,0.05822,2000.0
2.8342E+03,0.013536,0.011959,0.05822,2000.0
2.8343E+03,0.012733,0.012806,0.05822,2000.0
2.8343E+03,0.012634,0.012907,0.05822,2000.0
2.8344E+03,0.011752,0.013712,0.05822,2000.0
2.8344E+03,0.011658,0.013796,0.05822,2000.0
2.8344E+03,0.010755,0.014507,0.05822,2000.0
2.8345E+03,0.010625,0.014606,0.05822,2000.0
2.8345E+03,0.009672,0.015251,0.05822,2000.0
2.8345E+03,0.009559,0.015325,0.05822,2000.0
2.8346E+03,0.008541,0.015913,0.05822,2000.0
2.8346E+03,0.008416,0.015981,0.05822,2000.0
2.8347E+03,0.007342,0.016501,0.05822,2000.0
2.8347E+03,0.007252,0.016542,0.05822,2000.0
2.8348E+03,0.006172,0.016972,0.05822,2000.0
2.8348E+03,0.006005,0.017033,0.05822,2000.0
2.8349E+03,0.004929,0.017374,0.05822,2000.0
2.8349E+03,0.004768,0.017420,0.05822,2000.0
2.8350E+03,0.003648,0.017688,0.05822,2000.0
2.8350E+03,0.003497,0.017719,0.05822,2000.0
2.8351E+03,0.002354,0.017906,0.05822,2000.0
2.8351E+03,0.002207,0.017926,0.05822,2000.0
2.8351E+03,0.001038,0.018031,0.05822,2000.0
2.8351E+03,0.000927,0.018037,0.05822,2000.0
2.8352E+03,-0.000264,0.018059,0.05822,2000.0
2.8352E+03,-0.000412,0.018056,0.05822,2000.0
2.8353E+03,-0.001546,0.017995,0.05822,2000.0
2.8353E+03,-0.001711,0.017980,0.05822,2000.0
2.8354E+03,-0.002865,0.017833,0.05822,2000.0
2.8354E+03,-0.002972,0.017815,0.05822,2000.0
2.8355E+03,-0.004160,0.017576,0.05822,2000.0
2.8355E+03,-0.004262,0.017551,0.05822,2000.0
2.8356E+03,-0.005413,0.017231,0.05822,2000.0
2.8356E+03,-0.005526,0.017194,0.05822,2000.0
2.8357E+03,-0.006644,0.016795,0.05822,2000.0
2.8357E+03,-0.006765,0.016746,0.05822,2000.0
2.8357E+03,-0.007831,0.016276,0.05822,2000.0
2.8358E+03,-0.007952,0.016215,0.05822,2000.0
2.8358E+03,-0.008996,0.015661,0.05822,2000.0
2.8358E+03,-0.009104,0.015598,0.05822,2000.0
2.8359E+03,-0.010100,0.014973,0.05822,2000.0
2.8359E+03,-0.010213,0.014895,0.05822,2000.0
2.8360E+03,-0.011161,0.014200,0.05822,2000.0
2.8360E+03,-0.011247,0.014130,0.05822,2000.0
2.8361E+03,-0.012157,0.013357,0.05822,2000.0
2.8361E+03,-0.012252,0.013268,0.05822,2000.0
2.8362E+03,-0.013093,0.012441,0.05822,2000.0
2.8362E+03,-0.013189,0.012336,0.05822,2000.0
2.8363E+03,-0.013958,0.011463,0.05822,2000.0
2.8363E+03,-0.014044,0.011353,0.05822,2000.0
2.8364E+03,-0.014743,0.010434,0.05822,2000.0
2.8364E+03,-0.014827,0.010308,0.05822,2000.0
2.8364E+03,-0.015468,0.009325,0.05822,0.0
2.8373E+03,-0.015468,0.009325,0.07092,0.0
2.8374E+03,-0.014010,0.008447,0.07092,0.0
2.8382E+03,-0.014010,0.008447,0.05822,2000.0
2.8382E+03,-0.014044,0.008388,0.05822,2000.0
2.8383E+03,-0.014582,0.007419,0.05822,2000.0
2.8383E+03,-0.014618,0.007342,0.05822,2000.0
2.8384E+03,-0.015082,0.006339,0.05822,2000.0
2.8384E+03,-0.015114,0.006256,0.05822,2000.0
2.8385E+03,-0.015497,0.005243,0.05822,2000.0
2.8385E+03,-0.015612,0.004865,0.05822,2000.0
2.8385E+03,-0.015834,0.004118,0.05822,2000.0
2.8385E+03,-0.015854,0.004028,0.05822,2000.0
2.8386E+03,-0.016094,0.002941,0.05822,2000.0
2.8386E+03,-0.016106,0.002864,0.05822,2000.0
2.8387E+03,-0.016264,0.001777,0.05822,2000.0
2.8387E+03,-0.016270,0.001703,0.05822,2000.0
2.8387E+03,-0.016269,0.001703,0.05822,2000.0
2.8388E+03,-0.016350,0.000587,0.05822,2000.0
2.8389E+03,-0.016350,-0.000591,0.05822,2000.0
2.8389E+03,-0.016269,-0.001703,0.05822,2000.0
2.8389E+03,-0.016270,-0.001703,0.05822,2000.0
2.8389E+03,-0.016264,-0.001777,0.05822,2000.0
2.8390E+03,-0.016106,-0.002864,0.05822,2000.0
2.8390E+03,-0.016094,-0.002941,0.05822,2000.0
2.8391E+03,-0.015854,-0.004028,0.05822,2000.0
2.8391E+03,-0.015834,-0.004118,0.05822,2000.0
2.8392E+03,-0.015595,-0.004921,0.05822,2000.0
2.8392E+03,-0.015497,-0.005243,0.05822,2000.0
2.8392E+03,-0.015113,-0.006259,0.05822,2000.0
2.8393E+03,-0.015078,-0.006351,0.05822,2000.0
2.8393E+03,-0.014618,-0.007342,0.05822,2000.0
2.8393E+03,-0.014582,-0.007419,0.05822,2000.0
2.8394E+03,-0.014044,-0.008388,0.05822,2000.0
2.8394E+03,-0.014010,-0.008447,0.05822,2000.0
2.8395E+03,-0.013403,-0.009379,0.05822,2000.0
2.8395E+03,-0.013359,-0.009446,0.05822,2000.0
2.8396E+03,-0.012705,-0.010306,0.05822,2000.0
2.8396E+03,-0.012657,-0.010367,0.05822,2000.0
2.8396E+03,-0.011913,-0.011212,0.05822,2000.0
2.8396E+03,-0.011866,-0.011263,0.05822,2000.0
2.8397E+03,-0.011054,-0.012061,0.05822,2000.0
2.8397E+03,-0.011032,-0.012081,0.05822,2000.0
2.8398E+03,-0.010146,-0.012834,0.05822,2000.0
2.8398E+03,-0.010127,-0.012850,0.05822,2000.0
2.8399E+03,-0.009233,-0.013506,0.05822,2000.0
2.8399E+03,-0.009167,-0.013551,0.05822,2000.0
2.8400E+03,-0.008213,-0.014150,0.05822,2000.0
2.8400E+03,-0.008180,-0.014169,0.05822,2000.0
2.8400E+03,-0.007155,-0.014713,0.05822,2000.0
2.8400E+03,-0.007116,-0.014733,0.05822,2000.0
2.8401E+03,-0.006095,-0.015183,0.05822,2000.0
2.8401E+03,-0.006029,-0.015210,0.05822,2000.0
2.8402E+03,-0.004997,-0.015578,0.05822,2000.0
2.8402E+03,-0.004913,-0.015606,0.05822,2000.0
2.8403E+03,-0.003830,-0.015907,0.05822,2000.0
2.8403E+03,-0.003799,-0.015914,0.05822,2000.0
2.8404E+03,-0.002640,-0.016147,0.05822,2000.0
2.8404E+03,-0.002619,-0.016151,0.05822,2000.0
2.8404E+03,-0.001536,-0.016289,0.05822,2000.0
2.8404E+03,-0.001435,-0.016298,0.05822,2000.0
2.8405E+03,-0.000346,-0.016357,0.05822,2000.0
2.8405E+03,-0.000261,-0.016358,0.05822,2000.0
2.8406E+03,0.000860,-0.016338,0.05822,2000.0
2.8406E+03,0.000935,-0.016334,0.05822,2000.0
2.8407E+03,0.002023,-0.016236,0.05822,2000.0
2.8407E+03,0.002080,-0.016228,0.05822,2000.0
2.8407E+03,0.003200,-0.016045,0.05822,2000.0
2.8408E+03,0.003279,-0.016029,0.05822,2000.0
2.8408E+03,0.004323,-0.015779,0.05822,2000.0
2.8408E+03,0.004433,-0.015747,0.05822,2000.0
2.8409E+03,0.005466,-0.015420,0.05822,2000.0
2.8409E+03,0.005579,-0.015378,0.05822,2000.0
2.8410E+03,0.006577,-0.014981,0.05822,2000.0
2.8410E+03,0.006622,-0.014961,0.05822,2000.0
2.8411E+03,0.007648,-0.014464,0.05822,2000.0
2.8411E+03,0.007701,-0.014435,0.05822,2000.0
2.8411E+03,0.008670,-0.013876,0.05822,2000.0
2.8411E+03,0.008719,-0.013843,0.05822,2000.0
2.8412E+03,0.009641,-0.013219,0.05822,2000.0
2.8412E+03,0.009703,-0.013171,0.05822,2000.0
2.8413E+03,0.010565,-0.012492,0.05822,2000.0
2.8413E+03,0.010606,-0.012456,0.05822,2000.0
2.8414E+03,0.011457,-0.011680,0.05822,2000.0
2.8414E+03,0.011499,-0.011636,0.05822,2000.0
2.8415E+03,0.012274,-0.010818,0.05822,2000.0
2.8415E+03,0.012294,-0.010794,0.05822,2000.0
2.8415E+03,0.013015,-0.009914,0.05822,2000.0
2.8415E+03,0.013044,-0.009874,0.05822,2000.0
2.8416E+03,0.013702,-0.008941,0.05822,2000.0
2.8416E+03,0.013724,-0.008906,0.05822,2000.0
2.8417E+03,0.014311,-0.007929,0.05822,2000.0
2.8417E+03,0.014333,-0.007888,0.05822,2000.0
2.8418E+03,0.014847,-0.006874,0.05822,2000.0
2.8418E+03,0.014867,-0.006828,0.05822,2000.0
2.8419E+03,0.015302,-0.005792,0.05822,2000.0
2.8419E+03,0.015322,-0.005732,0.05822,2000.0
2.8419E+03,0.015683,-0.004661,0.05822,2000.0
2.8419E+03,0.015697,-0.004607,0.05822,2000.0
2.8420E+03,0.015976,-0.003528,0.05822,2000.0
2.8421E+03,0.016191,-0.002343,0.05822,2000.0
2.8421E+03,0.016197,-0.002293,0.05822,2000.0
2.8422E+03,0.016317,-0.001186,0.05822,2000.0
2.8422E+03,0.016361,-0.000001,0.05822,2000.0
2.8423E+03,0.016320,0.001110,0.05822,2000.0
2.8423E+03,0.016318,0.001174,0.05822,2000.0
2.8424E+03,0.016199,0.002274,0.05822,2000.0
2.8424E+03,0.016191,0.002347,0.05822,2000.0
2.8425E+03,0.015975,0.003532,0.05822,2000.0
2.8426E+03,0.015700,0.004596,0.05822,2000.0
2.8426E+03,0.015681,0.004667,0.05822,2000.0
2.8426E+03,0.015327,0.005717,0.05822,2000.0
2.8426E+03,0.015299,0.005798,0.05822,2000.0
2.8427E+03,0.014882,0.006793,0.05822,2000.0
2.8427E+03,0.014881,0.006793,0.05822,2000.0
2.8427E+03,0.014839,0.006890,0.05822,2000.0
2.8428E+03,0.014354,0.007847,0.05822,2000.0
2.8428E+03,0.014307,0.007937,0.05822,2000.0
2.8429E+03,0.013747,0.008868,0.05822,2000.0
2.8429E+03,0.013701,0.008942,0.05822,2000.0
2.8430E+03,0.013056,0.009857,0.05822,2000.0
2.8430E+03,0.013015,0.009913,0.05822,2000.0
2.8430E+03,0.012294,0.010794,0.05822,2000.0
2.8430E+03,0.012274,0.010818,0.05822,2000.0
2.8431E+03,0.011499,0.011636,0.05822,2000.0
2.8431E+03,0.011457,0.011680,0.05822,2000.0
2.8432E+03,0.010619,0.012444,0.05822,2000.0
2.8432E+03,0.010565,0.012492,0.05822,2000.0
2.8433E+03,0.009703,0.013171,0.05822,2000.0
2.8433E+03,0.009641,0.013219,0.05822,2000.0
2.8433E+03,0.008719,0.013843,0.05822,2000.0
2.8433E+03,0.008670,0.013876,0.05822,2000.0
2.8434E+03,0.007701,0.014435,0.05822,2000.0
2.8434E+03,0.007648,0.014464,0.05822,2000.0
2.8435E+03,0.006622,0.014961,0.05822,2000.0
2.8435E+03,0.006577,0.014981,0.05822,2000.0
2.8436E+03,0.005579,0.015378,0.05822,2000.0
2.8436E+03,0.005466,0.015420,0.05822,2000.0
2.8437E+03,0.004433,0.015747,0.05822,2000.0
2.8437E+03,0.004323,0.015779,0.05822,2000.0
2.8437E+03,0.003279,0.016029,0.05822,2000.0
2.8437E+03,0.003200,0.016045,0.05822,2000.0
2.8438E+03,0.002080,0.016228,0.05822,2000.0
2.8438E+03,0.002023,0.016236,0.05822,2000.0
2.8439E+03,0.000935,0.016334,0.05822,2000.0
2.8439E+03,0.000860,0.016338,0.05822,2000.0
2.8440E+03,-0.000261,0.016358,0.05822,2000.0
2.8440E+03,-0.000346,0.016357,0.05822,2000.0
2.8441E+03,-0.001435,0.016298,0.05822,2000.0
2.8441E+03,-0.001536,0.016289,0.05822,2000.0
2.8441E+03,-0.002619,0.016151,0.05822,2000.0
2.8441E+03,-0.002640,0.016147,0.05822,2000.0
2.8442E+03,-0.003799,0.015914,0.05822,2000.0
2.8442E+03,-0.003830,0.015907,0.05822,2000.0
2.8443E+03,-0.004913,0.015606,0.05822,2000.0
2.8443E+03,-0.004997,0.015578,0.05822,2000.0
2.8444E+03,-0.006029,0.015210,0.05822,2000.0
2.8444E+03,-0.006095,0.015183,0.05822,2000.0
2.8444E+03,-0.007116,0.014733,0.05822,2000.0
2.8445E+03,-0.007155,0.014713,0.05822,2000.0
2.8445E+03,-0.008180,0.014169,0.05822,2000.0
2.8445E+03,-0.008213,0.014150,0.05822,2000.0
2.8446E+03,-0.009167,0.013551,0.05822,2000.0
2.8446E+03,-0.009233,0.013506,0.05822,2000.0
2.8447E+03,-0.010127,0.012850,0.05822,2000.0
2.8447E+03,-0.010146,0.012834,0.05822,2000.0
2.8448E+03,-0.011031,0.012082,0.05822,2000.0
2.8448E+03,-0.011079,0.012037,0.05822,2000.0
2.8448E+03,-0.011866,0.011264,0.05822,2000.0
2.8448E+03,-0.011914,0.011211,0.05822,2000.0
2.8449E+03,-0.012657,0.010367,0.05822,2000.0
2.8449E+03,-0.012705,0.010306,0.05822,2000.0
2.8450E+03,-0.013360,0.009444,0.05822,2000.0
2.8450E+03,-0.013403,0.009379,0.05822,2000.0
2.8451E+03,-0.014010,0.008447,0.05822,0.0
2.8459E+03,-0.014010,0.008447,0.07092,0.0
2.8460E+03,-0.012564,0.007552,0.07092,0.0
2.8469E+03,-0.012564,0.007552,0.05822,2000.0
2.8469E+03,-0.012571,0.007539,0.05822,2000.0
2.8469E+03,-0.013065,0.006650,0.05822,2000.0
2.8469E+03,-0.013078,0.006622,0.05822,2000.0
2.8470E+03,-0.013517,0.005673,0.05822,2000.0
2.8470E+03,-0.013528,0.005644,0.05822,2000.0
2.8471E+03,-0.013888,0.004693,0.05822,2000.0
2.8471E+03,-0.013983,0.004381,0.05822,2000.0
2.8471E+03,-0.013982,0.004381,0.05822,2000.0
2.8471E+03,-0.014186,0.003693,0.05822,2000.0
2.8471E+03,-0.014194,0.003659,0.05822,2000.0
2.8472E+03,-0.014422,0.002630,0.05822,2000.0
2.8472E+03,-0.014426,0.002602,0.05822,2000.0
2.8473E+03,-0.014571,0.001606,0.05822,2000.0
2.8474E+03,-0.014650,0.000519,0.05822,2000.0
2.8474E+03,-0.014650,-0.000523,0.05822,2000.0
2.8475E+03,-0.014571,-0.001604,0.05822,2000.0
2.8476E+03,-0.014426,-0.002602,0.05822,2000.0
2.8476E+03,-0.014422,-0.002630,0.05822,2000.0
2.8476E+03,-0.014194,-0.003659,0.05822,2000.0
2.8476E+03,-0.014184,-0.003702,0.05822,2000.0
2.8477E+03,-0.013969,-0.004426,0.05822,2000.0
2.8477E+03,-0.013888,-0.004693,0.05822,2000.0
2.8478E+03,-0.013524,-0.005655,0.05822,2000.0
2.8478E+03,-0.013512,-0.005687,0.05822,2000.0
2.8478E+03,-0.013078,-0.006622,0.05822,2000.0
2.8478E+03,-0.013065,-0.006650,0.05822,2000.0
2.8479E+03,-0.012571,-0.007539,0.05822,2000.0
2.8479E+03,-0.012564,-0.007552,0.05822,2000.0
2.8480E+03,-0.011978,-0.008451,0.05822,2000.0
2.8480E+03,-0.011979,-0.008451,0.05822,2000.0
2.8480E+03,-0.011970,-0.008465,0.05822,2000.0
2.8481E+03,-0.011369,-0.009255,0.05822,2000.0
2.8481E+03,-0.011350,-0.009280,0.05822,2000.0
2.8481E+03,-0.010663,-0.010060,0.05822,2000.0
2.8481E+03,-0.010645,-0.010079,0.05822,2000.0
2.8482E+03,-0.009894,-0.010817,0.05822,2000.0
2.8482E+03,-0.009893,-0.010818,0.05822,2000.0
2.8483E+03,-0.009081,-0.011508,0.05822,2000.0
2.8483E+03,-0.008251,-0.012117,0.05822,2000.0
2.8483E+03,-0.008225,-0.012135,0.05822,2000.0
2.8484E+03,-0.007347,-0.012686,0.05822,2000.0
2.8485E+03,-0.006383,-0.013198,0.05822,2000.0
2.8486E+03,-0.005415,-0.013624,0.05822,2000.0
2.8486E+03,-0.004459,-0.013965,0.05822,2000.0
2.8486E+03,-0.004410,-0.013981,0.05822,2000.0
2.8487E+03,-0.003428,-0.014254,0.05822,2000.0
2.8488E+03,-0.002337,-0.014473,0.05822,2000.0
2.8488E+03,-0.001355,-0.014599,0.05822,2000.0
2.8488E+03,-0.001336,-0.014600,0.05822,2000.0
2.8489E+03,-0.000281,-0.014658,0.05822,2000.0
2.8489E+03,-0.000271,-0.014658,0.05822,2000.0
2.8490E+03,0.000795,-0.014639,0.05822,2000.0
2.8490E+03,0.000828,-0.014637,0.05822,2000.0
2.8490E+03,0.001823,-0.014547,0.05822,2000.0
2.8491E+03,0.002907,-0.014370,0.05822,2000.0
2.8491E+03,0.002911,-0.014369,0.05822,2000.0
2.8492E+03,0.003888,-0.014135,0.05822,2000.0
2.8492E+03,0.003920,-0.014126,0.05822,2000.0
2.8493E+03,0.004928,-0.013807,0.05822,2000.0
2.8493E+03,0.004951,-0.013798,0.05822,2000.0
2.8493E+03,0.005915,-0.013415,0.05822,2000.0
2.8494E+03,0.006867,-0.012954,0.05822,2000.0
2.8495E+03,0.007766,-0.012435,0.05822,2000.0
2.8495E+03,0.008646,-0.011840,0.05822,2000.0
2.8495E+03,0.008662,-0.011827,0.05822,2000.0
2.8496E+03,0.009475,-0.011187,0.05822,2000.0
2.8496E+03,0.009484,-0.011179,0.05822,2000.0
2.8497E+03,0.010260,-0.010471,0.05822,2000.0
2.8497E+03,0.010269,-0.010462,0.05822,2000.0
2.8498E+03,0.011001,-0.009690,0.05822,2000.0
2.8498E+03,0.011666,-0.008879,0.05822,2000.0
2.8499E+03,0.012282,-0.008005,0.05822,2000.0
2.8500E+03,0.012832,-0.007090,0.05822,2000.0
2.8500E+03,0.012835,-0.007084,0.05822,2000.0
2.8500E+03,0.013307,-0.006153,0.05822,2000.0
2.8500E+03,0.013308,-0.006150,0.05822,2000.0
2.8501E+03,0.013707,-0.005200,0.05822,2000.0
2.8501E+03,0.013710,-0.005192,0.05822,2000.0
2.8502E+03,0.014051,-0.004181,0.05822,2000.0
2.8502E+03,0.014314,-0.003163,0.05822,2000.0
2.8503E+03,0.014509,-0.002090,0.05822,2000.0
2.8504E+03,0.014620,-0.001067,0.05822,2000.0
2.8505E+03,0.014660,-0.000001,0.05822,2000.0
2.8505E+03,0.014621,0.001052,0.05822,2000.0
2.8506E+03,0.014509,0.002089,0.05822,2000.0
2.8506E+03,0.014507,0.002109,0.05822,2000.0
2.8507E+03,0.014315,0.003161,0.05822,2000.0
2.8507E+03,0.014058,0.004157,0.05822,2000.0
2.8507E+03,0.014055,0.004170,0.05822,2000.0
2.8508E+03,0.013720,0.005162,0.05822,2000.0
2.8508E+03,0.013710,0.005192,0.05822,2000.0
2.8509E+03,0.013337,0.006080,0.05822,2000.0
2.8509E+03,0.013297,0.006172,0.05822,2000.0
2.8509E+03,0.012847,0.007060,0.05822,2000.0
2.8510E+03,0.012823,0.007105,0.05822,2000.0
2.8510E+03,0.012292,0.007989,0.05822,2000.0
2.8510E+03,0.012278,0.008011,0.05822,2000.0
2.8511E+03,0.011685,0.008853,0.05822,2000.0
2.8511E+03,0.011684,0.008853,0.05822,2000.0
2.8511E+03,0.011675,0.008866,0.05822,2000.0
2.8512E+03,0.010993,0.009698,0.05822,2000.0
2.8512E+03,0.010270,0.010462,0.05822,2000.0
2.8512E+03,0.010270,0.010463,0.05822,2000.0
2.8512E+03,0.010269,0.010462,0.05822,2000.0
2.8512E+03,0.010260,0.010471,0.05822,2000.0
2.8513E+03,0.009490,0.011173,0.05822,2000.0
2.8513E+03,0.009469,0.011192,0.05822,2000.0
2.8514E+03,0.008662,0.011827,0.05822,2000.0
2.8514E+03,0.008646,0.011840,0.05822,2000.0
2.8514E+03,0.007769,0.012433,0.05822,2000.0
2.8515E+03,0.006867,0.012954,0.05822,2000.0
2.8516E+03,0.005915,0.013415,0.05822,2000.0
2.8517E+03,0.004951,0.013798,0.05822,2000.0
2.8517E+03,0.004928,0.013807,0.05822,2000.0
2.8517E+03,0.003920,0.014126,0.05822,2000.0
2.8517E+03,0.003888,0.014135,0.05822,2000.0
2.8518E+03,0.002911,0.014369,0.05822,2000.0
2.8518E+03,0.002907,0.014370,0.05822,2000.0
2.8519E+03,0.001823,0.014547,0.05822,2000.0
2.8519E+03,0.000828,0.014637,0.05822,2000.0
2.8519E+03,0.000795,0.014639,0.05822,2000.0
2.8520E+03,-0.000271,0.014658,0.05822,2000.0
2.8520E+03,-0.000281,0.014658,0.05822,2000.0
2.8521E+03,-0.001336,0.014600,0.05822,2000.0
2.8521E+03,-0.001355,0.014599,0.05822,2000.0
2.8521E+03,-0.002337,0.014473,0.05822,2000.0
2.8522E+03,-0.003428,0.014254,0.05822,2000.0
2.8523E+03,-0.004410,0.013981,0.05822,2000.0
2.8523E+03,-0.004459,0.013965,0.05822,2000.0
2.8524E+03,-0.005415,0.013624,0.05822,2000.0
2.8524E+03,-0.006383,0.013198,0.05822,2000.0
2.8525E+03,-0.007347,0.012686,0.05822,2000.0
2.8526E+03,-0.008229,0.012132,0.05822,2000.0
2.8526E+03,-0.008260,0.012111,0.05822,2000.0
2.8526E+03,-0.009082,0.011508,0.05822,2000.0
2.8527E+03,-0.009894,0.010817,0.05822,2000.0
2.8527E+03,-0.009905,0.010808,0.05822,2000.0
2.8528E+03,-0.010641,0.010085,0.05822,2000.0
2.8528E+03,-0.010654,0.010070,0.05822,2000.0
2.8529E+03,-0.011352,0.009277,0.05822,2000.0
2.8529E+03,-0.011351,0.009277,0.05822,2000.0
2.8529E+03,-0.011977,0.008454,0.05822,2000.0
2.8529E+03,-0.011985,0.008441,0.05822,2000.0
2.8530E+03,-0.012564,0.007552,0.05822,0.0
2.8538E+03,-0.012564,0.007552,0.07092,0.0
2.8540E+03,-0.010367,0.006484,0.07092,0.0
2.8548E+03,-0.010367,0.006484,0.05822,2000.0
2.8549E+03,-0.009791,0.007299,0.05822,2000.0
2.8549E+03,-0.009545,0.007645,0.05822,2000.0
2.8550E+03,-0.009248,0.007978,0.05822,2000.0
2.8550E+03,-0.008560,0.008733,0.05822,2000.0
2.8550E+03,-0.008225,0.009031,0.05822,2000.0
2.8551E+03,-0.007460,0.009687,0.05822,2000.0
2.8551E+03,-0.007094,0.009947,0.05822,2000.0
2.8552E+03,-0.006248,0.010507,0.05822,2000.0
2.8552E+03,-0.005857,0.010724,0.05822,2000.0
2.8553E+03,-0.004942,0.011179,0.05822,2000.0
2.8553E+03,-0.004529,0.011350,0.05822,2000.0
2.8554E+03,-0.003570,0.011689,0.05822,2000.0
2.8554E+03,-0.003140,0.011813,0.05822,2000.0
2.8555E+03,-0.002149,0.012029,0.05822,2000.0
2.8555E+03,-0.001707,0.012105,0.05822,2000.0
2.8556E+03,-0.000682,0.012200,0.05822,2000.0
2.8556E+03,-0.000234,0.012222,0.05822,2000.0
2.8557E+03,0.000775,0.012191,0.05822,2000.0
2.8557E+03,0.001223,0.012165,0.05822,2000.0
2.8558E+03,0.002218,0.012011,0.05822,2000.0
2.8558E+03,0.002662,0.011937,0.05822,2000.0
2.8559E+03,0.003633,0.011660,0.05822,2000.0
2.8559E+03,0.003633,0.011659,0.05822,2000.0
2.8559E+03,0.004055,0.011540,0.05822,2000.0
2.8560E+03,0.004468,0.011366,0.05822,2000.0
2.8560E+03,0.005385,0.010978,0.05822,2000.0
2.8561E+03,0.005780,0.010761,0.05822,2000.0
2.8561E+03,0.006651,0.010258,0.05822,2000.0
2.8561E+03,0.007021,0.010001,0.05822,2000.0
2.8562E+03,0.007843,0.009377,0.05822,2000.0
2.8562E+03,0.008173,0.009082,0.05822,2000.0
2.8563E+03,0.008905,0.008374,0.05822,2000.0
2.8563E+03,0.009205,0.008038,0.05822,2000.0
2.8564E+03,0.009840,0.007249,0.05822,2000.0
2.8564E+03,0.010101,0.006882,0.05822,2000.0
2.8565E+03,0.010628,0.006029,0.05822,2000.0
2.8565E+03,0.010848,0.005636,0.05822,2000.0
2.8566E+03,0.011271,0.004715,0.05822,2000.0
2.8566E+03,0.011446,0.004303,0.05822,2000.0
2.8567E+03,0.011757,0.003319,0.05822,2000.0
2.8567E+03,0.011881,0.002893,0.05822,2000.0
2.8568E+03,0.012069,0.001889,0.05822,2000.0
2.8568E+03,0.012143,0.001444,0.05822,2000.0
2.8569E+03,0.012205,0.000441,0.05822,2000.0
2.8569E+03,0.012231,-0.000001,0.05822,2000.0
2.8570E+03,0.012143,-0.001443,0.05822,2000.0
2.8571E+03,0.012069,-0.001889,0.05822,2000.0
2.8571E+03,0.011881,-0.002893,0.05822,2000.0
2.8572E+03,0.011757,-0.003319,0.05822,2000.0
2.8572E+03,0.011446,-0.004303,0.05822,2000.0
2.8573E+03,0.011271,-0.004715,0.05822,2000.0
2.8573E+03,0.010848,-0.005636,0.05822,2000.0
2.8574E+03,0.010628,-0.006029,0.05822,2000.0
2.8574E+03,0.010101,-0.006882,0.05822,2000.0
2.8574E+03,0.009840,-0.007249,0.05822,2000.0
2.8575E+03,0.009205,-0.008038,0.05822,2000.0
2.8575E+03,0.008905,-0.008374,0.05822,2000.0
2.8576E+03,0.008173,-0.009082,0.05822,2000.0
2.8576E+03,0.007843,-0.009377,0.05822,2000.0
2.8577E+03,0.007021,-0.010001,0.05822,2000.0
2.8577E+03,0.006651,-0.010258,0.05822,2000.0
2.8578E+03,0.005780,-0.010761,0.05822,2000.0
2.8578E+03,0.005385,-0.010978,0.05822,2000.0
2.8579E+03,0.004464,-0.011368,0.05822,2000.0
2.8579E+03,0.004052,-0.011540,0.05822,2000.0
2.8580E+03,0.002662,-0.011937,0.05822,2000.0
2.8581E+03,0.002218,-0.012011,0.05822,2000.0
2.8581E+03,0.001223,-0.012165,0.05822,2000.0
2.8582E+03,0.000775,-0.012191,0.05822,2000.0
2.8582E+03,-0.000234,-0.012222,0.05822,2000.0
2.8583E+03,-0.000682,-0.012200,0.05822,2000.0
2.8583E+03,-0.001707,-0.012105,0.05822,2000.0
2.8584E+03,-0.002149,-0.012029,0.05822,2000.0
2.8584E+03,-0.003140,-0.011813,0.05822,2000.0
2.8585E+03,-0.003570,-0.011689,0.05822,2000.0
2.8585E+03,-0.004529,-0.011350,0.05822,2000.0
2.8585E+03,-0.004942,-0.011179,0.05822,2000.0
2.8586E+03,-0.005857,-0.010724,0.05822,2000.0
2.8586E+03,-0.006248,-0.010507,0.05822,2000.0
2.8587E+03,-0.007094,-0.009947,0.05822,2000.0
2.8587E+03,-0.007460,-0.009687,0.05822,2000.0
2.8588E+03,-0.008225,-0.009031,0.05822,2000.0
2.8588E+03,-0.008560,-0.008733,0.05822,2000.0
2.8589E+03,-0.009246,-0.007980,0.05822,2000.0
2.8589E+03,-0.009547,-0.007644,0.05822,2000.0
2.8590E+03,-0.010367,-0.006485,0.05822,2000.0
2.8591E+03,-0.010586,-0.006095,0.05822,2000.0
2.8591E+03,-0.011078,-0.005179,0.05822,2000.0
2.8592E+03,-0.011249,-0.004762,0.05822,2000.0
2.8592E+03,-0.011609,-0.003832,0.05822,2000.0
2.8593E+03,-0.011735,-0.003403,0.05822,2000.0
2.8593E+03,-0.011986,-0.002405,0.05822,2000.0
2.8594E+03,-0.012062,-0.001961,0.05822,2000.0
2.8594E+03,-0.012182,-0.000969,0.05822,2000.0
2.8595E+03,-0.012211,-0.000523,0.05822,2000.0
2.8595E+03,-0.012211,0.000523,0.05822,2000.0
2.8596E+03,-0.012182,0.000969,0.05822,2000.0
2.8596E+03,-0.012062,0.001961,0.05822,2000.0
2.8597E+03,-0.011986,0.002405,0.05822,2000.0
2.8597E+03,-0.011735,0.003403,0.05822,2000.0
2.8597E+03,-0.011609,0.003832,0.05822,2000.0
2.8598E+03,-0.011249,0.004762,0.05822,2000.0
2.8598E+03,-0.011078,0.005179,0.05822,2000.0
2.8599E+03,-0.010586,0.006095,0.05822,2000.0
2.8599E+03,-0.010367,0.006484,0.05822,0.0
2.8608E+03,-0.010367,0.006484,0.07092,0.0
2.8609E+03,-0.008928,0.005575,0.07092,0.0
2.8617E+03,-0.008928,0.005575,0.05822,2000.0
2.8618E+03,-0.008405,0.006315,0.05822,2000.0
2.8618E+03,-0.008214,0.006583,0.05822,2000.0
2.8618E+03,-0.007985,0.006840,0.05822,2000.0
2.8619E+03,-0.007363,0.007522,0.05822,2000.0
2.8619E+03,-0.007106,0.007751,0.05822,2000.0
2.8620E+03,-0.006412,0.008346,0.05822,2000.0
2.8620E+03,-0.006132,0.008545,0.05822,2000.0
2.8621E+03,-0.005364,0.009053,0.05822,2000.0
2.8621E+03,-0.005064,0.009220,0.05822,2000.0
2.8621E+03,-0.004238,0.009631,0.05822,2000.0
2.8622E+03,-0.003921,0.009762,0.05822,2000.0
2.8622E+03,-0.003051,0.010069,0.05822,2000.0
2.8623E+03,-0.002722,0.010164,0.05822,2000.0
2.8623E+03,-0.001824,0.010360,0.05822,2000.0
2.8623E+03,-0.001485,0.010418,0.05822,2000.0
2.8624E+03,-0.000561,0.010504,0.05822,2000.0
2.8624E+03,-0.000218,0.010521,0.05822,2000.0
2.8625E+03,0.000700,0.010493,0.05822,2000.0
2.8625E+03,0.001043,0.010473,0.05822,2000.0
2.8626E+03,0.001947,0.010333,0.05822,2000.0
2.8626E+03,0.002287,0.010276,0.05822,2000.0
2.8626E+03,0.003167,0.010025,0.05822,2000.0
2.8627E+03,0.003491,0.009933,0.05822,2000.0
2.8627E+03,0.003807,0.009800,0.05822,2000.0
2.8628E+03,0.004643,0.009446,0.05822,2000.0
2.8628E+03,0.004946,0.009280,0.05822,2000.0
2.8628E+03,0.005738,0.008822,0.05822,2000.0
2.8629E+03,0.006021,0.008625,0.05822,2000.0
2.8629E+03,0.006761,0.008064,0.05822,2000.0
2.8629E+03,0.007015,0.007837,0.05822,2000.0
2.8630E+03,0.007678,0.007196,0.05822,2000.0
2.8630E+03,0.007907,0.006939,0.05822,2000.0
2.8631E+03,0.008484,0.006222,0.05822,2000.0
2.8631E+03,0.008684,0.005941,0.05822,2000.0
2.8632E+03,0.009163,0.005166,0.05822,2000.0
2.8632E+03,0.009332,0.004865,0.05822,2000.0
2.8633E+03,0.009715,0.004029,0.05822,2000.0
2.8633E+03,0.009849,0.003713,0.05822,2000.0
2.8633E+03,0.010130,0.002825,0.05822,2000.0
2.8634E+03,0.010225,0.002498,0.05822,2000.0
2.8634E+03,0.010395,0.001592,0.05822,2000.0
2.8635E+03,0.010452,0.001251,0.05822,2000.0
2.8635E+03,0.010508,0.000339,0.05822,2000.0
2.8635E+03,0.010528,0.000000,0.05822,2000.0
2.8636E+03,0.010452,-0.001251,0.05822,2000.0
2.8636E+03,0.010395,-0.001592,0.05822,2000.0
2.8637E+03,0.010225,-0.002498,0.05822,2000.0
2.8637E+03,0.010130,-0.002825,0.05822,2000.0
2.8638E+03,0.009849,-0.003713,0.05822,2000.0
2.8638E+03,0.009715,-0.004029,0.05822,2000.0
2.8639E+03,0.009332,-0.004865,0.05822,2000.0
2.8639E+03,0.009163,-0.005166,0.05822,2000.0
2.8640E+03,0.008684,-0.005941,0.05822,2000.0
2.8640E+03,0.008484,-0.006222,0.05822,2000.0
2.8640E+03,0.007907,-0.006939,0.05822,2000.0
2.8641E+03,0.007678,-0.007196,0.05822,2000.0
2.8641E+03,0.007015,-0.007837,0.05822,2000.0
2.8641E+03,0.006761,-0.008064,0.05822,2000.0
2.8642E+03,0.006021,-0.008625,0.05822,2000.0
2.8642E+03,0.005738,-0.008822,0.05822,2000.0
2.8643E+03,0.004946,-0.009280,0.05822,2000.0
2.8643E+03,0.004643,-0.009446,0.05822,2000.0
2.8644E+03,0.003805,-0.009801,0.05822,2000.0
2.8644E+03,0.003489,-0.009933,0.05822,2000.0
2.8645E+03,0.002287,-0.010276,0.05822,2000.0
2.8645E+03,0.001947,-0.010333,0.05822,2000.0
2.8646E+03,0.001043,-0.010473,0.05822,2000.0
2.8646E+03,0.000700,-0.010493,0.05822,2000.0
2.8647E+03,-0.000218,-0.010521,0.05822,2000.0
2.8647E+03,-0.000561,-0.010504,0.05822,2000.0
2.8647E+03,-0.001485,-0.010418,0.05822,2000.0
2.8648E+03,-0.001824,-0.010360,0.05822,2000.0
2.8648E+03,-0.002722,-0.010164,0.05822,2000.0
2.8648E+03,-0.003051,-0.010069,0.05822,2000.0
2.8649E+03,-0.003921,-0.009762,0.05822,2000.0
2.8649E+03,-0.004238,-0.009631,0.05822,2000.0
2.8650E+03,-0.005064,-0.009220,0.05822,2000.0
2.8650E+03,-0.005364,-0.009053,0.05822,2000.0
2.8651E+03,-0.006132,-0.008545,0.05822,2000.0
2.8651E+03,-0.006412,-0.008346,0.05822,2000.0
2.8652E+03,-0.007106,-0.007751,0.05822,2000.0
2.8652E+03,-0.007363,-0.007522,0.05822,2000.0
2.8652E+03,-0.007985,-0.006840,0.05822,2000.0
2.8653E+03,-0.008215,-0.006583,0.05822,2000.0
2.8653E+03,-0.008928,-0.005575,0.05822,2000.0
2.8654E+03,-0.009096,-0.005276,0.05822,2000.0
2.8654E+03,-0.009539,-0.004452,0.05822,2000.0
2.8655E+03,-0.009670,-0.004133,0.05822,2000.0
2.8655E+03,-0.009998,-0.003284,0.05822,2000.0
2.8655E+03,-0.010095,-0.002955,0.05822,2000.0
2.8656E+03,-0.010321,-0.002055,0.05822,2000.0
2.8656E+03,-0.010379,-0.001715,0.05822,2000.0
2.8657E+03,-0.010489,-0.000812,0.05822,2000.0
2.8657E+03,-0.010511,-0.000469,0.05822,2000.0
2.8658E+03,-0.010511,0.000469,0.05822,2000.0
2.8658E+03,-0.010489,0.000812,0.05822,2000.0
2.8659E+03,-0.010379,0.001715,0.05822,2000.0
2.8659E+03,-0.010321,0.002055,0.05822,2000.0
2.8659E+03,-0.010095,0.002955,0.05822,2000.0
2.8660E+03,-0.009998,0.003284,0.05822,2000.0
2.8660E+03,-0.009670,0.004133,0.05822,2000.0
2.8660E+03,-0.009539,0.004452,0.05822,2000.0
2.8661E+03,-0.009096,0.005276,0.05822,2000.0
2.8661E+03,-0.008928,0.005575,0.05822,0.0
2.8670E+03,-0.008928,0.005575,0.07092,0.0
2.8671E+03,-0.007489,0.004665,0.07092,0.0
2.8679E+03,-0.007489,0.004665,0.05822,2000.0
2.8680E+03,-0.007017,0.005333,0.05822,2000.0
2.8680E+03,-0.006883,0.005522,0.05822,2000.0
2.8680E+03,-0.006723,0.005701,0.05822,2000.0
2.8681E+03,-0.006167,0.006311,0.05822,2000.0
2.8681E+03,-0.005988,0.006470,0.05822,2000.0
2.8681E+03,-0.005364,0.007005,0.05822,2000.0
2.8681E+03,-0.005170,0.007143,0.05822,2000.0
2.8682E+03,-0.004481,0.007599,0.05822,2000.0
2.8682E+03,-0.004272,0.007715,0.05822,2000.0
2.8683E+03,-0.003533,0.008083,0.05822,2000.0
2.8683E+03,-0.003313,0.008174,0.05822,2000.0
2.8683E+03,-0.002533,0.008449,0.05822,2000.0
2.8684E+03,-0.002304,0.008515,0.05822,2000.0
2.8684E+03,-0.001500,0.008691,0.05822,2000.0
2.8684E+03,-0.001264,0.008731,0.05822,2000.0
2.8685E+03,-0.000439,0.008808,0.05822,2000.0
2.8685E+03,-0.000201,0.008820,0.05822,2000.0
2.8685E+03,0.000624,0.008795,0.05822,2000.0
2.8686E+03,0.000862,0.008781,0.05822,2000.0
2.8686E+03,0.001675,0.008655,0.05822,2000.0
2.8686E+03,0.001911,0.008615,0.05822,2000.0
2.8687E+03,0.002702,0.008390,0.05822,2000.0
2.8687E+03,0.002927,0.008326,0.05822,2000.0
2.8687E+03,0.003146,0.008234,0.05822,2000.0
2.8688E+03,0.003902,0.007914,0.05822,2000.0
2.8688E+03,0.004112,0.007799,0.05822,2000.0
2.8688E+03,0.004824,0.007387,0.05822,2000.0
2.8689E+03,0.005020,0.007250,0.05822,2000.0
2.8689E+03,0.005680,0.006750,0.05822,2000.0
2.8689E+03,0.005857,0.006592,0.05822,2000.0
2.8690E+03,0.006451,0.006017,0.05822,2000.0
2.8690E+03,0.006610,0.005839,0.05822,2000.0
2.8691E+03,0.007128,0.005195,0.05822,2000.0
2.8691E+03,0.007267,0.005000,0.05822,2000.0
2.8691E+03,0.007698,0.004303,0.05822,2000.0
2.8691E+03,0.007815,0.004094,0.05822,2000.0
2.8692E+03,0.008159,0.003344,0.05822,2000.0
2.8692E+03,0.008252,0.003124,0.05822,2000.0
2.8693E+03,0.008503,0.002332,0.05822,2000.0
2.8693E+03,0.008569,0.002104,0.05822,2000.0
2.8693E+03,0.008721,0.001293,0.05822,2000.0
2.8694E+03,0.008761,0.001057,0.05822,2000.0
2.8694E+03,0.008811,0.000237,0.05822,2000.0
2.8694E+03,0.008825,0.000001,0.05822,2000.0
2.8695E+03,0.008761,-0.001057,0.05822,2000.0
2.8695E+03,0.008721,-0.001293,0.05822,2000.0
2.8696E+03,0.008569,-0.002104,0.05822,2000.0
2.8696E+03,0.008503,-0.002332,0.05822,2000.0
2.8696E+03,0.008252,-0.003124,0.05822,2000.0
2.8697E+03,0.008159,-0.003344,0.05822,2000.0
2.8697E+03,0.007815,-0.004094,0.05822,2000.0
2.8697E+03,0.007698,-0.004303,0.05822,2000.0
2.8698E+03,0.007267,-0.005000,0.05822,2000.0
2.8698E+03,0.007128,-0.005195,0.05822,2000.0
2.8699E+03,0.006610,-0.005839,0.05822,2000.0
2.8699E+03,0.006451,-0.006017,0.05822,2000.0
2.8699E+03,0.005857,-0.006592,0.05822,2000.0
2.8699E+03,0.005680,-0.006750,0.05822,2000.0
2.8700E+03,0.005020,-0.007250,0.05822,2000.0
2.8700E+03,0.004824,-0.007387,0.05822,2000.0
2.8701E+03,0.004112,-0.007799,0.05822,2000.0
2.8701E+03,0.003902,-0.007914,0.05822,2000.0
2.8701E+03,0.003146,-0.008234,0.05822,2000.0
2.8702E+03,0.002926,-0.008326,0.05822,2000.0
2.8702E+03,0.001911,-0.008615,0.05822,2000.0
2.8702E+03,0.001675,-0.008655,0.05822,2000.0
2.8703E+03,0.000862,-0.008781,0.05822,2000.0
2.8703E+03,0.000624,-0.008795,0.05822,2000.0
2.8704E+03,-0.000201,-0.008820,0.05822,2000.0
2.8704E+03,-0.000439,-0.008808,0.05822,2000.0
2.8704E+03,-0.001264,-0.008731,0.05822,2000.0
2.8705E+03,-0.001500,-0.008691,0.05822,2000.0
2.8705E+03,-0.002304,-0.008515,0.05822,2000.0
2.8705E+03,-0.002533,-0.008449,0.05822,2000.0
2.8706E+03,-0.003313,-0.008174,0.05822,2000.0
2.8706E+03,-0.003533,-0.008083,0.05822,2000.0
2.8706E+03,-0.004272,-0.007715,0.05822,2000.0
2.8707E+03,-0.004481,-0.007599,0.05822,2000.0
2.8707E+03,-0.005170,-0.007143,0.05822,2000.0
2.8707E+03,-0.005364,-0.007005,0.05822,2000.0
2.8708E+03,-0.005988,-0.006470,0.05822,2000.0
2.8708E+03,-0.006167,-0.006311,0.05822,2000.0
2.8709E+03,-0.006723,-0.005701,0.05822,2000.0
2.8709E+03,-0.006883,-0.005522,0.05822,2000.0
2.8709E+03,-0.007489,-0.004665,0.05822,2000.0
2.8710E+03,-0.007606,-0.004457,0.05822,2000.0
2.8710E+03,-0.008000,-0.003724,0.05822,2000.0
2.8710E+03,-0.008091,-0.003503,0.05822,2000.0
2.8711E+03,-0.008387,-0.002738,0.05822,2000.0
2.8711E+03,-0.008454,-0.002509,0.05822,2000.0
2.8712E+03,-0.008656,-0.001705,0.05822,2000.0
2.8712E+03,-0.008696,-0.001469,0.05822,2000.0
2.8712E+03,-0.008796,-0.000655,0.05822,2000.0
2.8712E+03,-0.008811,-0.000416,0.05822,2000.0
2.8713E+03,-0.008811,0.000416,0.05822,2000.0
2.8713E+03,-0.008796,0.000655,0.05822,2000.0
2.8714E+03,-0.008696,0.001469,0.05822,2000.0
2.8714E+03,-0.008656,0.001705,0.05822,2000.0
2.8714E+03,-0.008454,0.002509,0.05822,2000.0
2.8715E+03,-0.008387,0.002738,0.05822,2000.0
2.8715E+03,-0.008091,0.003503,0.05822,2000.0
2.8715E+03,-0.008000,0.003724,0.05822,2000.0
2.8716E+03,-0.007606,0.004457,0.05822,2000.0
2.8716E+03,-0.007489,0.004665,0.05822,0.0
2.8719E+03,-0.007489,0.000000,0.05822,0.0
