2.6481E+03,-0.015169,0.009217,0.06808,0.0
2.6481E+03,-0.015226,0.009246,0.06808,0.0
2.6489E+03,-0.015226,0.009246,0.05538,2000.0
2.6490E+03,-0.015427,0.008892,0.05538,2000.0
2.6490E+03,-0.015858,0.008114,0.05538,2000.0
2.6491E+03,-0.016031,0.007748,0.05538,2000.0
2.6491E+03,-0.016032,0.007748,0.05538,2000.0
2.6491E+03,-0.016404,0.006943,0.05538,2000.0
2.6491E+03,-0.016553,0.006560,0.05538,2000.0
2.6492E+03,-0.016865,0.005735,0.05538,2000.0
2.6492E+03,-0.016983,0.005345,0.05538,2000.0
2.6492E+03,-0.016984,0.005345,0.05538,2000.0
2.6493E+03,-0.017237,0.004492,0.05538,2000.0
2.6493E+03,-0.017327,0.004095,0.05538,2000.0
2.6494E+03,-0.017518,0.003229,0.05538,2000.0
2.6494E+03,-0.017578,0.002826,0.05538,2000.0
2.6495E+03,-0.017708,0.001934,0.05538,2000.0
2.6495E+03,-0.017737,0.001549,0.05538,2000.0
2.6495E+03,-0.017736,0.001549,0.05538,2000.0
2.6495E+03,-0.017801,0.000642,0.05538,2000.0
2.6496E+03,-0.017801,-0.000642,0.05538,2000.0
2.6497E+03,-0.017736,-0.001549,0.05538,2000.0
2.6497E+03,-0.017737,-0.001549,0.05538,2000.0
2.6497E+03,-0.017708,-0.001934,0.05538,2000.0
2.6498E+03,-0.017578,-0.002826,0.05538,2000.0
2.6498E+03,-0.017518,-0.003229,0.05538,2000.0
2.6499E+03,-0.017327,-0.004095,0.05538,2000.0
2.6499E+03,-0.017237,-0.004492,0.05538,2000.0
2.6499E+03,-0.016984,-0.005345,0.05538,2000.0
2.6499E+03,-0.016983,-0.005345,0.05538,2000.0
2.6500E+03,-0.016865,-0.005735,0.05538,2000.0
2.6500E+03,-0.016553,-0.006560,0.05538,2000.0
2.6501E+03,-0.016404,-0.006943,0.05538,2000.0
2.6501E+03,-0.016032,-0.007748,0.05538,2000.0
2.6501E+03,-0.016031,-0.007748,0.05538,2000.0
2.6501E+03,-0.015858,-0.008114,0.05538,2000.0
2.6502E+03,-0.015427,-0.008892,0.05538,2000.0
2.6502E+03,-0.015226,-0.009246,0.05538,2000.0
2.6503E+03,-0.014742,-0.009987,0.05538,2000.0
2.6503E+03,-0.014518,-0.010321,0.05538,2000.0
2.6504E+03,-0.013980,-0.011029,0.05538,2000.0
2.6504E+03,-0.013723,-0.011356,0.05538,2000.0
2.6505E+03,-0.013140,-0.012018,0.05538,2000.0
2.6505E+03,-0.012868,-0.012317,0.05538,2000.0
2.6506E+03,-0.012212,-0.012961,0.05538,2000.0
2.6506E+03,-0.011937,-0.013221,0.05538,2000.0
2.6506E+03,-0.011236,-0.013817,0.05538,2000.0
2.6507E+03,-0.010938,-0.014059,0.05538,2000.0
2.6507E+03,-0.010236,-0.014573,0.05538,2000.0
2.6508E+03,-0.009899,-0.014808,0.05538,2000.0
2.6508E+03,-0.009149,-0.015279,0.05538,2000.0
2.6508E+03,-0.008775,-0.015501,0.05538,2000.0
2.6509E+03,-0.008016,-0.015903,0.05538,2000.0
2.6509E+03,-0.007631,-0.016095,0.05538,2000.0
2.6510E+03,-0.006822,-0.016451,0.05538,2000.0
2.6510E+03,-0.006450,-0.016603,0.05538,2000.0
2.6511E+03,-0.005615,-0.016901,0.05538,2000.0
2.6511E+03,-0.005222,-0.017029,0.05538,2000.0
2.6512E+03,-0.004375,-0.017264,0.05538,2000.0
2.6512E+03,-0.003963,-0.017365,0.05538,2000.0
2.6512E+03,-0.003100,-0.017539,0.05538,2000.0
2.6513E+03,-0.002716,-0.017603,0.05538,2000.0
2.6513E+03,-0.001825,-0.017717,0.05538,2000.0
2.6514E+03,-0.001398,-0.017756,0.05538,2000.0
2.6514E+03,-0.000538,-0.017803,0.05538,2000.0
2.6514E+03,-0.000126,-0.017810,0.05538,2000.0
2.6515E+03,0.000785,-0.017794,0.05538,2000.0
2.6515E+03,0.001156,-0.017773,0.05538,2000.0
2.6516E+03,0.002077,-0.017690,0.05538,2000.0
2.6516E+03,0.002445,-0.017642,0.05538,2000.0
2.6517E+03,0.003336,-0.017496,0.05538,2000.0
2.6517E+03,0.003751,-0.017410,0.05538,2000.0
2.6518E+03,0.004596,-0.017208,0.05538,2000.0
2.6518E+03,0.004999,-0.017094,0.05538,2000.0
2.6518E+03,0.005842,-0.016827,0.05538,2000.0
2.6519E+03,0.006225,-0.016687,0.05538,2000.0
2.6519E+03,0.007050,-0.016357,0.05538,2000.0
2.6520E+03,0.007391,-0.016203,0.05538,2000.0
2.6520E+03,0.008229,-0.015796,0.05538,2000.0
2.6520E+03,0.008578,-0.015607,0.05538,2000.0
2.6521E+03,0.009356,-0.015158,0.05538,2000.0
2.6521E+03,0.009665,-0.014958,0.05538,2000.0
2.6522E+03,0.010424,-0.014444,0.05538,2000.0
2.6522E+03,0.010743,-0.014203,0.05538,2000.0
2.6523E+03,0.011444,-0.013650,0.05538,2000.0
2.6523E+03,0.011757,-0.013375,0.05538,2000.0
2.6524E+03,0.012404,-0.012784,0.05538,2000.0
2.6524E+03,0.012697,-0.012486,0.05538,2000.0
2.6525E+03,0.013305,-0.011844,0.05538,2000.0
2.6525E+03,0.013552,-0.011551,0.05538,2000.0
2.6525E+03,0.014131,-0.010845,0.05538,2000.0
2.6526E+03,0.014369,-0.010517,0.05538,2000.0
2.6526E+03,0.014873,-0.009802,0.05538,2000.0
2.6527E+03,0.015095,-0.009444,0.05538,2000.0
2.6527E+03,0.015556,-0.008679,0.05538,2000.0
2.6527E+03,0.015732,-0.008341,0.05538,2000.0
2.6528E+03,0.016142,-0.007533,0.05538,2000.0
2.6528E+03,0.016302,-0.007160,0.05538,2000.0
2.6529E+03,0.016646,-0.006342,0.05538,2000.0
2.6529E+03,0.016774,-0.005970,0.05538,2000.0
2.6530E+03,0.017065,-0.005104,0.05538,2000.0
2.6530E+03,0.017164,-0.004734,0.05538,2000.0
2.6531E+03,0.017393,-0.003846,0.05538,2000.0
2.6531E+03,0.017463,-0.003472,0.05538,2000.0
2.6531E+03,0.017462,-0.003472,0.05538,2000.0
2.6531E+03,0.017625,-0.002574,0.05538,2000.0
2.6532E+03,0.017668,-0.002192,0.05538,2000.0
2.6532E+03,0.017765,-0.001295,0.05538,2000.0
2.6533E+03,0.017780,-0.000901,0.05538,2000.0
2.6533E+03,0.017813,0.000000,0.05538,2000.0
2.6534E+03,0.017780,0.000899,0.05538,2000.0
2.6534E+03,0.017765,0.001295,0.05538,2000.0
2.6535E+03,0.017669,0.002186,0.05538,2000.0
2.6535E+03,0.017625,0.002574,0.05538,2000.0
2.6536E+03,0.017462,0.003472,0.05538,2000.0
2.6536E+03,0.017463,0.003472,0.05538,2000.0
2.6536E+03,0.017393,0.003846,0.05538,2000.0
2.6536E+03,0.017168,0.004720,0.05538,2000.0
2.6537E+03,0.017065,0.005104,0.05538,2000.0
2.6537E+03,0.016778,0.005959,0.05538,2000.0
2.6537E+03,0.016646,0.006342,0.05538,2000.0
2.6538E+03,0.016302,0.007160,0.05538,2000.0
2.6538E+03,0.016142,0.007533,0.05538,2000.0
2.6539E+03,0.015741,0.008324,0.05538,2000.0
2.6539E+03,0.015556,0.008679,0.05538,2000.0
2.6540E+03,0.015095,0.009444,0.05538,2000.0
2.6540E+03,0.014873,0.009802,0.05538,2000.0
2.6541E+03,0.014369,0.010517,0.05538,2000.0
2.6541E+03,0.014131,0.010845,0.05538,2000.0
2.6542E+03,0.013567,0.011533,0.05538,2000.0
2.6542E+03,0.013305,0.011844,0.05538,2000.0
2.6542E+03,0.012697,0.012486,0.05538,2000.0
2.6543E+03,0.012404,0.012784,0.05538,2000.0
2.6543E+03,0.011757,0.013375,0.05538,2000.0
2.6544E+03,0.011444,0.013650,0.05538,2000.0
2.6544E+03,0.010743,0.014203,0.05538,2000.0
2.6544E+03,0.010424,0.014444,0.05538,2000.0
2.6545E+03,0.009665,0.014958,0.05538,2000.0
2.6545E+03,0.009356,0.015158,0.05538,2000.0
2.6546E+03,0.008578,0.015607,0.05538,2000.0
2.6546E+03,0.008229,0.015796,0.05538,2000.0
2.6547E+03,0.007391,0.016203,0.05538,2000.0
2.6547E+03,0.007050,0.016357,0.05538,2000.0
2.6548E+03,0.006225,0.016687,0.05538,2000.0
2.6548E+03,0.005842,0.016827,0.05538,2000.0
2.6548E+03,0.004999,0.017094,0.05538,2000.0
2.6549E+03,0.004596,0.017208,0.05538,2000.0
2.6549E+03,0.003751,0.017410,0.05538,2000.0
2.6550E+03,0.003336,0.017496,0.05538,2000.0
2.6550E+03,0.002445,0.017642,0.05538,2000.0
2.6550E+03,0.002077,0.017690,0.05538,2000.0
2.6551E+03,0.001156,0.017773,0.05538,2000.0
2.6551E+03,0.000785,0.017794,0.05538,2000.0
2.6552E+03,-0.000126,0.017810,0.05538,2000.0
2.6552E+03,-0.000538,0.017803,0.05538,2000.0
2.6553E+03,-0.001398,0.017756,0.05538,2000.0
2.6553E+03,-0.001825,0.017717,0.05538,2000.0
2.6554E+03,-0.002716,0.017603,0.05538,2000.0
2.6554E+03,-0.003100,0.017539,0.05538,2000.0
2.6554E+03,-0.003963,0.017365,0.05538,2000.0
2.6555E+03,-0.004375,0.017264,0.05538,2000.0
2.6555E+03,-0.005222,0.017029,0.05538,2000.0
2.6556E+03,-0.005615,0.016901,0.05538,2000.0
2.6556E+03,-0.006450,0.016603,0.05538,2000.0
2.6556E+03,-0.006822,0.016451,0.05538,2000.0
2.6557E+03,-0.007631,0.016095,0.05538,2000.0
2.6557E+03,-0.008016,0.015903,0.05538,2000.0
2.6558E+03,-0.008775,0.015501,0.05538,2000.0
2.6558E+03,-0.009149,0.015279,0.05538,2000.0
2.6559E+03,-0.009899,0.014808,0.05538,2000.0
2.6559E+03,-0.010236,0.014573,0.05538,2000.0
2.6560E+03,-0.010938,0.014059,0.05538,2000.0
2.6560E+03,-0.011247,0.013808,0.05538,2000.0
2.6561E+03,-0.011937,0.013221,0.05538,2000.0
2.6561E+03,-0.012219,0.012954,0.05538,2000.0
2.6561E+03,-0.012868,0.012317,0.05538,2000.0
2.6562E+03,-0.013140,0.012018,0.05538,2000.0
2.6562E+03,-0.013723,0.011356,0.05538,2000.0
2.6563E+03,-0.013980,0.011029,0.05538,2000.0
2.6563E+03,-0.014518,0.010321,0.05538,2000.0
2.6563E+03,-0.014742,0.009987,0.05538,2000.0
2.6564E+03,-0.015226,0.009246,0.05538,0.0
2.6572E+03,-0.015226,0.009246,0.06808,0.0
2.6574E+03,-0.013778,0.008355,0.06808,0.0
2.6582E+03,-0.013778,0.008355,0.05538,2000.0
2.6582E+03,-0.013940,0.008068,0.05538,2000.0
2.6583E+03,-0.014346,0.007335,0.05538,2000.0
2.6583E+03,-0.014545,0.006914,0.05538,2000.0
2.6583E+03,-0.014840,0.006275,0.05538,2000.0
2.6584E+03,-0.014969,0.005944,0.05538,2000.0
2.6584E+03,-0.015255,0.005187,0.05538,2000.0
2.6585E+03,-0.015438,0.004580,0.05538,2000.0
2.6585E+03,-0.015591,0.004063,0.05538,2000.0
2.6585E+03,-0.015669,0.003719,0.05538,2000.0
2.6586E+03,-0.015847,0.002915,0.05538,2000.0
2.6586E+03,-0.015897,0.002576,0.05538,2000.0
2.6586E+03,-0.016017,0.001750,0.05538,2000.0
2.6587E+03,-0.016101,0.000576,0.05538,2000.0
2.6588E+03,-0.016101,-0.000576,0.05538,2000.0
2.6589E+03,-0.016017,-0.001750,0.05538,2000.0
2.6589E+03,-0.015897,-0.002576,0.05538,2000.0
2.6590E+03,-0.015847,-0.002915,0.05538,2000.0
2.6590E+03,-0.015669,-0.003719,0.05538,2000.0
2.6590E+03,-0.015591,-0.004063,0.05538,2000.0
2.6591E+03,-0.015392,-0.004734,0.05538,2000.0
2.6591E+03,-0.015255,-0.005187,0.05538,2000.0
2.6592E+03,-0.014969,-0.005944,0.05538,2000.0
2.6592E+03,-0.014840,-0.006275,0.05538,2000.0
2.6592E+03,-0.014545,-0.006914,0.05538,2000.0
2.6593E+03,-0.014346,-0.007335,0.05538,2000.0
2.6593E+03,-0.013940,-0.008068,0.05538,2000.0
2.6593E+03,-0.013778,-0.008355,0.05538,2000.0
2.6594E+03,-0.013330,-0.009040,0.05538,2000.0
2.6594E+03,-0.013138,-0.009326,0.05538,2000.0
2.6595E+03,-0.012626,-0.010000,0.05538,2000.0
2.6595E+03,-0.012421,-0.010262,0.05538,2000.0
2.6596E+03,-0.011882,-0.010874,0.05538,2000.0
2.6596E+03,-0.011637,-0.011143,0.05538,2000.0
2.6596E+03,-0.011021,-0.011748,0.05538,2000.0
2.6597E+03,-0.010801,-0.011956,0.05538,2000.0
2.6597E+03,-0.010164,-0.012497,0.05538,2000.0
2.6597E+03,-0.009894,-0.012717,0.05538,2000.0
2.6598E+03,-0.009232,-0.013201,0.05538,2000.0
2.6598E+03,-0.008975,-0.013381,0.05538,2000.0
2.6599E+03,-0.008263,-0.013827,0.05538,2000.0
2.6599E+03,-0.007936,-0.014022,0.05538,2000.0
2.6600E+03,-0.007238,-0.014392,0.05538,2000.0
2.6600E+03,-0.006914,-0.014553,0.05538,2000.0
2.6600E+03,-0.006164,-0.014883,0.05538,2000.0
2.6601E+03,-0.005832,-0.015019,0.05538,2000.0
2.6601E+03,-0.005055,-0.015296,0.05538,2000.0
2.6601E+03,-0.004738,-0.015399,0.05538,2000.0
2.6602E+03,-0.003952,-0.015618,0.05538,2000.0
2.6602E+03,-0.003583,-0.015708,0.05538,2000.0
2.6603E+03,-0.002807,-0.015864,0.05538,2000.0
2.6603E+03,-0.002461,-0.015922,0.05538,2000.0
2.6603E+03,-0.001648,-0.016026,0.05538,2000.0
2.6604E+03,-0.001260,-0.016061,0.05538,2000.0
2.6604E+03,-0.000496,-0.016103,0.05538,2000.0
2.6604E+03,-0.000127,-0.016109,0.05538,2000.0
2.6605E+03,0.000736,-0.016094,0.05538,2000.0
2.6605E+03,0.001026,-0.016078,0.05538,2000.0
2.6606E+03,0.001881,-0.016001,0.05538,2000.0
2.6606E+03,0.002195,-0.015960,0.05538,2000.0
2.6607E+03,0.003026,-0.015824,0.05538,2000.0
2.6607E+03,0.003406,-0.015745,0.05538,2000.0
2.6607E+03,0.004150,-0.015567,0.05538,2000.0
2.6608E+03,0.004511,-0.015465,0.05538,2000.0
2.6608E+03,0.005289,-0.015219,0.05538,2000.0
2.6608E+03,0.005641,-0.015090,0.05538,2000.0
2.6609E+03,0.006377,-0.014796,0.05538,2000.0
2.6609E+03,0.006665,-0.014666,0.05538,2000.0
2.6610E+03,0.007445,-0.014287,0.05538,2000.0
2.6610E+03,0.007768,-0.014112,0.05538,2000.0
2.6610E+03,0.008465,-0.013710,0.05538,2000.0
2.6611E+03,0.008712,-0.013550,0.05538,2000.0
2.6611E+03,0.009440,-0.013057,0.05538,2000.0
2.6611E+03,0.009690,-0.012868,0.05538,2000.0
2.6612E+03,0.010362,-0.012338,0.05538,2000.0
2.6612E+03,0.010610,-0.012120,0.05538,2000.0
2.6613E+03,0.011227,-0.011556,0.05538,2000.0
2.6613E+03,0.011485,-0.011294,0.05538,2000.0
2.6614E+03,0.012030,-0.010718,0.05538,2000.0
2.6614E+03,0.012252,-0.010455,0.05538,2000.0
2.6614E+03,0.012783,-0.009809,0.05538,2000.0
2.6615E+03,0.012993,-0.009519,0.05538,2000.0
2.6615E+03,0.013446,-0.008876,0.05538,2000.0
2.6615E+03,0.013650,-0.008548,0.05538,2000.0
2.6616E+03,0.014070,-0.007852,0.05538,2000.0
2.6616E+03,0.014216,-0.007572,0.05538,2000.0
2.6617E+03,0.014603,-0.006809,0.05538,2000.0
2.6617E+03,0.014735,-0.006501,0.05538,2000.0
2.6617E+03,0.015054,-0.005742,0.05538,2000.0
2.6618E+03,0.015166,-0.005417,0.05538,2000.0
2.6618E+03,0.015167,-0.005417,0.05538,2000.0
2.6618E+03,0.015436,-0.004617,0.05538,2000.0
2.6618E+03,0.015518,-0.004309,0.05538,2000.0
2.6619E+03,0.015732,-0.003478,0.05538,2000.0
2.6619E+03,0.015743,-0.003421,0.05538,2000.0
2.6620E+03,0.015944,-0.002316,0.05538,2000.0
2.6620E+03,0.015978,-0.002009,0.05538,2000.0
2.6621E+03,0.016068,-0.001176,0.05538,2000.0
2.6621E+03,0.016081,-0.000839,0.05538,2000.0
2.6621E+03,0.016112,0.000000,0.05538,2000.0
2.6622E+03,0.016081,0.000835,0.05538,2000.0
2.6622E+03,0.016068,0.001178,0.05538,2000.0
2.6623E+03,0.015980,0.001994,0.05538,2000.0
2.6623E+03,0.015943,0.002319,0.05538,2000.0
2.6624E+03,0.015775,0.003249,0.05538,2000.0
2.6624E+03,0.015732,0.003482,0.05538,2000.0
2.6624E+03,0.015526,0.004280,0.05538,2000.0
2.6624E+03,0.015439,0.004606,0.05538,2000.0
2.6625E+03,0.015166,0.005418,0.05538,2000.0
2.6625E+03,0.015058,0.005733,0.05538,2000.0
2.6626E+03,0.014740,0.006490,0.05538,2000.0
2.6626E+03,0.014603,0.006809,0.05538,2000.0
2.6627E+03,0.014233,0.007538,0.05538,2000.0
2.6627E+03,0.014066,0.007858,0.05538,2000.0
2.6627E+03,0.013650,0.008548,0.05538,2000.0
2.6628E+03,0.013446,0.008876,0.05538,2000.0
2.6628E+03,0.012993,0.009519,0.05538,2000.0
2.6628E+03,0.012790,0.009798,0.05538,2000.0
2.6629E+03,0.012252,0.010455,0.05538,2000.0
2.6629E+03,0.012038,0.010710,0.05538,2000.0
2.6630E+03,0.011485,0.011294,0.05538,2000.0
2.6630E+03,0.011227,0.011556,0.05538,2000.0
2.6631E+03,0.010611,0.012119,0.05538,2000.0
2.6631E+03,0.010362,0.012338,0.05538,2000.0
2.6631E+03,0.009690,0.012868,0.05538,2000.0
2.6632E+03,0.009440,0.013057,0.05538,2000.0
2.6632E+03,0.008720,0.013545,0.05538,2000.0
2.6632E+03,0.008465,0.013710,0.05538,2000.0
2.6633E+03,0.007768,0.014112,0.05538,2000.0
2.6633E+03,0.007445,0.014287,0.05538,2000.0
2.6634E+03,0.006665,0.014666,0.05538,2000.0
2.6634E+03,0.006377,0.014796,0.05538,2000.0
2.6634E+03,0.005641,0.015090,0.05538,2000.0
2.6635E+03,0.005289,0.015219,0.05538,2000.0
2.6635E+03,0.004511,0.015465,0.05538,2000.0
2.6635E+03,0.004150,0.015567,0.05538,2000.0
2.6636E+03,0.003406,0.015745,0.05538,2000.0
2.6636E+03,0.003026,0.015824,0.05538,2000.0
2.6637E+03,0.002195,0.015960,0.05538,2000.0
2.6637E+03,0.001881,0.016001,0.05538,2000.0
2.6638E+03,0.001026,0.016078,0.05538,2000.0
2.6638E+03,0.000736,0.016094,0.05538,2000.0
2.6638E+03,-0.000127,0.016109,0.05538,2000.0
2.6639E+03,-0.000496,0.016103,0.05538,2000.0
2.6639E+03,-0.001260,0.016061,0.05538,2000.0
2.6639E+03,-0.001648,0.016026,0.05538,2000.0
2.6640E+03,-0.002461,0.015922,0.05538,2000.0
2.6640E+03,-0.002807,0.015864,0.05538,2000.0
2.6641E+03,-0.003583,0.015708,0.05538,2000.0
2.6641E+03,-0.003952,0.015618,0.05538,2000.0
2.6641E+03,-0.004738,0.015399,0.05538,2000.0
2.6642E+03,-0.005055,0.015296,0.05538,2000.0
2.6642E+03,-0.005832,0.015019,0.05538,2000.0
2.6642E+03,-0.006164,0.014883,0.05538,2000.0
2.6643E+03,-0.006914,0.014553,0.05538,2000.0
2.6643E+03,-0.007238,0.014392,0.05538,2000.0
2.6644E+03,-0.007936,0.014022,0.05538,2000.0
2.6644E+03,-0.008263,0.013827,0.05538,2000.0
2.6645E+03,-0.008975,0.013381,0.05538,2000.0
2.6645E+03,-0.009232,0.013201,0.05538,2000.0
2.6645E+03,-0.009894,0.012717,0.05538,2000.0
2.6646E+03,-0.010161,0.012499,0.05538,2000.0
2.6646E+03,-0.010810,0.011948,0.05538,2000.0
2.6646E+03,-0.011033,0.011736,0.05538,2000.0
2.6647E+03,-0.011638,0.011143,0.05538,2000.0
2.6647E+03,-0.011882,0.010874,0.05538,2000.0
2.6648E+03,-0.012421,0.010262,0.05538,2000.0
2.6648E+03,-0.012626,0.010000,0.05538,2000.0
2.6648E+03,-0.013138,0.009326,0.05538,2000.0
2.6649E+03,-0.013330,0.009040,0.05538,2000.0
2.6649E+03,-0.013778,0.008355,0.05538,0.0
2.6658E+03,-0.013778,0.008355,0.06808,0.0
2.6659E+03,-0.012326,0.007469,0.06808,0.0
2.6667E+03,-0.012326,0.007469,0.05538,2000.0
2.6667E+03,-0.012460,0.007232,0.05538,2000.0
2.6668E+03,-0.012834,0.006556,0.05538,2000.0
2.6668E+03,-0.013008,0.006188,0.05538,2000.0
2.6668E+03,-0.013274,0.005612,0.05538,2000.0
2.6669E+03,-0.013385,0.005327,0.05538,2000.0
2.6669E+03,-0.013641,0.004649,0.05538,2000.0
2.6670E+03,-0.013810,0.004089,0.05538,2000.0
2.6670E+03,-0.013811,0.004089,0.05538,2000.0
2.6670E+03,-0.013944,0.003638,0.05538,2000.0
2.6670E+03,-0.014011,0.003343,0.05538,2000.0
2.6671E+03,-0.014174,0.002608,0.05538,2000.0
2.6671E+03,-0.014215,0.002328,0.05538,2000.0
2.6671E+03,-0.014216,0.002328,0.05538,2000.0
2.6671E+03,-0.014325,0.001577,0.05538,2000.0
2.6672E+03,-0.014401,0.000511,0.05538,2000.0
2.6673E+03,-0.014401,-0.000511,0.05538,2000.0
2.6673E+03,-0.014325,-0.001577,0.05538,2000.0
2.6674E+03,-0.014216,-0.002328,0.05538,2000.0
2.6674E+03,-0.014215,-0.002328,0.05538,2000.0
2.6674E+03,-0.014174,-0.002608,0.05538,2000.0
2.6675E+03,-0.014011,-0.003343,0.05538,2000.0
2.6675E+03,-0.013945,-0.003634,0.05538,2000.0
2.6675E+03,-0.013765,-0.004242,0.05538,2000.0
2.6675E+03,-0.013645,-0.004640,0.05538,2000.0
2.6676E+03,-0.013385,-0.005327,0.05538,2000.0
2.6676E+03,-0.013274,-0.005612,0.05538,2000.0
2.6677E+03,-0.013008,-0.006188,0.05538,2000.0
2.6677E+03,-0.012834,-0.006556,0.05538,2000.0
2.6677E+03,-0.012460,-0.007232,0.05538,2000.0
2.6678E+03,-0.012326,-0.007469,0.05538,2000.0
2.6678E+03,-0.011919,-0.008092,0.05538,2000.0
2.6678E+03,-0.011756,-0.008335,0.05538,2000.0
2.6679E+03,-0.011287,-0.008952,0.05538,2000.0
2.6679E+03,-0.011113,-0.009174,0.05538,2000.0
2.6679E+03,-0.010606,-0.009750,0.05538,2000.0
2.6680E+03,-0.010407,-0.009968,0.05538,2000.0
2.6680E+03,-0.009830,-0.010535,0.05538,2000.0
2.6680E+03,-0.009660,-0.010695,0.05538,2000.0
2.6681E+03,-0.009090,-0.011179,0.05538,2000.0
2.6681E+03,-0.008845,-0.011379,0.05538,2000.0
2.6682E+03,-0.008242,-0.011820,0.05538,2000.0
2.6682E+03,-0.008044,-0.011958,0.05538,2000.0
2.6682E+03,-0.007378,-0.012375,0.05538,2000.0
2.6682E+03,-0.007099,-0.012542,0.05538,2000.0
2.6683E+03,-0.006461,-0.012880,0.05538,2000.0
2.6683E+03,-0.006198,-0.013011,0.05538,2000.0
2.6684E+03,-0.005486,-0.013324,0.05538,2000.0
2.6684E+03,-0.005225,-0.013431,0.05538,2000.0
2.6684E+03,-0.004517,-0.013683,0.05538,2000.0
2.6685E+03,-0.004251,-0.013770,0.05538,2000.0
2.6685E+03,-0.003527,-0.013971,0.05538,2000.0
2.6685E+03,-0.003211,-0.014048,0.05538,2000.0
2.6686E+03,-0.002500,-0.014191,0.05538,2000.0
2.6686E+03,-0.002197,-0.014242,0.05538,2000.0
2.6686E+03,-0.001467,-0.014336,0.05538,2000.0
2.6687E+03,-0.001127,-0.014366,0.05538,2000.0
2.6687E+03,-0.000453,-0.014403,0.05538,2000.0
2.6687E+03,-0.000129,-0.014409,0.05538,2000.0
2.6688E+03,0.000692,-0.014394,0.05538,2000.0
2.6688E+03,0.000897,-0.014383,0.05538,2000.0
2.6689E+03,0.001683,-0.014312,0.05538,2000.0
2.6689E+03,0.001945,-0.014278,0.05538,2000.0
2.6689E+03,0.002734,-0.014149,0.05538,2000.0
2.6689E+03,0.003029,-0.014087,0.05538,2000.0
2.6690E+03,0.003716,-0.013923,0.05538,2000.0
2.6690E+03,0.004016,-0.013838,0.05538,2000.0
2.6691E+03,0.004748,-0.013607,0.05538,2000.0
2.6691E+03,0.005010,-0.013511,0.05538,2000.0
2.6691E+03,0.005733,-0.013222,0.05538,2000.0
2.6691E+03,0.005922,-0.013137,0.05538,2000.0
2.6692E+03,0.006661,-0.012778,0.05538,2000.0
2.6692E+03,0.006944,-0.012625,0.05538,2000.0
2.6693E+03,0.007580,-0.012258,0.05538,2000.0
2.6693E+03,0.007759,-0.012142,0.05538,2000.0
2.6693E+03,0.008456,-0.011670,0.05538,2000.0
2.6694E+03,0.008637,-0.011533,0.05538,2000.0
2.6694E+03,0.009280,-0.011026,0.05538,2000.0
2.6694E+03,0.009463,-0.010865,0.05538,2000.0
2.6695E+03,0.010050,-0.010328,0.05538,2000.0
2.6695E+03,0.010274,-0.010101,0.05538,2000.0
2.6695E+03,0.010757,-0.009590,0.05538,2000.0
2.6696E+03,0.010953,-0.009358,0.05538,2000.0
2.6696E+03,0.011431,-0.008777,0.05538,2000.0
2.6696E+03,0.011603,-0.008540,0.05538,2000.0
2.6697E+03,0.012025,-0.007941,0.05538,2000.0
2.6697E+03,0.012194,-0.007670,0.05538,2000.0
2.6698E+03,0.012592,-0.007011,0.05538,2000.0
2.6698E+03,0.012700,-0.006803,0.05538,2000.0
2.6698E+03,0.013058,-0.006098,0.05538,2000.0
2.6698E+03,0.013172,-0.005831,0.05538,2000.0
2.6698E+03,0.013173,-0.005831,0.05538,2000.0
2.6699E+03,0.013466,-0.005133,0.05538,2000.0
2.6699E+03,0.013601,-0.004742,0.05538,2000.0
2.6700E+03,0.013806,-0.004133,0.05538,2000.0
2.6700E+03,0.013872,-0.003885,0.05538,2000.0
2.6700E+03,0.014070,-0.003117,0.05538,2000.0
2.6701E+03,0.014260,-0.002073,0.05538,2000.0
2.6701E+03,0.014288,-0.001826,0.05538,2000.0
2.6702E+03,0.014371,-0.001058,0.05538,2000.0
2.6702E+03,0.014382,-0.000776,0.05538,2000.0
2.6702E+03,0.014411,0.000000,0.05538,2000.0
2.6703E+03,0.014382,0.000771,0.05538,2000.0
2.6703E+03,0.014371,0.001061,0.05538,2000.0
2.6704E+03,0.014291,0.001802,0.05538,2000.0
2.6704E+03,0.014261,0.002069,0.05538,2000.0
2.6704E+03,0.014103,0.002940,0.05538,2000.0
2.6705E+03,0.014070,0.003119,0.05538,2000.0
2.6705E+03,0.013883,0.003842,0.05538,2000.0
2.6705E+03,0.013807,0.004125,0.05538,2000.0
2.6706E+03,0.013558,0.004867,0.05538,2000.0
2.6706E+03,0.013468,0.005131,0.05538,2000.0
2.6706E+03,0.013178,0.005819,0.05538,2000.0
2.6707E+03,0.013062,0.006090,0.05538,2000.0
2.6707E+03,0.012726,0.006751,0.05538,2000.0
2.6707E+03,0.012584,0.007023,0.05538,2000.0
2.6708E+03,0.012206,0.007650,0.05538,2000.0
2.6708E+03,0.012025,0.007941,0.05538,2000.0
2.6709E+03,0.011618,0.008519,0.05538,2000.0
2.6709E+03,0.011439,0.008765,0.05538,2000.0
2.6709E+03,0.010950,0.009362,0.05538,2000.0
2.6709E+03,0.010767,0.009580,0.05538,2000.0
2.6710E+03,0.010274,0.010101,0.05538,2000.0
2.6710E+03,0.010051,0.010328,0.05538,2000.0
2.6711E+03,0.009488,0.010842,0.05538,2000.0
2.6711E+03,0.009270,0.011034,0.05538,2000.0
2.6711E+03,0.008637,0.011533,0.05538,2000.0
2.6712E+03,0.008452,0.011673,0.05538,2000.0
2.6712E+03,0.007796,0.012118,0.05538,2000.0
2.6712E+03,0.007580,0.012258,0.05538,2000.0
2.6713E+03,0.006944,0.012625,0.05538,2000.0
2.6713E+03,0.006661,0.012778,0.05538,2000.0
2.6713E+03,0.005926,0.013135,0.05538,2000.0
2.6714E+03,0.005733,0.013222,0.05538,2000.0
2.6714E+03,0.005014,0.013509,0.05538,2000.0
2.6714E+03,0.004748,0.013607,0.05538,2000.0
2.6715E+03,0.004016,0.013838,0.05538,2000.0
2.6715E+03,0.003716,0.013923,0.05538,2000.0
2.6716E+03,0.003029,0.014087,0.05538,2000.0
2.6716E+03,0.002734,0.014149,0.05538,2000.0
2.6716E+03,0.001945,0.014278,0.05538,2000.0
2.6716E+03,0.001683,0.014312,0.05538,2000.0
2.6717E+03,0.000897,0.014383,0.05538,2000.0
2.6717E+03,0.000692,0.014394,0.05538,2000.0
2.6718E+03,-0.000129,0.014409,0.05538,2000.0
2.6718E+03,-0.000453,0.014403,0.05538,2000.0
2.6718E+03,-0.001127,0.014366,0.05538,2000.0
2.6719E+03,-0.001467,0.014336,0.05538,2000.0
2.6719E+03,-0.002197,0.014242,0.05538,2000.0
2.6719E+03,-0.002500,0.014191,0.05538,2000.0
2.6720E+03,-0.003211,0.014048,0.05538,2000.0
2.6720E+03,-0.003527,0.013971,0.05538,2000.0
2.6720E+03,-0.004251,0.013770,0.05538,2000.0
2.6721E+03,-0.004517,0.013683,0.05538,2000.0
2.6721E+03,-0.005225,0.013431,0.05538,2000.0
2.6721E+03,-0.005486,0.013324,0.05538,2000.0
2.6722E+03,-0.006198,0.013011,0.05538,2000.0
2.6722E+03,-0.006461,0.012880,0.05538,2000.0
2.6723E+03,-0.007099,0.012542,0.05538,2000.0
2.6723E+03,-0.007378,0.012375,0.05538,2000.0
2.6723E+03,-0.008044,0.011958,0.05538,2000.0
2.6723E+03,-0.008242,0.011820,0.05538,2000.0
2.6724E+03,-0.008851,0.011374,0.05538,2000.0
2.6724E+03,-0.009086,0.011182,0.05538,2000.0
2.6725E+03,-0.009676,0.010681,0.05538,2000.0
2.6725E+03,-0.009843,0.010522,0.05538,2000.0
2.6725E+03,-0.010415,0.009962,0.05538,2000.0
2.6726E+03,-0.010606,0.009750,0.05538,2000.0
2.6726E+03,-0.011113,0.009174,0.05538,2000.0
2.6726E+03,-0.011287,0.008952,0.05538,2000.0
2.6727E+03,-0.011756,0.008335,0.05538,2000.0
2.6727E+03,-0.011919,0.008092,0.05538,2000.0
2.6727E+03,-0.012326,0.007469,0.05538,0.0
2.6736E+03,-0.012326,0.007469,0.06808,0.0
2.6737E+03,-0.010582,0.006614,0.06808,0.0
2.6745E+03,-0.010582,0.006614,0.05538,2000.0
2.6746E+03,-0.010091,0.007304,0.05538,2000.0
2.6746E+03,-0.009744,0.007796,0.05538,2000.0
2.6747E+03,-0.009332,0.008256,0.05538,2000.0
2.6747E+03,-0.008754,0.008893,0.05538,2000.0
2.6748E+03,-0.008286,0.009308,0.05538,2000.0
2.6748E+03,-0.007637,0.009866,0.05538,2000.0
2.6749E+03,-0.007127,0.010225,0.05538,2000.0
2.6749E+03,-0.006417,0.010695,0.05538,2000.0
2.6750E+03,-0.005874,0.010995,0.05538,2000.0
2.6750E+03,-0.005112,0.011374,0.05538,2000.0
2.6751E+03,-0.004535,0.011615,0.05538,2000.0
2.6751E+03,-0.003722,0.011900,0.05538,2000.0
2.6752E+03,-0.003129,0.012071,0.05538,2000.0
2.6752E+03,-0.002295,0.012254,0.05538,2000.0
2.6753E+03,-0.001680,0.012359,0.05538,2000.0
2.6753E+03,-0.000824,0.012439,0.05538,2000.0
2.6754E+03,-0.000205,0.012471,0.05538,2000.0
2.6754E+03,0.000647,0.012448,0.05538,2000.0
2.6755E+03,0.001274,0.012410,0.05538,2000.0
2.6755E+03,0.002114,0.012280,0.05538,2000.0
2.6756E+03,0.002727,0.012177,0.05538,2000.0
2.6756E+03,0.003554,0.011941,0.05538,2000.0
2.6757E+03,0.004137,0.011773,0.05538,2000.0
2.6757E+03,0.004699,0.011539,0.05538,2000.0
2.6758E+03,0.005488,0.011206,0.05538,2000.0
2.6758E+03,0.006031,0.010904,0.05538,2000.0
2.6759E+03,0.006773,0.010478,0.05538,2000.0
2.6759E+03,0.007282,0.010115,0.05538,2000.0
2.6760E+03,0.007960,0.009603,0.05538,2000.0
2.6760E+03,0.008427,0.009187,0.05538,2000.0
2.6761E+03,0.009040,0.008591,0.05538,2000.0
2.6761E+03,0.009453,0.008130,0.05538,2000.0
2.6762E+03,0.009991,0.007462,0.05538,2000.0
2.6762E+03,0.010352,0.006953,0.05538,2000.0
2.6763E+03,0.010806,0.006220,0.05538,2000.0
2.6763E+03,0.011104,0.005675,0.05538,2000.0
2.6763E+03,0.011457,0.004910,0.05538,2000.0
2.6764E+03,0.011698,0.004332,0.05538,2000.0
2.6764E+03,0.011958,0.003511,0.05538,2000.0
2.6765E+03,0.012130,0.002914,0.05538,2000.0
2.6765E+03,0.012288,0.002073,0.05538,2000.0
2.6766E+03,0.012391,0.001459,0.05538,2000.0
2.6766E+03,0.012444,0.000608,0.05538,2000.0
2.6767E+03,0.012479,0.000000,0.05538,2000.0
2.6767E+03,0.012444,-0.000608,0.05538,2000.0
2.6768E+03,0.012391,-0.001459,0.05538,2000.0
2.6768E+03,0.012288,-0.002073,0.05538,2000.0
2.6769E+03,0.012130,-0.002914,0.05538,2000.0
2.6769E+03,0.011958,-0.003511,0.05538,2000.0
2.6770E+03,0.011698,-0.004332,0.05538,2000.0
2.6770E+03,0.011457,-0.004910,0.05538,2000.0
2.6771E+03,0.011104,-0.005675,0.05538,2000.0
2.6771E+03,0.010806,-0.006220,0.05538,2000.0
2.6772E+03,0.010352,-0.006953,0.05538,2000.0
2.6772E+03,0.009991,-0.007462,0.05538,2000.0
2.6773E+03,0.009453,-0.008130,0.05538,2000.0
2.6773E+03,0.009040,-0.008591,0.05538,2000.0
2.6774E+03,0.008427,-0.009187,0.05538,2000.0
2.6774E+03,0.007960,-0.009603,0.05538,2000.0
2.6775E+03,0.007282,-0.010115,0.05538,2000.0
2.6775E+03,0.006773,-0.010478,0.05538,2000.0
2.6776E+03,0.006031,-0.010904,0.05538,2000.0
2.6776E+03,0.005488,-0.011206,0.05538,2000.0
2.6777E+03,0.004699,-0.011539,0.05538,2000.0
2.6777E+03,0.004137,-0.011773,0.05538,2000.0
2.6777E+03,0.003554,-0.011941,0.05538,2000.0
2.6778E+03,0.002727,-0.012177,0.05538,2000.0
2.6778E+03,0.002114,-0.012280,0.05538,2000.0
2.6779E+03,0.001274,-0.012410,0.05538,2000.0
2.6779E+03,0.000647,-0.012448,0.05538,2000.0
2.6780E+03,-0.000205,-0.012471,0.05538,2000.0
2.6780E+03,-0.000824,-0.012439,0.05538,2000.0
2.6781E+03,-0.001680,-0.012359,0.05538,2000.0
2.6781E+03,-0.002295,-0.012254,0.05538,2000.0
2.6782E+03,-0.003129,-0.012071,0.05538,2000.0
2.6782E+03,-0.003722,-0.011900,0.05538,2000.0
2.6783E+03,-0.004535,-0.011615,0.05538,2000.0
2.6783E+03,-0.005112,-0.011374,0.05538,2000.0
2.6784E+03,-0.005874,-0.010995,0.05538,2000.0
2.6784E+03,-0.006417,-0.010695,0.05538,2000.0
2.6785E+03,-0.007127,-0.010225,0.05538,2000.0
2.6785E+03,-0.007637,-0.009866,0.05538,2000.0
2.6786E+03,-0.008286,-0.009308,0.05538,2000.0
2.6786E+03,-0.008754,-0.008893,0.05538,2000.0
2.6787E+03,-0.009332,-0.008256,0.05538,2000.0
2.6787E+03,-0.009744,-0.007796,0.05538,2000.0
2.6788E+03,-0.010086,-0.007312,0.05538,2000.0
2.6788E+03,-0.010582,-0.006614,0.05538,2000.0
2.6789E+03,-0.010884,-0.006066,0.05538,2000.0
2.6789E+03,-0.011291,-0.005308,0.05538,2000.0
2.6790E+03,-0.011528,-0.004733,0.05538,2000.0
2.6790E+03,-0.011834,-0.003946,0.05538,2000.0
2.6791E+03,-0.012008,-0.003345,0.05538,2000.0
2.6791E+03,-0.012218,-0.002509,0.05538,2000.0
2.6792E+03,-0.012322,-0.001896,0.05538,2000.0
2.6792E+03,-0.012426,-0.001052,0.05538,2000.0
2.6793E+03,-0.012462,-0.000435,0.05538,2000.0
2.6793E+03,-0.012462,0.000435,0.05538,2000.0
2.6794E+03,-0.012426,0.001052,0.05538,2000.0
2.6794E+03,-0.012322,0.001896,0.05538,2000.0
2.6795E+03,-0.012218,0.002509,0.05538,2000.0
2.6795E+03,-0.012008,0.003345,0.05538,2000.0
2.6796E+03,-0.011834,0.003946,0.05538,2000.0
2.6796E+03,-0.011528,0.004733,0.05538,2000.0
2.6797E+03,-0.011291,0.005308,0.05538,2000.0
2.6797E+03,-0.010884,0.006066,0.05538,2000.0
2.6798E+03,-0.010582,0.006614,0.05538,0.0
2.6806E+03,-0.010582,0.006614,0.06808,0.0
2.6807E+03,-0.009140,0.005708,0.06808,0.0
2.6815E+03,-0.009140,0.005708,0.05538,2000.0
2.6816E+03,-0.008702,0.006324,0.05538,2000.0
2.6816E+03,-0.008412,0.006735,0.05538,2000.0
2.6817E+03,-0.008069,0.007118,0.05538,2000.0
2.6817E+03,-0.007557,0.007682,0.05538,2000.0
2.6817E+03,-0.007168,0.008027,0.05538,2000.0
2.6818E+03,-0.006591,0.008523,0.05538,2000.0
2.6818E+03,-0.006168,0.008821,0.05538,2000.0
2.6819E+03,-0.005535,0.009240,0.05538,2000.0
2.6819E+03,-0.005083,0.009490,0.05538,2000.0
2.6820E+03,-0.004406,0.009827,0.05538,2000.0
2.6820E+03,-0.003926,0.010027,0.05538,2000.0
2.6820E+03,-0.003205,0.010280,0.05538,2000.0
2.6821E+03,-0.002711,0.010422,0.05538,2000.0
2.6821E+03,-0.001970,0.010585,0.05538,2000.0
2.6822E+03,-0.001458,0.010672,0.05538,2000.0
2.6822E+03,-0.000700,0.010743,0.05538,2000.0
2.6823E+03,-0.000184,0.010770,0.05538,2000.0
2.6823E+03,0.000573,0.010749,0.05538,2000.0
2.6823E+03,0.001093,0.010718,0.05538,2000.0
2.6824E+03,0.001842,0.010602,0.05538,2000.0
2.6824E+03,0.002351,0.010516,0.05538,2000.0
2.6825E+03,0.003085,0.010307,0.05538,2000.0
2.6825E+03,0.003573,0.010166,0.05538,2000.0
2.6825E+03,0.004042,0.009971,0.05538,2000.0
2.6826E+03,0.004743,0.009675,0.05538,2000.0
2.6826E+03,0.005195,0.009424,0.05538,2000.0
2.6827E+03,0.005853,0.009046,0.05538,2000.0
2.6827E+03,0.006276,0.008744,0.05538,2000.0
2.6828E+03,0.006881,0.008288,0.05538,2000.0
2.6828E+03,0.007268,0.007943,0.05538,2000.0
2.6828E+03,0.007813,0.007413,0.05538,2000.0
2.6829E+03,0.008157,0.007029,0.05538,2000.0
2.6829E+03,0.008634,0.006437,0.05538,2000.0
2.6830E+03,0.008934,0.006013,0.05538,2000.0
2.6830E+03,0.009337,0.005363,0.05538,2000.0
2.6831E+03,0.009585,0.004910,0.05538,2000.0
2.6831E+03,0.009900,0.004227,0.05538,2000.0
2.6831E+03,0.010100,0.003747,0.05538,2000.0
2.6832E+03,0.010331,0.003019,0.05538,2000.0
2.6832E+03,0.010474,0.002522,0.05538,2000.0
2.6833E+03,0.010614,0.001775,0.05538,2000.0
2.6833E+03,0.010700,0.001265,0.05538,2000.0
2.6834E+03,0.010747,0.000507,0.05538,2000.0
2.6834E+03,0.010776,0.000000,0.05538,2000.0
2.6834E+03,0.010747,-0.000507,0.05538,2000.0
2.6835E+03,0.010700,-0.001265,0.05538,2000.0
2.6835E+03,0.010614,-0.001775,0.05538,2000.0
2.6836E+03,0.010474,-0.002522,0.05538,2000.0
2.6836E+03,0.010331,-0.003019,0.05538,2000.0
2.6836E+03,0.010100,-0.003747,0.05538,2000.0
2.6837E+03,0.009900,-0.004227,0.05538,2000.0
2.6837E+03,0.009585,-0.004910,0.05538,2000.0
2.6838E+03,0.009337,-0.005363,0.05538,2000.0
2.6838E+03,0.008934,-0.006013,0.05538,2000.0
2.6839E+03,0.008634,-0.006437,0.05538,2000.0
2.6839E+03,0.008157,-0.007029,0.05538,2000.0
2.6839E+03,0.007813,-0.007413,0.05538,2000.0
2.6840E+03,0.007268,-0.007943,0.05538,2000.0
2.6840E+03,0.006881,-0.008288,0.05538,2000.0
2.6841E+03,0.006276,-0.008744,0.05538,2000.0
2.6841E+03,0.005853,-0.009046,0.05538,2000.0
2.6842E+03,0.005195,-0.009424,0.05538,2000.0
2.6842E+03,0.004743,-0.009675,0.05538,2000.0
2.6842E+03,0.004042,-0.009971,0.05538,2000.0
2.6843E+03,0.003573,-0.010166,0.05538,2000.0
2.6843E+03,0.003085,-0.010307,0.05538,2000.0
2.6844E+03,0.002351,-0.010516,0.05538,2000.0
2.6844E+03,0.001842,-0.010602,0.05538,2000.0
2.6844E+03,0.001093,-0.010718,0.05538,2000.0
2.6845E+03,0.000573,-0.010749,0.05538,2000.0
2.6845E+03,-0.000184,-0.010770,0.05538,2000.0
2.6846E+03,-0.000700,-0.010743,0.05538,2000.0
2.6846E+03,-0.001458,-0.010672,0.05538,2000.0
2.6847E+03,-0.001970,-0.010585,0.05538,2000.0
2.6847E+03,-0.002711,-0.010422,0.05538,2000.0
2.6847E+03,-0.003205,-0.010280,0.05538,2000.0
2.6848E+03,-0.003926,-0.010027,0.05538,2000.0
2.6848E+03,-0.004406,-0.009827,0.05538,2000.0
2.6849E+03,-0.005083,-0.009490,0.05538,2000.0
2.6849E+03,-0.005535,-0.009240,0.05538,2000.0
2.6850E+03,-0.006168,-0.008821,0.05538,2000.0
2.6850E+03,-0.006591,-0.008523,0.05538,2000.0
2.6850E+03,-0.007168,-0.008027,0.05538,2000.0
2.6851E+03,-0.007557,-0.007682,0.05538,2000.0
2.6851E+03,-0.008069,-0.007118,0.05538,2000.0
2.6852E+03,-0.008412,-0.006735,0.05538,2000.0
2.6852E+03,-0.008700,-0.006327,0.05538,2000.0
2.6852E+03,-0.009140,-0.005708,0.05538,2000.0
2.6853E+03,-0.009391,-0.005253,0.05538,2000.0
2.6853E+03,-0.009753,-0.004580,0.05538,2000.0
2.6854E+03,-0.009950,-0.004102,0.05538,2000.0
2.6854E+03,-0.010222,-0.003401,0.05538,2000.0
2.6855E+03,-0.010367,-0.002901,0.05538,2000.0
2.6855E+03,-0.010553,-0.002159,0.05538,2000.0
2.6855E+03,-0.010640,-0.001649,0.05538,2000.0
2.6856E+03,-0.010732,-0.000899,0.05538,2000.0
2.6856E+03,-0.010762,-0.000385,0.05538,2000.0
2.6857E+03,-0.010762,0.000385,0.05538,2000.0
2.6857E+03,-0.010732,0.000899,0.05538,2000.0
2.6858E+03,-0.010640,0.001649,0.05538,2000.0
2.6858E+03,-0.010553,0.002159,0.05538,2000.0
2.6858E+03,-0.010367,0.002901,0.05538,2000.0
2.6859E+03,-0.010222,0.003401,0.05538,2000.0
2.6859E+03,-0.009950,0.004102,0.05538,2000.0
2.6860E+03,-0.009753,0.004580,0.05538,2000.0
2.6860E+03,-0.009391,0.005253,0.05538,2000.0
2.6860E+03,-0.009140,0.005708,0.05538,0.0
2.6869E+03,-0.009140,0.005708,0.06808,0.0
2.6870E+03,-0.007698,0.004802,0.06808,0.0
2.6878E+03,-0.007698,0.004802,0.05538,2000.0
2.6879E+03,-0.007314,0.005343,0.05538,2000.0
2.6879E+03,-0.007080,0.005674,0.05538,2000.0
2.6879E+03,-0.006807,0.005979,0.05538,2000.0
2.6880E+03,-0.006359,0.006472,0.05538,2000.0
2.6880E+03,-0.006050,0.006747,0.05538,2000.0
2.6880E+03,-0.005545,0.007180,0.05538,2000.0
2.6881E+03,-0.005208,0.007418,0.05538,2000.0
2.6881E+03,-0.004654,0.007785,0.05538,2000.0
2.6881E+03,-0.004293,0.007984,0.05538,2000.0
2.6882E+03,-0.003700,0.008280,0.05538,2000.0
2.6882E+03,-0.003317,0.008439,0.05538,2000.0
2.6883E+03,-0.002689,0.008660,0.05538,2000.0
2.6883E+03,-0.002294,0.008773,0.05538,2000.0
2.6883E+03,-0.001645,0.008916,0.05538,2000.0
2.6884E+03,-0.001237,0.008985,0.05538,2000.0
2.6884E+03,-0.000575,0.009047,0.05538,2000.0
2.6884E+03,-0.000163,0.009069,0.05538,2000.0
2.6885E+03,0.000499,0.009050,0.05538,2000.0
2.6885E+03,0.000913,0.009026,0.05538,2000.0
2.6885E+03,0.001569,0.008924,0.05538,2000.0
2.6886E+03,0.001976,0.008855,0.05538,2000.0
2.6886E+03,0.002617,0.008673,0.05538,2000.0
2.6886E+03,0.003008,0.008560,0.05538,2000.0
2.6887E+03,0.003385,0.008403,0.05538,2000.0
2.6887E+03,0.003997,0.008145,0.05538,2000.0
2.6887E+03,0.004358,0.007944,0.05538,2000.0
2.6888E+03,0.004934,0.007613,0.05538,2000.0
2.6888E+03,0.005271,0.007373,0.05538,2000.0
2.6889E+03,0.005801,0.006973,0.05538,2000.0
2.6889E+03,0.006109,0.006698,0.05538,2000.0
2.6889E+03,0.006586,0.006235,0.05538,2000.0
2.6890E+03,0.006861,0.005928,0.05538,2000.0
2.6890E+03,0.007277,0.005411,0.05538,2000.0
2.6890E+03,0.007517,0.005073,0.05538,2000.0
2.6891E+03,0.007868,0.004506,0.05538,2000.0
2.6891E+03,0.008066,0.004145,0.05538,2000.0
2.6891E+03,0.008343,0.003544,0.05538,2000.0
2.6892E+03,0.008502,0.003162,0.05538,2000.0
2.6892E+03,0.008704,0.002527,0.05538,2000.0
2.6892E+03,0.008818,0.002130,0.05538,2000.0
2.6893E+03,0.008940,0.001477,0.05538,2000.0
2.6893E+03,0.009009,0.001070,0.05538,2000.0
2.6894E+03,0.009050,0.000407,0.05538,2000.0
2.6894E+03,0.009073,0.000000,0.05538,2000.0
2.6894E+03,0.009050,-0.000407,0.05538,2000.0
2.6895E+03,0.009009,-0.001070,0.05538,2000.0
2.6895E+03,0.008940,-0.001477,0.05538,2000.0
2.6895E+03,0.008818,-0.002130,0.05538,2000.0
2.6896E+03,0.008704,-0.002527,0.05538,2000.0
2.6896E+03,0.008502,-0.003162,0.05538,2000.0
2.6896E+03,0.008343,-0.003544,0.05538,2000.0
2.6897E+03,0.008066,-0.004145,0.05538,2000.0
2.6897E+03,0.007868,-0.004506,0.05538,2000.0
2.6898E+03,0.007517,-0.005073,0.05538,2000.0
2.6898E+03,0.007277,-0.005411,0.05538,2000.0
2.6898E+03,0.006861,-0.005928,0.05538,2000.0
2.6898E+03,0.006586,-0.006235,0.05538,2000.0
2.6899E+03,0.006109,-0.006698,0.05538,2000.0
2.6899E+03,0.005801,-0.006973,0.05538,2000.0
2.6900E+03,0.005271,-0.007373,0.05538,2000.0
2.6900E+03,0.004934,-0.007613,0.05538,2000.0
2.6900E+03,0.004358,-0.007944,0.05538,2000.0
2.6901E+03,0.003997,-0.008145,0.05538,2000.0
2.6901E+03,0.003385,-0.008403,0.05538,2000.0
2.6901E+03,0.003008,-0.008560,0.05538,2000.0
2.6902E+03,0.002617,-0.008673,0.05538,2000.0
2.6902E+03,0.001976,-0.008855,0.05538,2000.0
2.6902E+03,0.001569,-0.008924,0.05538,2000.0
2.6903E+03,0.000913,-0.009026,0.05538,2000.0
2.6903E+03,0.000499,-0.009050,0.05538,2000.0
2.6904E+03,-0.000163,-0.009069,0.05538,2000.0
2.6904E+03,-0.000575,-0.009047,0.05538,2000.0
2.6904E+03,-0.001237,-0.008985,0.05538,2000.0
2.6905E+03,-0.001645,-0.008916,0.05538,2000.0
2.6905E+03,-0.002294,-0.008773,0.05538,2000.0
2.6905E+03,-0.002689,-0.008660,0.05538,2000.0
2.6906E+03,-0.003317,-0.008439,0.05538,2000.0
2.6906E+03,-0.003700,-0.008280,0.05538,2000.0
2.6906E+03,-0.004293,-0.007984,0.05538,2000.0
2.6907E+03,-0.004654,-0.007785,0.05538,2000.0
2.6907E+03,-0.005208,-0.007418,0.05538,2000.0
2.6907E+03,-0.005545,-0.007180,0.05538,2000.0
2.6908E+03,-0.006050,-0.006747,0.05538,2000.0
2.6908E+03,-0.006359,-0.006472,0.05538,2000.0
2.6909E+03,-0.006807,-0.005979,0.05538,2000.0
2.6909E+03,-0.007080,-0.005674,0.05538,2000.0
2.6909E+03,-0.007314,-0.005343,0.05538,2000.0
2.6910E+03,-0.007698,-0.004802,0.05538,2000.0
2.6910E+03,-0.007898,-0.004440,0.05538,2000.0
2.6910E+03,-0.008214,-0.003852,0.05538,2000.0
2.6911E+03,-0.008371,-0.003471,0.05538,2000.0
2.6911E+03,-0.008610,-0.002855,0.05538,2000.0
2.6911E+03,-0.008726,-0.002457,0.05538,2000.0
2.6912E+03,-0.008888,-0.001810,0.05538,2000.0
2.6912E+03,-0.008957,-0.001403,0.05538,2000.0
2.6912E+03,-0.009038,-0.000745,0.05538,2000.0
2.6913E+03,-0.009062,-0.000335,0.05538,2000.0
2.6913E+03,-0.009062,0.000335,0.05538,2000.0
2.6913E+03,-0.009038,0.000745,0.05538,2000.0
2.6914E+03,-0.008957,0.001403,0.05538,2000.0
2.6914E+03,-0.008888,0.001810,0.05538,2000.0
2.6915E+03,-0.008726,0.002457,0.05538,2000.0
2.6915E+03,-0.008610,0.002855,0.05538,2000.0
2.6915E+03,-0.008371,0.003471,0.05538,2000.0
2.6916E+03,-0.008214,0.003852,0.05538,2000.0
2.6916E+03,-0.007898,0.004440,0.05538,2000.0
2.6916E+03,-0.007698,0.004802,0.05538,0.0
2.6919E+03,-0.007698,0.000000,0.05538,0.0
