1.0494E+03,-0.008643,0.005502,0.03045,0.0
1.0494E+03,-0.008738,0.005584,0.03045,0.0
1.0503E+03,-0.008738,0.005584,0.01775,2000.0
1.0503E+03,-0.008243,0.006282,0.01775,2000.0
1.0503E+03,-0.008084,0.006498,0.01775,2000.0
1.0504E+03,-0.007510,0.007139,0.01775,2000.0
1.0504E+03,-0.007334,0.007334,0.01775,2000.0
1.0504E+03,-0.007139,0.007510,0.01775,2000.0
1.0505E+03,-0.006498,0.008084,0.01775,2000.0
1.0505E+03,-0.006282,0.008243,0.01775,2000.0
1.0506E+03,-0.005584,0.008738,0.01775,2000.0
1.0506E+03,-0.005355,0.008875,0.01775,2000.0
1.0506E+03,-0.004604,0.009291,0.01775,2000.0
1.0507E+03,-0.004360,0.009406,0.01775,2000.0
1.0507E+03,-0.003570,0.009733,0.01775,2000.0
1.0507E+03,-0.003317,0.009825,0.01775,2000.0
1.0508E+03,-0.002492,0.010061,0.01775,2000.0
1.0508E+03,-0.002233,0.010127,0.01775,2000.0
1.0509E+03,-0.001384,0.010271,0.01775,2000.0
1.0509E+03,-0.001119,0.010311,0.01775,2000.0
1.0509E+03,-0.000264,0.010358,0.01775,2000.0
1.0510E+03,0.000000,0.010372,0.01775,2000.0
1.0510E+03,0.000264,0.010358,0.01775,2000.0
1.0510E+03,0.001119,0.010311,0.01775,2000.0
1.0511E+03,0.001384,0.010271,0.01775,2000.0
1.0511E+03,0.002233,0.010127,0.01775,2000.0
1.0511E+03,0.002492,0.010061,0.01775,2000.0
1.0512E+03,0.003317,0.009825,0.01775,2000.0
1.0512E+03,0.003570,0.009733,0.01775,2000.0
1.0513E+03,0.004360,0.009406,0.01775,2000.0
1.0513E+03,0.004604,0.009291,0.01775,2000.0
1.0513E+03,0.005355,0.008875,0.01775,2000.0
1.0514E+03,0.005584,0.008738,0.01775,2000.0
1.0514E+03,0.006282,0.008243,0.01775,2000.0
1.0514E+03,0.006498,0.008084,0.01775,2000.0
1.0515E+03,0.007139,0.007510,0.01775,2000.0
1.0515E+03,0.007334,0.007334,0.01775,2000.0
1.0515E+03,0.007510,0.007139,0.01775,2000.0
1.0516E+03,0.008084,0.006498,0.01775,2000.0
1.0516E+03,0.008243,0.006282,0.01775,2000.0
1.0517E+03,0.008738,0.005584,0.01775,2000.0
1.0517E+03,0.008875,0.005355,0.01775,2000.0
1.0517E+03,0.009291,0.004604,0.01775,2000.0
1.0517E+03,0.009406,0.004360,0.01775,2000.0
1.0518E+03,0.009733,0.003570,0.01775,2000.0
1.0518E+03,0.009825,0.003317,0.01775,2000.0
1.0519E+03,0.010061,0.002492,0.01775,2000.0
1.0519E+03,0.010127,0.002233,0.01775,2000.0
1.0520E+03,0.010271,0.001384,0.01775,2000.0
1.0520E+03,0.010311,0.001119,0.01775,2000.0
1.0520E+03,0.010358,0.000264,0.01775,2000.0
1.0520E+03,0.010372,0.000000,0.01775,2000.0
1.0521E+03,0.010358,-0.000264,0.01775,2000.0
1.0521E+03,0.010311,-0.001119,0.01775,2000.0
1.0521E+03,0.010271,-0.001384,0.01775,2000.0
1.0522E+03,0.010127,-0.002233,0.01775,2000.0
1.0522E+03,0.010061,-0.002492,0.01775,2000.0
1.0523E+03,0.009825,-0.003317,0.01775,2000.0
1.0523E+03,0.009733,-0.003570,0.01775,2000.0
1.0523E+03,0.009406,-0.004360,0.01775,2000.0
1.0524E+03,0.009291,-0.004604,0.01775,2000.0
1.0524E+03,0.008875,-0.005355,0.01775,2000.0
1.0524E+03,0.008738,-0.005584,0.01775,2000.0
1.0525E+03,0.008243,-0.006282,0.01775,2000.0
1.0525E+03,0.008084,-0.006498,0.01775,2000.0
1.0526E+03,0.007510,-0.007139,0.01775,2000.0
1.0526E+03,0.007334,-0.007334,0.01775,2000.0
1.0526E+03,0.007139,-0.007510,0.01775,2000.0
1.0527E+03,0.006498,-0.008084,0.01775,2000.0
1.0527E+03,0.006282,-0.008243,0.01775,2000.0
1.0527E+03,0.005584,-0.008738,0.01775,2000.0
1.0528E+03,0.005355,-0.008875,0.01775,2000.0
1.0528E+03,0.004604,-0.009291,0.01775,2000.0
1.0528E+03,0.004360,-0.009406,0.01775,2000.0
1.0529E+03,0.003570,-0.009733,0.01775,2000.0
1.0529E+03,0.003317,-0.009825,0.01775,2000.0
1.0530E+03,0.002492,-0.010061,0.01775,2000.0
1.0530E+03,0.002233,-0.010127,0.01775,2000.0
1.0530E+03,0.001384,-0.010271,0.01775,2000.0
1.0531E+03,0.001119,-0.010311,0.01775,2000.0
1.0531E+03,0.000264,-0.010358,0.01775,2000.0
1.0531E+03,0.000000,-0.010372,0.01775,2000.0
1.0531E+03,-0.000264,-0.010358,0.01775,2000.0
1.0532E+03,-0.001119,-0.010311,0.01775,2000.0
1.0532E+03,-0.001384,-0.010271,0.01775,2000.0
1.0533E+03,-0.002233,-0.010127,0.01775,2000.0
1.0533E+03,-0.002492,-0.010061,0.01775,2000.0
1.0534E+03,-0.003317,-0.009825,0.01775,2000.0
1.0534E+03,-0.003570,-0.009733,0.01775,2000.0
1.0534E+03,-0.004360,-0.009406,0.01775,2000.0
1.0534E+03,-0.004604,-0.009291,0.01775,2000.0
1.0535E+03,-0.005355,-0.008875,0.01775,2000.0
1.0535E+03,-0.005584,-0.008738,0.01775,2000.0
1.0536E+03,-0.006282,-0.008243,0.01775,2000.0
1.0536E+03,-0.006498,-0.008084,0.01775,2000.0
1.0537E+03,-0.007139,-0.007510,0.01775,2000.0
1.0537E+03,-0.007334,-0.007334,0.01775,2000.0
1.0537E+03,-0.007510,-0.007139,0.01775,2000.0
1.0537E+03,-0.008084,-0.006498,0.01775,2000.0
1.0538E+03,-0.008243,-0.006282,0.01775,2000.0
1.0538E+03,-0.008738,-0.005584,0.01775,2000.0
1.0538E+03,-0.008875,-0.005355,0.01775,2000.0
1.0539E+03,-0.009291,-0.004604,0.01775,2000.0
1.0539E+03,-0.009406,-0.004360,0.01775,2000.0
1.0540E+03,-0.009733,-0.003570,0.01775,2000.0
1.0540E+03,-0.009825,-0.003317,0.01775,2000.0
1.0540E+03,-0.010061,-0.002492,0.01775,2000.0
1.0541E+03,-0.010127,-0.002233,0.01775,2000.0
1.0541E+03,-0.010271,-0.001384,0.01775,2000.0
1.0541E+03,-0.010311,-0.001119,0.01775,2000.0
1.0542E+03,-0.010358,-0.000264,0.01775,2000.0
1.0542E+03,-0.010372,0.000000,0.01775,2000.0
1.0542E+03,-0.010358,0.000264,0.01775,2000.0
1.0543E+03,-0.010311,0.001119,0.01775,2000.0
1.0543E+03,-0.010271,0.001384,0.01775,2000.0
1.0544E+03,-0.010127,0.002233,0.01775,2000.0
1.0544E+03,-0.010061,0.002492,0.01775,2000.0
1.0544E+03,-0.009825,0.003317,0.01775,2000.0
1.0545E+03,-0.009733,0.003570,0.01775,2000.0
1.0545E+03,-0.009406,0.004360,0.01775,2000.0
1.0545E+03,-0.009291,0.004604,0.01775,2000.0
1.0546E+03,-0.008875,0.005355,0.01775,2000.0
1.0546E+03,-0.008738,0.005584,0.01775,0.0
1.0555E+03,-0.008738,0.005584,0.03045,0.0
1.0556E+03,-0.010163,0.006513,0.03045,0.0
1.0564E+03,-0.010163,0.006513,0.01775,2000.0
1.0564E+03,-0.009621,0.007278,0.01775,2000.0
1.0565E+03,-0.009405,0.007571,0.01775,2000.0
1.0565E+03,-0.008774,0.008276,0.01775,2000.0
1.0566E+03,-0.008538,0.008538,0.01775,2000.0
1.0566E+03,-0.008276,0.008774,0.01775,2000.0
1.0566E+03,-0.007571,0.009405,0.01775,2000.0
1.0567E+03,-0.007278,0.009621,0.01775,2000.0
1.0567E+03,-0.006513,0.010163,0.01775,2000.0
1.0568E+03,-0.006203,0.010348,0.01775,2000.0
1.0568E+03,-0.005379,0.010805,0.01775,2000.0
1.0568E+03,-0.005048,0.010961,0.01775,2000.0
1.0569E+03,-0.004186,0.011318,0.01775,2000.0
1.0569E+03,-0.003842,0.011443,0.01775,2000.0
1.0570E+03,-0.002936,0.011702,0.01775,2000.0
1.0570E+03,-0.002586,0.011791,0.01775,2000.0
1.0571E+03,-0.001653,0.011950,0.01775,2000.0
1.0571E+03,-0.001293,0.012004,0.01775,2000.0
1.0572E+03,-0.000356,0.012056,0.01775,2000.0
1.0572E+03,0.000000,0.012074,0.01775,2000.0
1.0572E+03,0.000356,0.012056,0.01775,2000.0
1.0573E+03,0.001293,0.012004,0.01775,2000.0
1.0573E+03,0.001653,0.011950,0.01775,2000.0
1.0574E+03,0.002586,0.011791,0.01775,2000.0
1.0574E+03,0.002936,0.011702,0.01775,2000.0
1.0575E+03,0.003842,0.011443,0.01775,2000.0
1.0575E+03,0.004186,0.011318,0.01775,2000.0
1.0575E+03,0.005048,0.010961,0.01775,2000.0
1.0576E+03,0.005379,0.010805,0.01775,2000.0
1.0576E+03,0.006203,0.010348,0.01775,2000.0
1.0577E+03,0.006513,0.010163,0.01775,2000.0
1.0577E+03,0.007278,0.009621,0.01775,2000.0
1.0577E+03,0.007571,0.009405,0.01775,2000.0
1.0578E+03,0.008276,0.008774,0.01775,2000.0
1.0578E+03,0.008538,0.008538,0.01775,2000.0
1.0578E+03,0.008774,0.008276,0.01775,2000.0
1.0579E+03,0.009405,0.007571,0.01775,2000.0
1.0579E+03,0.009621,0.007278,0.01775,2000.0
1.0580E+03,0.010163,0.006513,0.01775,2000.0
1.0580E+03,0.010348,0.006203,0.01775,2000.0
1.0581E+03,0.010805,0.005379,0.01775,2000.0
1.0581E+03,0.010961,0.005048,0.01775,2000.0
1.0582E+03,0.011318,0.004186,0.01775,2000.0
1.0582E+03,0.011443,0.003842,0.01775,2000.0
1.0583E+03,0.011702,0.002936,0.01775,2000.0
1.0583E+03,0.011791,0.002586,0.01775,2000.0
1.0583E+03,0.011950,0.001653,0.01775,2000.0
1.0584E+03,0.012004,0.001293,0.01775,2000.0
1.0584E+03,0.012056,0.000356,0.01775,2000.0
1.0585E+03,0.012074,0.000000,0.01775,2000.0
1.0585E+03,0.012056,-0.000356,0.01775,2000.0
1.0585E+03,0.012004,-0.001293,0.01775,2000.0
1.0586E+03,0.011950,-0.001653,0.01775,2000.0
1.0586E+03,0.011791,-0.002586,0.01775,2000.0
1.0587E+03,0.011702,-0.002936,0.01775,2000.0
1.0587E+03,0.011443,-0.003842,0.01775,2000.0
1.0587E+03,0.011318,-0.004186,0.01775,2000.0
1.0588E+03,0.010961,-0.005048,0.01775,2000.0
1.0588E+03,0.010805,-0.005379,0.01775,2000.0
1.0589E+03,0.010348,-0.006203,0.01775,2000.0
1.0589E+03,0.010163,-0.006513,0.01775,2000.0
1.0590E+03,0.009621,-0.007278,0.01775,2000.0
1.0590E+03,0.009405,-0.007571,0.01775,2000.0
1.0591E+03,0.008774,-0.008276,0.01775,2000.0
1.0591E+03,0.008538,-0.008538,0.01775,2000.0
1.0591E+03,0.008276,-0.008774,0.01775,2000.0
1.0592E+03,0.007571,-0.009405,0.01775,2000.0
1.0592E+03,0.007278,-0.009621,0.01775,2000.0
1.0593E+03,0.006513,-0.010163,0.01775,2000.0
1.0593E+03,0.006203,-0.010348,0.01775,2000.0
1.0593E+03,0.005379,-0.010805,0.01775,2000.0
1.0594E+03,0.005048,-0.010961,0.01775,2000.0
1.0594E+03,0.004186,-0.011318,0.01775,2000.0
1.0595E+03,0.003842,-0.011443,0.01775,2000.0
1.0595E+03,0.002936,-0.011702,0.01775,2000.0
1.0595E+03,0.002586,-0.011791,0.01775,2000.0
1.0596E+03,0.001653,-0.011950,0.01775,2000.0
1.0596E+03,0.001293,-0.012004,0.01775,2000.0
1.0597E+03,0.000356,-0.012056,0.01775,2000.0
1.0597E+03,0.000000,-0.012074,0.01775,2000.0
1.0597E+03,-0.000356,-0.012056,0.01775,2000.0
1.0598E+03,-0.001293,-0.012004,0.01775,2000.0
1.0598E+03,-0.001653,-0.011950,0.01775,2000.0
1.0599E+03,-0.002586,-0.011791,0.01775,2000.0
1.0599E+03,-0.002936,-0.011702,0.01775,2000.0
1.0600E+03,-0.003842,-0.011443,0.01775,2000.0
1.0600E+03,-0.004186,-0.011318,0.01775,2000.0
1.0601E+03,-0.005048,-0.010961,0.01775,2000.0
1.0601E+03,-0.005379,-0.010805,0.01775,2000.0
1.0602E+03,-0.006203,-0.010348,0.01775,2000.0
1.0602E+03,-0.006513,-0.010163,0.01775,2000.0
1.0602E+03,-0.007278,-0.009621,0.01775,2000.0
1.0603E+03,-0.007571,-0.009405,0.01775,2000.0
1.0603E+03,-0.008276,-0.008774,0.01775,2000.0
1.0604E+03,-0.008538,-0.008538,0.01775,2000.0
1.0604E+03,-0.008774,-0.008276,0.01775,2000.0
1.0604E+03,-0.009405,-0.007571,0.01775,2000.0
1.0605E+03,-0.009621,-0.007278,0.01775,2000.0
1.0605E+03,-0.010163,-0.006513,0.01775,2000.0
1.0605E+03,-0.010348,-0.006203,0.01775,2000.0
1.0606E+03,-0.010805,-0.005379,0.01775,2000.0
1.0606E+03,-0.010961,-0.005048,0.01775,2000.0
1.0607E+03,-0.011318,-0.004186,0.01775,2000.0
1.0607E+03,-0.011443,-0.003842,0.01775,2000.0
1.0608E+03,-0.011702,-0.002936,0.01775,2000.0
1.0608E+03,-0.011791,-0.002586,0.01775,2000.0
1.0609E+03,-0.011950,-0.001653,0.01775,2000.0
1.0609E+03,-0.012004,-0.001293,0.01775,2000.0
1.0610E+03,-0.012056,-0.000356,0.01775,2000.0
1.0610E+03,-0.012074,0.000000,0.01775,2000.0
1.0610E+03,-0.012056,0.000356,0.01775,2000.0
1.0611E+03,-0.012004,0.001293,0.01775,2000.0
1.0611E+03,-0.011950,0.001653,0.01775,2000.0
1.0612E+03,-0.011791,0.002586,0.01775,2000.0
1.0612E+03,-0.011702,0.002936,0.01775,2000.0
1.0612E+03,-0.011443,0.003842,0.01775,2000.0
1.0613E+03,-0.011318,0.004186,0.01775,2000.0
1.0613E+03,-0.010961,0.005048,0.01775,2000.0
1.0614E+03,-0.010805,0.005379,0.01775,2000.0
1.0614E+03,-0.010348,0.006203,0.01775,2000.0
1.0614E+03,-0.010163,0.006513,0.01775,0.0
1.0623E+03,-0.010163,0.006513,0.03045,0.0
1.0625E+03,-0.012584,0.007813,0.03045,0.0
1.0633E+03,-0.012584,0.007813,0.01775,2000.0
1.0633E+03,-0.012629,0.007735,0.01775,2000.0
1.0634E+03,-0.013128,0.006859,0.01775,2000.0
1.0634E+03,-0.013577,0.005914,0.01775,2000.0
1.0634E+03,-0.013614,0.005837,0.01775,2000.0
1.0635E+03,-0.013977,0.004897,0.01775,2000.0
1.0635E+03,-0.014012,0.004805,0.01775,2000.0
1.0636E+03,-0.014305,0.003841,0.01775,2000.0
1.0636E+03,-0.014304,0.003841,0.01775,2000.0
1.0636E+03,-0.014329,0.003756,0.01775,2000.0
1.0637E+03,-0.014550,0.002772,0.01775,2000.0
1.0637E+03,-0.014565,0.002700,0.01775,2000.0
1.0637E+03,-0.014719,0.001667,0.01775,2000.0
1.0637E+03,-0.014726,0.001610,0.01775,2000.0
1.0638E+03,-0.014800,0.000617,0.01775,2000.0
1.0638E+03,-0.014804,0.000502,0.01775,2000.0
1.0639E+03,-0.014804,-0.000502,0.01775,2000.0
1.0639E+03,-0.014800,-0.000617,0.01775,2000.0
1.0639E+03,-0.014726,-0.001610,0.01775,2000.0
1.0639E+03,-0.014719,-0.001667,0.01775,2000.0
1.0640E+03,-0.014565,-0.002700,0.01775,2000.0
1.0640E+03,-0.014548,-0.002785,0.01775,2000.0
1.0641E+03,-0.014329,-0.003756,0.01775,2000.0
1.0641E+03,-0.014304,-0.003841,0.01775,2000.0
1.0641E+03,-0.014305,-0.003841,0.01775,2000.0
1.0642E+03,-0.014012,-0.004805,0.01775,2000.0
1.0642E+03,-0.013977,-0.004897,0.01775,2000.0
1.0642E+03,-0.013614,-0.005837,0.01775,2000.0
1.0642E+03,-0.013577,-0.005914,0.01775,2000.0
1.0643E+03,-0.013128,-0.006859,0.01775,2000.0
1.0644E+03,-0.012629,-0.007735,0.01775,2000.0
1.0644E+03,-0.012584,-0.007813,0.01775,2000.0
1.0645E+03,-0.012026,-0.008644,0.01775,2000.0
1.0645E+03,-0.011970,-0.008726,0.01775,2000.0
1.0645E+03,-0.011344,-0.009524,0.01775,2000.0
1.0645E+03,-0.011299,-0.009578,0.01775,2000.0
1.0646E+03,-0.010597,-0.010348,0.01775,2000.0
1.0646E+03,-0.010548,-0.010399,0.01775,2000.0
1.0647E+03,-0.009798,-0.011109,0.01775,2000.0
1.0647E+03,-0.009733,-0.011166,0.01775,2000.0
1.0647E+03,-0.008966,-0.011792,0.01775,2000.0
1.0648E+03,-0.008902,-0.011840,0.01775,2000.0
1.0648E+03,-0.008052,-0.012433,0.01775,2000.0
1.0648E+03,-0.007973,-0.012483,0.01775,2000.0
1.0649E+03,-0.007127,-0.012986,0.01775,2000.0
1.0649E+03,-0.007062,-0.013020,0.01775,2000.0
1.0650E+03,-0.006113,-0.013492,0.01775,2000.0
1.0650E+03,-0.006054,-0.013517,0.01775,2000.0
1.0650E+03,-0.005090,-0.013911,0.01775,2000.0
1.0650E+03,-0.005086,-0.013912,0.01775,2000.0
1.0651E+03,-0.004053,-0.014247,0.01775,2000.0
1.0651E+03,-0.003988,-0.014263,0.01775,2000.0
1.0652E+03,-0.002989,-0.014508,0.01775,2000.0
1.0653E+03,-0.001979,-0.014677,0.01775,2000.0
1.0653E+03,-0.001907,-0.014689,0.01775,2000.0
1.0653E+03,-0.000871,-0.014785,0.01775,2000.0
1.0653E+03,-0.000801,-0.014791,0.01775,2000.0
1.0654E+03,0.000250,-0.014810,0.01775,2000.0
1.0654E+03,0.000311,-0.014810,0.01775,2000.0
1.0655E+03,0.001305,-0.014755,0.01775,2000.0
1.0655E+03,0.001388,-0.014748,0.01775,2000.0
1.0655E+03,0.002395,-0.014617,0.01775,2000.0
1.0656E+03,0.002496,-0.014601,0.01775,2000.0
1.0656E+03,0.003486,-0.014397,0.01775,2000.0
1.0656E+03,0.003558,-0.014379,0.01775,2000.0
1.0657E+03,0.004571,-0.014090,0.01775,2000.0
1.0657E+03,0.004623,-0.014073,0.01775,2000.0
1.0658E+03,0.005580,-0.013722,0.01775,2000.0
1.0658E+03,0.005641,-0.013696,0.01775,2000.0
1.0658E+03,0.006588,-0.013267,0.01775,2000.0
1.0658E+03,0.006654,-0.013232,0.01775,2000.0
1.0659E+03,0.007549,-0.012745,0.01775,2000.0
1.0659E+03,0.007604,-0.012710,0.01775,2000.0
1.0660E+03,0.008474,-0.012150,0.01775,2000.0
1.0660E+03,0.008537,-0.012102,0.01775,2000.0
1.0661E+03,0.009352,-0.011486,0.01775,2000.0
1.0661E+03,0.010128,-0.010805,0.01775,2000.0
1.0661E+03,0.010198,-0.010743,0.01775,2000.0
1.0662E+03,0.010768,-0.010163,0.01775,2000.0
1.0662E+03,0.010961,-0.009962,0.01775,2000.0
1.0663E+03,0.011616,-0.009189,0.01775,2000.0
1.0663E+03,0.011670,-0.009123,0.01775,2000.0
1.0664E+03,0.012270,-0.008296,0.01775,2000.0
1.0664E+03,0.012307,-0.008243,0.01775,2000.0
1.0664E+03,0.012850,-0.007368,0.01775,2000.0
1.0664E+03,0.012897,-0.007287,0.01775,2000.0
1.0665E+03,0.013376,-0.006366,0.01775,2000.0
1.0665E+03,0.013396,-0.006325,0.01775,2000.0
1.0666E+03,0.013801,-0.005379,0.01775,2000.0
1.0666E+03,0.013836,-0.005291,0.01775,2000.0
1.0666E+03,0.014157,-0.004358,0.01775,2000.0
1.0667E+03,0.014183,-0.004269,0.01775,2000.0
1.0667E+03,0.014184,-0.004269,0.01775,2000.0
1.0667E+03,0.014448,-0.003270,0.01775,2000.0
1.0667E+03,0.014456,-0.003231,0.01775,2000.0
1.0668E+03,0.014648,-0.002204,0.01775,2000.0
1.0668E+03,0.014656,-0.002136,0.01775,2000.0
1.0669E+03,0.014771,-0.001110,0.01775,2000.0
1.0669E+03,0.014774,-0.001030,0.01775,2000.0
1.0669E+03,0.014813,0.000000,0.01775,2000.0
1.0670E+03,0.014774,0.001023,0.01775,2000.0
1.0670E+03,0.014771,0.001110,0.01775,2000.0
1.0671E+03,0.014658,0.002118,0.01775,2000.0
1.0671E+03,0.014648,0.002205,0.01775,2000.0
1.0672E+03,0.014466,0.003182,0.01775,2000.0
1.0672E+03,0.014465,0.003182,0.01775,2000.0
1.0672E+03,0.014444,0.003286,0.01775,2000.0
1.0672E+03,0.014184,0.004269,0.01775,2000.0
1.0672E+03,0.014183,0.004269,0.01775,2000.0
1.0672E+03,0.014157,0.004358,0.01775,2000.0
1.0673E+03,0.013836,0.005291,0.01775,2000.0
1.0673E+03,0.013807,0.005365,0.01775,2000.0
1.0674E+03,0.013396,0.006325,0.01775,2000.0
1.0674E+03,0.013376,0.006366,0.01775,2000.0
1.0674E+03,0.012895,0.007291,0.01775,2000.0
1.0675E+03,0.012857,0.007356,0.01775,2000.0
1.0675E+03,0.012314,0.008233,0.01775,2000.0
1.0675E+03,0.012273,0.008292,0.01775,2000.0
1.0676E+03,0.011670,0.009123,0.01775,2000.0
1.0676E+03,0.011616,0.009189,0.01775,2000.0
1.0677E+03,0.010961,0.009962,0.01775,2000.0
1.0677E+03,0.010792,0.010138,0.01775,2000.0
1.0677E+03,0.010201,0.010740,0.01775,2000.0
1.0677E+03,0.010133,0.010800,0.01775,2000.0
1.0678E+03,0.009360,0.011480,0.01775,2000.0
1.0679E+03,0.008541,0.012099,0.01775,2000.0
1.0679E+03,0.008474,0.012150,0.01775,2000.0
1.0680E+03,0.007610,0.012706,0.01775,2000.0
1.0680E+03,0.007549,0.012745,0.01775,2000.0
1.0680E+03,0.006654,0.013232,0.01775,2000.0
1.0680E+03,0.006588,0.013267,0.01775,2000.0
1.0681E+03,0.005641,0.013696,0.01775,2000.0
1.0681E+03,0.005584,0.013720,0.01775,2000.0
1.0682E+03,0.004623,0.014073,0.01775,2000.0
1.0682E+03,0.004571,0.014090,0.01775,2000.0
1.0683E+03,0.003558,0.014379,0.01775,2000.0
1.0683E+03,0.003486,0.014397,0.01775,2000.0
1.0683E+03,0.002496,0.014601,0.01775,2000.0
1.0683E+03,0.002395,0.014617,0.01775,2000.0
1.0684E+03,0.001388,0.014748,0.01775,2000.0
1.0684E+03,0.001305,0.014755,0.01775,2000.0
1.0685E+03,0.000311,0.014810,0.01775,2000.0
1.0685E+03,0.000250,0.014810,0.01775,2000.0
1.0685E+03,-0.000801,0.014791,0.01775,2000.0
1.0685E+03,-0.000871,0.014785,0.01775,2000.0
1.0686E+03,-0.001907,0.014689,0.01775,2000.0
1.0686E+03,-0.001979,0.014677,0.01775,2000.0
1.0687E+03,-0.002989,0.014508,0.01775,2000.0
1.0688E+03,-0.003988,0.014263,0.01775,2000.0
1.0688E+03,-0.004053,0.014247,0.01775,2000.0
1.0688E+03,-0.005086,0.013912,0.01775,2000.0
1.0688E+03,-0.005090,0.013911,0.01775,2000.0
1.0689E+03,-0.006065,0.013512,0.01775,2000.0
1.0689E+03,-0.006119,0.013489,0.01775,2000.0
1.0690E+03,-0.007062,0.013020,0.01775,2000.0
1.0690E+03,-0.007127,0.012986,0.01775,2000.0
1.0691E+03,-0.007973,0.012483,0.01775,2000.0
1.0691E+03,-0.008052,0.012433,0.01775,2000.0
1.0691E+03,-0.008902,0.011840,0.01775,2000.0
1.0691E+03,-0.008967,0.011791,0.01775,2000.0
1.0692E+03,-0.009733,0.011166,0.01775,2000.0
1.0692E+03,-0.009803,0.011104,0.01775,2000.0
1.0693E+03,-0.010548,0.010399,0.01775,2000.0
1.0693E+03,-0.010602,0.010343,0.01775,2000.0
1.0693E+03,-0.011299,0.009578,0.01775,2000.0
1.0694E+03,-0.011365,0.009498,0.01775,2000.0
1.0694E+03,-0.011965,0.008732,0.01775,2000.0
1.0694E+03,-0.012028,0.008641,0.01775,2000.0
1.0695E+03,-0.012584,0.007813,0.01775,0.0
1.0703E+03,-0.012584,0.007813,0.03045,0.0
1.0705E+03,-0.014030,0.008709,0.03045,0.0
1.0713E+03,-0.014030,0.008709,0.01775,2000.0
1.0713E+03,-0.014102,0.008584,0.01775,2000.0
1.0714E+03,-0.014637,0.007645,0.01775,2000.0
1.0714E+03,-0.015111,0.006647,0.01775,2000.0
1.0714E+03,-0.015175,0.006514,0.01775,2000.0
1.0715E+03,-0.015563,0.005509,0.01775,2000.0
1.0715E+03,-0.015618,0.005365,0.01775,2000.0
1.0716E+03,-0.015936,0.004319,0.01775,2000.0
1.0716E+03,-0.015972,0.004196,0.01775,2000.0
1.0717E+03,-0.016216,0.003113,0.01775,2000.0
1.0717E+03,-0.016239,0.002996,0.01775,2000.0
1.0718E+03,-0.016404,0.001890,0.01775,2000.0
1.0718E+03,-0.016418,0.001771,0.01775,2000.0
1.0718E+03,-0.016498,0.000701,0.01775,2000.0
1.0718E+03,-0.016504,0.000538,0.01775,2000.0
1.0719E+03,-0.016504,-0.000538,0.01775,2000.0
1.0719E+03,-0.016498,-0.000701,0.01775,2000.0
1.0720E+03,-0.016418,-0.001771,0.01775,2000.0
1.0720E+03,-0.016404,-0.001890,0.01775,2000.0
1.0721E+03,-0.016239,-0.002996,0.01775,2000.0
1.0721E+03,-0.016216,-0.003113,0.01775,2000.0
1.0722E+03,-0.015972,-0.004196,0.01775,2000.0
1.0722E+03,-0.015936,-0.004319,0.01775,2000.0
1.0722E+03,-0.015618,-0.005365,0.01775,2000.0
1.0723E+03,-0.015563,-0.005509,0.01775,2000.0
1.0723E+03,-0.015175,-0.006514,0.01775,2000.0
1.0723E+03,-0.015111,-0.006647,0.01775,2000.0
1.0724E+03,-0.014637,-0.007645,0.01775,2000.0
1.0725E+03,-0.014102,-0.008584,0.01775,2000.0
1.0725E+03,-0.014030,-0.008709,0.01775,2000.0
1.0726E+03,-0.013427,-0.009607,0.01775,2000.0
1.0726E+03,-0.013339,-0.009735,0.01775,2000.0
1.0727E+03,-0.012682,-0.010573,0.01775,2000.0
1.0727E+03,-0.012584,-0.010693,0.01775,2000.0
1.0727E+03,-0.011844,-0.011504,0.01775,2000.0
1.0727E+03,-0.011740,-0.011612,0.01775,2000.0
1.0728E+03,-0.010954,-0.012356,0.01775,2000.0
1.0728E+03,-0.010849,-0.012449,0.01775,2000.0
1.0729E+03,-0.010003,-0.013139,0.01775,2000.0
1.0729E+03,-0.009901,-0.013216,0.01775,2000.0
1.0730E+03,-0.008990,-0.013852,0.01775,2000.0
1.0730E+03,-0.008875,-0.013924,0.01775,2000.0
1.0731E+03,-0.007951,-0.014473,0.01775,2000.0
1.0731E+03,-0.007820,-0.014542,0.01775,2000.0
1.0731E+03,-0.006834,-0.015033,0.01775,2000.0
1.0732E+03,-0.006697,-0.015091,0.01775,2000.0
1.0732E+03,-0.005688,-0.015503,0.01775,2000.0
1.0732E+03,-0.005573,-0.015542,0.01775,2000.0
1.0732E+03,-0.005573,-0.015541,0.01775,2000.0
1.0733E+03,-0.004518,-0.015883,0.01775,2000.0
1.0733E+03,-0.004393,-0.015914,0.01775,2000.0
1.0734E+03,-0.003329,-0.016175,0.01775,2000.0
1.0735E+03,-0.002259,-0.016354,0.01775,2000.0
1.0735E+03,-0.002114,-0.016377,0.01775,2000.0
1.0735E+03,-0.001017,-0.016479,0.01775,2000.0
1.0736E+03,-0.000889,-0.016490,0.01775,2000.0
1.0736E+03,0.000219,-0.016510,0.01775,2000.0
1.0736E+03,0.000351,-0.016510,0.01775,2000.0
1.0737E+03,0.001418,-0.016451,0.01775,2000.0
1.0737E+03,0.001579,-0.016438,0.01775,2000.0
1.0738E+03,0.002632,-0.016301,0.01775,2000.0
1.0738E+03,0.002805,-0.016273,0.01775,2000.0
1.0739E+03,0.003872,-0.016053,0.01775,2000.0
1.0739E+03,0.003991,-0.016024,0.01775,2000.0
1.0740E+03,0.005052,-0.015721,0.01775,2000.0
1.0740E+03,0.005190,-0.015676,0.01775,2000.0
1.0740E+03,0.006201,-0.015305,0.01775,2000.0
1.0740E+03,0.006342,-0.015245,0.01775,2000.0
1.0741E+03,0.007323,-0.014801,0.01775,2000.0
1.0741E+03,0.007467,-0.014725,0.01775,2000.0
1.0742E+03,0.008417,-0.014208,0.01775,2000.0
1.0742E+03,0.008525,-0.014139,0.01775,2000.0
1.0743E+03,0.009450,-0.013543,0.01775,2000.0
1.0743E+03,0.009559,-0.013461,0.01775,2000.0
1.0744E+03,0.010429,-0.012803,0.01775,2000.0
1.0744E+03,0.011254,-0.012079,0.01775,2000.0
1.0744E+03,0.011366,-0.011980,0.01775,2000.0
1.0745E+03,0.012121,-0.011211,0.01775,2000.0
1.0745E+03,0.012120,-0.011210,0.01775,2000.0
1.0745E+03,0.012222,-0.011104,0.01775,2000.0
1.0746E+03,0.012936,-0.010261,0.01775,2000.0
1.0746E+03,0.013018,-0.010160,0.01775,2000.0
1.0747E+03,0.013646,-0.009295,0.01775,2000.0
1.0747E+03,0.013737,-0.009164,0.01775,2000.0
1.0748E+03,0.014308,-0.008243,0.01775,2000.0
1.0748E+03,0.014387,-0.008106,0.01775,2000.0
1.0749E+03,0.014884,-0.007151,0.01775,2000.0
1.0749E+03,0.014943,-0.007029,0.01775,2000.0
1.0749E+03,0.015380,-0.006010,0.01775,2000.0
1.0749E+03,0.015431,-0.005879,0.01775,2000.0
1.0750E+03,0.015783,-0.004858,0.01775,2000.0
1.0750E+03,0.015817,-0.004740,0.01775,2000.0
1.0751E+03,0.016104,-0.003657,0.01775,2000.0
1.0751E+03,0.016127,-0.003543,0.01775,2000.0
1.0752E+03,0.016329,-0.002460,0.01775,2000.0
1.0752E+03,0.016346,-0.002325,0.01775,2000.0
1.0753E+03,0.016467,-0.001241,0.01775,2000.0
1.0753E+03,0.016473,-0.001094,0.01775,2000.0
1.0753E+03,0.016514,0.000000,0.01775,2000.0
1.0754E+03,0.016473,0.001091,0.01775,2000.0
1.0754E+03,0.016467,0.001241,0.01775,2000.0
1.0755E+03,0.016348,0.002307,0.01775,2000.0
1.0755E+03,0.016329,0.002460,0.01775,2000.0
1.0756E+03,0.016132,0.003518,0.01775,2000.0
1.0756E+03,0.016104,0.003657,0.01775,2000.0
1.0757E+03,0.015817,0.004740,0.01775,2000.0
1.0757E+03,0.015783,0.004858,0.01775,2000.0
1.0757E+03,0.015431,0.005879,0.01775,2000.0
1.0758E+03,0.015380,0.006010,0.01775,2000.0
1.0758E+03,0.014943,0.007029,0.01775,2000.0
1.0758E+03,0.014884,0.007151,0.01775,2000.0
1.0759E+03,0.014387,0.008106,0.01775,2000.0
1.0759E+03,0.014314,0.008233,0.01775,2000.0
1.0760E+03,0.013737,0.009164,0.01775,2000.0
1.0760E+03,0.013649,0.009291,0.01775,2000.0
1.0761E+03,0.013018,0.010160,0.01775,2000.0
1.0761E+03,0.012936,0.010261,0.01775,2000.0
1.0762E+03,0.012222,0.011104,0.01775,2000.0
1.0762E+03,0.012120,0.011210,0.01775,2000.0
1.0762E+03,0.012121,0.011211,0.01775,2000.0
1.0762E+03,0.011366,0.011980,0.01775,2000.0
1.0762E+03,0.011257,0.012076,0.01775,2000.0
1.0763E+03,0.010429,0.012803,0.01775,2000.0
1.0764E+03,0.009563,0.013458,0.01775,2000.0
1.0764E+03,0.009450,0.013543,0.01775,2000.0
1.0765E+03,0.008525,0.014139,0.01775,2000.0
1.0765E+03,0.008417,0.014208,0.01775,2000.0
1.0766E+03,0.007467,0.014725,0.01775,2000.0
1.0766E+03,0.007323,0.014801,0.01775,2000.0
1.0766E+03,0.006342,0.015245,0.01775,2000.0
1.0766E+03,0.006204,0.015304,0.01775,2000.0
1.0767E+03,0.005190,0.015676,0.01775,2000.0
1.0767E+03,0.005052,0.015721,0.01775,2000.0
1.0768E+03,0.003991,0.016024,0.01775,2000.0
1.0768E+03,0.003872,0.016053,0.01775,2000.0
1.0769E+03,0.002805,0.016273,0.01775,2000.0
1.0769E+03,0.002632,0.016301,0.01775,2000.0
1.0770E+03,0.001579,0.016438,0.01775,2000.0
1.0770E+03,0.001418,0.016451,0.01775,2000.0
1.0770E+03,0.000351,0.016510,0.01775,2000.0
1.0771E+03,0.000219,0.016510,0.01775,2000.0
1.0771E+03,-0.000889,0.016490,0.01775,2000.0
1.0771E+03,-0.001017,0.016479,0.01775,2000.0
1.0772E+03,-0.002114,0.016377,0.01775,2000.0
1.0772E+03,-0.002259,0.016354,0.01775,2000.0
1.0773E+03,-0.003329,0.016175,0.01775,2000.0
1.0774E+03,-0.004393,0.015914,0.01775,2000.0
1.0774E+03,-0.004518,0.015883,0.01775,2000.0
1.0775E+03,-0.005573,0.015541,0.01775,2000.0
1.0775E+03,-0.005573,0.015542,0.01775,2000.0
1.0775E+03,-0.005688,0.015503,0.01775,2000.0
1.0775E+03,-0.006708,0.015086,0.01775,2000.0
1.0775E+03,-0.006834,0.015033,0.01775,2000.0
1.0776E+03,-0.007820,0.014542,0.01775,2000.0
1.0776E+03,-0.007951,0.014473,0.01775,2000.0
1.0777E+03,-0.008875,0.013924,0.01775,2000.0
1.0777E+03,-0.008990,0.013852,0.01775,2000.0
1.0778E+03,-0.009901,0.013216,0.01775,2000.0
1.0778E+03,-0.010003,0.013139,0.01775,2000.0
1.0779E+03,-0.010849,0.012449,0.01775,2000.0
1.0779E+03,-0.010954,0.012356,0.01775,2000.0
1.0779E+03,-0.011740,0.011612,0.01775,2000.0
1.0780E+03,-0.011844,0.011504,0.01775,2000.0
1.0780E+03,-0.012584,0.010693,0.01775,2000.0
1.0780E+03,-0.012682,0.010573,0.01775,2000.0
1.0781E+03,-0.013340,0.009733,0.01775,2000.0
1.0781E+03,-0.013427,0.009607,0.01775,2000.0
1.0782E+03,-0.014030,0.008709,0.01775,0.0
1.0788E+03,-0.014030,0.000000,0.01775,0.0
