1.7957E+02,-0.007053,0.005336,0.01625,0.0
1.7957E+02,-0.007126,0.005341,0.01625,0.0
1.8040E+02,-0.007126,0.005341,0.00355,2000.0
1.8042E+02,-0.006954,0.005580,0.00355,2000.0
1.8044E+02,-0.006757,0.005801,0.00355,2000.0
1.8049E+02,-0.006238,0.006373,0.00355,2000.0
1.8051E+02,-0.006009,0.006575,0.00355,2000.0
1.8056E+02,-0.005431,0.007071,0.00355,2000.0
1.8058E+02,-0.005183,0.007246,0.00355,2000.0
1.8063E+02,-0.004548,0.007667,0.00355,2000.0
1.8065E+02,-0.004282,0.007815,0.00355,2000.0
1.8070E+02,-0.003594,0.008157,0.00355,2000.0
1.8072E+02,-0.003315,0.008273,0.00355,2000.0
1.8077E+02,-0.002592,0.008528,0.00355,2000.0
1.8079E+02,-0.002300,0.008611,0.00355,2000.0
1.8084E+02,-0.001550,0.008776,0.00355,2000.0
1.8086E+02,-0.001251,0.008826,0.00355,2000.0
1.8091E+02,-0.000492,0.008896,0.00355,2000.0
1.8093E+02,-0.000187,0.008914,0.00355,2000.0
1.8099E+02,0.000576,0.008889,0.00355,2000.0
1.8101E+02,0.000878,0.008872,0.00355,2000.0
1.8106E+02,0.001635,0.008755,0.00355,2000.0
1.8108E+02,0.001934,0.008704,0.00355,2000.0
1.8113E+02,0.002669,0.008496,0.00355,2000.0
1.8115E+02,0.002955,0.008414,0.00355,2000.0
1.8117E+02,0.003234,0.008298,0.00355,2000.0
1.8122E+02,0.003941,0.007999,0.00355,2000.0
1.8124E+02,0.004207,0.007852,0.00355,2000.0
1.8129E+02,0.004869,0.007469,0.00355,2000.0
1.8131E+02,0.005115,0.007294,0.00355,2000.0
1.8136E+02,0.005727,0.006832,0.00355,2000.0
1.8138E+02,0.005954,0.006629,0.00355,2000.0
1.8143E+02,0.006503,0.006097,0.00355,2000.0
1.8145E+02,0.006705,0.005871,0.00355,2000.0
1.8150E+02,0.007185,0.005274,0.00355,2000.0
1.8152E+02,0.007361,0.005025,0.00355,2000.0
1.8158E+02,0.007762,0.004378,0.00355,2000.0
1.8160E+02,0.007909,0.004113,0.00355,2000.0
1.8165E+02,0.008230,0.003416,0.00355,2000.0
1.8167E+02,0.008346,0.003135,0.00355,2000.0
1.8172E+02,0.008578,0.002405,0.00355,2000.0
1.8174E+02,0.008662,0.002114,0.00355,2000.0
1.8179E+02,0.008803,0.001363,0.00355,2000.0
1.8181E+02,0.008854,0.001063,0.00355,2000.0
1.8186E+02,0.008901,0.000298,0.00355,2000.0
1.8188E+02,0.008918,0.000000,0.00355,2000.0
1.8190E+02,0.008901,-0.000298,0.00355,2000.0
1.8195E+02,0.008854,-0.001063,0.00355,2000.0
1.8197E+02,0.008803,-0.001363,0.00355,2000.0
1.8202E+02,0.008662,-0.002114,0.00355,2000.0
1.8204E+02,0.008578,-0.002405,0.00355,2000.0
1.8209E+02,0.008346,-0.003135,0.00355,2000.0
1.8211E+02,0.008230,-0.003416,0.00355,2000.0
1.8217E+02,0.007909,-0.004113,0.00355,2000.0
1.8219E+02,0.007762,-0.004378,0.00355,2000.0
1.8224E+02,0.007361,-0.005025,0.00355,2000.0
1.8226E+02,0.007185,-0.005274,0.00355,2000.0
1.8231E+02,0.006705,-0.005871,0.00355,2000.0
1.8233E+02,0.006503,-0.006097,0.00355,2000.0
1.8238E+02,0.005954,-0.006629,0.00355,2000.0
1.8240E+02,0.005727,-0.006832,0.00355,2000.0
1.8245E+02,0.005115,-0.007294,0.00355,2000.0
1.8247E+02,0.004869,-0.007469,0.00355,2000.0
1.8252E+02,0.004207,-0.007852,0.00355,2000.0
1.8254E+02,0.003941,-0.007999,0.00355,2000.0
1.8259E+02,0.003234,-0.008298,0.00355,2000.0
1.8261E+02,0.002955,-0.008414,0.00355,2000.0
1.8263E+02,0.002669,-0.008496,0.00355,2000.0
1.8268E+02,0.001934,-0.008704,0.00355,2000.0
1.8270E+02,0.001635,-0.008755,0.00355,2000.0
1.8276E+02,0.000878,-0.008872,0.00355,2000.0
1.8278E+02,0.000576,-0.008889,0.00355,2000.0
1.8283E+02,-0.000187,-0.008914,0.00355,2000.0
1.8285E+02,-0.000492,-0.008896,0.00355,2000.0
1.8290E+02,-0.001251,-0.008826,0.00355,2000.0
1.8292E+02,-0.001550,-0.008776,0.00355,2000.0
1.8297E+02,-0.002300,-0.008611,0.00355,2000.0
1.8299E+02,-0.002592,-0.008528,0.00355,2000.0
1.8304E+02,-0.003315,-0.008273,0.00355,2000.0
1.8306E+02,-0.003594,-0.008157,0.00355,2000.0
1.8311E+02,-0.004282,-0.007815,0.00355,2000.0
1.8313E+02,-0.004548,-0.007667,0.00355,2000.0
1.8318E+02,-0.005183,-0.007246,0.00355,2000.0
1.8320E+02,-0.005431,-0.007071,0.00355,2000.0
1.8325E+02,-0.006009,-0.006575,0.00355,2000.0
1.8327E+02,-0.006238,-0.006373,0.00355,2000.0
1.8333E+02,-0.006757,-0.005801,0.00355,2000.0
1.8335E+02,-0.006954,-0.005580,0.00355,2000.0
1.8336E+02,-0.007126,-0.005341,0.00355,2000.0
1.8342E+02,-0.007569,-0.004714,0.00355,2000.0
1.8344E+02,-0.007716,-0.004449,0.00355,2000.0
1.8349E+02,-0.008079,-0.003773,0.00355,2000.0
1.8351E+02,-0.008195,-0.003492,0.00355,2000.0
1.8356E+02,-0.008472,-0.002778,0.00355,2000.0
1.8358E+02,-0.008556,-0.002486,0.00355,2000.0
1.8363E+02,-0.008744,-0.001741,0.00355,2000.0
1.8365E+02,-0.008793,-0.001442,0.00355,2000.0
1.8370E+02,-0.008887,-0.000686,0.00355,2000.0
1.8372E+02,-0.008904,-0.000382,0.00355,2000.0
1.8377E+02,-0.008904,0.000382,0.00355,2000.0
1.8379E+02,-0.008887,0.000686,0.00355,2000.0
1.8384E+02,-0.008793,0.001442,0.00355,2000.0
1.8386E+02,-0.008744,0.001741,0.00355,2000.0
1.8391E+02,-0.008556,0.002486,0.00355,2000.0
1.8394E+02,-0.008472,0.002778,0.00355,2000.0
1.8399E+02,-0.008195,0.003492,0.00355,2000.0
1.8401E+02,-0.008079,0.003773,0.00355,2000.0
1.8406E+02,-0.007716,0.004449,0.00355,2000.0
1.8408E+02,-0.007569,0.004714,0.00355,2000.0
1.8413E+02,-0.007126,0.005341,0.00355,0.0
1.8498E+02,-0.007126,0.005341,0.01625,0.0
1.8509E+02,-0.008510,0.006328,0.01625,0.0
1.8591E+02,-0.008510,0.006328,0.00355,2000.0
1.8593E+02,-0.008282,0.006645,0.00355,2000.0
1.8596E+02,-0.008021,0.006938,0.00355,2000.0
1.8602E+02,-0.007433,0.007585,0.00355,2000.0
1.8605E+02,-0.007125,0.007858,0.00355,2000.0
1.8610E+02,-0.006477,0.008414,0.00355,2000.0
1.8613E+02,-0.006143,0.008649,0.00355,2000.0
1.8619E+02,-0.005432,0.009120,0.00355,2000.0
1.8622E+02,-0.005074,0.009320,0.00355,2000.0
1.8627E+02,-0.004299,0.009705,0.00355,2000.0
1.8630E+02,-0.003925,0.009861,0.00355,2000.0
1.8636E+02,-0.003108,0.010149,0.00355,2000.0
1.8638E+02,-0.002715,0.010260,0.00355,2000.0
1.8644E+02,-0.001873,0.010446,0.00355,2000.0
1.8647E+02,-0.001470,0.010513,0.00355,2000.0
1.8653E+02,-0.000620,0.010591,0.00355,2000.0
1.8655E+02,-0.000209,0.010616,0.00355,2000.0
1.8661E+02,0.000652,0.010587,0.00355,2000.0
1.8664E+02,0.001056,0.010565,0.00355,2000.0
1.8670E+02,0.001908,0.010433,0.00355,2000.0
1.8672E+02,0.002309,0.010365,0.00355,2000.0
1.8678E+02,0.003135,0.010131,0.00355,2000.0
1.8681E+02,0.003517,0.010021,0.00355,2000.0
1.8683E+02,0.003891,0.009866,0.00355,2000.0
1.8689E+02,0.004685,0.009530,0.00355,2000.0
1.8692E+02,0.005044,0.009332,0.00355,2000.0
1.8698E+02,0.005789,0.008901,0.00355,2000.0
1.8700E+02,0.006120,0.008665,0.00355,2000.0
1.8706E+02,0.006808,0.008146,0.00355,2000.0
1.8709E+02,0.007113,0.007874,0.00355,2000.0
1.8714E+02,0.007730,0.007275,0.00355,2000.0
1.8717E+02,0.008002,0.006971,0.00355,2000.0
1.8723E+02,0.008543,0.006298,0.00355,2000.0
1.8726E+02,0.008779,0.005964,0.00355,2000.0
1.8731E+02,0.009229,0.005239,0.00355,2000.0
1.8734E+02,0.009426,0.004882,0.00355,2000.0
1.8740E+02,0.009788,0.004096,0.00355,2000.0
1.8743E+02,0.009945,0.003718,0.00355,2000.0
1.8748E+02,0.010205,0.002898,0.00355,2000.0
1.8751E+02,0.010318,0.002507,0.00355,2000.0
1.8757E+02,0.010477,0.001662,0.00355,2000.0
1.8760E+02,0.010545,0.001258,0.00355,2000.0
1.8765E+02,0.010598,0.000399,0.00355,2000.0
1.8768E+02,0.010621,0.000000,0.00355,2000.0
1.8771E+02,0.010598,-0.000399,0.00355,2000.0
1.8776E+02,0.010545,-0.001258,0.00355,2000.0
1.8779E+02,0.010477,-0.001662,0.00355,2000.0
1.8785E+02,0.010318,-0.002507,0.00355,2000.0
1.8787E+02,0.010205,-0.002898,0.00355,2000.0
1.8793E+02,0.009945,-0.003718,0.00355,2000.0
1.8796E+02,0.009788,-0.004096,0.00355,2000.0
1.8802E+02,0.009426,-0.004882,0.00355,2000.0
1.8804E+02,0.009229,-0.005239,0.00355,2000.0
1.8810E+02,0.008779,-0.005964,0.00355,2000.0
1.8813E+02,0.008543,-0.006298,0.00355,2000.0
1.8819E+02,0.008002,-0.006971,0.00355,2000.0
1.8821E+02,0.007730,-0.007275,0.00355,2000.0
1.8827E+02,0.007113,-0.007874,0.00355,2000.0
1.8830E+02,0.006808,-0.008146,0.00355,2000.0
1.8836E+02,0.006120,-0.008665,0.00355,2000.0
1.8838E+02,0.005789,-0.008901,0.00355,2000.0
1.8844E+02,0.005044,-0.009332,0.00355,2000.0
1.8847E+02,0.004685,-0.009530,0.00355,2000.0
1.8852E+02,0.003891,-0.009866,0.00355,2000.0
1.8855E+02,0.003517,-0.010021,0.00355,2000.0
1.8858E+02,0.003135,-0.010131,0.00355,2000.0
1.8864E+02,0.002309,-0.010365,0.00355,2000.0
1.8866E+02,0.001908,-0.010433,0.00355,2000.0
1.8872E+02,0.001056,-0.010565,0.00355,2000.0
1.8875E+02,0.000652,-0.010587,0.00355,2000.0
1.8880E+02,-0.000209,-0.010616,0.00355,2000.0
1.8883E+02,-0.000620,-0.010591,0.00355,2000.0
1.8889E+02,-0.001470,-0.010513,0.00355,2000.0
1.8892E+02,-0.001873,-0.010446,0.00355,2000.0
1.8897E+02,-0.002715,-0.010260,0.00355,2000.0
1.8900E+02,-0.003108,-0.010149,0.00355,2000.0
1.8906E+02,-0.003925,-0.009861,0.00355,2000.0
1.8909E+02,-0.004299,-0.009705,0.00355,2000.0
1.8914E+02,-0.005074,-0.009320,0.00355,2000.0
1.8917E+02,-0.005432,-0.009120,0.00355,2000.0
1.8923E+02,-0.006143,-0.008649,0.00355,2000.0
1.8925E+02,-0.006477,-0.008414,0.00355,2000.0
1.8931E+02,-0.007125,-0.007858,0.00355,2000.0
1.8934E+02,-0.007433,-0.007585,0.00355,2000.0
1.8940E+02,-0.008021,-0.006938,0.00355,2000.0
1.8942E+02,-0.008282,-0.006645,0.00355,2000.0
1.8945E+02,-0.008510,-0.006328,0.00355,2000.0
1.8951E+02,-0.009011,-0.005619,0.00355,2000.0
1.8953E+02,-0.009208,-0.005263,0.00355,2000.0
1.8959E+02,-0.009617,-0.004501,0.00355,2000.0
1.8962E+02,-0.009773,-0.004124,0.00355,2000.0
1.8968E+02,-0.010085,-0.003322,0.00355,2000.0
1.8970E+02,-0.010197,-0.002929,0.00355,2000.0
1.8976E+02,-0.010410,-0.002087,0.00355,2000.0
1.8979E+02,-0.010476,-0.001684,0.00355,2000.0
1.8985E+02,-0.010581,-0.000839,0.00355,2000.0
1.8987E+02,-0.010604,-0.000429,0.00355,2000.0
1.8993E+02,-0.010604,0.000429,0.00355,2000.0
1.8996E+02,-0.010581,0.000839,0.00355,2000.0
1.9001E+02,-0.010476,0.001684,0.00355,2000.0
1.9004E+02,-0.010410,0.002087,0.00355,2000.0
1.9010E+02,-0.010197,0.002929,0.00355,2000.0
1.9013E+02,-0.010085,0.003322,0.00355,2000.0
1.9018E+02,-0.009773,0.004124,0.00355,2000.0
1.9021E+02,-0.009617,0.004501,0.00355,2000.0
1.9027E+02,-0.009208,0.005263,0.00355,2000.0
1.9030E+02,-0.009011,0.005619,0.00355,2000.0
1.9035E+02,-0.008510,0.006328,0.00355,0.0
1.9120E+02,-0.008510,0.006328,0.01625,0.0
1.9131E+02,-0.009894,0.007315,0.01625,0.0
1.9213E+02,-0.009894,0.007315,0.00355,2000.0
1.9217E+02,-0.009610,0.007710,0.00355,2000.0
1.9220E+02,-0.009285,0.008075,0.00355,2000.0
1.9226E+02,-0.008629,0.008796,0.00355,2000.0
1.9230E+02,-0.008242,0.009139,0.00355,2000.0
1.9236E+02,-0.007522,0.009757,0.00355,2000.0
1.9240E+02,-0.007102,0.010053,0.00355,2000.0
1.9246E+02,-0.006317,0.010573,0.00355,2000.0
1.9249E+02,-0.005867,0.010824,0.00355,2000.0
1.9256E+02,-0.005005,0.011252,0.00355,2000.0
1.9259E+02,-0.004535,0.011448,0.00355,2000.0
1.9266E+02,-0.003622,0.011770,0.00355,2000.0
1.9269E+02,-0.003130,0.011909,0.00355,2000.0
1.9275E+02,-0.002196,0.012116,0.00355,2000.0
1.9279E+02,-0.001687,0.012200,0.00355,2000.0
1.9285E+02,-0.000749,0.012286,0.00355,2000.0
1.9288E+02,-0.000232,0.012318,0.00355,2000.0
1.9295E+02,0.000727,0.012285,0.00355,2000.0
1.9298E+02,0.001233,0.012258,0.00355,2000.0
1.9305E+02,0.002180,0.012111,0.00355,2000.0
1.9308E+02,0.002684,0.012026,0.00355,2000.0
1.9314E+02,0.003602,0.011766,0.00355,2000.0
1.9318E+02,0.004079,0.011628,0.00355,2000.0
1.9321E+02,0.004548,0.011434,0.00355,2000.0
1.9328E+02,0.005429,0.011061,0.00355,2000.0
1.9331E+02,0.005880,0.010812,0.00355,2000.0
1.9337E+02,0.006710,0.010332,0.00355,2000.0
1.9341E+02,0.007126,0.010036,0.00355,2000.0
1.9347E+02,0.007887,0.009461,0.00355,2000.0
1.9351E+02,0.008271,0.009119,0.00355,2000.0
1.9357E+02,0.008957,0.008453,0.00355,2000.0
1.9360E+02,0.009299,0.008071,0.00355,2000.0
1.9367E+02,0.009901,0.007322,0.00355,2000.0
1.9370E+02,0.010197,0.006904,0.00355,2000.0
1.9376E+02,0.010696,0.006098,0.00355,2000.0
1.9380E+02,0.010944,0.005649,0.00355,2000.0
1.9386E+02,0.011346,0.004778,0.00355,2000.0
1.9390E+02,0.011543,0.004302,0.00355,2000.0
1.9396E+02,0.011832,0.003391,0.00355,2000.0
1.9399E+02,0.011974,0.002901,0.00355,2000.0
1.9406E+02,0.012151,0.001960,0.00355,2000.0
1.9409E+02,0.012236,0.001452,0.00355,2000.0
1.9416E+02,0.012295,0.000500,0.00355,2000.0
1.9419E+02,0.012324,0.000000,0.00355,2000.0
1.9422E+02,0.012295,-0.000500,0.00355,2000.0
1.9429E+02,0.012236,-0.001452,0.00355,2000.0
1.9432E+02,0.012151,-0.001960,0.00355,2000.0
1.9439E+02,0.011974,-0.002901,0.00355,2000.0
1.9442E+02,0.011832,-0.003391,0.00355,2000.0
1.9448E+02,0.011543,-0.004302,0.00355,2000.0
1.9452E+02,0.011346,-0.004778,0.00355,2000.0
1.9458E+02,0.010944,-0.005649,0.00355,2000.0
1.9462E+02,0.010696,-0.006098,0.00355,2000.0
1.9468E+02,0.010197,-0.006904,0.00355,2000.0
1.9471E+02,0.009901,-0.007322,0.00355,2000.0
1.9478E+02,0.009299,-0.008071,0.00355,2000.0
1.9481E+02,0.008957,-0.008453,0.00355,2000.0
1.9487E+02,0.008271,-0.009119,0.00355,2000.0
1.9491E+02,0.007887,-0.009461,0.00355,2000.0
1.9497E+02,0.007126,-0.010036,0.00355,2000.0
1.9501E+02,0.006710,-0.010332,0.00355,2000.0
1.9507E+02,0.005880,-0.010812,0.00355,2000.0
1.9510E+02,0.005429,-0.011061,0.00355,2000.0
1.9517E+02,0.004548,-0.011434,0.00355,2000.0
1.9520E+02,0.004079,-0.011628,0.00355,2000.0
1.9524E+02,0.003602,-0.011766,0.00355,2000.0
1.9530E+02,0.002684,-0.012026,0.00355,2000.0
1.9533E+02,0.002180,-0.012111,0.00355,2000.0
1.9540E+02,0.001233,-0.012258,0.00355,2000.0
1.9543E+02,0.000727,-0.012285,0.00355,2000.0
1.9549E+02,-0.000232,-0.012318,0.00355,2000.0
1.9553E+02,-0.000749,-0.012286,0.00355,2000.0
1.9559E+02,-0.001687,-0.012200,0.00355,2000.0
1.9563E+02,-0.002196,-0.012116,0.00355,2000.0
1.9569E+02,-0.003130,-0.011909,0.00355,2000.0
1.9572E+02,-0.003622,-0.011770,0.00355,2000.0
1.9579E+02,-0.004535,-0.011448,0.00355,2000.0
1.9582E+02,-0.005005,-0.011252,0.00355,2000.0
1.9589E+02,-0.005867,-0.010824,0.00355,2000.0
1.9592E+02,-0.006317,-0.010573,0.00355,2000.0
1.9598E+02,-0.007102,-0.010053,0.00355,2000.0
1.9602E+02,-0.007522,-0.009757,0.00355,2000.0
1.9608E+02,-0.008242,-0.009139,0.00355,2000.0
1.9612E+02,-0.008629,-0.008796,0.00355,2000.0
1.9618E+02,-0.009285,-0.008075,0.00355,2000.0
1.9621E+02,-0.009610,-0.007710,0.00355,2000.0
1.9625E+02,-0.009894,-0.007315,0.00355,2000.0
1.9631E+02,-0.010453,-0.006524,0.00355,2000.0
1.9634E+02,-0.010701,-0.006077,0.00355,2000.0
1.9641E+02,-0.011155,-0.005230,0.00355,2000.0
1.9644E+02,-0.011351,-0.004757,0.00355,2000.0
1.9651E+02,-0.011698,-0.003864,0.00355,2000.0
1.9654E+02,-0.011839,-0.003371,0.00355,2000.0
1.9661E+02,-0.012076,-0.002433,0.00355,2000.0
1.9664E+02,-0.012159,-0.001926,0.00355,2000.0
1.9670E+02,-0.012275,-0.000992,0.00355,2000.0
1.9674E+02,-0.012304,-0.000477,0.00355,2000.0
1.9680E+02,-0.012304,0.000477,0.00355,2000.0
1.9683E+02,-0.012275,0.000992,0.00355,2000.0
1.9690E+02,-0.012159,0.001926,0.00355,2000.0
1.9693E+02,-0.012076,0.002433,0.00355,2000.0
1.9700E+02,-0.011839,0.003371,0.00355,2000.0
1.9703E+02,-0.011698,0.003864,0.00355,2000.0
1.9709E+02,-0.011351,0.004757,0.00355,2000.0
1.9713E+02,-0.011155,0.005230,0.00355,2000.0
1.9719E+02,-0.010701,0.006077,0.00355,2000.0
1.9723E+02,-0.010453,0.006524,0.00355,2000.0
1.9729E+02,-0.009894,0.007315,0.00355,0.0
1.9814E+02,-0.009894,0.007315,0.01625,0.0
1.9829E+02,-0.011899,0.008402,0.01625,0.0
1.9911E+02,-0.011899,0.008402,0.00355,2000.0
1.9912E+02,-0.011949,0.008328,0.00355,2000.0
1.9918E+02,-0.012472,0.007526,0.00355,2000.0
1.9919E+02,-0.012537,0.007412,0.00355,2000.0
1.9925E+02,-0.012976,0.006619,0.00355,2000.0
1.9926E+02,-0.013036,0.006493,0.00355,2000.0
1.9932E+02,-0.013431,0.005639,0.00355,2000.0
1.9933E+02,-0.013472,0.005534,0.00355,2000.0
1.9939E+02,-0.013802,0.004659,0.00355,2000.0
1.9940E+02,-0.013832,0.004559,0.00355,2000.0
1.9946E+02,-0.014099,0.003659,0.00355,2000.0
1.9949E+02,-0.014204,0.003194,0.00355,2000.0
1.9953E+02,-0.014328,0.002626,0.00355,2000.0
1.9954E+02,-0.014348,0.002496,0.00355,2000.0
1.9960E+02,-0.014479,0.001594,0.00355,2000.0
1.9967E+02,-0.014557,0.000522,0.00355,2000.0
1.9974E+02,-0.014557,-0.000522,0.00355,2000.0
1.9981E+02,-0.014479,-0.001594,0.00355,2000.0
1.9987E+02,-0.014348,-0.002496,0.00355,2000.0
1.9988E+02,-0.014328,-0.002626,0.00355,2000.0
1.9993E+02,-0.014175,-0.003322,0.00355,2000.0
1.9995E+02,-0.014099,-0.003659,0.00355,2000.0
2.0002E+02,-0.013832,-0.004559,0.00355,2000.0
2.0002E+02,-0.013798,-0.004670,0.00355,2000.0
2.0008E+02,-0.013472,-0.005534,0.00355,2000.0
2.0009E+02,-0.013429,-0.005646,0.00355,2000.0
2.0015E+02,-0.013037,-0.006492,0.00355,2000.0
2.0016E+02,-0.012981,-0.006611,0.00355,2000.0
2.0022E+02,-0.012536,-0.007414,0.00355,2000.0
2.0023E+02,-0.012469,-0.007533,0.00355,2000.0
2.0030E+02,-0.011950,-0.008327,0.00355,2000.0
2.0030E+02,-0.011899,-0.008402,0.00355,2000.0
2.0036E+02,-0.011340,-0.009139,0.00355,2000.0
2.0037E+02,-0.011255,-0.009248,0.00355,2000.0
2.0043E+02,-0.010657,-0.009926,0.00355,2000.0
2.0045E+02,-0.010542,-0.010053,0.00355,2000.0
2.0051E+02,-0.009877,-0.010705,0.00355,2000.0
2.0051E+02,-0.009802,-0.010776,0.00355,2000.0
2.0058E+02,-0.009100,-0.011373,0.00355,2000.0
2.0058E+02,-0.009003,-0.011452,0.00355,2000.0
2.0065E+02,-0.008266,-0.011992,0.00355,2000.0
2.0066E+02,-0.008143,-0.012077,0.00355,2000.0
2.0072E+02,-0.007343,-0.012579,0.00355,2000.0
2.0073E+02,-0.007228,-0.012648,0.00355,2000.0
2.0079E+02,-0.006446,-0.013062,0.00355,2000.0
2.0080E+02,-0.006316,-0.013127,0.00355,2000.0
2.0086E+02,-0.005468,-0.013502,0.00355,2000.0
2.0087E+02,-0.005352,-0.013549,0.00355,2000.0
2.0093E+02,-0.004452,-0.013870,0.00355,2000.0
2.0094E+02,-0.004376,-0.013894,0.00355,2000.0
2.0100E+02,-0.003437,-0.014156,0.00355,2000.0
2.0101E+02,-0.003345,-0.014178,0.00355,2000.0
2.0107E+02,-0.002432,-0.014362,0.00355,2000.0
2.0108E+02,-0.002278,-0.014388,0.00355,2000.0
2.0114E+02,-0.001405,-0.014499,0.00355,2000.0
2.0115E+02,-0.001233,-0.014514,0.00355,2000.0
2.0121E+02,-0.000356,-0.014562,0.00355,2000.0
2.0122E+02,-0.000208,-0.014565,0.00355,2000.0
2.0128E+02,0.000768,-0.014547,0.00355,2000.0
2.0129E+02,0.000829,-0.014544,0.00355,2000.0
2.0135E+02,0.001816,-0.014454,0.00355,2000.0
2.0136E+02,0.001919,-0.014441,0.00355,2000.0
2.0142E+02,0.002800,-0.014296,0.00355,2000.0
2.0143E+02,0.002925,-0.014270,0.00355,2000.0
2.0149E+02,0.003863,-0.014046,0.00355,2000.0
2.0150E+02,0.003933,-0.014026,0.00355,2000.0
2.0156E+02,0.004883,-0.013726,0.00355,2000.0
2.0157E+02,0.004923,-0.013711,0.00355,2000.0
2.0163E+02,0.005862,-0.013336,0.00355,2000.0
2.0164E+02,0.005934,-0.013304,0.00355,2000.0
2.0170E+02,0.006784,-0.012891,0.00355,2000.0
2.0171E+02,0.006908,-0.012824,0.00355,2000.0
2.0177E+02,0.007730,-0.012349,0.00355,2000.0
2.0178E+02,0.007758,-0.012331,0.00355,2000.0
2.0178E+02,0.007758,-0.012330,0.00355,2000.0
2.0184E+02,0.008583,-0.011770,0.00355,2000.0
2.0185E+02,0.008671,-0.011704,0.00355,2000.0
2.0191E+02,0.009401,-0.011128,0.00355,2000.0
2.0192E+02,0.009498,-0.011043,0.00355,2000.0
2.0198E+02,0.010185,-0.010415,0.00355,2000.0
2.0199E+02,0.010274,-0.010325,0.00355,2000.0
2.0205E+02,0.010916,-0.009647,0.00355,2000.0
2.0206E+02,0.010958,-0.009596,0.00355,2000.0
2.0212E+02,0.011592,-0.008823,0.00355,2000.0
2.0213E+02,0.011639,-0.008758,0.00355,2000.0
2.0219E+02,0.012196,-0.007967,0.00355,2000.0
2.0220E+02,0.012232,-0.007909,0.00355,2000.0
2.0226E+02,0.012727,-0.007087,0.00355,2000.0
2.0227E+02,0.012779,-0.006987,0.00355,2000.0
2.0234E+02,0.013215,-0.006128,0.00355,2000.0
2.0234E+02,0.013248,-0.006051,0.00355,2000.0
2.0241E+02,0.013626,-0.005152,0.00355,2000.0
2.0241E+02,0.013653,-0.005073,0.00355,2000.0
2.0241E+02,0.013652,-0.005073,0.00355,2000.0
2.0248E+02,0.013961,-0.004159,0.00355,2000.0
2.0255E+02,0.014227,-0.003128,0.00355,2000.0
2.0262E+02,0.014412,-0.002115,0.00355,2000.0
2.0269E+02,0.014527,-0.001060,0.00355,2000.0
2.0269E+02,0.014532,-0.000948,0.00355,2000.0
2.0276E+02,0.014567,-0.000001,0.00355,2000.0
2.0282E+02,0.014532,0.000936,0.00355,2000.0
2.0283E+02,0.014527,0.001061,0.00355,2000.0
2.0289E+02,0.014425,0.001998,0.00355,2000.0
2.0290E+02,0.014412,0.002117,0.00355,2000.0
2.0297E+02,0.014227,0.003127,0.00355,2000.0
2.0303E+02,0.013989,0.004047,0.00355,2000.0
2.0304E+02,0.013956,0.004174,0.00355,2000.0
2.0310E+02,0.013662,0.005044,0.00355,2000.0
2.0311E+02,0.013619,0.005170,0.00355,2000.0
2.0316E+02,0.013326,0.005866,0.00355,2000.0
2.0318E+02,0.013208,0.006141,0.00355,2000.0
2.0324E+02,0.012797,0.006953,0.00355,2000.0
2.0325E+02,0.012733,0.007076,0.00355,2000.0
2.0331E+02,0.012252,0.007876,0.00355,2000.0
2.0332E+02,0.012200,0.007960,0.00355,2000.0
2.0338E+02,0.011648,0.008744,0.00355,2000.0
2.0339E+02,0.011578,0.008842,0.00355,2000.0
2.0345E+02,0.010985,0.009565,0.00355,2000.0
2.0346E+02,0.010914,0.009649,0.00355,2000.0
2.0352E+02,0.010264,0.010335,0.00355,2000.0
2.0353E+02,0.010192,0.010409,0.00355,2000.0
2.0359E+02,0.009477,0.011061,0.00355,2000.0
2.0360E+02,0.009407,0.011124,0.00355,2000.0
2.0366E+02,0.008671,0.011704,0.00355,2000.0
2.0367E+02,0.008589,0.011766,0.00355,2000.0
2.0374E+02,0.007758,0.012330,0.00355,2000.0
2.0374E+02,0.007758,0.012331,0.00355,2000.0
2.0374E+02,0.007730,0.012349,0.00355,2000.0
2.0380E+02,0.006877,0.012841,0.00355,2000.0
2.0381E+02,0.006810,0.012878,0.00355,2000.0
2.0388E+02,0.005923,0.013308,0.00355,2000.0
2.0388E+02,0.005856,0.013339,0.00355,2000.0
2.0395E+02,0.004923,0.013711,0.00355,2000.0
2.0395E+02,0.004883,0.013726,0.00355,2000.0
2.0402E+02,0.003933,0.014026,0.00355,2000.0
2.0402E+02,0.003863,0.014046,0.00355,2000.0
2.0409E+02,0.002925,0.014270,0.00355,2000.0
2.0409E+02,0.002800,0.014296,0.00355,2000.0
2.0415E+02,0.001919,0.014441,0.00355,2000.0
2.0416E+02,0.001816,0.014454,0.00355,2000.0
2.0423E+02,0.000829,0.014544,0.00355,2000.0
2.0423E+02,0.000768,0.014547,0.00355,2000.0
2.0430E+02,-0.000208,0.014565,0.00355,2000.0
2.0431E+02,-0.000356,0.014562,0.00355,2000.0
2.0436E+02,-0.001233,0.014514,0.00355,2000.0
2.0438E+02,-0.001405,0.014499,0.00355,2000.0
2.0443E+02,-0.002278,0.014388,0.00355,2000.0
2.0444E+02,-0.002432,0.014362,0.00355,2000.0
2.0451E+02,-0.003345,0.014178,0.00355,2000.0
2.0451E+02,-0.003437,0.014156,0.00355,2000.0
2.0458E+02,-0.004376,0.013894,0.00355,2000.0
2.0458E+02,-0.004452,0.013870,0.00355,2000.0
2.0465E+02,-0.005352,0.013549,0.00355,2000.0
2.0466E+02,-0.005468,0.013502,0.00355,2000.0
2.0472E+02,-0.006316,0.013127,0.00355,2000.0
2.0473E+02,-0.006446,0.013062,0.00355,2000.0
2.0479E+02,-0.007228,0.012648,0.00355,2000.0
2.0479E+02,-0.007343,0.012579,0.00355,2000.0
2.0486E+02,-0.008143,0.012077,0.00355,2000.0
2.0487E+02,-0.008266,0.011992,0.00355,2000.0
2.0493E+02,-0.009003,0.011452,0.00355,2000.0
2.0494E+02,-0.009100,0.011373,0.00355,2000.0
2.0500E+02,-0.009802,0.010775,0.00355,2000.0
2.0501E+02,-0.009878,0.010704,0.00355,2000.0
2.0507E+02,-0.010542,0.010053,0.00355,2000.0
2.0508E+02,-0.010657,0.009926,0.00355,2000.0
2.0514E+02,-0.011255,0.009248,0.00355,2000.0
2.0515E+02,-0.011340,0.009139,0.00355,2000.0
2.0521E+02,-0.011899,0.008402,0.00355,0.0
2.0606E+02,-0.011899,0.008402,0.01625,0.0
2.0617E+02,-0.013277,0.009399,0.01625,0.0
2.0699E+02,-0.013277,0.009399,0.00355,2000.0
2.0700E+02,-0.013373,0.009257,0.00355,2000.0
2.0707E+02,-0.013923,0.008414,0.00355,2000.0
2.0708E+02,-0.014015,0.008252,0.00355,2000.0
2.0715E+02,-0.014495,0.007385,0.00355,2000.0
2.0716E+02,-0.014573,0.007220,0.00355,2000.0
2.0723E+02,-0.014992,0.006315,0.00355,2000.0
2.0724E+02,-0.015057,0.006147,0.00355,2000.0
2.0730E+02,-0.015411,0.005211,0.00355,2000.0
2.0732E+02,-0.015459,0.005053,0.00355,2000.0
2.0738E+02,-0.015745,0.004088,0.00355,2000.0
2.0740E+02,-0.015786,0.003907,0.00355,2000.0
2.0740E+02,-0.015787,0.003907,0.00355,2000.0
2.0746E+02,-0.016002,0.002929,0.00355,2000.0
2.0747E+02,-0.016029,0.002750,0.00355,2000.0
2.0754E+02,-0.016172,0.001764,0.00355,2000.0
2.0755E+02,-0.016185,0.001594,0.00355,2000.0
2.0755E+02,-0.016184,0.001594,0.00355,2000.0
2.0762E+02,-0.016257,0.000590,0.00355,2000.0
2.0770E+02,-0.016257,-0.000590,0.00355,2000.0
2.0776E+02,-0.016184,-0.001594,0.00355,2000.0
2.0776E+02,-0.016185,-0.001594,0.00355,2000.0
2.0778E+02,-0.016172,-0.001764,0.00355,2000.0
2.0784E+02,-0.016029,-0.002750,0.00355,2000.0
2.0785E+02,-0.016002,-0.002929,0.00355,2000.0
2.0792E+02,-0.015787,-0.003907,0.00355,2000.0
2.0792E+02,-0.015786,-0.003907,0.00355,2000.0
2.0793E+02,-0.015745,-0.004088,0.00355,2000.0
2.0800E+02,-0.015459,-0.005053,0.00355,2000.0
2.0801E+02,-0.015411,-0.005211,0.00355,2000.0
2.0808E+02,-0.015057,-0.006147,0.00355,2000.0
2.0809E+02,-0.014992,-0.006315,0.00355,2000.0
2.0816E+02,-0.014574,-0.007219,0.00355,2000.0
2.0817E+02,-0.014496,-0.007384,0.00355,2000.0
2.0824E+02,-0.014015,-0.008252,0.00355,2000.0
2.0825E+02,-0.013921,-0.008418,0.00355,2000.0
2.0832E+02,-0.013373,-0.009257,0.00355,2000.0
2.0833E+02,-0.013277,-0.009399,0.00355,2000.0
2.0839E+02,-0.012681,-0.010184,0.00355,2000.0
2.0841E+02,-0.012561,-0.010338,0.00355,2000.0
2.0847E+02,-0.011914,-0.011071,0.00355,2000.0
2.0848E+02,-0.011771,-0.011228,0.00355,2000.0
2.0855E+02,-0.011051,-0.011935,0.00355,2000.0
2.0856E+02,-0.010939,-0.012040,0.00355,2000.0
2.0863E+02,-0.010177,-0.012688,0.00355,2000.0
2.0864E+02,-0.010039,-0.012801,0.00355,2000.0
2.0871E+02,-0.009251,-0.013378,0.00355,2000.0
2.0872E+02,-0.009088,-0.013491,0.00355,2000.0
2.0879E+02,-0.008216,-0.014038,0.00355,2000.0
2.0880E+02,-0.008069,-0.014126,0.00355,2000.0
2.0886E+02,-0.007206,-0.014583,0.00355,2000.0
2.0888E+02,-0.007046,-0.014663,0.00355,2000.0
2.0894E+02,-0.006129,-0.015068,0.00355,2000.0
2.0895E+02,-0.005964,-0.015135,0.00355,2000.0
2.0902E+02,-0.005000,-0.015479,0.00355,2000.0
2.0903E+02,-0.004855,-0.015526,0.00355,2000.0
2.0910E+02,-0.003878,-0.015798,0.00355,2000.0
2.0911E+02,-0.003711,-0.015839,0.00355,2000.0
2.0918E+02,-0.002754,-0.016031,0.00355,2000.0
2.0919E+02,-0.002529,-0.016069,0.00355,2000.0
2.0926E+02,-0.001578,-0.016190,0.00355,2000.0
2.0927E+02,-0.001371,-0.016209,0.00355,2000.0
2.0934E+02,-0.000399,-0.016262,0.00355,2000.0
2.0935E+02,-0.000204,-0.016265,0.00355,2000.0
2.0942E+02,0.000821,-0.016247,0.00355,2000.0
2.0943E+02,0.000960,-0.016239,0.00355,2000.0
2.0949E+02,0.001981,-0.016146,0.00355,2000.0
2.0951E+02,0.002161,-0.016124,0.00355,2000.0
2.0957E+02,0.003127,-0.015965,0.00355,2000.0
2.0958E+02,0.003308,-0.015927,0.00355,2000.0
2.0965E+02,0.004276,-0.015696,0.00355,2000.0
2.0966E+02,0.004446,-0.015647,0.00355,2000.0
2.0973E+02,0.005420,-0.015339,0.00355,2000.0
2.0974E+02,0.005538,-0.015296,0.00355,2000.0
2.0981E+02,0.006525,-0.014902,0.00355,2000.0
2.0982E+02,0.006652,-0.014845,0.00355,2000.0
2.0989E+02,0.007566,-0.014401,0.00355,2000.0
2.0990E+02,0.007716,-0.014320,0.00355,2000.0
2.0997E+02,0.008613,-0.013802,0.00355,2000.0
2.0997E+02,0.008713,-0.013737,0.00355,2000.0
2.1004E+02,0.009572,-0.013154,0.00355,2000.0
2.1005E+02,0.009693,-0.013063,0.00355,2000.0
2.1012E+02,0.010505,-0.012422,0.00355,2000.0
2.1013E+02,0.010621,-0.012320,0.00355,2000.0
2.1020E+02,0.011362,-0.011643,0.00355,2000.0
2.1021E+02,0.011486,-0.011517,0.00355,2000.0
2.1028E+02,0.012181,-0.010783,0.00355,2000.0
2.1029E+02,0.012273,-0.010674,0.00355,2000.0
2.1036E+02,0.012933,-0.009869,0.00355,2000.0
2.1037E+02,0.013029,-0.009736,0.00355,2000.0
2.1044E+02,0.013615,-0.008903,0.00355,2000.0
2.1045E+02,0.013688,-0.008786,0.00355,2000.0
2.1051E+02,0.014214,-0.007913,0.00355,2000.0
2.1053E+02,0.014295,-0.007756,0.00355,2000.0
2.1059E+02,0.014752,-0.006855,0.00355,2000.0
2.1060E+02,0.014815,-0.006710,0.00355,2000.0
2.1067E+02,0.015215,-0.005758,0.00355,2000.0
2.1068E+02,0.015263,-0.005617,0.00355,2000.0
2.1075E+02,0.015591,-0.004646,0.00355,2000.0
2.1076E+02,0.015631,-0.004494,0.00355,2000.0
2.1076E+02,0.015630,-0.004494,0.00355,2000.0
2.1083E+02,0.015887,-0.003500,0.00355,2000.0
2.1091E+02,0.016096,-0.002357,0.00355,2000.0
2.1099E+02,0.016224,-0.001180,0.00355,2000.0
2.1100E+02,0.016231,-0.001010,0.00355,2000.0
2.1107E+02,0.016268,0.000000,0.00355,2000.0
2.1113E+02,0.016231,0.001004,0.00355,2000.0
2.1114E+02,0.016224,0.001180,0.00355,2000.0
2.1121E+02,0.016115,0.002184,0.00355,2000.0
2.1122E+02,0.016096,0.002357,0.00355,2000.0
2.1130E+02,0.015887,0.003500,0.00355,2000.0
2.1137E+02,0.015633,0.004481,0.00355,2000.0
2.1138E+02,0.015586,0.004659,0.00355,2000.0
2.1145E+02,0.015270,0.005596,0.00355,2000.0
2.1146E+02,0.015211,0.005768,0.00355,2000.0
2.1152E+02,0.014825,0.006687,0.00355,2000.0
2.1152E+02,0.014824,0.006687,0.00355,2000.0
2.1154E+02,0.014748,0.006863,0.00355,2000.0
2.1160E+02,0.014305,0.007738,0.00355,2000.0
2.1162E+02,0.014217,0.007907,0.00355,2000.0
2.1168E+02,0.013699,0.008768,0.00355,2000.0
2.1169E+02,0.013617,0.008901,0.00355,2000.0
2.1176E+02,0.013029,0.009736,0.00355,2000.0
2.1177E+02,0.012927,0.009878,0.00355,2000.0
2.1184E+02,0.012300,0.010643,0.00355,2000.0
2.1185E+02,0.012183,0.010781,0.00355,2000.0
2.1192E+02,0.011482,0.011521,0.00355,2000.0
2.1193E+02,0.011373,0.011633,0.00355,2000.0
2.1200E+02,0.010621,0.012319,0.00355,2000.0
2.1201E+02,0.010505,0.012422,0.00355,2000.0
2.1208E+02,0.009693,0.013063,0.00355,2000.0
2.1209E+02,0.009572,0.013154,0.00355,2000.0
2.1216E+02,0.008713,0.013737,0.00355,2000.0
2.1216E+02,0.008613,0.013802,0.00355,2000.0
2.1223E+02,0.007716,0.014320,0.00355,2000.0
2.1224E+02,0.007573,0.014398,0.00355,2000.0
2.1231E+02,0.006655,0.014843,0.00355,2000.0
2.1232E+02,0.006525,0.014902,0.00355,2000.0
2.1239E+02,0.005538,0.015296,0.00355,2000.0
2.1240E+02,0.005420,0.015339,0.00355,2000.0
2.1247E+02,0.004446,0.015647,0.00355,2000.0
2.1248E+02,0.004276,0.015696,0.00355,2000.0
2.1255E+02,0.003308,0.015927,0.00355,2000.0
2.1256E+02,0.003127,0.015965,0.00355,2000.0
2.1262E+02,0.002161,0.016124,0.00355,2000.0
2.1264E+02,0.001981,0.016146,0.00355,2000.0
2.1270E+02,0.000960,0.016239,0.00355,2000.0
2.1271E+02,0.000821,0.016247,0.00355,2000.0
2.1278E+02,-0.000204,0.016265,0.00355,2000.0
2.1279E+02,-0.000399,0.016262,0.00355,2000.0
2.1286E+02,-0.001371,0.016209,0.00355,2000.0
2.1287E+02,-0.001578,0.016190,0.00355,2000.0
2.1294E+02,-0.002529,0.016069,0.00355,2000.0
2.1295E+02,-0.002754,0.016031,0.00355,2000.0
2.1302E+02,-0.003711,0.015839,0.00355,2000.0
2.1303E+02,-0.003878,0.015798,0.00355,2000.0
2.1310E+02,-0.004855,0.015526,0.00355,2000.0
2.1311E+02,-0.005000,0.015479,0.00355,2000.0
2.1318E+02,-0.005964,0.015135,0.00355,2000.0
2.1319E+02,-0.006129,0.015068,0.00355,2000.0
2.1325E+02,-0.007046,0.014663,0.00355,2000.0
2.1327E+02,-0.007206,0.014583,0.00355,2000.0
2.1333E+02,-0.008069,0.014126,0.00355,2000.0
2.1334E+02,-0.008216,0.014038,0.00355,2000.0
2.1341E+02,-0.009088,0.013491,0.00355,2000.0
2.1342E+02,-0.009251,0.013378,0.00355,2000.0
2.1349E+02,-0.010039,0.012801,0.00355,2000.0
2.1350E+02,-0.010177,0.012688,0.00355,2000.0
2.1357E+02,-0.010939,0.012040,0.00355,2000.0
2.1358E+02,-0.011054,0.011932,0.00355,2000.0
2.1365E+02,-0.011771,0.011228,0.00355,2000.0
2.1366E+02,-0.011914,0.011071,0.00355,2000.0
2.1372E+02,-0.012561,0.010338,0.00355,2000.0
2.1374E+02,-0.012681,0.010184,0.00355,2000.0
2.1380E+02,-0.013277,0.009399,0.00355,0.0
2.1465E+02,-0.013277,0.009399,0.01625,0.0
2.1476E+02,-0.014665,0.010383,0.01625,0.0
2.1558E+02,-0.014665,0.010383,0.00355,2000.0
2.1560E+02,-0.014784,0.010206,0.00355,2000.0
2.1567E+02,-0.015376,0.009298,0.00355,2000.0
2.1569E+02,-0.015493,0.009092,0.00355,2000.0
2.1576E+02,-0.016011,0.008157,0.00355,2000.0
2.1577E+02,-0.016111,0.007945,0.00355,2000.0
2.1584E+02,-0.016557,0.006982,0.00355,2000.0
2.1586E+02,-0.016643,0.006759,0.00355,2000.0
2.1593E+02,-0.017024,0.005751,0.00355,2000.0
2.1595E+02,-0.017086,0.005547,0.00355,2000.0
2.1602E+02,-0.017392,0.004516,0.00355,2000.0
2.1603E+02,-0.017445,0.004280,0.00355,2000.0
2.1610E+02,-0.017675,0.003236,0.00355,2000.0
2.1612E+02,-0.017710,0.003004,0.00355,2000.0
2.1619E+02,-0.017863,0.001948,0.00355,2000.0
2.1621E+02,-0.017880,0.001717,0.00355,2000.0
2.1628E+02,-0.017957,0.000658,0.00355,2000.0
2.1637E+02,-0.017957,-0.000658,0.00355,2000.0
2.1644E+02,-0.017880,-0.001717,0.00355,2000.0
2.1645E+02,-0.017863,-0.001948,0.00355,2000.0
2.1652E+02,-0.017710,-0.003004,0.00355,2000.0
2.1654E+02,-0.017675,-0.003236,0.00355,2000.0
2.1661E+02,-0.017445,-0.004280,0.00355,2000.0
2.1663E+02,-0.017392,-0.004516,0.00355,2000.0
2.1670E+02,-0.017086,-0.005547,0.00355,2000.0
2.1671E+02,-0.017024,-0.005751,0.00355,2000.0
2.1678E+02,-0.016643,-0.006759,0.00355,2000.0
2.1680E+02,-0.016557,-0.006982,0.00355,2000.0
2.1687E+02,-0.016111,-0.007945,0.00355,2000.0
2.1689E+02,-0.016008,-0.008163,0.00355,2000.0
2.1696E+02,-0.015493,-0.009092,0.00355,2000.0
2.1697E+02,-0.015376,-0.009298,0.00355,2000.0
2.1705E+02,-0.014784,-0.010206,0.00355,2000.0
2.1706E+02,-0.014665,-0.010383,0.00355,2000.0
2.1713E+02,-0.014020,-0.011232,0.00355,2000.0
2.1715E+02,-0.013869,-0.011425,0.00355,2000.0
2.1722E+02,-0.013172,-0.012215,0.00355,2000.0
2.1723E+02,-0.013002,-0.012402,0.00355,2000.0
2.1731E+02,-0.012229,-0.013161,0.00355,2000.0
2.1732E+02,-0.012076,-0.013305,0.00355,2000.0
2.1739E+02,-0.011261,-0.013998,0.00355,2000.0
2.1741E+02,-0.011076,-0.014148,0.00355,2000.0
2.1748E+02,-0.010230,-0.014768,0.00355,2000.0
2.1749E+02,-0.010024,-0.014911,0.00355,2000.0
2.1757E+02,-0.009097,-0.015493,0.00355,2000.0
2.1758E+02,-0.008919,-0.015599,0.00355,2000.0
2.1765E+02,-0.007969,-0.016102,0.00355,2000.0
2.1767E+02,-0.007776,-0.016199,0.00355,2000.0
2.1774E+02,-0.006767,-0.016644,0.00355,2000.0
2.1775E+02,-0.006572,-0.016723,0.00355,2000.0
2.1783E+02,-0.005559,-0.017085,0.00355,2000.0
2.1784E+02,-0.005340,-0.017156,0.00355,2000.0
2.1791E+02,-0.004296,-0.017446,0.00355,2000.0
2.1793E+02,-0.004085,-0.017498,0.00355,2000.0
2.1800E+02,-0.003056,-0.017705,0.00355,2000.0
2.1802E+02,-0.002800,-0.017748,0.00355,2000.0
2.1809E+02,-0.001749,-0.017882,0.00355,2000.0
2.1810E+02,-0.001488,-0.017906,0.00355,2000.0
2.1817E+02,-0.000464,-0.017961,0.00355,2000.0
2.1819E+02,-0.000206,-0.017966,0.00355,2000.0
2.1826E+02,0.000881,-0.017946,0.00355,2000.0
2.1827E+02,0.001074,-0.017936,0.00355,2000.0
2.1835E+02,0.002172,-0.017836,0.00355,2000.0
2.1836E+02,0.002387,-0.017809,0.00355,2000.0
2.1843E+02,0.003449,-0.017634,0.00355,2000.0
2.1845E+02,0.003664,-0.017589,0.00355,2000.0
2.1852E+02,0.004719,-0.017337,0.00355,2000.0
2.1854E+02,0.004940,-0.017274,0.00355,2000.0
2.1861E+02,0.005961,-0.016951,0.00355,2000.0
2.1862E+02,0.006152,-0.016881,0.00355,2000.0
2.1870E+02,0.007179,-0.016471,0.00355,2000.0
2.1871E+02,0.007394,-0.016375,0.00355,2000.0
2.1878E+02,0.008336,-0.015918,0.00355,2000.0
2.1880E+02,0.008540,-0.015807,0.00355,2000.0
2.1887E+02,0.009494,-0.015256,0.00355,2000.0
2.1888E+02,0.009668,-0.015144,0.00355,2000.0
2.1895E+02,0.010549,-0.014546,0.00355,2000.0
2.1897E+02,0.010746,-0.014398,0.00355,2000.0
2.1904E+02,0.011585,-0.013736,0.00355,2000.0
2.1906E+02,0.011767,-0.013575,0.00355,2000.0
2.1913E+02,0.012549,-0.012861,0.00355,2000.0
2.1914E+02,0.012700,-0.012707,0.00355,2000.0
2.1922E+02,0.013448,-0.011917,0.00355,2000.0
2.1923E+02,0.013588,-0.011752,0.00355,2000.0
2.1930E+02,0.014274,-0.010915,0.00355,2000.0
2.1932E+02,0.014419,-0.010715,0.00355,2000.0
2.1939E+02,0.015030,-0.009847,0.00355,2000.0
2.1940E+02,0.015144,-0.009663,0.00355,2000.0
2.1948E+02,0.015704,-0.008733,0.00355,2000.0
2.1949E+02,0.015805,-0.008538,0.00355,2000.0
2.1956E+02,0.016294,-0.007574,0.00355,2000.0
2.1958E+02,0.016382,-0.007369,0.00355,2000.0
2.1965E+02,0.016803,-0.006367,0.00355,2000.0
2.1967E+02,0.016874,-0.006161,0.00355,2000.0
2.1974E+02,0.017217,-0.005145,0.00355,2000.0
2.1975E+02,0.017276,-0.004920,0.00355,2000.0
2.1982E+02,0.017547,-0.003873,0.00355,2000.0
2.1984E+02,0.017588,-0.003655,0.00355,2000.0
2.1984E+02,0.017587,-0.003655,0.00355,2000.0
2.1991E+02,0.017780,-0.002598,0.00355,2000.0
2.2000E+02,0.017921,-0.001299,0.00355,2000.0
2.2001E+02,0.017930,-0.001072,0.00355,2000.0
2.2008E+02,0.017969,0.000000,0.00355,2000.0
2.2016E+02,0.017930,0.001070,0.00355,2000.0
2.2017E+02,0.017921,0.001301,0.00355,2000.0
2.2024E+02,0.017805,0.002368,0.00355,2000.0
2.2026E+02,0.017780,0.002599,0.00355,2000.0
2.2033E+02,0.017587,0.003655,0.00355,2000.0
2.2033E+02,0.017588,0.003655,0.00355,2000.0
2.2034E+02,0.017547,0.003873,0.00355,2000.0
2.2042E+02,0.017278,0.004912,0.00355,2000.0
2.2043E+02,0.017217,0.005145,0.00355,2000.0
2.2050E+02,0.016878,0.006149,0.00355,2000.0
2.2052E+02,0.016803,0.006367,0.00355,2000.0
2.2059E+02,0.016387,0.007357,0.00355,2000.0
2.2061E+02,0.016294,0.007574,0.00355,2000.0
2.2068E+02,0.015814,0.008521,0.00355,2000.0
2.2069E+02,0.015704,0.008733,0.00355,2000.0
2.2076E+02,0.015144,0.009663,0.00355,2000.0
2.2078E+02,0.015030,0.009847,0.00355,2000.0
2.2085E+02,0.014419,0.010715,0.00355,2000.0
2.2087E+02,0.014274,0.010915,0.00355,2000.0
2.2094E+02,0.013595,0.011744,0.00355,2000.0
2.2095E+02,0.013448,0.011917,0.00355,2000.0
2.2103E+02,0.012700,0.012707,0.00355,2000.0
2.2104E+02,0.012553,0.012858,0.00355,2000.0
2.2111E+02,0.011767,0.013575,0.00355,2000.0
2.2113E+02,0.011585,0.013736,0.00355,2000.0
2.2120E+02,0.010746,0.014398,0.00355,2000.0
2.2121E+02,0.010549,0.014546,0.00355,2000.0
2.2129E+02,0.009668,0.015144,0.00355,2000.0
2.2130E+02,0.009494,0.015256,0.00355,2000.0
2.2137E+02,0.008540,0.015807,0.00355,2000.0
2.2139E+02,0.008336,0.015918,0.00355,2000.0
2.2146E+02,0.007394,0.016375,0.00355,2000.0
2.2147E+02,0.007179,0.016471,0.00355,2000.0
2.2155E+02,0.006152,0.016881,0.00355,2000.0
2.2156E+02,0.005961,0.016951,0.00355,2000.0
2.2163E+02,0.004940,0.017274,0.00355,2000.0
2.2165E+02,0.004719,0.017337,0.00355,2000.0
2.2172E+02,0.003664,0.017589,0.00355,2000.0
2.2173E+02,0.003449,0.017634,0.00355,2000.0
2.2181E+02,0.002387,0.017809,0.00355,2000.0
2.2182E+02,0.002172,0.017836,0.00355,2000.0
2.2189E+02,0.001074,0.017936,0.00355,2000.0
2.2191E+02,0.000881,0.017946,0.00355,2000.0
2.2198E+02,-0.000206,0.017966,0.00355,2000.0
2.2200E+02,-0.000464,0.017961,0.00355,2000.0
2.2207E+02,-0.001488,0.017906,0.00355,2000.0
2.2208E+02,-0.001749,0.017882,0.00355,2000.0
2.2215E+02,-0.002800,0.017748,0.00355,2000.0
2.2217E+02,-0.003056,0.017705,0.00355,2000.0
2.2224E+02,-0.004085,0.017498,0.00355,2000.0
2.2225E+02,-0.004296,0.017446,0.00355,2000.0
2.2233E+02,-0.005340,0.017156,0.00355,2000.0
2.2234E+02,-0.005559,0.017085,0.00355,2000.0
2.2241E+02,-0.006572,0.016723,0.00355,2000.0
2.2243E+02,-0.006767,0.016644,0.00355,2000.0
2.2250E+02,-0.007776,0.016199,0.00355,2000.0
2.2252E+02,-0.007969,0.016102,0.00355,2000.0
2.2259E+02,-0.008919,0.015599,0.00355,2000.0
2.2260E+02,-0.009097,0.015493,0.00355,2000.0
2.2267E+02,-0.010024,0.014911,0.00355,2000.0
2.2269E+02,-0.010230,0.014768,0.00355,2000.0
2.2276E+02,-0.011076,0.014148,0.00355,2000.0
2.2278E+02,-0.011261,0.013998,0.00355,2000.0
2.2285E+02,-0.012076,0.013305,0.00355,2000.0
2.2286E+02,-0.012234,0.013156,0.00355,2000.0
2.2293E+02,-0.013002,0.012402,0.00355,2000.0
2.2295E+02,-0.013172,0.012215,0.00355,2000.0
2.2302E+02,-0.013869,0.011425,0.00355,2000.0
2.2304E+02,-0.014020,0.011232,0.00355,2000.0
2.2311E+02,-0.014665,0.010383,0.00355,0.0
2.2380E+02,-0.014665,0.000000,0.00355,0.0
