2.7381E+03,-0.015291,0.009259,0.06950,0.0
2.7381E+03,-0.015349,0.009282,0.06950,0.0
2.7389E+03,-0.015349,0.009282,0.05680,2000.0
2.7389E+03,-0.015483,0.009047,0.05680,2000.0
2.7390E+03,-0.015974,0.008158,0.05680,2000.0
2.7390E+03,-0.016097,0.007901,0.05680,2000.0
2.7391E+03,-0.016532,0.006958,0.05680,2000.0
2.7391E+03,-0.016628,0.006713,0.05680,2000.0
2.7392E+03,-0.016986,0.005763,0.05680,2000.0
2.7392E+03,-0.017067,0.005497,0.05680,2000.0
2.7392E+03,-0.017068,0.005497,0.05680,2000.0
2.7392E+03,-0.017361,0.004510,0.05680,2000.0
2.7393E+03,-0.017421,0.004245,0.05680,2000.0
2.7393E+03,-0.017643,0.003237,0.05680,2000.0
2.7393E+03,-0.017682,0.002974,0.05680,2000.0
2.7394E+03,-0.017832,0.001941,0.05680,2000.0
2.7394E+03,-0.017851,0.001685,0.05680,2000.0
2.7395E+03,-0.017926,0.000656,0.05680,2000.0
2.7396E+03,-0.017926,-0.000656,0.05680,2000.0
2.7397E+03,-0.017851,-0.001685,0.05680,2000.0
2.7397E+03,-0.017832,-0.001941,0.05680,2000.0
2.7397E+03,-0.017682,-0.002974,0.05680,2000.0
2.7398E+03,-0.017643,-0.003237,0.05680,2000.0
2.7398E+03,-0.017421,-0.004245,0.05680,2000.0
2.7398E+03,-0.017361,-0.004510,0.05680,2000.0
2.7399E+03,-0.017068,-0.005497,0.05680,2000.0
2.7399E+03,-0.017067,-0.005497,0.05680,2000.0
2.7399E+03,-0.016986,-0.005763,0.05680,2000.0
2.7400E+03,-0.016628,-0.006713,0.05680,2000.0
2.7400E+03,-0.016532,-0.006958,0.05680,2000.0
2.7401E+03,-0.016097,-0.007901,0.05680,2000.0
2.7401E+03,-0.015974,-0.008158,0.05680,2000.0
2.7402E+03,-0.015483,-0.009047,0.05680,2000.0
2.7402E+03,-0.015344,-0.009290,0.05680,2000.0
2.7403E+03,-0.014787,-0.010144,0.05680,2000.0
2.7403E+03,-0.014631,-0.010375,0.05680,2000.0
2.7403E+03,-0.014012,-0.011191,0.05680,2000.0
2.7404E+03,-0.013840,-0.011411,0.05680,2000.0
2.7404E+03,-0.013146,-0.012198,0.05680,2000.0
2.7405E+03,-0.012983,-0.012376,0.05680,2000.0
2.7405E+03,-0.012226,-0.013121,0.05680,2000.0
2.7405E+03,-0.012048,-0.013289,0.05680,2000.0
2.7406E+03,-0.011270,-0.013951,0.05680,2000.0
2.7406E+03,-0.011269,-0.013950,0.05680,2000.0
2.7406E+03,-0.011046,-0.014131,0.05680,2000.0
2.7407E+03,-0.010211,-0.014742,0.05680,2000.0
2.7407E+03,-0.009991,-0.014897,0.05680,2000.0
2.7408E+03,-0.009101,-0.015454,0.05680,2000.0
2.7408E+03,-0.008890,-0.015579,0.05680,2000.0
2.7409E+03,-0.007974,-0.016064,0.05680,2000.0
2.7409E+03,-0.007751,-0.016176,0.05680,2000.0
2.7410E+03,-0.006767,-0.016610,0.05680,2000.0
2.7410E+03,-0.006561,-0.016693,0.05680,2000.0
2.7410E+03,-0.005569,-0.017048,0.05680,2000.0
2.7411E+03,-0.005317,-0.017130,0.05680,2000.0
2.7411E+03,-0.004330,-0.017404,0.05680,2000.0
2.7411E+03,-0.004056,-0.017472,0.05680,2000.0
2.7412E+03,-0.003042,-0.017675,0.05680,2000.0
2.7412E+03,-0.002784,-0.017718,0.05680,2000.0
2.7413E+03,-0.001750,-0.017850,0.05680,2000.0
2.7413E+03,-0.001483,-0.017875,0.05680,2000.0
2.7414E+03,-0.000479,-0.017929,0.05680,2000.0
2.7414E+03,-0.000193,-0.017934,0.05680,2000.0
2.7415E+03,0.000862,-0.017915,0.05680,2000.0
2.7415E+03,0.001095,-0.017902,0.05680,2000.0
2.7416E+03,0.002154,-0.017807,0.05680,2000.0
2.7416E+03,0.002382,-0.017777,0.05680,2000.0
2.7417E+03,0.003430,-0.017605,0.05680,2000.0
2.7417E+03,0.003691,-0.017551,0.05680,2000.0
2.7417E+03,0.004678,-0.017315,0.05680,2000.0
2.7418E+03,0.004942,-0.017240,0.05680,2000.0
2.7418E+03,0.005954,-0.016920,0.05680,2000.0
2.7418E+03,0.006160,-0.016844,0.05680,2000.0
2.7419E+03,0.007156,-0.016447,0.05680,2000.0
2.7419E+03,0.007396,-0.016338,0.05680,2000.0
2.7420E+03,0.008318,-0.015892,0.05680,2000.0
2.7420E+03,0.008569,-0.015755,0.05680,2000.0
2.7421E+03,0.009437,-0.015253,0.05680,2000.0
2.7421E+03,0.009679,-0.015098,0.05680,2000.0
2.7422E+03,0.010533,-0.014518,0.05680,2000.0
2.7422E+03,0.010757,-0.014349,0.05680,2000.0
2.7423E+03,0.011543,-0.013729,0.05680,2000.0
2.7423E+03,0.011742,-0.013554,0.05680,2000.0
2.7423E+03,0.012526,-0.012839,0.05680,2000.0
2.7424E+03,0.012717,-0.012644,0.05680,2000.0
2.7424E+03,0.013419,-0.011903,0.05680,2000.0
2.7425E+03,0.013597,-0.011692,0.05680,2000.0
2.7425E+03,0.014239,-0.010908,0.05680,2000.0
2.7425E+03,0.014412,-0.010671,0.05680,2000.0
2.7426E+03,0.014994,-0.009845,0.05680,2000.0
2.7426E+03,0.015132,-0.009623,0.05680,2000.0
2.7427E+03,0.015677,-0.008716,0.05680,2000.0
2.7427E+03,0.015791,-0.008497,0.05680,2000.0
2.7428E+03,0.016262,-0.007571,0.05680,2000.0
2.7428E+03,0.016365,-0.007330,0.05680,2000.0
2.7429E+03,0.016768,-0.006369,0.05680,2000.0
2.7429E+03,0.016858,-0.006109,0.05680,2000.0
2.7429E+03,0.016859,-0.006109,0.05680,2000.0
2.7430E+03,0.017187,-0.005135,0.05680,2000.0
2.7430E+03,0.017254,-0.004884,0.05680,2000.0
2.7430E+03,0.017253,-0.004884,0.05680,2000.0
2.7430E+03,0.017516,-0.003864,0.05680,2000.0
2.7431E+03,0.017562,-0.003618,0.05680,2000.0
2.7431E+03,0.017561,-0.003618,0.05680,2000.0
2.7431E+03,0.017750,-0.002584,0.05680,2000.0
2.7431E+03,0.017778,-0.002332,0.05680,2000.0
2.7431E+03,0.017777,-0.002332,0.05680,2000.0
2.7432E+03,0.017890,-0.001297,0.05680,2000.0
2.7432E+03,0.017900,-0.001039,0.05680,2000.0
2.7433E+03,0.017937,0.000000,0.05680,2000.0
2.7434E+03,0.017900,0.001037,0.05680,2000.0
2.7434E+03,0.017890,0.001297,0.05680,2000.0
2.7435E+03,0.017777,0.002332,0.05680,2000.0
2.7435E+03,0.017778,0.002332,0.05680,2000.0
2.7435E+03,0.017750,0.002584,0.05680,2000.0
2.7435E+03,0.017561,0.003618,0.05680,2000.0
2.7435E+03,0.017562,0.003618,0.05680,2000.0
2.7436E+03,0.017516,0.003864,0.05680,2000.0
2.7436E+03,0.017253,0.004884,0.05680,2000.0
2.7436E+03,0.017254,0.004884,0.05680,2000.0
2.7436E+03,0.017187,0.005135,0.05680,2000.0
2.7437E+03,0.016859,0.006109,0.05680,2000.0
2.7437E+03,0.016858,0.006109,0.05680,2000.0
2.7437E+03,0.016768,0.006369,0.05680,2000.0
2.7438E+03,0.016370,0.007318,0.05680,2000.0
2.7438E+03,0.016262,0.007571,0.05680,2000.0
2.7439E+03,0.015799,0.008482,0.05680,2000.0
2.7439E+03,0.015677,0.008716,0.05680,2000.0
2.7440E+03,0.015146,0.009600,0.05680,2000.0
2.7440E+03,0.014994,0.009845,0.05680,2000.0
2.7441E+03,0.014412,0.010671,0.05680,2000.0
2.7441E+03,0.014239,0.010908,0.05680,2000.0
2.7441E+03,0.013597,0.011692,0.05680,2000.0
2.7442E+03,0.013419,0.011903,0.05680,2000.0
2.7442E+03,0.012717,0.012644,0.05680,2000.0
2.7443E+03,0.012526,0.012839,0.05680,2000.0
2.7443E+03,0.011743,0.013553,0.05680,2000.0
2.7443E+03,0.011543,0.013729,0.05680,2000.0
2.7444E+03,0.010757,0.014349,0.05680,2000.0
2.7444E+03,0.010533,0.014518,0.05680,2000.0
2.7445E+03,0.009679,0.015098,0.05680,2000.0
2.7445E+03,0.009437,0.015253,0.05680,2000.0
2.7446E+03,0.008569,0.015755,0.05680,2000.0
2.7446E+03,0.008318,0.015892,0.05680,2000.0
2.7447E+03,0.007396,0.016338,0.05680,2000.0
2.7447E+03,0.007156,0.016447,0.05680,2000.0
2.7448E+03,0.006160,0.016844,0.05680,2000.0
2.7448E+03,0.005954,0.016920,0.05680,2000.0
2.7448E+03,0.004942,0.017240,0.05680,2000.0
2.7449E+03,0.004678,0.017315,0.05680,2000.0
2.7449E+03,0.003691,0.017551,0.05680,2000.0
2.7449E+03,0.003430,0.017605,0.05680,2000.0
2.7450E+03,0.002382,0.017777,0.05680,2000.0
2.7450E+03,0.002154,0.017807,0.05680,2000.0
2.7451E+03,0.001095,0.017902,0.05680,2000.0
2.7451E+03,0.000862,0.017915,0.05680,2000.0
2.7452E+03,-0.000193,0.017934,0.05680,2000.0
2.7452E+03,-0.000479,0.017929,0.05680,2000.0
2.7453E+03,-0.001483,0.017875,0.05680,2000.0
2.7453E+03,-0.001750,0.017850,0.05680,2000.0
2.7454E+03,-0.002784,0.017718,0.05680,2000.0
2.7454E+03,-0.003042,0.017675,0.05680,2000.0
2.7455E+03,-0.004056,0.017472,0.05680,2000.0
2.7455E+03,-0.004330,0.017404,0.05680,2000.0
2.7455E+03,-0.005317,0.017130,0.05680,2000.0
2.7456E+03,-0.005569,0.017048,0.05680,2000.0
2.7456E+03,-0.006561,0.016693,0.05680,2000.0
2.7456E+03,-0.006770,0.016609,0.05680,2000.0
2.7457E+03,-0.007751,0.016176,0.05680,2000.0
2.7457E+03,-0.007974,0.016064,0.05680,2000.0
2.7458E+03,-0.008890,0.015579,0.05680,2000.0
2.7458E+03,-0.009107,0.015450,0.05680,2000.0
2.7459E+03,-0.009991,0.014897,0.05680,2000.0
2.7459E+03,-0.010211,0.014742,0.05680,2000.0
2.7460E+03,-0.011046,0.014131,0.05680,2000.0
2.7460E+03,-0.011269,0.013950,0.05680,2000.0
2.7460E+03,-0.011270,0.013951,0.05680,2000.0
2.7461E+03,-0.012048,0.013289,0.05680,2000.0
2.7461E+03,-0.012226,0.013121,0.05680,2000.0
2.7461E+03,-0.012983,0.012376,0.05680,2000.0
2.7462E+03,-0.013146,0.012198,0.05680,2000.0
2.7462E+03,-0.013840,0.011411,0.05680,2000.0
2.7463E+03,-0.014012,0.011191,0.05680,2000.0
2.7463E+03,-0.014631,0.010375,0.05680,2000.0
2.7463E+03,-0.014787,0.010144,0.05680,2000.0
2.7464E+03,-0.015349,0.009282,0.05680,0.0
2.7473E+03,-0.015349,0.009282,0.06950,0.0
2.7474E+03,-0.013893,0.008402,0.06950,0.0
2.7482E+03,-0.013893,0.008402,0.05680,2000.0
2.7482E+03,-0.014006,0.008205,0.05680,2000.0
2.7483E+03,-0.014464,0.007375,0.05680,2000.0
2.7483E+03,-0.014553,0.007189,0.05680,2000.0
2.7483E+03,-0.014968,0.006288,0.05680,2000.0
2.7484E+03,-0.015045,0.006093,0.05680,2000.0
2.7484E+03,-0.015378,0.005210,0.05680,2000.0
2.7484E+03,-0.015475,0.004889,0.05680,2000.0
2.7485E+03,-0.015717,0.004073,0.05680,2000.0
2.7485E+03,-0.015763,0.003870,0.05680,2000.0
2.7486E+03,-0.015969,0.002936,0.05680,2000.0
2.7486E+03,-0.016000,0.002725,0.05680,2000.0
2.7486E+03,-0.016001,0.002725,0.05680,2000.0
2.7487E+03,-0.016141,0.001757,0.05680,2000.0
2.7487E+03,-0.016156,0.001561,0.05680,2000.0
2.7487E+03,-0.016155,0.001561,0.05680,2000.0
2.7487E+03,-0.016226,0.000587,0.05680,2000.0
2.7488E+03,-0.016226,-0.000587,0.05680,2000.0
2.7489E+03,-0.016155,-0.001561,0.05680,2000.0
2.7489E+03,-0.016156,-0.001561,0.05680,2000.0
2.7489E+03,-0.016141,-0.001757,0.05680,2000.0
2.7490E+03,-0.016001,-0.002725,0.05680,2000.0
2.7490E+03,-0.016000,-0.002725,0.05680,2000.0
2.7490E+03,-0.015969,-0.002936,0.05680,2000.0
2.7490E+03,-0.015763,-0.003870,0.05680,2000.0
2.7490E+03,-0.015717,-0.004073,0.05680,2000.0
2.7491E+03,-0.015438,-0.005013,0.05680,2000.0
2.7491E+03,-0.015378,-0.005210,0.05680,2000.0
2.7492E+03,-0.015045,-0.006093,0.05680,2000.0
2.7492E+03,-0.014968,-0.006288,0.05680,2000.0
2.7493E+03,-0.014553,-0.007189,0.05680,2000.0
2.7493E+03,-0.014464,-0.007375,0.05680,2000.0
2.7493E+03,-0.014007,-0.008203,0.05680,2000.0
2.7494E+03,-0.013893,-0.008403,0.05680,2000.0
2.7494E+03,-0.013363,-0.009215,0.05680,2000.0
2.7494E+03,-0.013244,-0.009392,0.05680,2000.0
2.7495E+03,-0.012673,-0.010144,0.05680,2000.0
2.7495E+03,-0.012531,-0.010325,0.05680,2000.0
2.7496E+03,-0.011892,-0.011050,0.05680,2000.0
2.7496E+03,-0.011757,-0.011198,0.05680,2000.0
2.7497E+03,-0.011034,-0.011909,0.05680,2000.0
2.7497E+03,-0.010921,-0.012016,0.05680,2000.0
2.7497E+03,-0.010214,-0.012617,0.05680,2000.0
2.7498E+03,-0.010012,-0.012781,0.05680,2000.0
2.7498E+03,-0.009232,-0.013352,0.05680,2000.0
2.7498E+03,-0.009048,-0.013482,0.05680,2000.0
2.7499E+03,-0.008219,-0.014000,0.05680,2000.0
2.7499E+03,-0.008046,-0.014103,0.05680,2000.0
2.7500E+03,-0.007211,-0.014545,0.05680,2000.0
2.7500E+03,-0.007021,-0.014640,0.05680,2000.0
2.7501E+03,-0.006119,-0.015038,0.05680,2000.0
2.7501E+03,-0.005966,-0.015100,0.05680,2000.0
2.7501E+03,-0.005018,-0.015439,0.05680,2000.0
2.7501E+03,-0.004818,-0.015504,0.05680,2000.0
2.7502E+03,-0.003895,-0.015760,0.05680,2000.0
2.7502E+03,-0.003688,-0.015812,0.05680,2000.0
2.7503E+03,-0.002733,-0.016003,0.05680,2000.0
2.7503E+03,-0.002526,-0.016037,0.05680,2000.0
2.7504E+03,-0.001584,-0.016158,0.05680,2000.0
2.7504E+03,-0.001360,-0.016179,0.05680,2000.0
2.7504E+03,-0.000414,-0.016230,0.05680,2000.0
2.7505E+03,-0.000194,-0.016233,0.05680,2000.0
2.7505E+03,0.000816,-0.016215,0.05680,2000.0
2.7505E+03,0.000967,-0.016207,0.05680,2000.0
2.7506E+03,0.001973,-0.016117,0.05680,2000.0
2.7506E+03,0.002107,-0.016099,0.05680,2000.0
2.7507E+03,0.003125,-0.015932,0.05680,2000.0
2.7507E+03,0.003341,-0.015887,0.05680,2000.0
2.7508E+03,0.004241,-0.015672,0.05680,2000.0
2.7508E+03,0.004440,-0.015615,0.05680,2000.0
2.7508E+03,0.005409,-0.015309,0.05680,2000.0
2.7509E+03,0.005560,-0.015253,0.05680,2000.0
2.7509E+03,0.006480,-0.014887,0.05680,2000.0
2.7509E+03,0.006693,-0.014790,0.05680,2000.0
2.7510E+03,0.007539,-0.014381,0.05680,2000.0
2.7510E+03,0.007718,-0.014283,0.05680,2000.0
2.7511E+03,0.008549,-0.013802,0.05680,2000.0
2.7511E+03,0.008762,-0.013666,0.05680,2000.0
2.7512E+03,0.009537,-0.013140,0.05680,2000.0
2.7512E+03,0.009704,-0.013014,0.05680,2000.0
2.7512E+03,0.010451,-0.012425,0.05680,2000.0
2.7512E+03,0.010619,-0.012277,0.05680,2000.0
2.7513E+03,0.011349,-0.011612,0.05680,2000.0
2.7513E+03,0.011503,-0.011454,0.05680,2000.0
2.7514E+03,0.012154,-0.010767,0.05680,2000.0
2.7514E+03,0.012282,-0.010615,0.05680,2000.0
2.7515E+03,0.012894,-0.009868,0.05680,2000.0
2.7515E+03,0.013022,-0.009692,0.05680,2000.0
2.7515E+03,0.013578,-0.008902,0.05680,2000.0
2.7516E+03,0.013675,-0.008747,0.05680,2000.0
2.7516E+03,0.014191,-0.007889,0.05680,2000.0
2.7516E+03,0.014276,-0.007726,0.05680,2000.0
2.7517E+03,0.014722,-0.006849,0.05680,2000.0
2.7517E+03,0.014797,-0.006673,0.05680,2000.0
2.7518E+03,0.015179,-0.005763,0.05680,2000.0
2.7518E+03,0.015271,-0.005497,0.05680,2000.0
2.7519E+03,0.015562,-0.004635,0.05680,2000.0
2.7519E+03,0.015567,-0.004613,0.05680,2000.0
2.7519E+03,0.015854,-0.003500,0.05680,2000.0
2.7520E+03,0.016065,-0.002351,0.05680,2000.0
2.7521E+03,0.016193,-0.001174,0.05680,2000.0
2.7521E+03,0.016201,-0.000978,0.05680,2000.0
2.7522E+03,0.016236,0.000000,0.05680,2000.0
2.7522E+03,0.016201,0.000972,0.05680,2000.0
2.7523E+03,0.016193,0.001174,0.05680,2000.0
2.7523E+03,0.016065,0.002351,0.05680,2000.0
2.7524E+03,0.015854,0.003500,0.05680,2000.0
2.7525E+03,0.015573,0.004592,0.05680,2000.0
2.7525E+03,0.015562,0.004635,0.05680,2000.0
2.7525E+03,0.015274,0.005488,0.05680,2000.0
2.7526E+03,0.015182,0.005754,0.05680,2000.0
2.7526E+03,0.014806,0.006651,0.05680,2000.0
2.7526E+03,0.014721,0.006851,0.05680,2000.0
2.7527E+03,0.014283,0.007712,0.05680,2000.0
2.7527E+03,0.014284,0.007712,0.05680,2000.0
2.7527E+03,0.014193,0.007886,0.05680,2000.0
2.7528E+03,0.013701,0.008704,0.05680,2000.0
2.7528E+03,0.013575,0.008908,0.05680,2000.0
2.7529E+03,0.013022,0.009692,0.05680,2000.0
2.7529E+03,0.012894,0.009868,0.05680,2000.0
2.7529E+03,0.012298,0.010596,0.05680,2000.0
2.7530E+03,0.012154,0.010767,0.05680,2000.0
2.7530E+03,0.011503,0.011454,0.05680,2000.0
2.7530E+03,0.011340,0.011620,0.05680,2000.0
2.7531E+03,0.010620,0.012277,0.05680,2000.0
2.7531E+03,0.010461,0.012416,0.05680,2000.0
2.7532E+03,0.009708,0.013011,0.05680,2000.0
2.7532E+03,0.009537,0.013140,0.05680,2000.0
2.7533E+03,0.008762,0.013666,0.05680,2000.0
2.7533E+03,0.008549,0.013802,0.05680,2000.0
2.7533E+03,0.007718,0.014283,0.05680,2000.0
2.7534E+03,0.007539,0.014381,0.05680,2000.0
2.7534E+03,0.006693,0.014790,0.05680,2000.0
2.7534E+03,0.006480,0.014887,0.05680,2000.0
2.7535E+03,0.005560,0.015253,0.05680,2000.0
2.7535E+03,0.005409,0.015309,0.05680,2000.0
2.7536E+03,0.004440,0.015615,0.05680,2000.0
2.7536E+03,0.004241,0.015672,0.05680,2000.0
2.7537E+03,0.003341,0.015887,0.05680,2000.0
2.7537E+03,0.003125,0.015932,0.05680,2000.0
2.7537E+03,0.002108,0.016099,0.05680,2000.0
2.7537E+03,0.001973,0.016117,0.05680,2000.0
2.7538E+03,0.000967,0.016207,0.05680,2000.0
2.7538E+03,0.000816,0.016215,0.05680,2000.0
2.7539E+03,-0.000194,0.016233,0.05680,2000.0
2.7539E+03,-0.000414,0.016230,0.05680,2000.0
2.7540E+03,-0.001360,0.016179,0.05680,2000.0
2.7540E+03,-0.001584,0.016158,0.05680,2000.0
2.7540E+03,-0.002526,0.016037,0.05680,2000.0
2.7541E+03,-0.002733,0.016003,0.05680,2000.0
2.7541E+03,-0.003688,0.015812,0.05680,2000.0
2.7541E+03,-0.003895,0.015760,0.05680,2000.0
2.7542E+03,-0.004818,0.015504,0.05680,2000.0
2.7542E+03,-0.005018,0.015439,0.05680,2000.0
2.7543E+03,-0.005976,0.015096,0.05680,2000.0
2.7543E+03,-0.006112,0.015042,0.05680,2000.0
2.7544E+03,-0.007021,0.014640,0.05680,2000.0
2.7544E+03,-0.007211,0.014545,0.05680,2000.0
2.7544E+03,-0.008049,0.014101,0.05680,2000.0
2.7544E+03,-0.008217,0.014001,0.05680,2000.0
2.7545E+03,-0.009048,0.013482,0.05680,2000.0
2.7545E+03,-0.009232,0.013352,0.05680,2000.0
2.7546E+03,-0.010012,0.012781,0.05680,2000.0
2.7546E+03,-0.010214,0.012617,0.05680,2000.0
2.7547E+03,-0.010921,0.012016,0.05680,2000.0
2.7547E+03,-0.011044,0.011899,0.05680,2000.0
2.7548E+03,-0.011757,0.011198,0.05680,2000.0
2.7548E+03,-0.011892,0.011050,0.05680,2000.0
2.7548E+03,-0.012531,0.010325,0.05680,2000.0
2.7548E+03,-0.012673,0.010144,0.05680,2000.0
2.7549E+03,-0.013244,0.009392,0.05680,2000.0
2.7549E+03,-0.013378,0.009193,0.05680,2000.0
2.7550E+03,-0.013893,0.008402,0.05680,0.0
2.7558E+03,-0.013893,0.008402,0.06950,0.0
2.7559E+03,-0.012443,0.007512,0.06950,0.0
2.7568E+03,-0.012443,0.007512,0.05680,2000.0
2.7568E+03,-0.012531,0.007359,0.05680,2000.0
2.7568E+03,-0.012532,0.007359,0.05680,2000.0
2.7568E+03,-0.012951,0.006600,0.05680,2000.0
2.7568E+03,-0.013020,0.006455,0.05680,2000.0
2.7569E+03,-0.013405,0.005617,0.05680,2000.0
2.7569E+03,-0.013454,0.005493,0.05680,2000.0
2.7570E+03,-0.013770,0.004655,0.05680,2000.0
2.7570E+03,-0.013848,0.004397,0.05680,2000.0
2.7570E+03,-0.014071,0.003644,0.05680,2000.0
2.7571E+03,-0.014105,0.003494,0.05680,2000.0
2.7571E+03,-0.014296,0.002631,0.05680,2000.0
2.7572E+03,-0.014443,0.001627,0.05680,2000.0
2.7572E+03,-0.014448,0.001587,0.05680,2000.0
2.7573E+03,-0.014526,0.000518,0.05680,2000.0
2.7573E+03,-0.014526,-0.000520,0.05680,2000.0
2.7574E+03,-0.014448,-0.001587,0.05680,2000.0
2.7574E+03,-0.014382,-0.002044,0.05680,2000.0
2.7575E+03,-0.014296,-0.002631,0.05680,2000.0
2.7575E+03,-0.014105,-0.003494,0.05680,2000.0
2.7575E+03,-0.014072,-0.003639,0.05680,2000.0
2.7576E+03,-0.013808,-0.004529,0.05680,2000.0
2.7576E+03,-0.013809,-0.004529,0.05680,2000.0
2.7576E+03,-0.013771,-0.004652,0.05680,2000.0
2.7577E+03,-0.013454,-0.005493,0.05680,2000.0
2.7577E+03,-0.013405,-0.005617,0.05680,2000.0
2.7577E+03,-0.013020,-0.006455,0.05680,2000.0
2.7577E+03,-0.012951,-0.006600,0.05680,2000.0
2.7578E+03,-0.012530,-0.007361,0.05680,2000.0
2.7578E+03,-0.012442,-0.007515,0.05680,2000.0
2.7579E+03,-0.011952,-0.008266,0.05680,2000.0
2.7579E+03,-0.011856,-0.008409,0.05680,2000.0
2.7579E+03,-0.011335,-0.009095,0.05680,2000.0
2.7580E+03,-0.011218,-0.009244,0.05680,2000.0
2.7580E+03,-0.010636,-0.009904,0.05680,2000.0
2.7580E+03,-0.010528,-0.010022,0.05680,2000.0
2.7581E+03,-0.009842,-0.010697,0.05680,2000.0
2.7581E+03,-0.009785,-0.010751,0.05680,2000.0
2.7582E+03,-0.009142,-0.011297,0.05680,2000.0
2.7582E+03,-0.008968,-0.011438,0.05680,2000.0
2.7582E+03,-0.008228,-0.011980,0.05680,2000.0
2.7582E+03,-0.008116,-0.012059,0.05680,2000.0
2.7583E+03,-0.007336,-0.012546,0.05680,2000.0
2.7583E+03,-0.007196,-0.012630,0.05680,2000.0
2.7584E+03,-0.006451,-0.013024,0.05680,2000.0
2.7584E+03,-0.006284,-0.013108,0.05680,2000.0
2.7584E+03,-0.005481,-0.013462,0.05680,2000.0
2.7584E+03,-0.005357,-0.013512,0.05680,2000.0
2.7585E+03,-0.004468,-0.013830,0.05680,2000.0
2.7585E+03,-0.004320,-0.013878,0.05680,2000.0
2.7586E+03,-0.003481,-0.014111,0.05680,2000.0
2.7586E+03,-0.003309,-0.014154,0.05680,2000.0
2.7587E+03,-0.002446,-0.014327,0.05680,2000.0
2.7587E+03,-0.002262,-0.014357,0.05680,2000.0
2.7587E+03,-0.001412,-0.014466,0.05680,2000.0
2.7587E+03,-0.001236,-0.014483,0.05680,2000.0
2.7588E+03,-0.000348,-0.014531,0.05680,2000.0
2.7588E+03,-0.000201,-0.014533,0.05680,2000.0
2.7589E+03,0.000752,-0.014516,0.05680,2000.0
2.7589E+03,0.000864,-0.014510,0.05680,2000.0
2.7589E+03,0.001776,-0.014428,0.05680,2000.0
2.7589E+03,0.001846,-0.014419,0.05680,2000.0
2.7590E+03,0.002827,-0.014258,0.05680,2000.0
2.7590E+03,0.002979,-0.014226,0.05680,2000.0
2.7591E+03,0.003806,-0.014029,0.05680,2000.0
2.7591E+03,0.003942,-0.013990,0.05680,2000.0
2.7591E+03,0.004855,-0.013701,0.05680,2000.0
2.7592E+03,0.004942,-0.013669,0.05680,2000.0
2.7592E+03,0.005816,-0.013321,0.05680,2000.0
2.7592E+03,0.005953,-0.013259,0.05680,2000.0
2.7593E+03,0.006774,-0.012862,0.05680,2000.0
2.7593E+03,0.006875,-0.012807,0.05680,2000.0
2.7594E+03,0.007660,-0.012353,0.05680,2000.0
2.7594E+03,0.007818,-0.012251,0.05680,2000.0
2.7594E+03,0.008555,-0.011751,0.05680,2000.0
2.7594E+03,0.008651,-0.011679,0.05680,2000.0
2.7595E+03,0.009360,-0.011120,0.05680,2000.0
2.7595E+03,0.009495,-0.011001,0.05680,2000.0
2.7596E+03,0.010170,-0.010386,0.05680,2000.0
2.7596E+03,0.010286,-0.010267,0.05680,2000.0
2.7596E+03,0.010887,-0.009633,0.05680,2000.0
2.7596E+03,0.010967,-0.009538,0.05680,2000.0
2.7597E+03,0.011543,-0.008834,0.05680,2000.0
2.7597E+03,0.011647,-0.008692,0.05680,2000.0
2.7598E+03,0.012157,-0.007968,0.05680,2000.0
2.7598E+03,0.012218,-0.007871,0.05680,2000.0
2.7598E+03,0.012711,-0.007051,0.05680,2000.0
2.7599E+03,0.012761,-0.006955,0.05680,2000.0
2.7599E+03,0.013181,-0.006130,0.05680,2000.0
2.7599E+03,0.013230,-0.006015,0.05680,2000.0
2.7600E+03,0.013585,-0.005169,0.05680,2000.0
2.7600E+03,0.013660,-0.004953,0.05680,2000.0
2.7601E+03,0.013931,-0.004151,0.05680,2000.0
2.7601E+03,0.014192,-0.003137,0.05680,2000.0
2.7602E+03,0.014382,-0.002106,0.05680,2000.0
2.7603E+03,0.014496,-0.001053,0.05680,2000.0
2.7603E+03,0.014502,-0.000917,0.05680,2000.0
2.7603E+03,0.014535,0.000000,0.05680,2000.0
2.7604E+03,0.014502,0.000905,0.05680,2000.0
2.7604E+03,0.014496,0.001053,0.05680,2000.0
2.7605E+03,0.014382,0.002106,0.05680,2000.0
2.7605E+03,0.014192,0.003137,0.05680,2000.0
2.7606E+03,0.013931,0.004149,0.05680,2000.0
2.7607E+03,0.013667,0.004932,0.05680,2000.0
2.7607E+03,0.013591,0.005152,0.05680,2000.0
2.7607E+03,0.013241,0.005986,0.05680,2000.0
2.7608E+03,0.013176,0.006139,0.05680,2000.0
2.7608E+03,0.012733,0.007010,0.05680,2000.0
2.7608E+03,0.012713,0.007048,0.05680,2000.0
2.7609E+03,0.012244,0.007828,0.05680,2000.0
2.7609E+03,0.012160,0.007965,0.05680,2000.0
2.7610E+03,0.011647,0.008692,0.05680,2000.0
2.7610E+03,0.011543,0.008835,0.05680,2000.0
2.7610E+03,0.010998,0.009501,0.05680,2000.0
2.7610E+03,0.010887,0.009633,0.05680,2000.0
2.7611E+03,0.010290,0.010263,0.05680,2000.0
2.7611E+03,0.010163,0.010392,0.05680,2000.0
2.7612E+03,0.009484,0.011012,0.05680,2000.0
2.7612E+03,0.009373,0.011109,0.05680,2000.0
2.7612E+03,0.008664,0.011669,0.05680,2000.0
2.7612E+03,0.008555,0.011751,0.05680,2000.0
2.7613E+03,0.007818,0.012251,0.05680,2000.0
2.7613E+03,0.007664,0.012350,0.05680,2000.0
2.7614E+03,0.006875,0.012807,0.05680,2000.0
2.7614E+03,0.006774,0.012862,0.05680,2000.0
2.7614E+03,0.005955,0.013258,0.05680,2000.0
2.7615E+03,0.005816,0.013321,0.05680,2000.0
2.7615E+03,0.004950,0.013666,0.05680,2000.0
2.7615E+03,0.004855,0.013701,0.05680,2000.0
2.7616E+03,0.003942,0.013990,0.05680,2000.0
2.7616E+03,0.003806,0.014029,0.05680,2000.0
2.7617E+03,0.002979,0.014226,0.05680,2000.0
2.7617E+03,0.002827,0.014258,0.05680,2000.0
2.7617E+03,0.001844,0.014419,0.05680,2000.0
2.7617E+03,0.001779,0.014428,0.05680,2000.0
2.7618E+03,0.000864,0.014510,0.05680,2000.0
2.7618E+03,0.000752,0.014516,0.05680,2000.0
2.7619E+03,-0.000201,0.014533,0.05680,2000.0
2.7619E+03,-0.000348,0.014531,0.05680,2000.0
2.7619E+03,-0.001236,0.014483,0.05680,2000.0
2.7620E+03,-0.001412,0.014466,0.05680,2000.0
2.7620E+03,-0.002262,0.014357,0.05680,2000.0
2.7620E+03,-0.002446,0.014327,0.05680,2000.0
2.7621E+03,-0.003309,0.014154,0.05680,2000.0
2.7621E+03,-0.003481,0.014111,0.05680,2000.0
2.7622E+03,-0.004320,0.013878,0.05680,2000.0
2.7622E+03,-0.004457,0.013834,0.05680,2000.0
2.7622E+03,-0.005392,0.013499,0.05680,2000.0
2.7622E+03,-0.005441,0.013479,0.05680,2000.0
2.7623E+03,-0.006298,0.013100,0.05680,2000.0
2.7623E+03,-0.006451,0.013024,0.05680,2000.0
2.7624E+03,-0.007206,0.012624,0.05680,2000.0
2.7624E+03,-0.007335,0.012547,0.05680,2000.0
2.7624E+03,-0.008118,0.012058,0.05680,2000.0
2.7624E+03,-0.008228,0.011980,0.05680,2000.0
2.7625E+03,-0.008968,0.011438,0.05680,2000.0
2.7625E+03,-0.009142,0.011297,0.05680,2000.0
2.7626E+03,-0.009775,0.010759,0.05680,2000.0
2.7626E+03,-0.009872,0.010667,0.05680,2000.0
2.7626E+03,-0.010528,0.010022,0.05680,2000.0
2.7627E+03,-0.010636,0.009904,0.05680,2000.0
2.7627E+03,-0.011218,0.009244,0.05680,2000.0
2.7627E+03,-0.011335,0.009095,0.05680,2000.0
2.7628E+03,-0.011861,0.008402,0.05680,2000.0
2.7628E+03,-0.011953,0.008265,0.05680,2000.0
2.7629E+03,-0.012443,0.007512,0.05680,0.0
2.7637E+03,-0.012443,0.007512,0.06950,0.0
2.7638E+03,-0.010476,0.006545,0.06950,0.0
2.7647E+03,-0.010476,0.006545,0.05680,2000.0
2.7647E+03,-0.009943,0.007299,0.05680,2000.0
2.7648E+03,-0.009641,0.007726,0.05680,2000.0
2.7648E+03,-0.009284,0.008124,0.05680,2000.0
2.7649E+03,-0.008657,0.008813,0.05680,2000.0
2.7649E+03,-0.008254,0.009170,0.05680,2000.0
2.7650E+03,-0.007549,0.009774,0.05680,2000.0
2.7650E+03,-0.007113,0.010085,0.05680,2000.0
2.7651E+03,-0.006335,0.010599,0.05680,2000.0
2.7651E+03,-0.005866,0.010859,0.05680,2000.0
2.7652E+03,-0.005022,0.011280,0.05680,2000.0
2.7652E+03,-0.004526,0.011484,0.05680,2000.0
2.7653E+03,-0.003659,0.011788,0.05680,2000.0
2.7653E+03,-0.003145,0.011940,0.05680,2000.0
2.7653E+03,-0.002224,0.012141,0.05680,2000.0
2.7654E+03,-0.001696,0.012232,0.05680,2000.0
2.7654E+03,-0.000772,0.012316,0.05680,2000.0
2.7655E+03,-0.000236,0.012350,0.05680,2000.0
2.7655E+03,0.000718,0.012318,0.05680,2000.0
2.7656E+03,0.001248,0.012287,0.05680,2000.0
2.7656E+03,0.002159,0.012147,0.05680,2000.0
2.7657E+03,0.002688,0.012058,0.05680,2000.0
2.7657E+03,0.003607,0.011797,0.05680,2000.0
2.7658E+03,0.004093,0.011654,0.05680,2000.0
2.7658E+03,0.004572,0.011458,0.05680,2000.0
2.7659E+03,0.005444,0.011088,0.05680,2000.0
2.7659E+03,0.005911,0.010830,0.05680,2000.0
2.7660E+03,0.006714,0.010365,0.05680,2000.0
2.7660E+03,0.007153,0.010056,0.05680,2000.0
2.7661E+03,0.007904,0.009488,0.05680,2000.0
2.7661E+03,0.008300,0.009134,0.05680,2000.0
2.7662E+03,0.008977,0.008479,0.05680,2000.0
2.7662E+03,0.009333,0.008077,0.05680,2000.0
2.7663E+03,0.009910,0.007362,0.05680,2000.0
2.7663E+03,0.010224,0.006924,0.05680,2000.0
2.7664E+03,0.010716,0.006126,0.05680,2000.0
2.7664E+03,0.010976,0.005659,0.05680,2000.0
2.7665E+03,0.011374,0.004793,0.05680,2000.0
2.7665E+03,0.011575,0.004300,0.05680,2000.0
2.7666E+03,0.011854,0.003423,0.05680,2000.0
2.7666E+03,0.012004,0.002910,0.05680,2000.0
2.7667E+03,0.012179,0.001978,0.05680,2000.0
2.7667E+03,0.012267,0.001451,0.05680,2000.0
2.7668E+03,0.012325,0.000520,0.05680,2000.0
2.7668E+03,0.012355,0.000000,0.05680,2000.0
2.7668E+03,0.012325,-0.000520,0.05680,2000.0
2.7669E+03,0.012267,-0.001451,0.05680,2000.0
2.7669E+03,0.012179,-0.001978,0.05680,2000.0
2.7670E+03,0.012004,-0.002910,0.05680,2000.0
2.7670E+03,0.011854,-0.003423,0.05680,2000.0
2.7671E+03,0.011575,-0.004300,0.05680,2000.0
2.7671E+03,0.011374,-0.004793,0.05680,2000.0
2.7672E+03,0.010976,-0.005659,0.05680,2000.0
2.7672E+03,0.010716,-0.006126,0.05680,2000.0
2.7673E+03,0.010224,-0.006924,0.05680,2000.0
2.7673E+03,0.009910,-0.007362,0.05680,2000.0
2.7674E+03,0.009333,-0.008077,0.05680,2000.0
2.7674E+03,0.008977,-0.008479,0.05680,2000.0
2.7675E+03,0.008300,-0.009134,0.05680,2000.0
2.7675E+03,0.007904,-0.009488,0.05680,2000.0
2.7676E+03,0.007153,-0.010056,0.05680,2000.0
2.7676E+03,0.006714,-0.010365,0.05680,2000.0
2.7677E+03,0.005911,-0.010830,0.05680,2000.0
2.7677E+03,0.005444,-0.011088,0.05680,2000.0
2.7678E+03,0.004572,-0.011458,0.05680,2000.0
2.7678E+03,0.004093,-0.011654,0.05680,2000.0
2.7678E+03,0.003607,-0.011797,0.05680,2000.0
2.7679E+03,0.002688,-0.012058,0.05680,2000.0
2.7679E+03,0.002159,-0.012147,0.05680,2000.0
2.7680E+03,0.001248,-0.012287,0.05680,2000.0
2.7680E+03,0.000718,-0.012318,0.05680,2000.0
2.7681E+03,-0.000236,-0.012350,0.05680,2000.0
2.7681E+03,-0.000772,-0.012316,0.05680,2000.0
2.7682E+03,-0.001696,-0.012232,0.05680,2000.0
2.7682E+03,-0.002224,-0.012141,0.05680,2000.0
2.7683E+03,-0.003145,-0.011940,0.05680,2000.0
2.7683E+03,-0.003659,-0.011788,0.05680,2000.0
2.7684E+03,-0.004526,-0.011484,0.05680,2000.0
2.7684E+03,-0.005022,-0.011280,0.05680,2000.0
2.7685E+03,-0.005866,-0.010859,0.05680,2000.0
2.7685E+03,-0.006335,-0.010599,0.05680,2000.0
2.7686E+03,-0.007113,-0.010085,0.05680,2000.0
2.7686E+03,-0.007549,-0.009774,0.05680,2000.0
2.7687E+03,-0.008254,-0.009170,0.05680,2000.0
2.7687E+03,-0.008657,-0.008813,0.05680,2000.0
2.7688E+03,-0.009284,-0.008124,0.05680,2000.0
2.7688E+03,-0.009641,-0.007726,0.05680,2000.0
2.7689E+03,-0.009943,-0.007299,0.05680,2000.0
2.7689E+03,-0.010476,-0.006545,0.05680,2000.0
2.7690E+03,-0.010736,-0.006079,0.05680,2000.0
2.7690E+03,-0.011184,-0.005245,0.05680,2000.0
2.7691E+03,-0.011387,-0.004752,0.05680,2000.0
2.7691E+03,-0.011729,-0.003872,0.05680,2000.0
2.7691E+03,-0.011874,-0.003357,0.05680,2000.0
2.7692E+03,-0.012102,-0.002454,0.05680,2000.0
2.7692E+03,-0.012190,-0.001927,0.05680,2000.0
2.7693E+03,-0.012306,-0.001002,0.05680,2000.0
2.7693E+03,-0.012336,-0.000465,0.05680,2000.0
2.7694E+03,-0.012336,0.000465,0.05680,2000.0
2.7694E+03,-0.012306,0.001002,0.05680,2000.0
2.7695E+03,-0.012190,0.001927,0.05680,2000.0
2.7695E+03,-0.012102,0.002454,0.05680,2000.0
2.7696E+03,-0.011874,0.003357,0.05680,2000.0
2.7696E+03,-0.011729,0.003872,0.05680,2000.0
2.7697E+03,-0.011387,0.004752,0.05680,2000.0
2.7697E+03,-0.011184,0.005245,0.05680,2000.0
2.7698E+03,-0.010736,0.006079,0.05680,2000.0
2.7698E+03,-0.010476,0.006545,0.05680,0.0
2.7707E+03,-0.010476,0.006545,0.06950,0.0
2.7708E+03,-0.009036,0.005637,0.06950,0.0
2.7716E+03,-0.009036,0.005637,0.05680,2000.0
2.7717E+03,-0.008555,0.006318,0.05680,2000.0
2.7717E+03,-0.008311,0.006663,0.05680,2000.0
2.7717E+03,-0.008023,0.006983,0.05680,2000.0
2.7718E+03,-0.007460,0.007602,0.05680,2000.0
2.7718E+03,-0.007137,0.007889,0.05680,2000.0
2.7719E+03,-0.006501,0.008433,0.05680,2000.0
2.7719E+03,-0.006150,0.008683,0.05680,2000.0
2.7720E+03,-0.005452,0.009145,0.05680,2000.0
2.7720E+03,-0.005075,0.009354,0.05680,2000.0
2.7720E+03,-0.004318,0.009731,0.05680,2000.0
2.7721E+03,-0.003920,0.009895,0.05680,2000.0
2.7721E+03,-0.003137,0.010170,0.05680,2000.0
2.7721E+03,-0.002723,0.010292,0.05680,2000.0
2.7722E+03,-0.001898,0.010472,0.05680,2000.0
2.7722E+03,-0.001474,0.010545,0.05680,2000.0
2.7723E+03,-0.000641,0.010621,0.05680,2000.0
2.7723E+03,-0.000211,0.010648,0.05680,2000.0
2.7724E+03,0.000640,0.010620,0.05680,2000.0
2.7724E+03,0.001068,0.010595,0.05680,2000.0
2.7725E+03,0.001889,0.010468,0.05680,2000.0
2.7725E+03,0.002315,0.010397,0.05680,2000.0
2.7725E+03,0.003135,0.010164,0.05680,2000.0
2.7726E+03,0.003530,0.010048,0.05680,2000.0
2.7726E+03,0.003918,0.009889,0.05680,2000.0
2.7727E+03,0.004698,0.009558,0.05680,2000.0
2.7727E+03,0.005074,0.009350,0.05680,2000.0
2.7727E+03,0.005797,0.008932,0.05680,2000.0
2.7728E+03,0.006150,0.008683,0.05680,2000.0
2.7728E+03,0.006823,0.008174,0.05680,2000.0
2.7729E+03,0.007142,0.007889,0.05680,2000.0
2.7729E+03,0.007748,0.007302,0.05680,2000.0
2.7729E+03,0.008035,0.006979,0.05680,2000.0
2.7730E+03,0.008556,0.006332,0.05680,2000.0
2.7730E+03,0.008808,0.005981,0.05680,2000.0
2.7731E+03,0.009249,0.005265,0.05680,2000.0
2.7731E+03,0.009459,0.004889,0.05680,2000.0
2.7732E+03,0.009814,0.004116,0.05680,2000.0
2.7732E+03,0.009976,0.003720,0.05680,2000.0
2.7733E+03,0.010228,0.002927,0.05680,2000.0
2.7733E+03,0.010349,0.002514,0.05680,2000.0
2.7733E+03,0.010505,0.001681,0.05680,2000.0
2.7734E+03,0.010576,0.001257,0.05680,2000.0
2.7734E+03,0.010628,0.000419,0.05680,2000.0
2.7734E+03,0.010652,0.000000,0.05680,2000.0
2.7735E+03,0.010628,-0.000419,0.05680,2000.0
2.7735E+03,0.010576,-0.001257,0.05680,2000.0
2.7736E+03,0.010505,-0.001681,0.05680,2000.0
2.7736E+03,0.010349,-0.002514,0.05680,2000.0
2.7736E+03,0.010228,-0.002927,0.05680,2000.0
2.7737E+03,0.009976,-0.003720,0.05680,2000.0
2.7737E+03,0.009814,-0.004116,0.05680,2000.0
2.7738E+03,0.009459,-0.004889,0.05680,2000.0
2.7738E+03,0.009249,-0.005265,0.05680,2000.0
2.7739E+03,0.008808,-0.005981,0.05680,2000.0
2.7739E+03,0.008556,-0.006332,0.05680,2000.0
2.7740E+03,0.008035,-0.006979,0.05680,2000.0
2.7740E+03,0.007748,-0.007302,0.05680,2000.0
2.7740E+03,0.007142,-0.007889,0.05680,2000.0
2.7741E+03,0.006823,-0.008174,0.05680,2000.0
2.7741E+03,0.006150,-0.008683,0.05680,2000.0
2.7742E+03,0.005797,-0.008932,0.05680,2000.0
2.7742E+03,0.005074,-0.009350,0.05680,2000.0
2.7742E+03,0.004698,-0.009558,0.05680,2000.0
2.7743E+03,0.003918,-0.009889,0.05680,2000.0
2.7743E+03,0.003530,-0.010048,0.05680,2000.0
2.7744E+03,0.003135,-0.010164,0.05680,2000.0
2.7744E+03,0.002315,-0.010397,0.05680,2000.0
2.7744E+03,0.001889,-0.010468,0.05680,2000.0
2.7745E+03,0.001068,-0.010595,0.05680,2000.0
2.7745E+03,0.000640,-0.010620,0.05680,2000.0
2.7746E+03,-0.000211,-0.010648,0.05680,2000.0
2.7746E+03,-0.000641,-0.010621,0.05680,2000.0
2.7747E+03,-0.001474,-0.010545,0.05680,2000.0
2.7747E+03,-0.001898,-0.010472,0.05680,2000.0
2.7747E+03,-0.002723,-0.010292,0.05680,2000.0
2.7748E+03,-0.003137,-0.010170,0.05680,2000.0
2.7748E+03,-0.003920,-0.009895,0.05680,2000.0
2.7749E+03,-0.004318,-0.009731,0.05680,2000.0
2.7749E+03,-0.005075,-0.009354,0.05680,2000.0
2.7749E+03,-0.005452,-0.009145,0.05680,2000.0
2.7750E+03,-0.006150,-0.008683,0.05680,2000.0
2.7750E+03,-0.006501,-0.008433,0.05680,2000.0
2.7751E+03,-0.007137,-0.007889,0.05680,2000.0
2.7751E+03,-0.007460,-0.007602,0.05680,2000.0
2.7752E+03,-0.008023,-0.006983,0.05680,2000.0
2.7752E+03,-0.008311,-0.006663,0.05680,2000.0
2.7752E+03,-0.008555,-0.006318,0.05680,2000.0
2.7753E+03,-0.009036,-0.005637,0.05680,2000.0
2.7753E+03,-0.009245,-0.005263,0.05680,2000.0
2.7754E+03,-0.009645,-0.004517,0.05680,2000.0
2.7754E+03,-0.009809,-0.004120,0.05680,2000.0
2.7755E+03,-0.010115,-0.003332,0.05680,2000.0
2.7755E+03,-0.010232,-0.002918,0.05680,2000.0
2.7755E+03,-0.010437,-0.002105,0.05680,2000.0
2.7756E+03,-0.010508,-0.001681,0.05680,2000.0
2.7756E+03,-0.010612,-0.000849,0.05680,2000.0
2.7756E+03,-0.010636,-0.000418,0.05680,2000.0
2.7757E+03,-0.010636,0.000418,0.05680,2000.0
2.7757E+03,-0.010612,0.000849,0.05680,2000.0
2.7758E+03,-0.010508,0.001681,0.05680,2000.0
2.7758E+03,-0.010437,0.002105,0.05680,2000.0
2.7759E+03,-0.010232,0.002918,0.05680,2000.0
2.7759E+03,-0.010115,0.003332,0.05680,2000.0
2.7760E+03,-0.009809,0.004120,0.05680,2000.0
2.7760E+03,-0.009645,0.004517,0.05680,2000.0
2.7760E+03,-0.009245,0.005263,0.05680,2000.0
2.7761E+03,-0.009036,0.005637,0.05680,0.0
2.7769E+03,-0.009036,0.005637,0.06950,0.0
2.7770E+03,-0.007595,0.004731,0.06950,0.0
2.7779E+03,-0.007595,0.004731,0.05680,2000.0
2.7779E+03,-0.007167,0.005337,0.05680,2000.0
2.7779E+03,-0.006981,0.005600,0.05680,2000.0
2.7779E+03,-0.006763,0.005842,0.05680,2000.0
2.7780E+03,-0.006263,0.006391,0.05680,2000.0
2.7780E+03,-0.006019,0.006608,0.05680,2000.0
2.7781E+03,-0.005454,0.007092,0.05680,2000.0
2.7781E+03,-0.005188,0.007281,0.05680,2000.0
2.7781E+03,-0.004569,0.007691,0.05680,2000.0
2.7782E+03,-0.004284,0.007849,0.05680,2000.0
2.7782E+03,-0.003615,0.008182,0.05680,2000.0
2.7782E+03,-0.003314,0.008306,0.05680,2000.0
2.7783E+03,-0.002615,0.008552,0.05680,2000.0
2.7783E+03,-0.002302,0.008644,0.05680,2000.0
2.7784E+03,-0.001573,0.008803,0.05680,2000.0
2.7784E+03,-0.001252,0.008858,0.05680,2000.0
2.7784E+03,-0.000511,0.008926,0.05680,2000.0
2.7784E+03,-0.000186,0.008946,0.05680,2000.0
2.7785E+03,0.000563,0.008922,0.05680,2000.0
2.7785E+03,0.000888,0.008903,0.05680,2000.0
2.7786E+03,0.001619,0.008790,0.05680,2000.0
2.7786E+03,0.001941,0.008736,0.05680,2000.0
2.7786E+03,0.002663,0.008531,0.05680,2000.0
2.7787E+03,0.002966,0.008442,0.05680,2000.0
2.7787E+03,0.003263,0.008320,0.05680,2000.0
2.7787E+03,0.003952,0.008028,0.05680,2000.0
2.7788E+03,0.004237,0.007870,0.05680,2000.0
2.7788E+03,0.004880,0.007499,0.05680,2000.0
2.7788E+03,0.005146,0.007311,0.05680,2000.0
2.7789E+03,0.005742,0.006860,0.05680,2000.0
2.7789E+03,0.005984,0.006644,0.05680,2000.0
2.7789E+03,0.006520,0.006125,0.05680,2000.0
2.7790E+03,0.006737,0.005881,0.05680,2000.0
2.7790E+03,0.007202,0.005303,0.05680,2000.0
2.7790E+03,0.007392,0.005038,0.05680,2000.0
2.7791E+03,0.007783,0.004404,0.05680,2000.0
2.7791E+03,0.007942,0.004119,0.05680,2000.0
2.7792E+03,0.008254,0.003439,0.05680,2000.0
2.7792E+03,0.008377,0.003139,0.05680,2000.0
2.7792E+03,0.008602,0.002432,0.05680,2000.0
2.7793E+03,0.008693,0.002119,0.05680,2000.0
2.7793E+03,0.008831,0.001383,0.05680,2000.0
2.7793E+03,0.008885,0.001063,0.05680,2000.0
2.7794E+03,0.008931,0.000319,0.05680,2000.0
2.7794E+03,0.008949,0.000000,0.05680,2000.0
2.7794E+03,0.008931,-0.000319,0.05680,2000.0
2.7795E+03,0.008885,-0.001063,0.05680,2000.0
2.7795E+03,0.008831,-0.001383,0.05680,2000.0
2.7795E+03,0.008693,-0.002119,0.05680,2000.0
2.7796E+03,0.008602,-0.002432,0.05680,2000.0
2.7796E+03,0.008377,-0.003139,0.05680,2000.0
2.7796E+03,0.008254,-0.003439,0.05680,2000.0
2.7797E+03,0.007942,-0.004119,0.05680,2000.0
2.7797E+03,0.007783,-0.004404,0.05680,2000.0
2.7797E+03,0.007392,-0.005038,0.05680,2000.0
2.7798E+03,0.007202,-0.005303,0.05680,2000.0
2.7798E+03,0.006737,-0.005881,0.05680,2000.0
2.7798E+03,0.006520,-0.006125,0.05680,2000.0
2.7799E+03,0.005984,-0.006644,0.05680,2000.0
2.7799E+03,0.005742,-0.006860,0.05680,2000.0
2.7800E+03,0.005146,-0.007311,0.05680,2000.0
2.7800E+03,0.004880,-0.007499,0.05680,2000.0
2.7800E+03,0.004237,-0.007870,0.05680,2000.0
2.7801E+03,0.003952,-0.008028,0.05680,2000.0
2.7801E+03,0.003263,-0.008320,0.05680,2000.0
2.7801E+03,0.002966,-0.008442,0.05680,2000.0
2.7801E+03,0.002663,-0.008531,0.05680,2000.0
2.7802E+03,0.001941,-0.008736,0.05680,2000.0
2.7802E+03,0.001619,-0.008790,0.05680,2000.0
2.7803E+03,0.000888,-0.008903,0.05680,2000.0
2.7803E+03,0.000563,-0.008922,0.05680,2000.0
2.7803E+03,-0.000186,-0.008946,0.05680,2000.0
2.7804E+03,-0.000511,-0.008926,0.05680,2000.0
2.7804E+03,-0.001252,-0.008858,0.05680,2000.0
2.7804E+03,-0.001573,-0.008803,0.05680,2000.0
2.7805E+03,-0.002302,-0.008644,0.05680,2000.0
2.7805E+03,-0.002615,-0.008552,0.05680,2000.0
2.7806E+03,-0.003314,-0.008306,0.05680,2000.0
2.7806E+03,-0.003615,-0.008182,0.05680,2000.0
2.7806E+03,-0.004284,-0.007849,0.05680,2000.0
2.7806E+03,-0.004569,-0.007691,0.05680,2000.0
2.7807E+03,-0.005188,-0.007281,0.05680,2000.0
2.7807E+03,-0.005454,-0.007092,0.05680,2000.0
2.7808E+03,-0.006019,-0.006608,0.05680,2000.0
2.7808E+03,-0.006263,-0.006391,0.05680,2000.0
2.7808E+03,-0.006763,-0.005842,0.05680,2000.0
2.7809E+03,-0.006981,-0.005600,0.05680,2000.0
2.7809E+03,-0.007167,-0.005337,0.05680,2000.0
2.7809E+03,-0.007595,-0.004731,0.05680,2000.0
2.7810E+03,-0.007753,-0.004447,0.05680,2000.0
2.7810E+03,-0.008107,-0.003788,0.05680,2000.0
2.7810E+03,-0.008231,-0.003488,0.05680,2000.0
2.7811E+03,-0.008501,-0.002792,0.05680,2000.0
2.7811E+03,-0.008590,-0.002478,0.05680,2000.0
2.7811E+03,-0.008772,-0.001756,0.05680,2000.0
2.7812E+03,-0.008826,-0.001435,0.05680,2000.0
2.7812E+03,-0.008918,-0.000697,0.05680,2000.0
2.7812E+03,-0.008936,-0.000371,0.05680,2000.0
2.7813E+03,-0.008936,0.000371,0.05680,2000.0
2.7813E+03,-0.008918,0.000697,0.05680,2000.0
2.7814E+03,-0.008826,0.001435,0.05680,2000.0
2.7814E+03,-0.008772,0.001756,0.05680,2000.0
2.7814E+03,-0.008590,0.002478,0.05680,2000.0
2.7815E+03,-0.008501,0.002792,0.05680,2000.0
2.7815E+03,-0.008231,0.003488,0.05680,2000.0
2.7815E+03,-0.008107,0.003788,0.05680,2000.0
2.7816E+03,-0.007753,0.004447,0.05680,2000.0
2.7816E+03,-0.007595,0.004731,0.05680,0.0
2.7819E+03,-0.007595,0.000000,0.05680,0.0
