5.3988E+02,-0.007929,0.004957,0.02193,0.0
5.3988E+02,-0.007982,0.004991,0.02193,0.0
5.4071E+02,-0.007982,0.004991,0.00923,2000.0
5.4074E+02,-0.007725,0.005355,0.00923,2000.0
5.4078E+02,-0.007352,0.005879,0.00923,2000.0
5.4082E+02,-0.006919,0.006365,0.00923,2000.0
5.4085E+02,-0.006618,0.006694,0.00923,2000.0
5.4090E+02,-0.006133,0.007127,0.00923,2000.0
5.4092E+02,-0.005795,0.007416,0.00923,2000.0
5.4097E+02,-0.005264,0.007793,0.00923,2000.0
5.4100E+02,-0.004894,0.008039,0.00923,2000.0
5.4104E+02,-0.004325,0.008353,0.00923,2000.0
5.4107E+02,-0.003927,0.008552,0.00923,2000.0
5.4111E+02,-0.003323,0.008802,0.00923,2000.0
5.4114E+02,-0.002905,0.008949,0.00923,2000.0
5.4119E+02,-0.002278,0.009130,0.00923,2000.0
5.4122E+02,-0.001844,0.009225,0.00923,2000.0
5.4126E+02,-0.001202,0.009334,0.00923,2000.0
5.4129E+02,-0.000758,0.009376,0.00923,2000.0
5.4133E+02,-0.000106,0.009412,0.00923,2000.0
5.4136E+02,0.000335,0.009397,0.00923,2000.0
5.4141E+02,0.000985,0.009362,0.00923,2000.0
5.4144E+02,0.001424,0.009293,0.00923,2000.0
5.4148E+02,0.002068,0.009184,0.00923,2000.0
5.4151E+02,0.002496,0.009062,0.00923,2000.0
5.4155E+02,0.003115,0.008883,0.00923,2000.0
5.4160E+02,0.003714,0.008635,0.00923,2000.0
5.4163E+02,0.004123,0.008462,0.00923,2000.0
5.4167E+02,0.004693,0.008147,0.00923,2000.0
5.4170E+02,0.005078,0.007925,0.00923,2000.0
5.4174E+02,0.005610,0.007548,0.00923,2000.0
5.4177E+02,0.005965,0.007280,0.00923,2000.0
5.4181E+02,0.006453,0.006844,0.00923,2000.0
5.4184E+02,0.006771,0.006535,0.00923,2000.0
5.4189E+02,0.007203,0.006052,0.00923,2000.0
5.4192E+02,0.007483,0.005705,0.00923,2000.0
5.4196E+02,0.007861,0.005171,0.00923,2000.0
5.4199E+02,0.008094,0.004794,0.00923,2000.0
5.4203E+02,0.008410,0.004224,0.00923,2000.0
5.4206E+02,0.008596,0.003819,0.00923,2000.0
5.4211E+02,0.008844,0.003218,0.00923,2000.0
5.4214E+02,0.008979,0.002796,0.00923,2000.0
5.4218E+02,0.009159,0.002170,0.00923,2000.0
5.4221E+02,0.009242,0.001732,0.00923,2000.0
5.4225E+02,0.009351,0.001088,0.00923,2000.0
5.4228E+02,0.009378,0.000644,0.00923,2000.0
5.4233E+02,0.009414,0.000000,0.00923,2000.0
5.4237E+02,0.009378,-0.000644,0.00923,2000.0
5.4240E+02,0.009351,-0.001088,0.00923,2000.0
5.4244E+02,0.009242,-0.001732,0.00923,2000.0
5.4247E+02,0.009159,-0.002170,0.00923,2000.0
5.4252E+02,0.008979,-0.002796,0.00923,2000.0
5.4254E+02,0.008844,-0.003218,0.00923,2000.0
5.4259E+02,0.008596,-0.003819,0.00923,2000.0
5.4262E+02,0.008410,-0.004224,0.00923,2000.0
5.4266E+02,0.008094,-0.004794,0.00923,2000.0
5.4269E+02,0.007861,-0.005171,0.00923,2000.0
5.4273E+02,0.007483,-0.005705,0.00923,2000.0
5.4276E+02,0.007203,-0.006052,0.00923,2000.0
5.4281E+02,0.006771,-0.006535,0.00923,2000.0
5.4284E+02,0.006453,-0.006844,0.00923,2000.0
5.4288E+02,0.005965,-0.007280,0.00923,2000.0
5.4291E+02,0.005610,-0.007548,0.00923,2000.0
5.4295E+02,0.005078,-0.007925,0.00923,2000.0
5.4298E+02,0.004693,-0.008147,0.00923,2000.0
5.4303E+02,0.004123,-0.008462,0.00923,2000.0
5.4306E+02,0.003714,-0.008635,0.00923,2000.0
5.4310E+02,0.003115,-0.008883,0.00923,2000.0
5.4314E+02,0.002496,-0.009062,0.00923,2000.0
5.4317E+02,0.002068,-0.009184,0.00923,2000.0
5.4322E+02,0.001424,-0.009293,0.00923,2000.0
5.4325E+02,0.000985,-0.009362,0.00923,2000.0
5.4329E+02,0.000335,-0.009397,0.00923,2000.0
5.4332E+02,-0.000106,-0.009412,0.00923,2000.0
5.4336E+02,-0.000758,-0.009376,0.00923,2000.0
5.4339E+02,-0.001202,-0.009334,0.00923,2000.0
5.4343E+02,-0.001844,-0.009225,0.00923,2000.0
5.4346E+02,-0.002278,-0.009130,0.00923,2000.0
5.4351E+02,-0.002905,-0.008949,0.00923,2000.0
5.4354E+02,-0.003323,-0.008802,0.00923,2000.0
5.4358E+02,-0.003927,-0.008552,0.00923,2000.0
5.4361E+02,-0.004325,-0.008353,0.00923,2000.0
5.4365E+02,-0.004894,-0.008039,0.00923,2000.0
5.4368E+02,-0.005264,-0.007793,0.00923,2000.0
5.4373E+02,-0.005795,-0.007416,0.00923,2000.0
5.4376E+02,-0.006133,-0.007127,0.00923,2000.0
5.4380E+02,-0.006618,-0.006694,0.00923,2000.0
5.4383E+02,-0.006919,-0.006365,0.00923,2000.0
5.4387E+02,-0.007352,-0.005879,0.00923,2000.0
5.4392E+02,-0.007725,-0.005355,0.00923,2000.0
5.4395E+02,-0.007982,-0.004991,0.00923,2000.0
5.4399E+02,-0.008297,-0.004422,0.00923,2000.0
5.4402E+02,-0.008507,-0.004030,0.00923,2000.0
5.4406E+02,-0.008757,-0.003428,0.00923,2000.0
5.4409E+02,-0.008917,-0.003014,0.00923,2000.0
5.4414E+02,-0.009098,-0.002386,0.00923,2000.0
5.4417E+02,-0.009206,-0.001954,0.00923,2000.0
5.4421E+02,-0.009315,-0.001314,0.00923,2000.0
5.4424E+02,-0.009370,-0.000873,0.00923,2000.0
5.4428E+02,-0.009406,-0.000221,0.00923,2000.0
5.4431E+02,-0.009406,0.000221,0.00923,2000.0
5.4435E+02,-0.009370,0.000873,0.00923,2000.0
5.4438E+02,-0.009315,0.001314,0.00923,2000.0
5.4443E+02,-0.009206,0.001954,0.00923,2000.0
5.4446E+02,-0.009098,0.002386,0.00923,2000.0
5.4450E+02,-0.008917,0.003014,0.00923,2000.0
5.4453E+02,-0.008757,0.003428,0.00923,2000.0
5.4457E+02,-0.008507,0.004030,0.00923,2000.0
5.4460E+02,-0.008297,0.004422,0.00923,2000.0
5.4465E+02,-0.007982,0.004991,0.00923,0.0
5.4549E+02,-0.007982,0.004991,0.02193,0.0
5.4560E+02,-0.009424,0.005896,0.02193,0.0
5.4643E+02,-0.009424,0.005896,0.00923,2000.0
5.4646E+02,-0.009112,0.006338,0.00923,2000.0
5.4651E+02,-0.008683,0.006941,0.00923,2000.0
5.4656E+02,-0.008181,0.007504,0.00923,2000.0
5.4660E+02,-0.007814,0.007905,0.00923,2000.0
5.4665E+02,-0.007252,0.008407,0.00923,2000.0
5.4668E+02,-0.006842,0.008758,0.00923,2000.0
5.4673E+02,-0.006227,0.009194,0.00923,2000.0
5.4677E+02,-0.005777,0.009494,0.00923,2000.0
5.4682E+02,-0.005116,0.009858,0.00923,2000.0
5.4686E+02,-0.004633,0.010100,0.00923,2000.0
5.4691E+02,-0.003931,0.010390,0.00923,2000.0
5.4694E+02,-0.003423,0.010569,0.00923,2000.0
5.4699E+02,-0.002696,0.010779,0.00923,2000.0
5.4703E+02,-0.002168,0.010894,0.00923,2000.0
5.4708E+02,-0.001425,0.011021,0.00923,2000.0
5.4712E+02,-0.000885,0.011072,0.00923,2000.0
5.4717E+02,-0.000124,0.011114,0.00923,2000.0
5.4720E+02,0.000410,0.011095,0.00923,2000.0
5.4725E+02,0.001163,0.011055,0.00923,2000.0
5.4729E+02,0.001698,0.010971,0.00923,2000.0
5.4734E+02,0.002444,0.010845,0.00923,2000.0
5.4738E+02,0.002965,0.010696,0.00923,2000.0
5.4743E+02,0.003678,0.010490,0.00923,2000.0
5.4748E+02,0.004370,0.010203,0.00923,2000.0
5.4751E+02,0.004867,0.009993,0.00923,2000.0
5.4756E+02,0.005529,0.009627,0.00923,2000.0
5.4760E+02,0.005996,0.009358,0.00923,2000.0
5.4765E+02,0.006614,0.008920,0.00923,2000.0
5.4768E+02,0.007045,0.008594,0.00923,2000.0
5.4774E+02,0.007612,0.008088,0.00923,2000.0
5.4777E+02,0.007998,0.007713,0.00923,2000.0
5.4782E+02,0.008499,0.007153,0.00923,2000.0
5.4786E+02,0.008840,0.006731,0.00923,2000.0
5.4791E+02,0.009279,0.006110,0.00923,2000.0
5.4794E+02,0.009561,0.005653,0.00923,2000.0
5.4799E+02,0.009928,0.004992,0.00923,2000.0
5.4803E+02,0.010155,0.004498,0.00923,2000.0
5.4808E+02,0.010442,0.003802,0.00923,2000.0
5.4812E+02,0.010606,0.003290,0.00923,2000.0
5.4817E+02,0.010815,0.002564,0.00923,2000.0
5.4820E+02,0.010915,0.002032,0.00923,2000.0
5.4825E+02,0.011042,0.001282,0.00923,2000.0
5.4829E+02,0.011075,0.000743,0.00923,2000.0
5.4834E+02,0.011117,0.000000,0.00923,2000.0
5.4839E+02,0.011075,-0.000743,0.00923,2000.0
5.4842E+02,0.011042,-0.001282,0.00923,2000.0
5.4848E+02,0.010915,-0.002032,0.00923,2000.0
5.4851E+02,0.010815,-0.002564,0.00923,2000.0
5.4856E+02,0.010606,-0.003290,0.00923,2000.0
5.4860E+02,0.010442,-0.003802,0.00923,2000.0
5.4865E+02,0.010155,-0.004498,0.00923,2000.0
5.4868E+02,0.009928,-0.004992,0.00923,2000.0
5.4873E+02,0.009561,-0.005653,0.00923,2000.0
5.4877E+02,0.009279,-0.006110,0.00923,2000.0
5.4882E+02,0.008840,-0.006731,0.00923,2000.0
5.4886E+02,0.008499,-0.007153,0.00923,2000.0
5.4891E+02,0.007998,-0.007713,0.00923,2000.0
5.4894E+02,0.007612,-0.008088,0.00923,2000.0
5.4899E+02,0.007045,-0.008594,0.00923,2000.0
5.4903E+02,0.006614,-0.008920,0.00923,2000.0
5.4908E+02,0.005996,-0.009358,0.00923,2000.0
5.4912E+02,0.005529,-0.009627,0.00923,2000.0
5.4917E+02,0.004867,-0.009993,0.00923,2000.0
5.4920E+02,0.004370,-0.010203,0.00923,2000.0
5.4925E+02,0.003678,-0.010490,0.00923,2000.0
5.4930E+02,0.002965,-0.010696,0.00923,2000.0
5.4934E+02,0.002444,-0.010845,0.00923,2000.0
5.4939E+02,0.001698,-0.010971,0.00923,2000.0
5.4942E+02,0.001163,-0.011055,0.00923,2000.0
5.4948E+02,0.000410,-0.011095,0.00923,2000.0
5.4951E+02,-0.000124,-0.011114,0.00923,2000.0
5.4956E+02,-0.000885,-0.011072,0.00923,2000.0
5.4960E+02,-0.001425,-0.011021,0.00923,2000.0
5.4965E+02,-0.002168,-0.010894,0.00923,2000.0
5.4968E+02,-0.002696,-0.010779,0.00923,2000.0
5.4973E+02,-0.003423,-0.010569,0.00923,2000.0
5.4977E+02,-0.003931,-0.010390,0.00923,2000.0
5.4982E+02,-0.004633,-0.010100,0.00923,2000.0
5.4986E+02,-0.005116,-0.009858,0.00923,2000.0
5.4991E+02,-0.005777,-0.009494,0.00923,2000.0
5.4994E+02,-0.006227,-0.009194,0.00923,2000.0
5.4999E+02,-0.006842,-0.008758,0.00923,2000.0
5.5003E+02,-0.007252,-0.008407,0.00923,2000.0
5.5008E+02,-0.007814,-0.007905,0.00923,2000.0
5.5012E+02,-0.008181,-0.007504,0.00923,2000.0
5.5017E+02,-0.008683,-0.006941,0.00923,2000.0
5.5022E+02,-0.009112,-0.006338,0.00923,2000.0
5.5025E+02,-0.009424,-0.005896,0.00923,2000.0
5.5030E+02,-0.009790,-0.005235,0.00923,2000.0
5.5034E+02,-0.010045,-0.004759,0.00923,2000.0
5.5039E+02,-0.010335,-0.004061,0.00923,2000.0
5.5042E+02,-0.010530,-0.003557,0.00923,2000.0
5.5048E+02,-0.010740,-0.002828,0.00923,2000.0
5.5051E+02,-0.010871,-0.002303,0.00923,2000.0
5.5056E+02,-0.010997,-0.001562,0.00923,2000.0
5.5060E+02,-0.011064,-0.001025,0.00923,2000.0
5.5065E+02,-0.011106,-0.000268,0.00923,2000.0
5.5068E+02,-0.011106,0.000268,0.00923,2000.0
5.5073E+02,-0.011064,0.001025,0.00923,2000.0
5.5077E+02,-0.010997,0.001562,0.00923,2000.0
5.5082E+02,-0.010871,0.002303,0.00923,2000.0
5.5086E+02,-0.010740,0.002828,0.00923,2000.0
5.5091E+02,-0.010530,0.003557,0.00923,2000.0
5.5094E+02,-0.010335,0.004061,0.00923,2000.0
5.5099E+02,-0.010045,0.004759,0.00923,2000.0
5.5103E+02,-0.009790,0.005235,0.00923,2000.0
5.5108E+02,-0.009424,0.005896,0.00923,0.0
5.5193E+02,-0.009424,0.005896,0.02193,0.0
5.5204E+02,-0.010866,0.006801,0.02193,0.0
5.5286E+02,-0.010866,0.006801,0.00923,2000.0
5.5290E+02,-0.010499,0.007321,0.00923,2000.0
5.5296E+02,-0.010014,0.008003,0.00923,2000.0
5.5301E+02,-0.009443,0.008644,0.00923,2000.0
5.5306E+02,-0.009010,0.009116,0.00923,2000.0
5.5311E+02,-0.008371,0.009687,0.00923,2000.0
5.5316E+02,-0.007889,0.010100,0.00923,2000.0
5.5321E+02,-0.007190,0.010595,0.00923,2000.0
5.5326E+02,-0.006660,0.010948,0.00923,2000.0
5.5331E+02,-0.005907,0.011363,0.00923,2000.0
5.5336E+02,-0.005339,0.011648,0.00923,2000.0
5.5341E+02,-0.004538,0.011978,0.00923,2000.0
5.5346E+02,-0.003942,0.012189,0.00923,2000.0
5.5351E+02,-0.003113,0.012428,0.00923,2000.0
5.5356E+02,-0.002492,0.012563,0.00923,2000.0
5.5361E+02,-0.001648,0.012707,0.00923,2000.0
5.5366E+02,-0.001012,0.012768,0.00923,2000.0
5.5371E+02,-0.000141,0.012816,0.00923,2000.0
5.5376E+02,0.000485,0.012793,0.00923,2000.0
5.5381E+02,0.001340,0.012748,0.00923,2000.0
5.5386E+02,0.001971,0.012649,0.00923,2000.0
5.5391E+02,0.002820,0.012505,0.00923,2000.0
5.5396E+02,0.003435,0.012330,0.00923,2000.0
5.5401E+02,0.004241,0.012097,0.00923,2000.0
5.5407E+02,0.005026,0.011771,0.00923,2000.0
5.5411E+02,0.005611,0.011524,0.00923,2000.0
5.5417E+02,0.006365,0.011108,0.00923,2000.0
5.5421E+02,0.006914,0.010791,0.00923,2000.0
5.5427E+02,0.007619,0.010292,0.00923,2000.0
5.5431E+02,0.008125,0.009908,0.00923,2000.0
5.5437E+02,0.008771,0.009332,0.00923,2000.0
5.5441E+02,0.009225,0.008891,0.00923,2000.0
5.5447E+02,0.009794,0.008255,0.00923,2000.0
5.5451E+02,0.010197,0.007757,0.00923,2000.0
5.5457E+02,0.010698,0.007048,0.00923,2000.0
5.5461E+02,0.011028,0.006512,0.00923,2000.0
5.5467E+02,0.011446,0.005761,0.00923,2000.0
5.5471E+02,0.011714,0.005177,0.00923,2000.0
5.5477E+02,0.012040,0.004386,0.00923,2000.0
5.5481E+02,0.012233,0.003785,0.00923,2000.0
5.5487E+02,0.012471,0.002957,0.00923,2000.0
5.5491E+02,0.012589,0.002331,0.00923,2000.0
5.5497E+02,0.012733,0.001476,0.00923,2000.0
5.5501E+02,0.012772,0.000843,0.00923,2000.0
5.5506E+02,0.012820,0.000000,0.00923,2000.0
5.5512E+02,0.012772,-0.000843,0.00923,2000.0
5.5516E+02,0.012733,-0.001476,0.00923,2000.0
5.5522E+02,0.012589,-0.002331,0.00923,2000.0
5.5526E+02,0.012471,-0.002957,0.00923,2000.0
5.5532E+02,0.012233,-0.003785,0.00923,2000.0
5.5536E+02,0.012040,-0.004386,0.00923,2000.0
5.5542E+02,0.011714,-0.005177,0.00923,2000.0
5.5546E+02,0.011446,-0.005761,0.00923,2000.0
5.5552E+02,0.011028,-0.006512,0.00923,2000.0
5.5556E+02,0.010698,-0.007048,0.00923,2000.0
5.5562E+02,0.010197,-0.007757,0.00923,2000.0
5.5566E+02,0.009794,-0.008255,0.00923,2000.0
5.5572E+02,0.009225,-0.008891,0.00923,2000.0
5.5576E+02,0.008771,-0.009332,0.00923,2000.0
5.5582E+02,0.008125,-0.009908,0.00923,2000.0
5.5586E+02,0.007619,-0.010292,0.00923,2000.0
5.5592E+02,0.006914,-0.010791,0.00923,2000.0
5.5596E+02,0.006365,-0.011108,0.00923,2000.0
5.5602E+02,0.005611,-0.011524,0.00923,2000.0
5.5606E+02,0.005026,-0.011771,0.00923,2000.0
5.5612E+02,0.004241,-0.012097,0.00923,2000.0
5.5617E+02,0.003435,-0.012330,0.00923,2000.0
5.5622E+02,0.002820,-0.012505,0.00923,2000.0
5.5627E+02,0.001971,-0.012649,0.00923,2000.0
5.5632E+02,0.001340,-0.012748,0.00923,2000.0
5.5637E+02,0.000485,-0.012793,0.00923,2000.0
5.5642E+02,-0.000141,-0.012816,0.00923,2000.0
5.5647E+02,-0.001012,-0.012768,0.00923,2000.0
5.5652E+02,-0.001648,-0.012707,0.00923,2000.0
5.5657E+02,-0.002492,-0.012563,0.00923,2000.0
5.5662E+02,-0.003113,-0.012428,0.00923,2000.0
5.5667E+02,-0.003942,-0.012189,0.00923,2000.0
5.5672E+02,-0.004538,-0.011978,0.00923,2000.0
5.5677E+02,-0.005339,-0.011648,0.00923,2000.0
5.5682E+02,-0.005907,-0.011363,0.00923,2000.0
5.5687E+02,-0.006660,-0.010948,0.00923,2000.0
5.5692E+02,-0.007190,-0.010595,0.00923,2000.0
5.5697E+02,-0.007889,-0.010100,0.00923,2000.0
5.5701E+02,-0.008371,-0.009687,0.00923,2000.0
5.5707E+02,-0.009010,-0.009116,0.00923,2000.0
5.5711E+02,-0.009443,-0.008644,0.00923,2000.0
5.5717E+02,-0.010014,-0.008003,0.00923,2000.0
5.5723E+02,-0.010499,-0.007321,0.00923,2000.0
5.5727E+02,-0.010866,-0.006801,0.00923,2000.0
5.5733E+02,-0.011283,-0.006048,0.00923,2000.0
5.5737E+02,-0.011583,-0.005488,0.00923,2000.0
5.5743E+02,-0.011913,-0.004694,0.00923,2000.0
5.5747E+02,-0.012143,-0.004100,0.00923,2000.0
5.5753E+02,-0.012382,-0.003269,0.00923,2000.0
5.5757E+02,-0.012536,-0.002652,0.00923,2000.0
5.5763E+02,-0.012679,-0.001810,0.00923,2000.0
5.5767E+02,-0.012758,-0.001178,0.00923,2000.0
5.5773E+02,-0.012806,-0.000315,0.00923,2000.0
5.5777E+02,-0.012806,0.000315,0.00923,2000.0
5.5783E+02,-0.012758,0.001178,0.00923,2000.0
5.5787E+02,-0.012679,0.001810,0.00923,2000.0
5.5793E+02,-0.012536,0.002652,0.00923,2000.0
5.5797E+02,-0.012382,0.003269,0.00923,2000.0
5.5803E+02,-0.012143,0.004100,0.00923,2000.0
5.5807E+02,-0.011913,0.004694,0.00923,2000.0
5.5813E+02,-0.011583,0.005488,0.00923,2000.0
5.5817E+02,-0.011283,0.006048,0.00923,2000.0
5.5823E+02,-0.010866,0.006801,0.00923,0.0
5.5907E+02,-0.010866,0.006801,0.02193,0.0
5.5915E+02,-0.011986,0.007369,0.02193,0.0
5.5998E+02,-0.011986,0.007369,0.00923,2000.0
5.6002E+02,-0.012315,0.006790,0.00923,2000.0
5.6005E+02,-0.012505,0.006448,0.00923,2000.0
5.6009E+02,-0.012776,0.005876,0.00923,2000.0
5.6012E+02,-0.012947,0.005507,0.00923,2000.0
5.6015E+02,-0.013126,0.005045,0.00923,2000.0
5.6018E+02,-0.013312,0.004552,0.00923,2000.0
5.6024E+02,-0.013539,0.003812,0.00923,2000.0
5.6025E+02,-0.013612,0.003566,0.00923,2000.0
5.6029E+02,-0.013748,0.002959,0.00923,2000.0
5.6032E+02,-0.013830,0.002585,0.00923,2000.0
5.6038E+02,-0.013958,0.001725,0.00923,2000.0
5.6039E+02,-0.013986,0.001530,0.00923,2000.0
5.6041E+02,-0.014004,0.001293,0.00923,2000.0
5.6046E+02,-0.014060,0.000504,0.00923,2000.0
5.6053E+02,-0.014060,-0.000503,0.00923,2000.0
5.6059E+02,-0.013990,-0.001477,0.00923,2000.0
5.6060E+02,-0.013985,-0.001535,0.00923,2000.0
5.6061E+02,-0.013946,-0.001810,0.00923,2000.0
5.6067E+02,-0.013830,-0.002585,0.00923,2000.0
5.6069E+02,-0.013750,-0.002950,0.00923,2000.0
5.6073E+02,-0.013610,-0.003572,0.00923,2000.0
5.6075E+02,-0.013536,-0.003823,0.00923,2000.0
5.6080E+02,-0.013311,-0.004555,0.00923,2000.0
5.6084E+02,-0.013126,-0.005045,0.00923,2000.0
5.6087E+02,-0.012947,-0.005507,0.00923,2000.0
5.6090E+02,-0.012776,-0.005876,0.00923,2000.0
5.6094E+02,-0.012508,-0.006441,0.00923,2000.0
5.6096E+02,-0.012316,-0.006787,0.00923,2000.0
5.6101E+02,-0.011988,-0.007365,0.00923,2000.0
5.6103E+02,-0.011789,-0.007671,0.00923,2000.0
5.6108E+02,-0.011434,-0.008198,0.00923,2000.0
5.6110E+02,-0.011192,-0.008517,0.00923,2000.0
5.6115E+02,-0.010797,-0.009023,0.00923,2000.0
5.6117E+02,-0.010540,-0.009314,0.00923,2000.0
5.6121E+02,-0.010110,-0.009787,0.00923,2000.0
5.6124E+02,-0.009792,-0.010098,0.00923,2000.0
5.6128E+02,-0.009364,-0.010502,0.00923,2000.0
5.6131E+02,-0.009045,-0.010773,0.00923,2000.0
5.6135E+02,-0.008581,-0.011152,0.00923,2000.0
5.6138E+02,-0.008265,-0.011383,0.00923,2000.0
5.6142E+02,-0.007736,-0.011752,0.00923,2000.0
5.6145E+02,-0.007406,-0.011959,0.00923,2000.0
5.6149E+02,-0.006838,-0.012296,0.00923,2000.0
5.6152E+02,-0.006480,-0.012486,0.00923,2000.0
5.6156E+02,-0.005929,-0.012759,0.00923,2000.0
5.6158E+02,-0.005557,-0.012924,0.00923,2000.0
5.6163E+02,-0.004990,-0.013155,0.00923,2000.0
5.6165E+02,-0.004615,-0.013290,0.00923,2000.0
5.6169E+02,-0.004015,-0.013484,0.00923,2000.0
5.6172E+02,-0.003615,-0.013595,0.00923,2000.0
5.6176E+02,-0.002993,-0.013747,0.00923,2000.0
5.6179E+02,-0.002637,-0.013820,0.00923,2000.0
5.6183E+02,-0.001996,-0.013927,0.00923,2000.0
5.6186E+02,-0.001605,-0.013976,0.00923,2000.0
5.6190E+02,-0.000944,-0.014038,0.00923,2000.0
5.6192E+02,-0.000611,-0.014056,0.00923,2000.0
5.6197E+02,0.000053,-0.014067,0.00923,2000.0
5.6200E+02,0.000514,-0.014059,0.00923,2000.0
5.6204E+02,0.001073,-0.014029,0.00923,2000.0
5.6206E+02,0.001472,-0.013993,0.00923,2000.0
5.6211E+02,0.002095,-0.013911,0.00923,2000.0
5.6213E+02,0.002522,-0.013841,0.00923,2000.0
5.6217E+02,0.003113,-0.013720,0.00923,2000.0
5.6220E+02,0.003515,-0.013623,0.00923,2000.0
5.6224E+02,0.004122,-0.013451,0.00923,2000.0
5.6227E+02,0.004483,-0.013336,0.00923,2000.0
5.6231E+02,0.005108,-0.013108,0.00923,2000.0
5.6234E+02,0.005481,-0.012959,0.00923,2000.0
5.6238E+02,0.005986,-0.012730,0.00923,2000.0
5.6241E+02,0.006410,-0.012525,0.00923,2000.0
5.6245E+02,0.006952,-0.012229,0.00923,2000.0
5.6248E+02,0.007299,-0.012029,0.00923,2000.0
5.6252E+02,0.007835,-0.011683,0.00923,2000.0
5.6254E+02,0.008141,-0.011476,0.00923,2000.0
5.6259E+02,0.008701,-0.011052,0.00923,2000.0
5.6261E+02,0.008976,-0.010835,0.00923,2000.0
5.6266E+02,0.009436,-0.010431,0.00923,2000.0
5.6268E+02,0.009735,-0.010158,0.00923,2000.0
5.6273E+02,0.010218,-0.009666,0.00923,2000.0
5.6275E+02,0.010458,-0.009412,0.00923,2000.0
5.6279E+02,0.010845,-0.008955,0.00923,2000.0
5.6282E+02,0.011133,-0.008604,0.00923,2000.0
5.6286E+02,0.011471,-0.008138,0.00923,2000.0
5.6289E+02,0.011724,-0.007778,0.00923,2000.0
5.6293E+02,0.012038,-0.007273,0.00923,2000.0
5.6296E+02,0.012251,-0.006918,0.00923,2000.0
5.6300E+02,0.012537,-0.006372,0.00923,2000.0
5.6303E+02,0.012729,-0.005993,0.00923,2000.0
5.6307E+02,0.012980,-0.005412,0.00923,2000.0
5.6310E+02,0.013138,-0.005036,0.00923,2000.0
5.6314E+02,0.013336,-0.004464,0.00923,2000.0
5.6316E+02,0.013473,-0.004057,0.00923,2000.0
5.6320E+02,0.013627,-0.003475,0.00923,2000.0
5.6323E+02,0.013730,-0.003077,0.00923,2000.0
5.6327E+02,0.013846,-0.002458,0.00923,2000.0
5.6330E+02,0.013918,-0.002066,0.00923,2000.0
5.6334E+02,0.013988,-0.001436,0.00923,2000.0
5.6337E+02,0.014031,-0.001037,0.00923,2000.0
5.6341E+02,0.014055,-0.000404,0.00923,2000.0
5.6344E+02,0.014070,-0.000001,0.00923,2000.0
5.6347E+02,0.014055,0.000399,0.00923,2000.0
5.6351E+02,0.014031,0.001043,0.00923,2000.0
5.6353E+02,0.013990,0.001425,0.00923,2000.0
5.6358E+02,0.013920,0.002052,0.00923,2000.0
5.6360E+02,0.013849,0.002438,0.00923,2000.0
5.6364E+02,0.013732,0.003065,0.00923,2000.0
5.6367E+02,0.013653,0.003371,0.00923,2000.0
5.6371E+02,0.013469,0.004068,0.00923,2000.0
5.6374E+02,0.013344,0.004438,0.00923,2000.0
5.6378E+02,0.013131,0.005053,0.00923,2000.0
5.6381E+02,0.012993,0.005382,0.00923,2000.0
5.6385E+02,0.012728,0.005996,0.00923,2000.0
5.6388E+02,0.012565,0.006319,0.00923,2000.0
5.6392E+02,0.012263,0.006899,0.00923,2000.0
5.6394E+02,0.012071,0.007218,0.00923,2000.0
5.6394E+02,0.012070,0.007218,0.00923,2000.0
5.6399E+02,0.011713,0.007795,0.00923,2000.0
5.6402E+02,0.011489,0.008113,0.00923,2000.0
5.6406E+02,0.011122,0.008620,0.00923,2000.0
5.6408E+02,0.010885,0.008908,0.00923,2000.0
5.6413E+02,0.010458,0.009412,0.00923,2000.0
5.6415E+02,0.010218,0.009666,0.00923,2000.0
5.6420E+02,0.009725,0.010168,0.00923,2000.0
5.6422E+02,0.009472,0.010399,0.00923,2000.0
5.6426E+02,0.008976,0.010834,0.00923,2000.0
5.6429E+02,0.008701,0.011052,0.00923,2000.0
5.6433E+02,0.008141,0.011476,0.00923,2000.0
5.6436E+02,0.007835,0.011683,0.00923,2000.0
5.6440E+02,0.007299,0.012029,0.00923,2000.0
5.6443E+02,0.006952,0.012229,0.00923,2000.0
5.6447E+02,0.006410,0.012525,0.00923,2000.0
5.6450E+02,0.005986,0.012730,0.00923,2000.0
5.6454E+02,0.005481,0.012959,0.00923,2000.0
5.6456E+02,0.005108,0.013108,0.00923,2000.0
5.6461E+02,0.004483,0.013336,0.00923,2000.0
5.6463E+02,0.004122,0.013451,0.00923,2000.0
5.6468E+02,0.003515,0.013623,0.00923,2000.0
5.6470E+02,0.003113,0.013720,0.00923,2000.0
5.6474E+02,0.002522,0.013841,0.00923,2000.0
5.6477E+02,0.002095,0.013911,0.00923,2000.0
5.6481E+02,0.001472,0.013993,0.00923,2000.0
5.6484E+02,0.001073,0.014029,0.00923,2000.0
5.6488E+02,0.000514,0.014059,0.00923,2000.0
5.6491E+02,0.000053,0.014067,0.00923,2000.0
5.6495E+02,-0.000611,0.014056,0.00923,2000.0
5.6497E+02,-0.000944,0.014038,0.00923,2000.0
5.6502E+02,-0.001605,0.013976,0.00923,2000.0
5.6505E+02,-0.001996,0.013927,0.00923,2000.0
5.6509E+02,-0.002637,0.013820,0.00923,2000.0
5.6511E+02,-0.002993,0.013747,0.00923,2000.0
5.6516E+02,-0.003615,0.013595,0.00923,2000.0
5.6518E+02,-0.004017,0.013483,0.00923,2000.0
5.6523E+02,-0.004615,0.013290,0.00923,2000.0
5.6525E+02,-0.004990,0.013155,0.00923,2000.0
5.6529E+02,-0.005563,0.012922,0.00923,2000.0
5.6532E+02,-0.005938,0.012755,0.00923,2000.0
5.6536E+02,-0.006488,0.012482,0.00923,2000.0
5.6539E+02,-0.006830,0.012301,0.00923,2000.0
5.6543E+02,-0.007406,0.011959,0.00923,2000.0
5.6546E+02,-0.007750,0.011744,0.00923,2000.0
5.6550E+02,-0.008254,0.011392,0.00923,2000.0
5.6553E+02,-0.008566,0.011163,0.00923,2000.0
5.6557E+02,-0.009027,0.010787,0.00923,2000.0
5.6560E+02,-0.009371,0.010495,0.00923,2000.0
5.6564E+02,-0.009827,0.010063,0.00923,2000.0
5.6566E+02,-0.010122,0.009775,0.00923,2000.0
5.6570E+02,-0.010524,0.009332,0.00923,2000.0
5.6573E+02,-0.010798,0.009022,0.00923,2000.0
5.6578E+02,-0.011192,0.008517,0.00923,2000.0
5.6580E+02,-0.011434,0.008198,0.00923,2000.0
5.6585E+02,-0.011804,0.007649,0.00923,2000.0
5.6587E+02,-0.011986,0.007369,0.00923,0.0
5.6671E+02,-0.011986,0.007369,0.02193,0.0
5.6683E+02,-0.013448,0.008239,0.02193,0.0
5.6765E+02,-0.013448,0.008239,0.00923,2000.0
5.6769E+02,-0.013794,0.007629,0.00923,2000.0
5.6773E+02,-0.014019,0.007224,0.00923,2000.0
5.6777E+02,-0.014313,0.006603,0.00923,2000.0
5.6780E+02,-0.014512,0.006173,0.00923,2000.0
5.6785E+02,-0.014759,0.005537,0.00923,2000.0
5.6785E+02,-0.014758,0.005537,0.00923,2000.0
5.6788E+02,-0.014918,0.005113,0.00923,2000.0
5.6793E+02,-0.015164,0.004310,0.00923,2000.0
5.6796E+02,-0.015256,0.003999,0.00923,2000.0
5.6800E+02,-0.015408,0.003324,0.00923,2000.0
5.6803E+02,-0.015505,0.002883,0.00923,2000.0
5.6808E+02,-0.015609,0.002182,0.00923,2000.0
5.6808E+02,-0.015610,0.002182,0.00923,2000.0
5.6811E+02,-0.015676,0.001725,0.00923,2000.0
5.6813E+02,-0.015699,0.001421,0.00923,2000.0
5.6819E+02,-0.015760,0.000569,0.00923,2000.0
5.6826E+02,-0.015760,-0.000569,0.00923,2000.0
5.6833E+02,-0.015685,-0.001613,0.00923,2000.0
5.6834E+02,-0.015676,-0.001725,0.00923,2000.0
5.6837E+02,-0.015610,-0.002182,0.00923,2000.0
5.6837E+02,-0.015609,-0.002182,0.00923,2000.0
5.6842E+02,-0.015505,-0.002883,0.00923,2000.0
5.6845E+02,-0.015408,-0.003324,0.00923,2000.0
5.6850E+02,-0.015255,-0.004002,0.00923,2000.0
5.6852E+02,-0.015161,-0.004322,0.00923,2000.0
5.6857E+02,-0.014918,-0.005113,0.00923,2000.0
5.6860E+02,-0.014758,-0.005537,0.00923,2000.0
5.6860E+02,-0.014759,-0.005537,0.00923,2000.0
5.6865E+02,-0.014512,-0.006173,0.00923,2000.0
5.6868E+02,-0.014313,-0.006603,0.00923,2000.0
5.6873E+02,-0.014019,-0.007224,0.00923,2000.0
5.6876E+02,-0.013802,-0.007614,0.00923,2000.0
5.6880E+02,-0.013439,-0.008253,0.00923,2000.0
5.6883E+02,-0.013199,-0.008621,0.00923,2000.0
5.6888E+02,-0.012817,-0.009188,0.00923,2000.0
5.6891E+02,-0.012547,-0.009544,0.00923,2000.0
5.6896E+02,-0.012106,-0.010108,0.00923,2000.0
5.6899E+02,-0.011797,-0.010458,0.00923,2000.0
5.6903E+02,-0.011330,-0.010971,0.00923,2000.0
5.6907E+02,-0.010982,-0.011312,0.00923,2000.0
5.6911E+02,-0.010500,-0.011767,0.00923,2000.0
5.6914E+02,-0.010120,-0.012090,0.00923,2000.0
5.6919E+02,-0.009620,-0.012498,0.00923,2000.0
5.6922E+02,-0.009239,-0.012777,0.00923,2000.0
5.6926E+02,-0.008678,-0.013169,0.00923,2000.0
5.6929E+02,-0.008294,-0.013409,0.00923,2000.0
5.6934E+02,-0.007669,-0.013780,0.00923,2000.0
5.6937E+02,-0.007277,-0.013988,0.00923,2000.0
5.6942E+02,-0.006662,-0.014293,0.00923,2000.0
5.6945E+02,-0.006203,-0.014497,0.00923,2000.0
5.6950E+02,-0.005595,-0.014744,0.00923,2000.0
5.6953E+02,-0.005169,-0.014898,0.00923,2000.0
5.6957E+02,-0.004503,-0.015113,0.00923,2000.0
5.6960E+02,-0.004040,-0.015242,0.00923,2000.0
5.6965E+02,-0.003384,-0.015402,0.00923,2000.0
5.6968E+02,-0.002936,-0.015494,0.00923,2000.0
5.6973E+02,-0.002241,-0.015610,0.00923,2000.0
5.6976E+02,-0.001787,-0.015667,0.00923,2000.0
5.6980E+02,-0.001092,-0.015732,0.00923,2000.0
5.6983E+02,-0.000651,-0.015756,0.00923,2000.0
5.6988E+02,0.000055,-0.015768,0.00923,2000.0
5.6991E+02,0.000556,-0.015759,0.00923,2000.0
5.6996E+02,0.001197,-0.015724,0.00923,2000.0
5.6999E+02,0.001660,-0.015683,0.00923,2000.0
5.7003E+02,0.002355,-0.015591,0.00923,2000.0
5.7007E+02,0.002828,-0.015514,0.00923,2000.0
5.7011E+02,0.003484,-0.015379,0.00923,2000.0
5.7014E+02,0.003942,-0.015269,0.00923,2000.0
5.7019E+02,0.004614,-0.015078,0.00923,2000.0
5.7022E+02,0.005045,-0.014941,0.00923,2000.0
5.7027E+02,0.005707,-0.014699,0.00923,2000.0
5.7030E+02,0.006137,-0.014528,0.00923,2000.0
5.7034E+02,0.006717,-0.014265,0.00923,2000.0
5.7037E+02,0.007190,-0.014036,0.00923,2000.0
5.7042E+02,0.007787,-0.013710,0.00923,2000.0
5.7045E+02,0.008179,-0.013484,0.00923,2000.0
5.7050E+02,0.008788,-0.013091,0.00923,2000.0
5.7053E+02,0.009135,-0.012856,0.00923,2000.0
5.7058E+02,0.009727,-0.012408,0.00923,2000.0
5.7060E+02,0.010058,-0.012147,0.00923,2000.0
5.7065E+02,0.010583,-0.011686,0.00923,2000.0
5.7068E+02,0.010922,-0.011376,0.00923,2000.0
5.7073E+02,0.011431,-0.010858,0.00923,2000.0
5.7076E+02,0.011727,-0.010544,0.00923,2000.0
5.7080E+02,0.012159,-0.010034,0.00923,2000.0
5.7084E+02,0.012475,-0.009649,0.00923,2000.0
5.7088E+02,0.012861,-0.009117,0.00923,2000.0
5.7091E+02,0.013144,-0.008715,0.00923,2000.0
5.7096E+02,0.013495,-0.008149,0.00923,2000.0
5.7099E+02,0.013735,-0.007750,0.00923,2000.0
5.7103E+02,0.014053,-0.007141,0.00923,2000.0
5.7107E+02,0.014272,-0.006709,0.00923,2000.0
5.7111E+02,0.014548,-0.006070,0.00923,2000.0
5.7114E+02,0.014723,-0.005653,0.00923,2000.0
5.7119E+02,0.014947,-0.005007,0.00923,2000.0
5.7122E+02,0.015100,-0.004553,0.00923,2000.0
5.7127E+02,0.015273,-0.003899,0.00923,2000.0
5.7130E+02,0.015391,-0.003441,0.00923,2000.0
5.7134E+02,0.015518,-0.002764,0.00923,2000.0
5.7137E+02,0.015602,-0.002305,0.00923,2000.0
5.7142E+02,0.015678,-0.001619,0.00923,2000.0
5.7145E+02,0.015728,-0.001156,0.00923,2000.0
5.7150E+02,0.015754,-0.000466,0.00923,2000.0
5.7153E+02,0.015771,0.000000,0.00923,2000.0
5.7156E+02,0.015754,0.000462,0.00923,2000.0
5.7161E+02,0.015728,0.001160,0.00923,2000.0
5.7164E+02,0.015680,0.001607,0.00923,2000.0
5.7168E+02,0.015602,0.002303,0.00923,2000.0
5.7171E+02,0.015520,0.002751,0.00923,2000.0
5.7176E+02,0.015392,0.003435,0.00923,2000.0
5.7179E+02,0.015279,0.003876,0.00923,2000.0
5.7179E+02,0.015278,0.003876,0.00923,2000.0
5.7184E+02,0.015096,0.004564,0.00923,2000.0
5.7187E+02,0.014951,0.004994,0.00923,2000.0
5.7191E+02,0.014723,0.005653,0.00923,2000.0
5.7194E+02,0.014554,0.006055,0.00923,2000.0
5.7199E+02,0.014269,0.006716,0.00923,2000.0
5.7202E+02,0.014073,0.007104,0.00923,2000.0
5.7207E+02,0.013749,0.007726,0.00923,2000.0
5.7210E+02,0.013516,0.008113,0.00923,2000.0
5.7214E+02,0.013136,0.008727,0.00923,2000.0
5.7217E+02,0.012874,0.009099,0.00923,2000.0
5.7222E+02,0.012470,0.009656,0.00923,2000.0
5.7225E+02,0.012182,0.010007,0.00923,2000.0
5.7230E+02,0.011727,0.010544,0.00923,2000.0
5.7233E+02,0.011431,0.010858,0.00923,2000.0
5.7238E+02,0.010922,0.011376,0.00923,2000.0
5.7240E+02,0.010594,0.011676,0.00923,2000.0
5.7245E+02,0.010061,0.012144,0.00923,2000.0
5.7248E+02,0.009727,0.012408,0.00923,2000.0
5.7253E+02,0.009135,0.012856,0.00923,2000.0
5.7256E+02,0.008788,0.013091,0.00923,2000.0
5.7261E+02,0.008179,0.013484,0.00923,2000.0
5.7264E+02,0.007787,0.013710,0.00923,2000.0
5.7268E+02,0.007190,0.014036,0.00923,2000.0
5.7272E+02,0.006717,0.014265,0.00923,2000.0
5.7276E+02,0.006137,0.014528,0.00923,2000.0
5.7279E+02,0.005707,0.014699,0.00923,2000.0
5.7284E+02,0.005045,0.014941,0.00923,2000.0
5.7287E+02,0.004614,0.015078,0.00923,2000.0
5.7291E+02,0.003942,0.015269,0.00923,2000.0
5.7295E+02,0.003484,0.015379,0.00923,2000.0
5.7299E+02,0.002828,0.015514,0.00923,2000.0
5.7302E+02,0.002355,0.015591,0.00923,2000.0
5.7307E+02,0.001660,0.015683,0.00923,2000.0
5.7310E+02,0.001197,0.015724,0.00923,2000.0
5.7314E+02,0.000556,0.015759,0.00923,2000.0
5.7318E+02,0.000055,0.015768,0.00923,2000.0
5.7322E+02,-0.000651,0.015756,0.00923,2000.0
5.7325E+02,-0.001092,0.015732,0.00923,2000.0
5.7330E+02,-0.001787,0.015667,0.00923,2000.0
5.7333E+02,-0.002241,0.015610,0.00923,2000.0
5.7338E+02,-0.002936,0.015494,0.00923,2000.0
5.7341E+02,-0.003384,0.015402,0.00923,2000.0
5.7345E+02,-0.004040,0.015242,0.00923,2000.0
5.7348E+02,-0.004503,0.015113,0.00923,2000.0
5.7353E+02,-0.005169,0.014898,0.00923,2000.0
5.7356E+02,-0.005595,0.014744,0.00923,2000.0
5.7360E+02,-0.006203,0.014497,0.00923,2000.0
5.7364E+02,-0.006662,0.014293,0.00923,2000.0
5.7368E+02,-0.007280,0.013986,0.00923,2000.0
5.7371E+02,-0.007669,0.013780,0.00923,2000.0
5.7376E+02,-0.008294,0.013409,0.00923,2000.0
5.7379E+02,-0.008678,0.013169,0.00923,2000.0
5.7384E+02,-0.009249,0.012770,0.00923,2000.0
5.7387E+02,-0.009608,0.012507,0.00923,2000.0
5.7391E+02,-0.010129,0.012082,0.00923,2000.0
5.7394E+02,-0.010498,0.011768,0.00923,2000.0
5.7399E+02,-0.011013,0.011281,0.00923,2000.0
5.7402E+02,-0.011342,0.010960,0.00923,2000.0
5.7407E+02,-0.011799,0.010457,0.00923,2000.0
5.7410E+02,-0.012099,0.010117,0.00923,2000.0
5.7415E+02,-0.012547,0.009544,0.00923,2000.0
5.7418E+02,-0.012817,0.009188,0.00923,2000.0
5.7422E+02,-0.013214,0.008599,0.00923,2000.0
5.7425E+02,-0.013448,0.008239,0.00923,0.0
5.7510E+02,-0.013448,0.008239,0.02193,0.0
5.7521E+02,-0.014899,0.009126,0.02193,0.0
5.7603E+02,-0.014899,0.009126,0.00923,2000.0
5.7608E+02,-0.015280,0.008455,0.00923,2000.0
5.7612E+02,-0.015533,0.008000,0.00923,2000.0
5.7617E+02,-0.015850,0.007330,0.00923,2000.0
5.7620E+02,-0.016075,0.006844,0.00923,2000.0
5.7625E+02,-0.016349,0.006137,0.00923,2000.0
5.7629E+02,-0.016529,0.005660,0.00923,2000.0
5.7634E+02,-0.016754,0.004925,0.00923,2000.0
5.7634E+02,-0.016755,0.004925,0.00923,2000.0
5.7637E+02,-0.016904,0.004422,0.00923,2000.0
5.7642E+02,-0.017067,0.003697,0.00923,2000.0
5.7642E+02,-0.017066,0.003697,0.00923,2000.0
5.7646E+02,-0.017180,0.003179,0.00923,2000.0
5.7651E+02,-0.017291,0.002432,0.00923,2000.0
5.7654E+02,-0.017367,0.001910,0.00923,2000.0
5.7659E+02,-0.017423,0.001166,0.00923,2000.0
5.7659E+02,-0.017422,0.001166,0.00923,2000.0
5.7663E+02,-0.017460,0.000634,0.00923,2000.0
5.7671E+02,-0.017460,-0.000634,0.00923,2000.0
5.7675E+02,-0.017422,-0.001166,0.00923,2000.0
5.7675E+02,-0.017423,-0.001166,0.00923,2000.0
5.7680E+02,-0.017367,-0.001910,0.00923,2000.0
5.7683E+02,-0.017291,-0.002432,0.00923,2000.0
5.7689E+02,-0.017180,-0.003179,0.00923,2000.0
5.7692E+02,-0.017066,-0.003697,0.00923,2000.0
5.7692E+02,-0.017067,-0.003697,0.00923,2000.0
5.7697E+02,-0.016903,-0.004426,0.00923,2000.0
5.7701E+02,-0.016755,-0.004925,0.00923,2000.0
5.7701E+02,-0.016754,-0.004925,0.00923,2000.0
5.7706E+02,-0.016529,-0.005660,0.00923,2000.0
5.7709E+02,-0.016349,-0.006137,0.00923,2000.0
5.7714E+02,-0.016075,-0.006844,0.00923,2000.0
5.7718E+02,-0.015850,-0.007330,0.00923,2000.0
5.7723E+02,-0.015533,-0.008000,0.00923,2000.0
5.7726E+02,-0.015280,-0.008455,0.00923,2000.0
5.7731E+02,-0.014896,-0.009130,0.00923,2000.0
5.7735E+02,-0.014624,-0.009548,0.00923,2000.0
5.7740E+02,-0.014192,-0.010190,0.00923,2000.0
5.7743E+02,-0.013886,-0.010592,0.00923,2000.0
5.7748E+02,-0.013414,-0.011195,0.00923,2000.0
5.7752E+02,-0.013055,-0.011602,0.00923,2000.0
5.7757E+02,-0.012562,-0.012144,0.00923,2000.0
5.7760E+02,-0.012172,-0.012526,0.00923,2000.0
5.7765E+02,-0.011636,-0.013032,0.00923,2000.0
5.7769E+02,-0.011221,-0.013385,0.00923,2000.0
5.7774E+02,-0.010652,-0.013849,0.00923,2000.0
5.7777E+02,-0.010244,-0.014148,0.00923,2000.0
5.7782E+02,-0.009606,-0.014594,0.00923,2000.0
5.7786E+02,-0.009182,-0.014859,0.00923,2000.0
5.7791E+02,-0.008500,-0.015264,0.00923,2000.0
5.7794E+02,-0.008074,-0.015490,0.00923,2000.0
5.7799E+02,-0.007382,-0.015834,0.00923,2000.0
5.7803E+02,-0.006882,-0.016055,0.00923,2000.0
5.7808E+02,-0.006202,-0.016332,0.00923,2000.0
5.7811E+02,-0.005722,-0.016505,0.00923,2000.0
5.7816E+02,-0.004980,-0.016745,0.00923,2000.0
5.7820E+02,-0.004480,-0.016884,0.00923,2000.0
5.7825E+02,-0.003745,-0.017064,0.00923,2000.0
5.7828E+02,-0.003243,-0.017166,0.00923,2000.0
5.7833E+02,-0.002489,-0.017292,0.00923,2000.0
5.7837E+02,-0.001962,-0.017358,0.00923,2000.0
5.7842E+02,-0.001218,-0.017428,0.00923,2000.0
5.7845E+02,-0.000716,-0.017455,0.00923,2000.0
5.7851E+02,0.000055,-0.017469,0.00923,2000.0
5.7854E+02,0.000600,-0.017459,0.00923,2000.0
5.7859E+02,0.001323,-0.017419,0.00923,2000.0
5.7863E+02,0.001863,-0.017371,0.00923,2000.0
5.7868E+02,0.002602,-0.017274,0.00923,2000.0
5.7871E+02,0.003121,-0.017189,0.00923,2000.0
5.7876E+02,0.003861,-0.017037,0.00923,2000.0
5.7880E+02,0.004369,-0.016915,0.00923,2000.0
5.7885E+02,0.005115,-0.016703,0.00923,2000.0
5.7888E+02,0.005592,-0.016551,0.00923,2000.0
5.7893E+02,0.006299,-0.016293,0.00923,2000.0
5.7897E+02,0.006804,-0.016092,0.00923,2000.0
5.7902E+02,0.007459,-0.015795,0.00923,2000.0
5.7905E+02,0.007960,-0.015552,0.00923,2000.0
5.7910E+02,0.008617,-0.015194,0.00923,2000.0
5.7914E+02,0.009068,-0.014933,0.00923,2000.0
5.7919E+02,0.009720,-0.014513,0.00923,2000.0
5.7922E+02,0.010133,-0.014233,0.00923,2000.0
5.7927E+02,0.010753,-0.013764,0.00923,2000.0
5.7931E+02,0.011141,-0.013458,0.00923,2000.0
5.7936E+02,0.011730,-0.012941,0.00923,2000.0
5.7939E+02,0.012100,-0.012603,0.00923,2000.0
5.7944E+02,0.012644,-0.012049,0.00923,2000.0
5.7948E+02,0.012996,-0.011676,0.00923,2000.0
5.7953E+02,0.013473,-0.011113,0.00923,2000.0
5.7956E+02,0.013817,-0.010694,0.00923,2000.0
5.7961E+02,0.014250,-0.010097,0.00923,2000.0
5.7965E+02,0.014561,-0.009656,0.00923,2000.0
5.7970E+02,0.014951,-0.009026,0.00923,2000.0
5.7973E+02,0.015225,-0.008571,0.00923,2000.0
5.7978E+02,0.015570,-0.007909,0.00923,2000.0
5.7982E+02,0.015812,-0.007431,0.00923,2000.0
5.7987E+02,0.016115,-0.006729,0.00923,2000.0
5.7990E+02,0.016313,-0.006258,0.00923,2000.0
5.7995E+02,0.016558,-0.005549,0.00923,2000.0
5.7999E+02,0.016728,-0.005044,0.00923,2000.0
5.8004E+02,0.016919,-0.004322,0.00923,2000.0
5.8008E+02,0.017053,-0.003801,0.00923,2000.0
5.8012E+02,0.017190,-0.003069,0.00923,2000.0
5.8016E+02,0.017284,-0.002553,0.00923,2000.0
5.8021E+02,0.017368,-0.001802,0.00923,2000.0
5.8025E+02,0.017425,-0.001275,0.00923,2000.0
5.8030E+02,0.017453,-0.000527,0.00923,2000.0
5.8033E+02,0.017472,0.000000,0.00923,2000.0
5.8037E+02,0.017453,0.000525,0.00923,2000.0
5.8042E+02,0.017425,0.001275,0.00923,2000.0
5.8045E+02,0.017369,0.001797,0.00923,2000.0
5.8050E+02,0.017284,0.002553,0.00923,2000.0
5.8054E+02,0.017191,0.003063,0.00923,2000.0
5.8059E+02,0.017053,0.003801,0.00923,2000.0
5.8062E+02,0.016922,0.004310,0.00923,2000.0
5.8067E+02,0.016728,0.005044,0.00923,2000.0
5.8071E+02,0.016558,0.005549,0.00923,2000.0
5.8076E+02,0.016313,0.006258,0.00923,2000.0
5.8079E+02,0.016115,0.006729,0.00923,2000.0
5.8084E+02,0.015812,0.007431,0.00923,2000.0
5.8088E+02,0.015580,0.007890,0.00923,2000.0
5.8093E+02,0.015225,0.008571,0.00923,2000.0
5.8096E+02,0.014962,0.009008,0.00923,2000.0
5.8101E+02,0.014561,0.009656,0.00923,2000.0
5.8105E+02,0.014250,0.010097,0.00923,2000.0
5.8110E+02,0.013817,0.010694,0.00923,2000.0
5.8113E+02,0.013479,0.011106,0.00923,2000.0
5.8118E+02,0.012996,0.011676,0.00923,2000.0
5.8122E+02,0.012644,0.012049,0.00923,2000.0
5.8127E+02,0.012100,0.012603,0.00923,2000.0
5.8130E+02,0.011730,0.012941,0.00923,2000.0
5.8135E+02,0.011141,0.013458,0.00923,2000.0
5.8139E+02,0.010753,0.013764,0.00923,2000.0
5.8144E+02,0.010133,0.014233,0.00923,2000.0
5.8147E+02,0.009720,0.014513,0.00923,2000.0
5.8152E+02,0.009068,0.014933,0.00923,2000.0
5.8156E+02,0.008617,0.015194,0.00923,2000.0
5.8161E+02,0.007960,0.015552,0.00923,2000.0
5.8165E+02,0.007459,0.015795,0.00923,2000.0
5.8169E+02,0.006804,0.016092,0.00923,2000.0
5.8173E+02,0.006299,0.016293,0.00923,2000.0
5.8178E+02,0.005592,0.016551,0.00923,2000.0
5.8181E+02,0.005115,0.016703,0.00923,2000.0
5.8187E+02,0.004369,0.016915,0.00923,2000.0
5.8190E+02,0.003861,0.017037,0.00923,2000.0
5.8195E+02,0.003121,0.017189,0.00923,2000.0
5.8199E+02,0.002602,0.017274,0.00923,2000.0
5.8204E+02,0.001863,0.017371,0.00923,2000.0
5.8207E+02,0.001323,0.017419,0.00923,2000.0
5.8212E+02,0.000600,0.017459,0.00923,2000.0
5.8216E+02,0.000055,0.017469,0.00923,2000.0
5.8221E+02,-0.000716,0.017455,0.00923,2000.0
5.8224E+02,-0.001218,0.017428,0.00923,2000.0
5.8229E+02,-0.001962,0.017358,0.00923,2000.0
5.8233E+02,-0.002489,0.017292,0.00923,2000.0
5.8238E+02,-0.003243,0.017166,0.00923,2000.0
5.8241E+02,-0.003745,0.017064,0.00923,2000.0
5.8246E+02,-0.004480,0.016884,0.00923,2000.0
5.8250E+02,-0.004980,0.016745,0.00923,2000.0
5.8255E+02,-0.005722,0.016505,0.00923,2000.0
5.8258E+02,-0.006202,0.016332,0.00923,2000.0
5.8263E+02,-0.006882,0.016055,0.00923,2000.0
5.8267E+02,-0.007382,0.015834,0.00923,2000.0
5.8272E+02,-0.008074,0.015490,0.00923,2000.0
5.8275E+02,-0.008500,0.015264,0.00923,2000.0
5.8280E+02,-0.009182,0.014859,0.00923,2000.0
5.8284E+02,-0.009606,0.014594,0.00923,2000.0
5.8289E+02,-0.010244,0.014148,0.00923,2000.0
5.8292E+02,-0.010652,0.013849,0.00923,2000.0
5.8297E+02,-0.011226,0.013381,0.00923,2000.0
5.8301E+02,-0.011636,0.013032,0.00923,2000.0
5.8306E+02,-0.012181,0.012517,0.00923,2000.0
5.8309E+02,-0.012562,0.012144,0.00923,2000.0
5.8314E+02,-0.013056,0.011601,0.00923,2000.0
5.8318E+02,-0.013414,0.011195,0.00923,2000.0
5.8323E+02,-0.013886,0.010592,0.00923,2000.0
5.8326E+02,-0.014192,0.010190,0.00923,2000.0
5.8332E+02,-0.014624,0.009548,0.00923,2000.0
5.8335E+02,-0.014899,0.009126,0.00923,0.0
5.8396E+02,-0.014899,0.000000,0.00923,0.0
