2.6029E+03,-0.007801,0.004870,0.06737,0.0
2.6029E+03,-0.007751,0.004834,0.06737,0.0
2.6038E+03,-0.007751,0.004834,0.05467,2000.0
2.6038E+03,-0.007390,0.005345,0.05467,2000.0
2.6038E+03,-0.007130,0.005710,0.05467,2000.0
2.6039E+03,-0.006827,0.006049,0.05467,2000.0
2.6039E+03,-0.006405,0.006512,0.05467,2000.0
2.6039E+03,-0.006065,0.006815,0.05467,2000.0
2.6040E+03,-0.005592,0.007221,0.05467,2000.0
2.6040E+03,-0.005219,0.007487,0.05467,2000.0
2.6040E+03,-0.004699,0.007830,0.05467,2000.0
2.6041E+03,-0.004302,0.008051,0.05467,2000.0
2.6041E+03,-0.003739,0.008331,0.05467,2000.0
2.6042E+03,-0.003318,0.008505,0.05467,2000.0
2.6042E+03,-0.002729,0.008713,0.05467,2000.0
2.6042E+03,-0.002290,0.008838,0.05467,2000.0
2.6043E+03,-0.001681,0.008972,0.05467,2000.0
2.6043E+03,-0.001230,0.009048,0.05467,2000.0
2.6043E+03,-0.000608,0.009107,0.05467,2000.0
2.6044E+03,-0.000152,0.009131,0.05467,2000.0
2.6044E+03,0.000468,0.009113,0.05467,2000.0
2.6044E+03,0.000925,0.009088,0.05467,2000.0
2.6045E+03,0.001542,0.008991,0.05467,2000.0
2.6045E+03,0.001994,0.008915,0.05467,2000.0
2.6046E+03,0.003024,0.008620,0.05467,2000.0
2.6046E+03,0.003445,0.008446,0.05467,2000.0
2.6047E+03,0.004021,0.008201,0.05467,2000.0
2.6047E+03,0.004418,0.007982,0.05467,2000.0
2.6047E+03,0.004959,0.007670,0.05467,2000.0
2.6048E+03,0.005332,0.007406,0.05467,2000.0
2.6048E+03,0.005832,0.007029,0.05467,2000.0
2.6048E+03,0.006172,0.006724,0.05467,2000.0
2.6049E+03,0.006619,0.006290,0.05467,2000.0
2.6049E+03,0.006923,0.005950,0.05467,2000.0
2.6049E+03,0.007316,0.005462,0.05467,2000.0
2.6050E+03,0.007580,0.005090,0.05467,2000.0
2.6050E+03,0.007907,0.004560,0.05467,2000.0
2.6050E+03,0.008128,0.004161,0.05467,2000.0
2.6051E+03,0.008390,0.003592,0.05467,2000.0
2.6051E+03,0.008564,0.003171,0.05467,2000.0
2.6052E+03,0.008754,0.002576,0.05467,2000.0
2.6052E+03,0.008880,0.002137,0.05467,2000.0
2.6052E+03,0.008995,0.001523,0.05467,2000.0
2.6053E+03,0.009071,0.001074,0.05467,2000.0
2.6053E+03,0.009110,0.000450,0.05467,2000.0
2.6053E+03,0.009135,0.000000,0.05467,2000.0
2.6054E+03,0.009110,-0.000450,0.05467,2000.0
2.6054E+03,0.009071,-0.001074,0.05467,2000.0
2.6054E+03,0.008995,-0.001523,0.05467,2000.0
2.6055E+03,0.008880,-0.002137,0.05467,2000.0
2.6055E+03,0.008754,-0.002576,0.05467,2000.0
2.6055E+03,0.008564,-0.003171,0.05467,2000.0
2.6056E+03,0.008390,-0.003592,0.05467,2000.0
2.6056E+03,0.008128,-0.004161,0.05467,2000.0
2.6057E+03,0.007907,-0.004560,0.05467,2000.0
2.6057E+03,0.007580,-0.005090,0.05467,2000.0
2.6057E+03,0.007316,-0.005462,0.05467,2000.0
2.6058E+03,0.006923,-0.005950,0.05467,2000.0
2.6058E+03,0.006619,-0.006290,0.05467,2000.0
2.6058E+03,0.006172,-0.006724,0.05467,2000.0
2.6059E+03,0.005832,-0.007029,0.05467,2000.0
2.6059E+03,0.005332,-0.007406,0.05467,2000.0
2.6059E+03,0.004959,-0.007670,0.05467,2000.0
2.6060E+03,0.004418,-0.007982,0.05467,2000.0
2.6060E+03,0.004021,-0.008201,0.05467,2000.0
2.6061E+03,0.003445,-0.008446,0.05467,2000.0
2.6061E+03,0.003024,-0.008620,0.05467,2000.0
2.6062E+03,0.001994,-0.008915,0.05467,2000.0
2.6062E+03,0.001542,-0.008991,0.05467,2000.0
2.6062E+03,0.000925,-0.009088,0.05467,2000.0
2.6063E+03,0.000468,-0.009113,0.05467,2000.0
2.6063E+03,-0.000152,-0.009131,0.05467,2000.0
2.6063E+03,-0.000608,-0.009107,0.05467,2000.0
2.6064E+03,-0.001230,-0.009048,0.05467,2000.0
2.6064E+03,-0.001681,-0.008972,0.05467,2000.0
2.6064E+03,-0.002290,-0.008838,0.05467,2000.0
2.6065E+03,-0.002729,-0.008713,0.05467,2000.0
2.6065E+03,-0.003318,-0.008505,0.05467,2000.0
2.6065E+03,-0.003739,-0.008331,0.05467,2000.0
2.6066E+03,-0.004302,-0.008051,0.05467,2000.0
2.6066E+03,-0.004699,-0.007830,0.05467,2000.0
2.6067E+03,-0.005219,-0.007487,0.05467,2000.0
2.6067E+03,-0.005592,-0.007221,0.05467,2000.0
2.6067E+03,-0.006065,-0.006815,0.05467,2000.0
2.6068E+03,-0.006405,-0.006512,0.05467,2000.0
2.6068E+03,-0.006827,-0.006049,0.05467,2000.0
2.6068E+03,-0.007130,-0.005710,0.05467,2000.0
2.6069E+03,-0.007390,-0.005345,0.05467,2000.0
2.6069E+03,-0.007751,-0.004834,0.05467,2000.0
2.6069E+03,-0.007971,-0.004436,0.05467,2000.0
2.6070E+03,-0.008266,-0.003887,0.05467,2000.0
2.6070E+03,-0.008441,-0.003465,0.05467,2000.0
2.6071E+03,-0.008668,-0.002880,0.05467,2000.0
2.6071E+03,-0.008793,-0.002443,0.05467,2000.0
2.6071E+03,-0.008946,-0.001838,0.05467,2000.0
2.6072E+03,-0.009022,-0.001387,0.05467,2000.0
2.6072E+03,-0.009099,-0.000767,0.05467,2000.0
2.6072E+03,-0.009124,-0.000311,0.05467,2000.0
2.6073E+03,-0.009124,0.000311,0.05467,2000.0
2.6073E+03,-0.009099,0.000767,0.05467,2000.0
2.6073E+03,-0.009022,0.001387,0.05467,2000.0
2.6074E+03,-0.008946,0.001838,0.05467,2000.0
2.6074E+03,-0.008793,0.002443,0.05467,2000.0
2.6074E+03,-0.008668,0.002880,0.05467,2000.0
2.6075E+03,-0.008441,0.003465,0.05467,2000.0
2.6075E+03,-0.008266,0.003887,0.05467,2000.0
2.6076E+03,-0.007971,0.004436,0.05467,2000.0
2.6076E+03,-0.007751,0.004834,0.05467,0.0
2.6084E+03,-0.007751,0.004834,0.06737,0.0
2.6085E+03,-0.009194,0.005738,0.06737,0.0
2.6094E+03,-0.009194,0.005738,0.05467,2000.0
2.6094E+03,-0.008777,0.006329,0.05467,2000.0
2.6094E+03,-0.008460,0.006773,0.05467,2000.0
2.6095E+03,-0.008089,0.007188,0.05467,2000.0
2.6095E+03,-0.007602,0.007722,0.05467,2000.0
2.6096E+03,-0.007184,0.008095,0.05467,2000.0
2.6096E+03,-0.006641,0.008561,0.05467,2000.0
2.6097E+03,-0.006181,0.008889,0.05467,2000.0
2.6097E+03,-0.005582,0.009284,0.05467,2000.0
2.6097E+03,-0.005094,0.009556,0.05467,2000.0
2.6098E+03,-0.004443,0.009879,0.05467,2000.0
2.6098E+03,-0.003926,0.010093,0.05467,2000.0
2.6099E+03,-0.003245,0.010334,0.05467,2000.0
2.6099E+03,-0.002706,0.010487,0.05467,2000.0
2.6100E+03,-0.002005,0.010641,0.05467,2000.0
2.6100E+03,-0.001452,0.010735,0.05467,2000.0
2.6100E+03,-0.000733,0.010803,0.05467,2000.0
2.6101E+03,-0.000172,0.010832,0.05467,2000.0
2.6101E+03,0.000539,0.010812,0.05467,2000.0
2.6102E+03,0.001104,0.010781,0.05467,2000.0
2.6102E+03,0.001815,0.010669,0.05467,2000.0
2.6103E+03,0.002370,0.010576,0.05467,2000.0
2.6103E+03,0.003584,0.010228,0.05467,2000.0
2.6104E+03,0.004102,0.010014,0.05467,2000.0
2.6104E+03,0.004766,0.009731,0.05467,2000.0
2.6105E+03,0.005253,0.009463,0.05467,2000.0
2.6105E+03,0.005877,0.009103,0.05467,2000.0
2.6105E+03,0.006335,0.008779,0.05467,2000.0
2.6106E+03,0.006913,0.008343,0.05467,2000.0
2.6106E+03,0.007332,0.007967,0.05467,2000.0
2.6107E+03,0.007846,0.007468,0.05467,2000.0
2.6107E+03,0.008220,0.007050,0.05467,2000.0
2.6108E+03,0.008672,0.006488,0.05467,2000.0
2.6108E+03,0.008998,0.006029,0.05467,2000.0
2.6109E+03,0.009375,0.005419,0.05467,2000.0
2.6109E+03,0.009646,0.004929,0.05467,2000.0
2.6109E+03,0.009948,0.004272,0.05467,2000.0
2.6110E+03,0.010162,0.003755,0.05467,2000.0
2.6110E+03,0.010381,0.003069,0.05467,2000.0
2.6111E+03,0.010536,0.002529,0.05467,2000.0
2.6111E+03,0.010669,0.001821,0.05467,2000.0
2.6111E+03,0.010762,0.001269,0.05467,2000.0
2.6112E+03,0.010807,0.000550,0.05467,2000.0
2.6112E+03,0.010838,0.000000,0.05467,2000.0
2.6113E+03,0.010807,-0.000550,0.05467,2000.0
2.6113E+03,0.010762,-0.001269,0.05467,2000.0
2.6114E+03,0.010669,-0.001821,0.05467,2000.0
2.6114E+03,0.010536,-0.002529,0.05467,2000.0
2.6114E+03,0.010381,-0.003069,0.05467,2000.0
2.6115E+03,0.010162,-0.003755,0.05467,2000.0
2.6115E+03,0.009948,-0.004272,0.05467,2000.0
2.6116E+03,0.009646,-0.004929,0.05467,2000.0
2.6116E+03,0.009375,-0.005419,0.05467,2000.0
2.6117E+03,0.008998,-0.006029,0.05467,2000.0
2.6117E+03,0.008672,-0.006488,0.05467,2000.0
2.6117E+03,0.008220,-0.007050,0.05467,2000.0
2.6118E+03,0.007846,-0.007468,0.05467,2000.0
2.6118E+03,0.007332,-0.007967,0.05467,2000.0
2.6119E+03,0.006913,-0.008343,0.05467,2000.0
2.6119E+03,0.006335,-0.008779,0.05467,2000.0
2.6120E+03,0.005877,-0.009103,0.05467,2000.0
2.6120E+03,0.005253,-0.009463,0.05467,2000.0
2.6120E+03,0.004766,-0.009731,0.05467,2000.0
2.6121E+03,0.004102,-0.010014,0.05467,2000.0
2.6121E+03,0.003584,-0.010228,0.05467,2000.0
2.6122E+03,0.002370,-0.010576,0.05467,2000.0
2.6122E+03,0.001815,-0.010669,0.05467,2000.0
2.6123E+03,0.001104,-0.010781,0.05467,2000.0
2.6123E+03,0.000539,-0.010812,0.05467,2000.0
2.6124E+03,-0.000172,-0.010832,0.05467,2000.0
2.6124E+03,-0.000733,-0.010803,0.05467,2000.0
2.6125E+03,-0.001452,-0.010735,0.05467,2000.0
2.6125E+03,-0.002005,-0.010641,0.05467,2000.0
2.6125E+03,-0.002706,-0.010487,0.05467,2000.0
2.6126E+03,-0.003245,-0.010334,0.05467,2000.0
2.6126E+03,-0.003926,-0.010093,0.05467,2000.0
2.6127E+03,-0.004443,-0.009879,0.05467,2000.0
2.6127E+03,-0.005094,-0.009556,0.05467,2000.0
2.6128E+03,-0.005582,-0.009284,0.05467,2000.0
2.6128E+03,-0.006181,-0.008889,0.05467,2000.0
2.6128E+03,-0.006641,-0.008561,0.05467,2000.0
2.6129E+03,-0.007184,-0.008095,0.05467,2000.0
2.6129E+03,-0.007602,-0.007722,0.05467,2000.0
2.6130E+03,-0.008089,-0.007188,0.05467,2000.0
2.6130E+03,-0.008460,-0.006773,0.05467,2000.0
2.6130E+03,-0.008777,-0.006329,0.05467,2000.0
2.6131E+03,-0.009194,-0.005738,0.05467,2000.0
2.6131E+03,-0.009464,-0.005250,0.05467,2000.0
2.6132E+03,-0.009804,-0.004617,0.05467,2000.0
2.6132E+03,-0.010019,-0.004098,0.05467,2000.0
2.6133E+03,-0.010281,-0.003422,0.05467,2000.0
2.6133E+03,-0.010435,-0.002885,0.05467,2000.0
2.6134E+03,-0.010611,-0.002188,0.05467,2000.0
2.6134E+03,-0.010704,-0.001633,0.05467,2000.0
2.6134E+03,-0.010793,-0.000918,0.05467,2000.0
2.6135E+03,-0.010824,-0.000358,0.05467,2000.0
2.6135E+03,-0.010824,0.000358,0.05467,2000.0
2.6136E+03,-0.010793,0.000918,0.05467,2000.0
2.6136E+03,-0.010704,0.001633,0.05467,2000.0
2.6136E+03,-0.010611,0.002188,0.05467,2000.0
2.6137E+03,-0.010435,0.002885,0.05467,2000.0
2.6137E+03,-0.010281,0.003422,0.05467,2000.0
2.6138E+03,-0.010019,0.004098,0.05467,2000.0
2.6138E+03,-0.009804,0.004617,0.05467,2000.0
2.6139E+03,-0.009464,0.005250,0.05467,2000.0
2.6139E+03,-0.009194,0.005738,0.05467,0.0
2.6147E+03,-0.009194,0.005738,0.06737,0.0
2.6149E+03,-0.010637,0.006642,0.06737,0.0
2.6157E+03,-0.010637,0.006642,0.05467,2000.0
2.6157E+03,-0.010163,0.007313,0.05467,2000.0
2.6158E+03,-0.009789,0.007837,0.05467,2000.0
2.6158E+03,-0.009351,0.008327,0.05467,2000.0
2.6159E+03,-0.008799,0.008932,0.05467,2000.0
2.6159E+03,-0.008304,0.009374,0.05467,2000.0
2.6160E+03,-0.007690,0.009901,0.05467,2000.0
2.6160E+03,-0.007143,0.010291,0.05467,2000.0
2.6161E+03,-0.006465,0.010738,0.05467,2000.0
2.6161E+03,-0.005886,0.011061,0.05467,2000.0
2.6162E+03,-0.005147,0.011428,0.05467,2000.0
2.6162E+03,-0.004535,0.011681,0.05467,2000.0
2.6163E+03,-0.003761,0.011955,0.05467,2000.0
2.6163E+03,-0.003121,0.012136,0.05467,2000.0
2.6164E+03,-0.002330,0.012310,0.05467,2000.0
2.6164E+03,-0.001675,0.012422,0.05467,2000.0
2.6165E+03,-0.000857,0.012499,0.05467,2000.0
2.6165E+03,-0.000192,0.012533,0.05467,2000.0
2.6166E+03,0.000609,0.012511,0.05467,2000.0
2.6166E+03,0.001283,0.012474,0.05467,2000.0
2.6167E+03,0.002088,0.012347,0.05467,2000.0
2.6167E+03,0.002746,0.012237,0.05467,2000.0
2.6168E+03,0.004145,0.011836,0.05467,2000.0
2.6169E+03,0.004760,0.011582,0.05467,2000.0
2.6169E+03,0.005511,0.011261,0.05467,2000.0
2.6170E+03,0.006088,0.010944,0.05467,2000.0
2.6170E+03,0.006795,0.010536,0.05467,2000.0
2.6170E+03,0.007338,0.010152,0.05467,2000.0
2.6171E+03,0.007995,0.009657,0.05467,2000.0
2.6171E+03,0.008492,0.009210,0.05467,2000.0
2.6172E+03,0.009073,0.008646,0.05467,2000.0
2.6172E+03,0.009517,0.008150,0.05467,2000.0
2.6173E+03,0.010029,0.007514,0.05467,2000.0
2.6173E+03,0.010416,0.006969,0.05467,2000.0
2.6174E+03,0.010843,0.006278,0.05467,2000.0
2.6174E+03,0.011164,0.005696,0.05467,2000.0
2.6175E+03,0.011506,0.004952,0.05467,2000.0
2.6175E+03,0.011760,0.004340,0.05467,2000.0
2.6176E+03,0.012008,0.003562,0.05467,2000.0
2.6176E+03,0.012192,0.002921,0.05467,2000.0
2.6177E+03,0.012343,0.002119,0.05467,2000.0
2.6177E+03,0.012453,0.001464,0.05467,2000.0
2.6178E+03,0.012504,0.000651,0.05467,2000.0
2.6178E+03,0.012541,0.000000,0.05467,2000.0
2.6179E+03,0.012504,-0.000651,0.05467,2000.0
2.6179E+03,0.012453,-0.001464,0.05467,2000.0
2.6180E+03,0.012343,-0.002119,0.05467,2000.0
2.6180E+03,0.012192,-0.002921,0.05467,2000.0
2.6181E+03,0.012008,-0.003562,0.05467,2000.0
2.6181E+03,0.011760,-0.004340,0.05467,2000.0
2.6182E+03,0.011506,-0.004952,0.05467,2000.0
2.6182E+03,0.011164,-0.005696,0.05467,2000.0
2.6183E+03,0.010843,-0.006278,0.05467,2000.0
2.6183E+03,0.010416,-0.006969,0.05467,2000.0
2.6184E+03,0.010029,-0.007514,0.05467,2000.0
2.6184E+03,0.009517,-0.008150,0.05467,2000.0
2.6185E+03,0.009073,-0.008646,0.05467,2000.0
2.6185E+03,0.008492,-0.009210,0.05467,2000.0
2.6186E+03,0.007995,-0.009657,0.05467,2000.0
2.6186E+03,0.007338,-0.010152,0.05467,2000.0
2.6187E+03,0.006795,-0.010536,0.05467,2000.0
2.6187E+03,0.006088,-0.010944,0.05467,2000.0
2.6188E+03,0.005511,-0.011261,0.05467,2000.0
2.6188E+03,0.004760,-0.011582,0.05467,2000.0
2.6189E+03,0.004145,-0.011836,0.05467,2000.0
2.6190E+03,0.002746,-0.012237,0.05467,2000.0
2.6190E+03,0.002088,-0.012347,0.05467,2000.0
2.6191E+03,0.001283,-0.012474,0.05467,2000.0
2.6191E+03,0.000609,-0.012511,0.05467,2000.0
2.6192E+03,-0.000192,-0.012533,0.05467,2000.0
2.6192E+03,-0.000857,-0.012499,0.05467,2000.0
2.6193E+03,-0.001675,-0.012422,0.05467,2000.0
2.6193E+03,-0.002330,-0.012310,0.05467,2000.0
2.6194E+03,-0.003121,-0.012136,0.05467,2000.0
2.6194E+03,-0.003761,-0.011955,0.05467,2000.0
2.6195E+03,-0.004535,-0.011681,0.05467,2000.0
2.6195E+03,-0.005147,-0.011428,0.05467,2000.0
2.6196E+03,-0.005886,-0.011061,0.05467,2000.0
2.6196E+03,-0.006465,-0.010738,0.05467,2000.0
2.6197E+03,-0.007143,-0.010291,0.05467,2000.0
2.6197E+03,-0.007690,-0.009901,0.05467,2000.0
2.6198E+03,-0.008304,-0.009374,0.05467,2000.0
2.6198E+03,-0.008799,-0.008932,0.05467,2000.0
2.6199E+03,-0.009351,-0.008327,0.05467,2000.0
2.6199E+03,-0.009789,-0.007837,0.05467,2000.0
2.6199E+03,-0.010163,-0.007313,0.05467,2000.0
2.6200E+03,-0.010637,-0.006642,0.05467,2000.0
2.6200E+03,-0.010957,-0.006064,0.05467,2000.0
2.6201E+03,-0.011342,-0.005346,0.05467,2000.0
2.6201E+03,-0.011597,-0.004731,0.05467,2000.0
2.6202E+03,-0.011894,-0.003965,0.05467,2000.0
2.6202E+03,-0.012077,-0.003328,0.05467,2000.0
2.6203E+03,-0.012276,-0.002537,0.05467,2000.0
2.6203E+03,-0.012387,-0.001879,0.05467,2000.0
2.6204E+03,-0.012487,-0.001070,0.05467,2000.0
2.6204E+03,-0.012524,-0.000405,0.05467,2000.0
2.6205E+03,-0.012524,0.000405,0.05467,2000.0
2.6205E+03,-0.012487,0.001070,0.05467,2000.0
2.6206E+03,-0.012387,0.001879,0.05467,2000.0
2.6206E+03,-0.012276,0.002537,0.05467,2000.0
2.6207E+03,-0.012077,0.003328,0.05467,2000.0
2.6207E+03,-0.011894,0.003965,0.05467,2000.0
2.6208E+03,-0.011597,0.004731,0.05467,2000.0
2.6208E+03,-0.011342,0.005346,0.05467,2000.0
2.6209E+03,-0.010957,0.006064,0.05467,2000.0
2.6209E+03,-0.010637,0.006642,0.05467,0.0
2.6218E+03,-0.010637,0.006642,0.06737,0.0
2.6219E+03,-0.012265,0.007445,0.06737,0.0
2.6227E+03,-0.012265,0.007445,0.05467,2000.0
2.6227E+03,-0.012438,0.007143,0.05467,2000.0
2.6227E+03,-0.012437,0.007143,0.05467,2000.0
2.6228E+03,-0.012771,0.006541,0.05467,2000.0
2.6228E+03,-0.012921,0.006225,0.05467,2000.0
2.6229E+03,-0.013214,0.005594,0.05467,2000.0
2.6229E+03,-0.013345,0.005256,0.05467,2000.0
2.6229E+03,-0.013346,0.005256,0.05467,2000.0
2.6229E+03,-0.013577,0.004642,0.05467,2000.0
2.6229E+03,-0.013687,0.004281,0.05467,2000.0
2.6230E+03,-0.013890,0.003602,0.05467,2000.0
2.6230E+03,-0.013963,0.003277,0.05467,2000.0
2.6230E+03,-0.013964,0.003277,0.05467,2000.0
2.6231E+03,-0.014113,0.002599,0.05467,2000.0
2.6231E+03,-0.014163,0.002262,0.05467,2000.0
2.6231E+03,-0.014162,0.002262,0.05467,2000.0
2.6231E+03,-0.014263,0.001560,0.05467,2000.0
2.6232E+03,-0.014339,0.000527,0.05467,2000.0
2.6233E+03,-0.014339,-0.000527,0.05467,2000.0
2.6233E+03,-0.014263,-0.001560,0.05467,2000.0
2.6234E+03,-0.014162,-0.002262,0.05467,2000.0
2.6234E+03,-0.014163,-0.002262,0.05467,2000.0
2.6234E+03,-0.014113,-0.002599,0.05467,2000.0
2.6235E+03,-0.013964,-0.003277,0.05467,2000.0
2.6235E+03,-0.013963,-0.003277,0.05467,2000.0
2.6235E+03,-0.013890,-0.003602,0.05467,2000.0
2.6235E+03,-0.013687,-0.004281,0.05467,2000.0
2.6236E+03,-0.013577,-0.004642,0.05467,2000.0
2.6236E+03,-0.013346,-0.005256,0.05467,2000.0
2.6236E+03,-0.013345,-0.005256,0.05467,2000.0
2.6236E+03,-0.013214,-0.005594,0.05467,2000.0
2.6237E+03,-0.012921,-0.006225,0.05467,2000.0
2.6237E+03,-0.012771,-0.006541,0.05467,2000.0
2.6237E+03,-0.012437,-0.007143,0.05467,2000.0
2.6237E+03,-0.012438,-0.007143,0.05467,2000.0
2.6238E+03,-0.012258,-0.007458,0.05467,2000.0
2.6238E+03,-0.011883,-0.008033,0.05467,2000.0
2.6238E+03,-0.011686,-0.008327,0.05467,2000.0
2.6239E+03,-0.011287,-0.008852,0.05467,2000.0
2.6239E+03,-0.011047,-0.009158,0.05467,2000.0
2.6239E+03,-0.010601,-0.009664,0.05467,2000.0
2.6240E+03,-0.010360,-0.009928,0.05467,2000.0
2.6240E+03,-0.009843,-0.010436,0.05467,2000.0
2.6240E+03,-0.009609,-0.010657,0.05467,2000.0
2.6241E+03,-0.009085,-0.011102,0.05467,2000.0
2.6241E+03,-0.008804,-0.011332,0.05467,2000.0
2.6242E+03,-0.008270,-0.011721,0.05467,2000.0
2.6242E+03,-0.007971,-0.011930,0.05467,2000.0
2.6242E+03,-0.007348,-0.012321,0.05467,2000.0
2.6242E+03,-0.007074,-0.012485,0.05467,2000.0
2.6243E+03,-0.006473,-0.012803,0.05467,2000.0
2.6243E+03,-0.006119,-0.012979,0.05467,2000.0
2.6244E+03,-0.005550,-0.013230,0.05467,2000.0
2.6244E+03,-0.005194,-0.013375,0.05467,2000.0
2.6244E+03,-0.004510,-0.013620,0.05467,2000.0
2.6245E+03,-0.004210,-0.013717,0.05467,2000.0
2.6245E+03,-0.003493,-0.013917,0.05467,2000.0
2.6245E+03,-0.003222,-0.013983,0.05467,2000.0
2.6246E+03,-0.002487,-0.014131,0.05467,2000.0
2.6246E+03,-0.002173,-0.014183,0.05467,2000.0
2.6246E+03,-0.001469,-0.014273,0.05467,2000.0
2.6247E+03,-0.001152,-0.014303,0.05467,2000.0
2.6247E+03,-0.000445,-0.014341,0.05467,2000.0
2.6247E+03,-0.000091,-0.014347,0.05467,2000.0
2.6248E+03,0.000665,-0.014333,0.05467,2000.0
2.6248E+03,0.000917,-0.014319,0.05467,2000.0
2.6249E+03,0.001659,-0.014252,0.05467,2000.0
2.6249E+03,0.001967,-0.014212,0.05467,2000.0
2.6249E+03,0.002702,-0.014092,0.05467,2000.0
2.6249E+03,0.003003,-0.014029,0.05467,2000.0
2.6250E+03,0.003705,-0.013862,0.05467,2000.0
2.6250E+03,0.004035,-0.013769,0.05467,2000.0
2.6251E+03,0.004724,-0.013550,0.05467,2000.0
2.6251E+03,0.004964,-0.013462,0.05467,2000.0
2.6251E+03,0.005675,-0.013179,0.05467,2000.0
2.6252E+03,0.005965,-0.013047,0.05467,2000.0
2.6252E+03,0.006628,-0.012726,0.05467,2000.0
2.6252E+03,0.006929,-0.012562,0.05467,2000.0
2.6253E+03,0.007532,-0.012214,0.05467,2000.0
2.6253E+03,0.007805,-0.012038,0.05467,2000.0
2.6253E+03,0.008403,-0.011632,0.05467,2000.0
2.6254E+03,0.008647,-0.011448,0.05467,2000.0
2.6254E+03,0.009210,-0.011003,0.05467,2000.0
2.6254E+03,0.009461,-0.010783,0.05467,2000.0
2.6255E+03,0.009993,-0.010299,0.05467,2000.0
2.6255E+03,0.010233,-0.010052,0.05467,2000.0
2.6255E+03,0.010723,-0.009535,0.05467,2000.0
2.6256E+03,0.010905,-0.009321,0.05467,2000.0
2.6256E+03,0.011380,-0.008740,0.05467,2000.0
2.6256E+03,0.011571,-0.008478,0.05467,2000.0
2.6257E+03,0.011984,-0.007891,0.05467,2000.0
2.6257E+03,0.012158,-0.007611,0.05467,2000.0
2.6258E+03,0.012526,-0.007000,0.05467,2000.0
2.6258E+03,0.012637,-0.006787,0.05467,2000.0
2.6258E+03,0.013013,-0.006045,0.05467,2000.0
2.6258E+03,0.013128,-0.005779,0.05467,2000.0
2.6259E+03,0.013406,-0.005117,0.05467,2000.0
2.6259E+03,0.013518,-0.004794,0.05467,2000.0
2.6259E+03,0.013519,-0.004794,0.05467,2000.0
2.6260E+03,0.013743,-0.004128,0.05467,2000.0
2.6260E+03,0.013827,-0.003811,0.05467,2000.0
2.6260E+03,0.014009,-0.003104,0.05467,2000.0
2.6261E+03,0.014069,-0.002782,0.05467,2000.0
2.6261E+03,0.014196,-0.002093,0.05467,2000.0
2.6261E+03,0.014233,-0.001753,0.05467,2000.0
2.6262E+03,0.014309,-0.001051,0.05467,2000.0
2.6262E+03,0.014323,-0.000711,0.05467,2000.0
2.6262E+03,0.014349,0.000000,0.05467,2000.0
2.6263E+03,0.014323,0.000697,0.05467,2000.0
2.6263E+03,0.014309,0.001051,0.05467,2000.0
2.6264E+03,0.014233,0.001749,0.05467,2000.0
2.6264E+03,0.014194,0.002102,0.05467,2000.0
2.6264E+03,0.014072,0.002768,0.05467,2000.0
2.6265E+03,0.014010,0.003101,0.05467,2000.0
2.6265E+03,0.013837,0.003772,0.05467,2000.0
2.6265E+03,0.013743,0.004122,0.05467,2000.0
2.6266E+03,0.013521,0.004785,0.05467,2000.0
2.6266E+03,0.013410,0.005109,0.05467,2000.0
2.6266E+03,0.013141,0.005750,0.05467,2000.0
2.6266E+03,0.013140,0.005750,0.05467,2000.0
2.6267E+03,0.013006,0.006059,0.05467,2000.0
2.6267E+03,0.012695,0.006676,0.05467,2000.0
2.6267E+03,0.012530,0.006992,0.05467,2000.0
2.6268E+03,0.012158,0.007610,0.05467,2000.0
2.6268E+03,0.011979,0.007899,0.05467,2000.0
2.6268E+03,0.011601,0.008437,0.05467,2000.0
2.6269E+03,0.011377,0.008745,0.05467,2000.0
2.6269E+03,0.010950,0.009267,0.05467,2000.0
2.6269E+03,0.010729,0.009528,0.05467,2000.0
2.6270E+03,0.010233,0.010052,0.05467,2000.0
2.6270E+03,0.009991,0.010300,0.05467,2000.0
2.6271E+03,0.009468,0.010778,0.05467,2000.0
2.6271E+03,0.009467,0.010777,0.05467,2000.0
2.6271E+03,0.009189,0.011021,0.05467,2000.0
2.6271E+03,0.008685,0.011419,0.05467,2000.0
2.6271E+03,0.008399,0.011635,0.05467,2000.0
2.6272E+03,0.007805,0.012038,0.05467,2000.0
2.6272E+03,0.007532,0.012214,0.05467,2000.0
2.6273E+03,0.006929,0.012562,0.05467,2000.0
2.6273E+03,0.006628,0.012726,0.05467,2000.0
2.6273E+03,0.005972,0.013044,0.05467,2000.0
2.6274E+03,0.005661,0.013185,0.05467,2000.0
2.6274E+03,0.005025,0.013438,0.05467,2000.0
2.6274E+03,0.004704,0.013556,0.05467,2000.0
2.6275E+03,0.004034,0.013769,0.05467,2000.0
2.6275E+03,0.003705,0.013862,0.05467,2000.0
2.6275E+03,0.003003,0.014029,0.05467,2000.0
2.6276E+03,0.002702,0.014092,0.05467,2000.0
2.6276E+03,0.001967,0.014212,0.05467,2000.0
2.6276E+03,0.001659,0.014252,0.05467,2000.0
2.6277E+03,0.000917,0.014319,0.05467,2000.0
2.6277E+03,0.000665,0.014333,0.05467,2000.0
2.6278E+03,-0.000091,0.014347,0.05467,2000.0
2.6278E+03,-0.000445,0.014341,0.05467,2000.0
2.6278E+03,-0.001152,0.014303,0.05467,2000.0
2.6278E+03,-0.001469,0.014273,0.05467,2000.0
2.6279E+03,-0.002173,0.014183,0.05467,2000.0
2.6279E+03,-0.002487,0.014131,0.05467,2000.0
2.6280E+03,-0.003222,0.013983,0.05467,2000.0
2.6280E+03,-0.003493,0.013917,0.05467,2000.0
2.6280E+03,-0.004210,0.013717,0.05467,2000.0
2.6281E+03,-0.004510,0.013620,0.05467,2000.0
2.6281E+03,-0.005194,0.013375,0.05467,2000.0
2.6281E+03,-0.005550,0.013230,0.05467,2000.0
2.6282E+03,-0.006119,0.012979,0.05467,2000.0
2.6282E+03,-0.006473,0.012803,0.05467,2000.0
2.6282E+03,-0.007074,0.012485,0.05467,2000.0
2.6283E+03,-0.007348,0.012321,0.05467,2000.0
2.6283E+03,-0.007971,0.011930,0.05467,2000.0
2.6283E+03,-0.008270,0.011721,0.05467,2000.0
2.6284E+03,-0.008804,0.011332,0.05467,2000.0
2.6284E+03,-0.009085,0.011102,0.05467,2000.0
2.6284E+03,-0.009609,0.010657,0.05467,2000.0
2.6285E+03,-0.009854,0.010425,0.05467,2000.0
2.6285E+03,-0.010359,0.009930,0.05467,2000.0
2.6285E+03,-0.010583,0.009684,0.05467,2000.0
2.6286E+03,-0.011055,0.009148,0.05467,2000.0
2.6286E+03,-0.011287,0.008852,0.05467,2000.0
2.6287E+03,-0.011688,0.008324,0.05467,2000.0
2.6287E+03,-0.011883,0.008033,0.05467,2000.0
2.6287E+03,-0.012265,0.007445,0.05467,0.0
2.6296E+03,-0.012265,0.007445,0.06737,0.0
2.6297E+03,-0.013715,0.008334,0.06737,0.0
2.6305E+03,-0.013715,0.008334,0.05467,2000.0
2.6305E+03,-0.013924,0.007968,0.05467,2000.0
2.6306E+03,-0.014278,0.007330,0.05467,2000.0
2.6306E+03,-0.014463,0.006941,0.05467,2000.0
2.6307E+03,-0.014779,0.006260,0.05467,2000.0
2.6307E+03,-0.014930,0.005871,0.05467,2000.0
2.6307E+03,-0.015192,0.005177,0.05467,2000.0
2.6308E+03,-0.015314,0.004775,0.05467,2000.0
2.6308E+03,-0.015535,0.004037,0.05467,2000.0
2.6308E+03,-0.015622,0.003649,0.05467,2000.0
2.6309E+03,-0.015785,0.002907,0.05467,2000.0
2.6309E+03,-0.015845,0.002505,0.05467,2000.0
2.6310E+03,-0.015953,0.001757,0.05467,2000.0
2.6311E+03,-0.016039,0.000583,0.05467,2000.0
2.6311E+03,-0.016039,-0.000583,0.05467,2000.0
2.6312E+03,-0.015953,-0.001757,0.05467,2000.0
2.6313E+03,-0.015845,-0.002505,0.05467,2000.0
2.6313E+03,-0.015785,-0.002907,0.05467,2000.0
2.6313E+03,-0.015622,-0.003649,0.05467,2000.0
2.6314E+03,-0.015535,-0.004037,0.05467,2000.0
2.6314E+03,-0.015314,-0.004775,0.05467,2000.0
2.6314E+03,-0.015192,-0.005177,0.05467,2000.0
2.6315E+03,-0.014930,-0.005871,0.05467,2000.0
2.6315E+03,-0.014779,-0.006260,0.05467,2000.0
2.6316E+03,-0.014463,-0.006941,0.05467,2000.0
2.6316E+03,-0.014278,-0.007330,0.05467,2000.0
2.6316E+03,-0.013924,-0.007968,0.05467,2000.0
2.6317E+03,-0.013710,-0.008343,0.05467,2000.0
2.6317E+03,-0.013295,-0.008980,0.05467,2000.0
2.6318E+03,-0.013073,-0.009311,0.05467,2000.0
2.6318E+03,-0.012625,-0.009901,0.05467,2000.0
2.6318E+03,-0.012360,-0.010239,0.05467,2000.0
2.6319E+03,-0.011855,-0.010812,0.05467,2000.0
2.6319E+03,-0.011586,-0.011106,0.05467,2000.0
2.6320E+03,-0.011035,-0.011648,0.05467,2000.0
2.6320E+03,-0.010743,-0.011924,0.05467,2000.0
2.6320E+03,-0.010160,-0.012419,0.05467,2000.0
2.6321E+03,-0.009839,-0.012681,0.05467,2000.0
2.6321E+03,-0.009260,-0.013104,0.05467,2000.0
2.6321E+03,-0.008907,-0.013351,0.05467,2000.0
2.6322E+03,-0.008251,-0.013762,0.05467,2000.0
2.6322E+03,-0.007911,-0.013965,0.05467,2000.0
2.6323E+03,-0.007250,-0.014315,0.05467,2000.0
2.6323E+03,-0.006846,-0.014516,0.05467,2000.0
2.6323E+03,-0.006193,-0.014804,0.05467,2000.0
2.6324E+03,-0.005799,-0.014965,0.05467,2000.0
2.6324E+03,-0.005067,-0.015227,0.05467,2000.0
2.6325E+03,-0.004695,-0.015347,0.05467,2000.0
2.6325E+03,-0.003941,-0.015557,0.05467,2000.0
2.6325E+03,-0.003577,-0.015646,0.05467,2000.0
2.6326E+03,-0.002806,-0.015801,0.05467,2000.0
2.6326E+03,-0.002426,-0.015864,0.05467,2000.0
2.6327E+03,-0.001658,-0.015962,0.05467,2000.0
2.6327E+03,-0.001259,-0.016000,0.05467,2000.0
2.6327E+03,-0.000510,-0.016040,0.05467,2000.0
2.6328E+03,-0.000089,-0.016047,0.05467,2000.0
2.6328E+03,0.000708,-0.016033,0.05467,2000.0
2.6328E+03,0.001053,-0.016014,0.05467,2000.0
2.6329E+03,0.001846,-0.015942,0.05467,2000.0
2.6329E+03,0.002218,-0.015894,0.05467,2000.0
2.6330E+03,0.003003,-0.015766,0.05467,2000.0
2.6330E+03,0.003391,-0.015685,0.05467,2000.0
2.6330E+03,0.004125,-0.015510,0.05467,2000.0
2.6331E+03,0.004526,-0.015396,0.05467,2000.0
2.6331E+03,0.005269,-0.015160,0.05467,2000.0
2.6332E+03,0.005579,-0.015047,0.05467,2000.0
2.6332E+03,0.006344,-0.014742,0.05467,2000.0
2.6332E+03,0.006705,-0.014578,0.05467,2000.0
2.6333E+03,0.007400,-0.014242,0.05467,2000.0
2.6333E+03,0.007744,-0.014054,0.05467,2000.0
2.6334E+03,0.008418,-0.013665,0.05467,2000.0
2.6334E+03,0.008748,-0.013452,0.05467,2000.0
2.6334E+03,0.009384,-0.013021,0.05467,2000.0
2.6335E+03,0.009701,-0.012782,0.05467,2000.0
2.6335E+03,0.010296,-0.012312,0.05467,2000.0
2.6335E+03,0.010582,-0.012061,0.05467,2000.0
2.6336E+03,0.011180,-0.011516,0.05467,2000.0
2.6336E+03,0.011450,-0.011239,0.05467,2000.0
2.6337E+03,0.011990,-0.010669,0.05467,2000.0
2.6337E+03,0.012221,-0.010397,0.05467,2000.0
2.6338E+03,0.012727,-0.009778,0.05467,2000.0
2.6338E+03,0.012961,-0.009457,0.05467,2000.0
2.6338E+03,0.013399,-0.008835,0.05467,2000.0
2.6339E+03,0.013614,-0.008488,0.05467,2000.0
2.6339E+03,0.014012,-0.007827,0.05467,2000.0
2.6339E+03,0.014186,-0.007494,0.05467,2000.0
2.6339E+03,0.014185,-0.007494,0.05467,2000.0
2.6340E+03,0.014553,-0.006767,0.05467,2000.0
2.6340E+03,0.014695,-0.006438,0.05467,2000.0
2.6341E+03,0.014998,-0.005717,0.05467,2000.0
2.6341E+03,0.015125,-0.005350,0.05467,2000.0
2.6341E+03,0.015371,-0.004619,0.05467,2000.0
2.6342E+03,0.015473,-0.004234,0.05467,2000.0
2.6342E+03,0.015671,-0.003464,0.05467,2000.0
2.6342E+03,0.015741,-0.003090,0.05467,2000.0
2.6343E+03,0.015879,-0.002341,0.05467,2000.0
2.6343E+03,0.015923,-0.001937,0.05467,2000.0
2.6344E+03,0.016006,-0.001171,0.05467,2000.0
2.6344E+03,0.016022,-0.000773,0.05467,2000.0
2.6345E+03,0.016050,0.000000,0.05467,2000.0
2.6345E+03,0.016022,0.000763,0.05467,2000.0
2.6345E+03,0.016006,0.001172,0.05467,2000.0
2.6346E+03,0.015923,0.001935,0.05467,2000.0
2.6346E+03,0.015878,0.002343,0.05467,2000.0
2.6347E+03,0.015743,0.003080,0.05467,2000.0
2.6347E+03,0.015670,0.003471,0.05467,2000.0
2.6347E+03,0.015479,0.004211,0.05467,2000.0
2.6348E+03,0.015369,0.004623,0.05467,2000.0
2.6348E+03,0.015133,0.005326,0.05467,2000.0
2.6348E+03,0.015000,0.005712,0.05467,2000.0
2.6349E+03,0.014701,0.006424,0.05467,2000.0
2.6349E+03,0.014553,0.006767,0.05467,2000.0
2.6350E+03,0.014203,0.007460,0.05467,2000.0
2.6350E+03,0.014009,0.007833,0.05467,2000.0
2.6350E+03,0.013614,0.008488,0.05467,2000.0
2.6351E+03,0.013399,0.008835,0.05467,2000.0
2.6351E+03,0.012976,0.009436,0.05467,2000.0
2.6352E+03,0.012721,0.009787,0.05467,2000.0
2.6352E+03,0.012260,0.010351,0.05467,2000.0
2.6352E+03,0.011994,0.010664,0.05467,2000.0
2.6353E+03,0.011450,0.011239,0.05467,2000.0
2.6353E+03,0.011179,0.011517,0.05467,2000.0
2.6354E+03,0.010589,0.012055,0.05467,2000.0
2.6354E+03,0.010294,0.012314,0.05467,2000.0
2.6354E+03,0.009710,0.012775,0.05467,2000.0
2.6355E+03,0.009387,0.013019,0.05467,2000.0
2.6355E+03,0.008748,0.013452,0.05467,2000.0
2.6355E+03,0.008418,0.013665,0.05467,2000.0
2.6356E+03,0.007744,0.014054,0.05467,2000.0
2.6356E+03,0.007400,0.014242,0.05467,2000.0
2.6357E+03,0.006705,0.014578,0.05467,2000.0
2.6357E+03,0.006337,0.014745,0.05467,2000.0
2.6357E+03,0.005627,0.015028,0.05467,2000.0
2.6358E+03,0.005253,0.015165,0.05467,2000.0
2.6358E+03,0.004526,0.015396,0.05467,2000.0
2.6359E+03,0.004125,0.015510,0.05467,2000.0
2.6359E+03,0.003391,0.015685,0.05467,2000.0
2.6359E+03,0.003003,0.015766,0.05467,2000.0
2.6360E+03,0.002218,0.015894,0.05467,2000.0
2.6360E+03,0.001846,0.015942,0.05467,2000.0
2.6361E+03,0.001053,0.016014,0.05467,2000.0
2.6361E+03,0.000708,0.016033,0.05467,2000.0
2.6361E+03,-0.000089,0.016047,0.05467,2000.0
2.6362E+03,-0.000510,0.016040,0.05467,2000.0
2.6362E+03,-0.001259,0.016000,0.05467,2000.0
2.6362E+03,-0.001658,0.015962,0.05467,2000.0
2.6363E+03,-0.002426,0.015864,0.05467,2000.0
2.6363E+03,-0.002806,0.015801,0.05467,2000.0
2.6364E+03,-0.003577,0.015646,0.05467,2000.0
2.6364E+03,-0.003941,0.015557,0.05467,2000.0
2.6364E+03,-0.004695,0.015347,0.05467,2000.0
2.6365E+03,-0.005067,0.015227,0.05467,2000.0
2.6365E+03,-0.005799,0.014965,0.05467,2000.0
2.6366E+03,-0.006193,0.014804,0.05467,2000.0
2.6366E+03,-0.006846,0.014516,0.05467,2000.0
2.6366E+03,-0.007250,0.014315,0.05467,2000.0
2.6367E+03,-0.007911,0.013965,0.05467,2000.0
2.6367E+03,-0.008251,0.013762,0.05467,2000.0
2.6368E+03,-0.008907,0.013351,0.05467,2000.0
2.6368E+03,-0.009260,0.013104,0.05467,2000.0
2.6368E+03,-0.009839,0.012681,0.05467,2000.0
2.6369E+03,-0.010160,0.012419,0.05467,2000.0
2.6369E+03,-0.010753,0.011916,0.05467,2000.0
2.6369E+03,-0.011024,0.011659,0.05467,2000.0
2.6370E+03,-0.011587,0.011106,0.05467,2000.0
2.6370E+03,-0.011857,0.010810,0.05467,2000.0
2.6371E+03,-0.012360,0.010239,0.05467,2000.0
2.6371E+03,-0.012625,0.009901,0.05467,2000.0
2.6372E+03,-0.013073,0.009311,0.05467,2000.0
2.6372E+03,-0.013295,0.008980,0.05467,2000.0
2.6372E+03,-0.013715,0.008334,0.05467,0.0
2.6381E+03,-0.013715,0.008334,0.06737,0.0
2.6382E+03,-0.015169,0.009217,0.06737,0.0
2.6390E+03,-0.015169,0.009217,0.05467,2000.0
2.6390E+03,-0.015401,0.008810,0.05467,2000.0
2.6391E+03,-0.015795,0.008100,0.05467,2000.0
2.6391E+03,-0.015999,0.007670,0.05467,2000.0
2.6392E+03,-0.016345,0.006924,0.05467,2000.0
2.6392E+03,-0.016515,0.006485,0.05467,2000.0
2.6393E+03,-0.016805,0.005717,0.05467,2000.0
2.6393E+03,-0.016941,0.005269,0.05467,2000.0
2.6394E+03,-0.017179,0.004471,0.05467,2000.0
2.6394E+03,-0.017280,0.004023,0.05467,2000.0
2.6394E+03,-0.017458,0.003212,0.05467,2000.0
2.6395E+03,-0.017526,0.002756,0.05467,2000.0
2.6395E+03,-0.017646,0.001928,0.05467,2000.0
2.6396E+03,-0.017739,0.000652,0.05467,2000.0
2.6397E+03,-0.017739,-0.000652,0.05467,2000.0
2.6398E+03,-0.017646,-0.001928,0.05467,2000.0
2.6398E+03,-0.017526,-0.002756,0.05467,2000.0
2.6399E+03,-0.017458,-0.003212,0.05467,2000.0
2.6399E+03,-0.017280,-0.004023,0.05467,2000.0
2.6400E+03,-0.017179,-0.004471,0.05467,2000.0
2.6400E+03,-0.016941,-0.005269,0.05467,2000.0
2.6400E+03,-0.016805,-0.005717,0.05467,2000.0
2.6401E+03,-0.016515,-0.006485,0.05467,2000.0
2.6401E+03,-0.016345,-0.006924,0.05467,2000.0
2.6402E+03,-0.015999,-0.007670,0.05467,2000.0
2.6402E+03,-0.015795,-0.008100,0.05467,2000.0
2.6403E+03,-0.015401,-0.008810,0.05467,2000.0
2.6403E+03,-0.015169,-0.009217,0.05467,2000.0
2.6404E+03,-0.014707,-0.009927,0.05467,2000.0
2.6404E+03,-0.014458,-0.010298,0.05467,2000.0
2.6404E+03,-0.013962,-0.010951,0.05467,2000.0
2.6405E+03,-0.013670,-0.011323,0.05467,2000.0
2.6405E+03,-0.013110,-0.011959,0.05467,2000.0
2.6406E+03,-0.012814,-0.012283,0.05467,2000.0
2.6406E+03,-0.012204,-0.012883,0.05467,2000.0
2.6406E+03,-0.011887,-0.013183,0.05467,2000.0
2.6407E+03,-0.011235,-0.013736,0.05467,2000.0
2.6407E+03,-0.010886,-0.014021,0.05467,2000.0
2.6408E+03,-0.010235,-0.014497,0.05467,2000.0
2.6408E+03,-0.009842,-0.014772,0.05467,2000.0
2.6409E+03,-0.009154,-0.015203,0.05467,2000.0
2.6409E+03,-0.008731,-0.015455,0.05467,2000.0
2.6410E+03,-0.008026,-0.015828,0.05467,2000.0
2.6410E+03,-0.007582,-0.016049,0.05467,2000.0
2.6410E+03,-0.006854,-0.016370,0.05467,2000.0
2.6411E+03,-0.006400,-0.016556,0.05467,2000.0
2.6411E+03,-0.005614,-0.016837,0.05467,2000.0
2.6412E+03,-0.005186,-0.016975,0.05467,2000.0
2.6412E+03,-0.004380,-0.017199,0.05467,2000.0
2.6412E+03,-0.003951,-0.017304,0.05467,2000.0
2.6413E+03,-0.003104,-0.017475,0.05467,2000.0
2.6413E+03,-0.002676,-0.017546,0.05467,2000.0
2.6414E+03,-0.001831,-0.017654,0.05467,2000.0
2.6414E+03,-0.001379,-0.017696,0.05467,2000.0
2.6415E+03,-0.000575,-0.017739,0.05467,2000.0
2.6415E+03,-0.000091,-0.017748,0.05467,2000.0
2.6416E+03,0.000754,-0.017733,0.05467,2000.0
2.6416E+03,0.001184,-0.017709,0.05467,2000.0
2.6416E+03,0.002035,-0.017632,0.05467,2000.0
2.6417E+03,0.002475,-0.017575,0.05467,2000.0
2.6417E+03,0.003312,-0.017438,0.05467,2000.0
2.6418E+03,0.003742,-0.017349,0.05467,2000.0
2.6418E+03,0.004557,-0.017154,0.05467,2000.0
2.6419E+03,0.005028,-0.017020,0.05467,2000.0
2.6419E+03,0.005802,-0.016775,0.05467,2000.0
2.6419E+03,0.006209,-0.016626,0.05467,2000.0
2.6420E+03,0.007014,-0.016305,0.05467,2000.0
2.6420E+03,0.007418,-0.016122,0.05467,2000.0
2.6421E+03,0.008180,-0.015753,0.05467,2000.0
2.6421E+03,0.008559,-0.015546,0.05467,2000.0
2.6422E+03,0.009309,-0.015113,0.05467,2000.0
2.6422E+03,0.009680,-0.014874,0.05467,2000.0
2.6423E+03,0.010375,-0.014403,0.05467,2000.0
2.6423E+03,0.010725,-0.014139,0.05467,2000.0
2.6423E+03,0.011390,-0.013614,0.05467,2000.0
2.6424E+03,0.011727,-0.013318,0.05467,2000.0
2.6424E+03,0.012358,-0.012743,0.05467,2000.0
2.6425E+03,0.012685,-0.012408,0.05467,2000.0
2.6425E+03,0.013253,-0.011808,0.05467,2000.0
2.6425E+03,0.013537,-0.011474,0.05467,2000.0
2.6426E+03,0.014064,-0.010830,0.05467,2000.0
2.6426E+03,0.014351,-0.010435,0.05467,2000.0
2.6427E+03,0.014824,-0.009763,0.05467,2000.0
2.6427E+03,0.015059,-0.009384,0.05467,2000.0
2.6428E+03,0.015495,-0.008660,0.05467,2000.0
2.6428E+03,0.015702,-0.008262,0.05467,2000.0
2.6429E+03,0.016088,-0.007500,0.05467,2000.0
2.6429E+03,0.016262,-0.007096,0.05467,2000.0
2.6429E+03,0.016590,-0.006315,0.05467,2000.0
2.6430E+03,0.016736,-0.005892,0.05467,2000.0
2.6430E+03,0.017000,-0.005107,0.05467,2000.0
2.6431E+03,0.017119,-0.004659,0.05467,2000.0
2.6431E+03,0.017331,-0.003837,0.05467,2000.0
2.6431E+03,0.017413,-0.003397,0.05467,2000.0
2.6432E+03,0.017562,-0.002585,0.05467,2000.0
2.6432E+03,0.017613,-0.002120,0.05467,2000.0
2.6433E+03,0.017703,-0.001290,0.05467,2000.0
2.6433E+03,0.017721,-0.000834,0.05467,2000.0
2.6434E+03,0.017751,0.000000,0.05467,2000.0
2.6434E+03,0.017721,0.000829,0.05467,2000.0
2.6435E+03,0.017703,0.001291,0.05467,2000.0
2.6435E+03,0.017613,0.002121,0.05467,2000.0
2.6435E+03,0.017562,0.002584,0.05467,2000.0
2.6436E+03,0.017414,0.003392,0.05467,2000.0
2.6436E+03,0.017331,0.003837,0.05467,2000.0
2.6437E+03,0.017122,0.004648,0.05467,2000.0
2.6437E+03,0.017000,0.005107,0.05467,2000.0
2.6438E+03,0.016740,0.005880,0.05467,2000.0
2.6438E+03,0.016590,0.006315,0.05467,2000.0
2.6439E+03,0.016262,0.007096,0.05467,2000.0
2.6439E+03,0.016088,0.007500,0.05467,2000.0
2.6439E+03,0.015711,0.008245,0.05467,2000.0
2.6440E+03,0.015495,0.008660,0.05467,2000.0
2.6440E+03,0.015059,0.009384,0.05467,2000.0
2.6441E+03,0.014824,0.009763,0.05467,2000.0
2.6441E+03,0.014351,0.010435,0.05467,2000.0
2.6441E+03,0.014064,0.010830,0.05467,2000.0
2.6442E+03,0.013556,0.011451,0.05467,2000.0
2.6442E+03,0.013253,0.011808,0.05467,2000.0
2.6443E+03,0.012685,0.012408,0.05467,2000.0
2.6443E+03,0.012358,0.012743,0.05467,2000.0
2.6444E+03,0.011729,0.013317,0.05467,2000.0
2.6444E+03,0.011390,0.013614,0.05467,2000.0
2.6445E+03,0.010735,0.014131,0.05467,2000.0
2.6445E+03,0.010375,0.014403,0.05467,2000.0
2.6445E+03,0.009680,0.014874,0.05467,2000.0
2.6446E+03,0.009309,0.015113,0.05467,2000.0
2.6446E+03,0.008559,0.015546,0.05467,2000.0
2.6447E+03,0.008180,0.015753,0.05467,2000.0
2.6447E+03,0.007418,0.016122,0.05467,2000.0
2.6447E+03,0.007014,0.016305,0.05467,2000.0
2.6448E+03,0.006213,0.016624,0.05467,2000.0
2.6448E+03,0.005802,0.016775,0.05467,2000.0
2.6449E+03,0.005028,0.017020,0.05467,2000.0
2.6449E+03,0.004557,0.017154,0.05467,2000.0
2.6450E+03,0.003742,0.017349,0.05467,2000.0
2.6450E+03,0.003312,0.017438,0.05467,2000.0
2.6451E+03,0.002475,0.017575,0.05467,2000.0
2.6451E+03,0.002035,0.017632,0.05467,2000.0
2.6452E+03,0.001184,0.017709,0.05467,2000.0
2.6452E+03,0.000754,0.017733,0.05467,2000.0
2.6452E+03,-0.000091,0.017748,0.05467,2000.0
2.6453E+03,-0.000575,0.017739,0.05467,2000.0
2.6453E+03,-0.001379,0.017696,0.05467,2000.0
2.6454E+03,-0.001831,0.017654,0.05467,2000.0
2.6454E+03,-0.002676,0.017546,0.05467,2000.0
2.6454E+03,-0.003104,0.017475,0.05467,2000.0
2.6455E+03,-0.003951,0.017304,0.05467,2000.0
2.6455E+03,-0.004380,0.017199,0.05467,2000.0
2.6456E+03,-0.005186,0.016975,0.05467,2000.0
2.6456E+03,-0.005614,0.016837,0.05467,2000.0
2.6457E+03,-0.006400,0.016556,0.05467,2000.0
2.6457E+03,-0.006854,0.016370,0.05467,2000.0
2.6458E+03,-0.007582,0.016049,0.05467,2000.0
2.6458E+03,-0.008026,0.015828,0.05467,2000.0
2.6458E+03,-0.008731,0.015455,0.05467,2000.0
2.6459E+03,-0.009154,0.015203,0.05467,2000.0
2.6459E+03,-0.009842,0.014772,0.05467,2000.0
2.6460E+03,-0.010235,0.014497,0.05467,2000.0
2.6460E+03,-0.010886,0.014021,0.05467,2000.0
2.6460E+03,-0.011235,0.013736,0.05467,2000.0
2.6461E+03,-0.011887,0.013183,0.05467,2000.0
2.6461E+03,-0.012210,0.012877,0.05467,2000.0
2.6462E+03,-0.012814,0.012283,0.05467,2000.0
2.6462E+03,-0.013112,0.011957,0.05467,2000.0
2.6463E+03,-0.013670,0.011323,0.05467,2000.0
2.6463E+03,-0.013962,0.010951,0.05467,2000.0
2.6464E+03,-0.014458,0.010298,0.05467,2000.0
2.6464E+03,-0.014707,0.009927,0.05467,2000.0
2.6464E+03,-0.015169,0.009217,0.05467,0.0
2.6471E+03,-0.015169,0.000000,0.05467,0.0
