2.5130E+03,-0.007904,0.004940,0.06595,0.0
2.5130E+03,-0.007854,0.004904,0.06595,0.0
2.5139E+03,-0.007854,0.004904,0.05325,2000.0
2.5139E+03,-0.007539,0.005349,0.05325,2000.0
2.5139E+03,-0.007230,0.005786,0.05325,2000.0
2.5140E+03,-0.006867,0.006190,0.05325,2000.0
2.5140E+03,-0.006500,0.006593,0.05325,2000.0
2.5140E+03,-0.006095,0.006954,0.05325,2000.0
2.5141E+03,-0.005683,0.007308,0.05325,2000.0
2.5141E+03,-0.005239,0.007622,0.05325,2000.0
2.5141E+03,-0.004786,0.007923,0.05325,2000.0
2.5142E+03,-0.004309,0.008187,0.05325,2000.0
2.5142E+03,-0.003822,0.008429,0.05325,2000.0
2.5143E+03,-0.003321,0.008637,0.05325,2000.0
2.5143E+03,-0.002807,0.008817,0.05325,2000.0
2.5143E+03,-0.002285,0.008968,0.05325,2000.0
2.5144E+03,-0.001752,0.009084,0.05325,2000.0
2.5144E+03,-0.001220,0.009175,0.05325,2000.0
2.5144E+03,-0.000677,0.009226,0.05325,2000.0
2.5145E+03,-0.000132,0.009257,0.05325,2000.0
2.5145E+03,0.000410,0.009239,0.05325,2000.0
2.5145E+03,0.000953,0.009210,0.05325,2000.0
2.5146E+03,0.001492,0.009125,0.05325,2000.0
2.5146E+03,0.002026,0.009034,0.05325,2000.0
2.5147E+03,0.002549,0.008886,0.05325,2000.0
2.5147E+03,0.003064,0.008738,0.05325,2000.0
2.5147E+03,0.003565,0.008530,0.05325,2000.0
2.5148E+03,0.004066,0.008318,0.05325,2000.0
2.5148E+03,0.004543,0.008055,0.05325,2000.0
2.5148E+03,0.005015,0.007781,0.05325,2000.0
2.5149E+03,0.005455,0.007469,0.05325,2000.0
2.5149E+03,0.005890,0.007141,0.05325,2000.0
2.5149E+03,0.006296,0.006778,0.05325,2000.0
2.5150E+03,0.006685,0.006401,0.05325,2000.0
2.5150E+03,0.007050,0.005994,0.05325,2000.0
2.5151E+03,0.007390,0.005569,0.05325,2000.0
2.5151E+03,0.007704,0.005128,0.05325,2000.0
2.5151E+03,0.007990,0.004666,0.05325,2000.0
2.5152E+03,0.008254,0.004188,0.05325,2000.0
2.5152E+03,0.008481,0.003693,0.05325,2000.0
2.5152E+03,0.008689,0.003193,0.05325,2000.0
2.5153E+03,0.008854,0.002674,0.05325,2000.0
2.5153E+03,0.009005,0.002153,0.05325,2000.0
2.5153E+03,0.009105,0.001616,0.05325,2000.0
2.5154E+03,0.009196,0.001080,0.05325,2000.0
2.5154E+03,0.009229,0.000537,0.05325,2000.0
2.5154E+03,0.009260,0.000000,0.05325,2000.0
2.5155E+03,0.009229,-0.000537,0.05325,2000.0
2.5155E+03,0.009196,-0.001080,0.05325,2000.0
2.5156E+03,0.009105,-0.001616,0.05325,2000.0
2.5156E+03,0.009005,-0.002153,0.05325,2000.0
2.5156E+03,0.008854,-0.002674,0.05325,2000.0
2.5157E+03,0.008689,-0.003193,0.05325,2000.0
2.5157E+03,0.008481,-0.003693,0.05325,2000.0
2.5157E+03,0.008254,-0.004188,0.05325,2000.0
2.5158E+03,0.007990,-0.004666,0.05325,2000.0
2.5158E+03,0.007704,-0.005128,0.05325,2000.0
2.5158E+03,0.007390,-0.005569,0.05325,2000.0
2.5159E+03,0.007050,-0.005994,0.05325,2000.0
2.5159E+03,0.006685,-0.006401,0.05325,2000.0
2.5160E+03,0.006296,-0.006778,0.05325,2000.0
2.5160E+03,0.005890,-0.007141,0.05325,2000.0
2.5160E+03,0.005455,-0.007469,0.05325,2000.0
2.5161E+03,0.005015,-0.007781,0.05325,2000.0
2.5161E+03,0.004543,-0.008055,0.05325,2000.0
2.5161E+03,0.004066,-0.008318,0.05325,2000.0
2.5162E+03,0.003565,-0.008530,0.05325,2000.0
2.5162E+03,0.003064,-0.008738,0.05325,2000.0
2.5162E+03,0.002549,-0.008886,0.05325,2000.0
2.5163E+03,0.002026,-0.009034,0.05325,2000.0
2.5163E+03,0.001492,-0.009125,0.05325,2000.0
2.5164E+03,0.000953,-0.009210,0.05325,2000.0
2.5164E+03,0.000410,-0.009239,0.05325,2000.0
2.5164E+03,-0.000132,-0.009257,0.05325,2000.0
2.5165E+03,-0.000677,-0.009226,0.05325,2000.0
2.5165E+03,-0.001220,-0.009175,0.05325,2000.0
2.5165E+03,-0.001752,-0.009084,0.05325,2000.0
2.5166E+03,-0.002285,-0.008968,0.05325,2000.0
2.5166E+03,-0.002807,-0.008817,0.05325,2000.0
2.5166E+03,-0.003321,-0.008637,0.05325,2000.0
2.5167E+03,-0.003822,-0.008429,0.05325,2000.0
2.5167E+03,-0.004309,-0.008187,0.05325,2000.0
2.5168E+03,-0.004786,-0.007923,0.05325,2000.0
2.5168E+03,-0.005239,-0.007622,0.05325,2000.0
2.5168E+03,-0.005683,-0.007308,0.05325,2000.0
2.5169E+03,-0.006095,-0.006954,0.05325,2000.0
2.5169E+03,-0.006500,-0.006593,0.05325,2000.0
2.5169E+03,-0.006867,-0.006190,0.05325,2000.0
2.5170E+03,-0.007230,-0.005786,0.05325,2000.0
2.5170E+03,-0.007539,-0.005349,0.05325,2000.0
2.5170E+03,-0.007854,-0.004904,0.05325,2000.0
2.5171E+03,-0.008116,-0.004428,0.05325,2000.0
2.5171E+03,-0.008373,-0.003950,0.05325,2000.0
2.5172E+03,-0.008581,-0.003449,0.05325,2000.0
2.5172E+03,-0.008778,-0.002941,0.05325,2000.0
2.5172E+03,-0.008929,-0.002419,0.05325,2000.0
2.5173E+03,-0.009062,-0.001890,0.05325,2000.0
2.5173E+03,-0.009153,-0.001353,0.05325,2000.0
2.5173E+03,-0.009219,-0.000813,0.05325,2000.0
2.5174E+03,-0.009250,-0.000273,0.05325,2000.0
2.5174E+03,-0.009250,0.000273,0.05325,2000.0
2.5174E+03,-0.009219,0.000813,0.05325,2000.0
2.5175E+03,-0.009153,0.001353,0.05325,2000.0
2.5175E+03,-0.009062,0.001890,0.05325,2000.0
2.5176E+03,-0.008929,0.002419,0.05325,2000.0
2.5176E+03,-0.008778,0.002941,0.05325,2000.0
2.5176E+03,-0.008581,0.003449,0.05325,2000.0
2.5177E+03,-0.008373,0.003950,0.05325,2000.0
2.5177E+03,-0.008116,0.004428,0.05325,2000.0
2.5177E+03,-0.007854,0.004904,0.05325,0.0
2.5186E+03,-0.007854,0.004904,0.06595,0.0
2.5187E+03,-0.009297,0.005808,0.06595,0.0
2.5195E+03,-0.009297,0.005808,0.05325,2000.0
2.5196E+03,-0.008927,0.006331,0.05325,2000.0
2.5196E+03,-0.008561,0.006849,0.05325,2000.0
2.5196E+03,-0.008128,0.007330,0.05325,2000.0
2.5197E+03,-0.007697,0.007803,0.05325,2000.0
2.5197E+03,-0.007215,0.008233,0.05325,2000.0
2.5198E+03,-0.006730,0.008650,0.05325,2000.0
2.5198E+03,-0.006200,0.009024,0.05325,2000.0
2.5199E+03,-0.005669,0.009377,0.05325,2000.0
2.5199E+03,-0.005099,0.009693,0.05325,2000.0
2.5199E+03,-0.004527,0.009977,0.05325,2000.0
2.5200E+03,-0.003928,0.010226,0.05325,2000.0
2.5200E+03,-0.003325,0.010437,0.05325,2000.0
2.5201E+03,-0.002702,0.010617,0.05325,2000.0
2.5201E+03,-0.002076,0.010753,0.05325,2000.0
2.5202E+03,-0.001443,0.010862,0.05325,2000.0
2.5202E+03,-0.000805,0.010921,0.05325,2000.0
2.5202E+03,-0.000152,0.010959,0.05325,2000.0
2.5203E+03,0.000484,0.010937,0.05325,2000.0
2.5203E+03,0.001131,0.010903,0.05325,2000.0
2.5204E+03,0.001767,0.010803,0.05325,2000.0
2.5204E+03,0.002401,0.010695,0.05325,2000.0
2.5205E+03,0.003015,0.010521,0.05325,2000.0
2.5205E+03,0.003627,0.010345,0.05325,2000.0
2.5205E+03,0.004222,0.010098,0.05325,2000.0
2.5206E+03,0.004810,0.009849,0.05325,2000.0
2.5206E+03,0.005380,0.009535,0.05325,2000.0
2.5207E+03,0.005935,0.009212,0.05325,2000.0
2.5207E+03,0.006459,0.008841,0.05325,2000.0
2.5208E+03,0.006970,0.008456,0.05325,2000.0
2.5208E+03,0.007455,0.008023,0.05325,2000.0
2.5208E+03,0.007911,0.007580,0.05325,2000.0
2.5209E+03,0.008348,0.007093,0.05325,2000.0
2.5209E+03,0.008747,0.006594,0.05325,2000.0
2.5210E+03,0.009121,0.006069,0.05325,2000.0
2.5210E+03,0.009458,0.005525,0.05325,2000.0
2.5211E+03,0.009773,0.004954,0.05325,2000.0
2.5211E+03,0.010039,0.004374,0.05325,2000.0
2.5211E+03,0.010287,0.003778,0.05325,2000.0
2.5212E+03,0.010481,0.003168,0.05325,2000.0
2.5212E+03,0.010661,0.002546,0.05325,2000.0
2.5213E+03,0.010779,0.001914,0.05325,2000.0
2.5213E+03,0.010887,0.001274,0.05325,2000.0
2.5214E+03,0.010926,0.000638,0.05325,2000.0
2.5214E+03,0.010963,0.000000,0.05325,2000.0
2.5214E+03,0.010926,-0.000638,0.05325,2000.0
2.5215E+03,0.010887,-0.001274,0.05325,2000.0
2.5215E+03,0.010779,-0.001914,0.05325,2000.0
2.5216E+03,0.010661,-0.002546,0.05325,2000.0
2.5216E+03,0.010481,-0.003168,0.05325,2000.0
2.5217E+03,0.010287,-0.003778,0.05325,2000.0
2.5217E+03,0.010039,-0.004374,0.05325,2000.0
2.5217E+03,0.009773,-0.004954,0.05325,2000.0
2.5218E+03,0.009458,-0.005525,0.05325,2000.0
2.5218E+03,0.009121,-0.006069,0.05325,2000.0
2.5219E+03,0.008747,-0.006594,0.05325,2000.0
2.5219E+03,0.008348,-0.007093,0.05325,2000.0
2.5220E+03,0.007911,-0.007580,0.05325,2000.0
2.5220E+03,0.007455,-0.008023,0.05325,2000.0
2.5220E+03,0.006970,-0.008456,0.05325,2000.0
2.5221E+03,0.006459,-0.008841,0.05325,2000.0
2.5221E+03,0.005935,-0.009212,0.05325,2000.0
2.5222E+03,0.005380,-0.009535,0.05325,2000.0
2.5222E+03,0.004810,-0.009849,0.05325,2000.0
2.5223E+03,0.004222,-0.010098,0.05325,2000.0
2.5223E+03,0.003627,-0.010345,0.05325,2000.0
2.5223E+03,0.003015,-0.010521,0.05325,2000.0
2.5224E+03,0.002401,-0.010695,0.05325,2000.0
2.5224E+03,0.001767,-0.010803,0.05325,2000.0
2.5225E+03,0.001131,-0.010903,0.05325,2000.0
2.5225E+03,0.000484,-0.010937,0.05325,2000.0
2.5226E+03,-0.000152,-0.010959,0.05325,2000.0
2.5226E+03,-0.000805,-0.010921,0.05325,2000.0
2.5226E+03,-0.001443,-0.010862,0.05325,2000.0
2.5227E+03,-0.002076,-0.010753,0.05325,2000.0
2.5227E+03,-0.002702,-0.010617,0.05325,2000.0
2.5228E+03,-0.003325,-0.010437,0.05325,2000.0
2.5228E+03,-0.003928,-0.010226,0.05325,2000.0
2.5229E+03,-0.004527,-0.009977,0.05325,2000.0
2.5229E+03,-0.005099,-0.009693,0.05325,2000.0
2.5229E+03,-0.005669,-0.009377,0.05325,2000.0
2.5230E+03,-0.006200,-0.009024,0.05325,2000.0
2.5230E+03,-0.006730,-0.008650,0.05325,2000.0
2.5231E+03,-0.007215,-0.008233,0.05325,2000.0
2.5231E+03,-0.007697,-0.007803,0.05325,2000.0
2.5232E+03,-0.008128,-0.007330,0.05325,2000.0
2.5232E+03,-0.008561,-0.006848,0.05325,2000.0
2.5232E+03,-0.008927,-0.006330,0.05325,2000.0
2.5233E+03,-0.009297,-0.005807,0.05325,2000.0
2.5233E+03,-0.009609,-0.005240,0.05325,2000.0
2.5234E+03,-0.009911,-0.004680,0.05325,2000.0
2.5234E+03,-0.010159,-0.004082,0.05325,2000.0
2.5235E+03,-0.010390,-0.003486,0.05325,2000.0
2.5235E+03,-0.010570,-0.002863,0.05325,2000.0
2.5235E+03,-0.010727,-0.002240,0.05325,2000.0
2.5236E+03,-0.010836,-0.001598,0.05325,2000.0
2.5236E+03,-0.010913,-0.000965,0.05325,2000.0
2.5237E+03,-0.010950,-0.000322,0.05325,2000.0
2.5237E+03,-0.010950,0.000322,0.05325,2000.0
2.5238E+03,-0.010913,0.000965,0.05325,2000.0
2.5238E+03,-0.010836,0.001598,0.05325,2000.0
2.5238E+03,-0.010727,0.002240,0.05325,2000.0
2.5239E+03,-0.010570,0.002863,0.05325,2000.0
2.5239E+03,-0.010390,0.003486,0.05325,2000.0
2.5240E+03,-0.010159,0.004082,0.05325,2000.0
2.5240E+03,-0.009911,0.004680,0.05325,2000.0
2.5241E+03,-0.009609,0.005240,0.05325,2000.0
2.5241E+03,-0.009297,0.005808,0.05325,0.0
2.5249E+03,-0.009297,0.005808,0.06595,0.0
2.5251E+03,-0.010741,0.006711,0.06595,0.0
2.5259E+03,-0.010741,0.006711,0.05325,2000.0
2.5259E+03,-0.010315,0.007313,0.05325,2000.0
2.5260E+03,-0.009892,0.007912,0.05325,2000.0
2.5260E+03,-0.009388,0.008471,0.05325,2000.0
2.5261E+03,-0.008894,0.009013,0.05325,2000.0
2.5261E+03,-0.008335,0.009512,0.05325,2000.0
2.5262E+03,-0.007777,0.009992,0.05325,2000.0
2.5262E+03,-0.007161,0.010427,0.05325,2000.0
2.5263E+03,-0.006553,0.010831,0.05325,2000.0
2.5263E+03,-0.005890,0.011199,0.05325,2000.0
2.5264E+03,-0.005232,0.011525,0.05325,2000.0
2.5264E+03,-0.004536,0.011814,0.05325,2000.0
2.5265E+03,-0.003842,0.012057,0.05325,2000.0
2.5265E+03,-0.003119,0.012266,0.05325,2000.0
2.5266E+03,-0.002401,0.012422,0.05325,2000.0
2.5266E+03,-0.001666,0.012549,0.05325,2000.0
2.5267E+03,-0.000933,0.012616,0.05325,2000.0
2.5267E+03,-0.000172,0.012661,0.05325,2000.0
2.5268E+03,0.000558,0.012635,0.05325,2000.0
2.5268E+03,0.001308,0.012596,0.05325,2000.0
2.5269E+03,0.002042,0.012481,0.05325,2000.0
2.5269E+03,0.002777,0.012356,0.05325,2000.0
2.5270E+03,0.003482,0.012156,0.05325,2000.0
2.5270E+03,0.004190,0.011952,0.05325,2000.0
2.5271E+03,0.004879,0.011666,0.05325,2000.0
2.5271E+03,0.005554,0.011380,0.05325,2000.0
2.5272E+03,0.006218,0.011014,0.05325,2000.0
2.5272E+03,0.006856,0.010643,0.05325,2000.0
2.5273E+03,0.007462,0.010214,0.05325,2000.0
2.5273E+03,0.008049,0.009771,0.05325,2000.0
2.5274E+03,0.008614,0.009267,0.05325,2000.0
2.5274E+03,0.009137,0.008759,0.05325,2000.0
2.5275E+03,0.009646,0.008192,0.05325,2000.0
2.5275E+03,0.010104,0.007619,0.05325,2000.0
2.5276E+03,0.010537,0.007011,0.05325,2000.0
2.5276E+03,0.010926,0.006384,0.05325,2000.0
2.5277E+03,0.011292,0.005720,0.05325,2000.0
2.5277E+03,0.011597,0.005055,0.05325,2000.0
2.5278E+03,0.011885,0.004363,0.05325,2000.0
2.5278E+03,0.012108,0.003662,0.05325,2000.0
2.5279E+03,0.012317,0.002939,0.05325,2000.0
2.5279E+03,0.012453,0.002211,0.05325,2000.0
2.5280E+03,0.012578,0.001468,0.05325,2000.0
2.5280E+03,0.012623,0.000739,0.05325,2000.0
2.5281E+03,0.012666,0.000000,0.05325,2000.0
2.5281E+03,0.012623,-0.000739,0.05325,2000.0
2.5282E+03,0.012578,-0.001468,0.05325,2000.0
2.5282E+03,0.012453,-0.002211,0.05325,2000.0
2.5283E+03,0.012317,-0.002939,0.05325,2000.0
2.5283E+03,0.012108,-0.003662,0.05325,2000.0
2.5284E+03,0.011885,-0.004363,0.05325,2000.0
2.5284E+03,0.011597,-0.005055,0.05325,2000.0
2.5285E+03,0.011292,-0.005720,0.05325,2000.0
2.5285E+03,0.010926,-0.006384,0.05325,2000.0
2.5286E+03,0.010537,-0.007011,0.05325,2000.0
2.5286E+03,0.010104,-0.007619,0.05325,2000.0
2.5287E+03,0.009646,-0.008192,0.05325,2000.0
2.5287E+03,0.009137,-0.008759,0.05325,2000.0
2.5288E+03,0.008614,-0.009267,0.05325,2000.0
2.5288E+03,0.008049,-0.009771,0.05325,2000.0
2.5289E+03,0.007462,-0.010214,0.05325,2000.0
2.5289E+03,0.006856,-0.010643,0.05325,2000.0
2.5290E+03,0.006218,-0.011014,0.05325,2000.0
2.5290E+03,0.005554,-0.011380,0.05325,2000.0
2.5291E+03,0.004879,-0.011666,0.05325,2000.0
2.5291E+03,0.004190,-0.011952,0.05325,2000.0
2.5291E+03,0.003482,-0.012156,0.05325,2000.0
2.5292E+03,0.002777,-0.012356,0.05325,2000.0
2.5292E+03,0.002042,-0.012481,0.05325,2000.0
2.5293E+03,0.001308,-0.012596,0.05325,2000.0
2.5293E+03,0.000558,-0.012635,0.05325,2000.0
2.5294E+03,-0.000172,-0.012661,0.05325,2000.0
2.5294E+03,-0.000933,-0.012616,0.05325,2000.0
2.5295E+03,-0.001666,-0.012549,0.05325,2000.0
2.5295E+03,-0.002401,-0.012422,0.05325,2000.0
2.5296E+03,-0.003119,-0.012266,0.05325,2000.0
2.5296E+03,-0.003842,-0.012057,0.05325,2000.0
2.5297E+03,-0.004536,-0.011814,0.05325,2000.0
2.5297E+03,-0.005232,-0.011525,0.05325,2000.0
2.5298E+03,-0.005890,-0.011199,0.05325,2000.0
2.5298E+03,-0.006553,-0.010831,0.05325,2000.0
2.5299E+03,-0.007161,-0.010427,0.05325,2000.0
2.5299E+03,-0.007777,-0.009992,0.05325,2000.0
2.5300E+03,-0.008335,-0.009512,0.05325,2000.0
2.5300E+03,-0.008894,-0.009013,0.05325,2000.0
2.5301E+03,-0.009389,-0.008471,0.05325,2000.0
2.5301E+03,-0.009892,-0.007910,0.05325,2000.0
2.5302E+03,-0.010315,-0.007312,0.05325,2000.0
2.5302E+03,-0.010740,-0.006711,0.05325,2000.0
2.5303E+03,-0.011102,-0.006053,0.05325,2000.0
2.5303E+03,-0.011448,-0.005411,0.05325,2000.0
2.5304E+03,-0.011737,-0.004715,0.05325,2000.0
2.5304E+03,-0.012002,-0.004030,0.05325,2000.0
2.5305E+03,-0.012211,-0.003307,0.05325,2000.0
2.5305E+03,-0.012392,-0.002591,0.05325,2000.0
2.5306E+03,-0.012519,-0.001843,0.05325,2000.0
2.5306E+03,-0.012607,-0.001117,0.05325,2000.0
2.5307E+03,-0.012650,-0.000371,0.05325,2000.0
2.5307E+03,-0.012650,0.000371,0.05325,2000.0
2.5308E+03,-0.012607,0.001117,0.05325,2000.0
2.5308E+03,-0.012519,0.001843,0.05325,2000.0
2.5309E+03,-0.012392,0.002591,0.05325,2000.0
2.5309E+03,-0.012211,0.003307,0.05325,2000.0
2.5310E+03,-0.012002,0.004030,0.05325,2000.0
2.5310E+03,-0.011737,0.004715,0.05325,2000.0
2.5311E+03,-0.011448,0.005411,0.05325,2000.0
2.5311E+03,-0.011102,0.006053,0.05325,2000.0
2.5312E+03,-0.010741,0.006711,0.05325,0.0
2.5320E+03,-0.010741,0.006711,0.06595,0.0
2.5321E+03,-0.012138,0.007416,0.06595,0.0
2.5330E+03,-0.012138,0.007416,0.05325,2000.0
2.5330E+03,-0.012395,0.006966,0.05325,2000.0
2.5330E+03,-0.012666,0.006475,0.05325,2000.0
2.5331E+03,-0.012860,0.006067,0.05325,2000.0
2.5331E+03,-0.013090,0.005570,0.05325,2000.0
2.5331E+03,-0.013269,0.005106,0.05325,2000.0
2.5332E+03,-0.013459,0.004605,0.05325,2000.0
2.5332E+03,-0.013602,0.004136,0.05325,2000.0
2.5332E+03,-0.013601,0.004136,0.05325,2000.0
2.5332E+03,-0.013763,0.003593,0.05325,2000.0
2.5333E+03,-0.013866,0.003137,0.05325,2000.0
2.5333E+03,-0.013988,0.002581,0.05325,2000.0
2.5333E+03,-0.014087,0.001914,0.05325,2000.0
2.5334E+03,-0.014141,0.001541,0.05325,2000.0
2.5334E+03,-0.014215,0.000513,0.05325,2000.0
2.5335E+03,-0.014215,-0.000513,0.05325,2000.0
2.5336E+03,-0.014141,-0.001541,0.05325,2000.0
2.5336E+03,-0.014057,-0.002119,0.05325,2000.0
2.5336E+03,-0.013986,-0.002591,0.05325,2000.0
2.5337E+03,-0.013866,-0.003137,0.05325,2000.0
2.5337E+03,-0.013763,-0.003593,0.05325,2000.0
2.5338E+03,-0.013601,-0.004136,0.05325,2000.0
2.5338E+03,-0.013602,-0.004136,0.05325,2000.0
2.5338E+03,-0.013459,-0.004605,0.05325,2000.0
2.5338E+03,-0.013269,-0.005106,0.05325,2000.0
2.5339E+03,-0.013089,-0.005570,0.05325,2000.0
2.5339E+03,-0.012868,-0.006049,0.05325,2000.0
2.5339E+03,-0.012645,-0.006517,0.05325,2000.0
2.5340E+03,-0.012397,-0.006964,0.05325,2000.0
2.5340E+03,-0.012146,-0.007403,0.05325,2000.0
2.5340E+03,-0.011842,-0.007871,0.05325,2000.0
2.5341E+03,-0.011579,-0.008261,0.05325,2000.0
2.5341E+03,-0.011218,-0.008737,0.05325,2000.0
2.5341E+03,-0.010947,-0.009084,0.05325,2000.0
2.5342E+03,-0.010574,-0.009506,0.05325,2000.0
2.5342E+03,-0.010568,-0.009512,0.05325,2000.0
2.5342E+03,-0.010557,-0.009525,0.05325,2000.0
2.5342E+03,-0.010242,-0.009870,0.05325,2000.0
2.5342E+03,-0.009807,-0.010298,0.05325,2000.0
2.5343E+03,-0.009505,-0.010584,0.05325,2000.0
2.5343E+03,-0.009083,-0.010942,0.05325,2000.0
2.5343E+03,-0.008706,-0.011249,0.05325,2000.0
2.5344E+03,-0.008230,-0.011597,0.05325,2000.0
2.5344E+03,-0.007856,-0.011858,0.05325,2000.0
2.5344E+03,-0.007397,-0.012146,0.05325,2000.0
2.5345E+03,-0.006969,-0.012401,0.05325,2000.0
2.5345E+03,-0.006450,-0.012676,0.05325,2000.0
2.5345E+03,-0.006076,-0.012862,0.05325,2000.0
2.5346E+03,-0.005563,-0.013089,0.05325,2000.0
2.5346E+03,-0.005069,-0.013290,0.05325,2000.0
2.5347E+03,-0.004559,-0.013472,0.05325,2000.0
2.5347E+03,-0.004121,-0.013614,0.05325,2000.0
2.5347E+03,-0.003554,-0.013772,0.05325,2000.0
2.5347E+03,-0.003152,-0.013870,0.05325,2000.0
2.5348E+03,-0.002545,-0.013992,0.05325,2000.0
2.5348E+03,-0.002058,-0.014074,0.05325,2000.0
2.5349E+03,-0.001558,-0.014138,0.05325,2000.0
2.5349E+03,-0.001016,-0.014187,0.05325,2000.0
2.5349E+03,-0.000546,-0.014213,0.05325,2000.0
2.5350E+03,-0.000025,-0.014222,0.05325,2000.0
2.5350E+03,0.000578,-0.014212,0.05325,2000.0
2.5350E+03,0.000993,-0.014189,0.05325,2000.0
2.5351E+03,0.001568,-0.014137,0.05325,2000.0
2.5351E+03,0.002046,-0.014075,0.05325,2000.0
2.5351E+03,0.002613,-0.013982,0.05325,2000.0
2.5352E+03,0.003069,-0.013888,0.05325,2000.0
2.5352E+03,0.003624,-0.013755,0.05325,2000.0
2.5352E+03,0.004073,-0.013628,0.05325,2000.0
2.5353E+03,0.004597,-0.013461,0.05325,2000.0
2.5353E+03,0.005049,-0.013296,0.05325,2000.0
2.5353E+03,0.005583,-0.013083,0.05325,2000.0
2.5354E+03,0.006040,-0.012876,0.05325,2000.0
2.5354E+03,0.006495,-0.012656,0.05325,2000.0
2.5354E+03,0.006974,-0.012395,0.05325,2000.0
2.5355E+03,0.007417,-0.012139,0.05325,2000.0
2.5355E+03,0.007790,-0.011899,0.05325,2000.0
2.5356E+03,0.008299,-0.011553,0.05325,2000.0
2.5356E+03,0.008618,-0.011312,0.05325,2000.0
2.5356E+03,0.009122,-0.010914,0.05325,2000.0
2.5357E+03,0.009460,-0.010619,0.05325,2000.0
2.5357E+03,0.009887,-0.010228,0.05325,2000.0
2.5357E+03,0.010199,-0.009909,0.05325,2000.0
2.5358E+03,0.010608,-0.009477,0.05325,2000.0
2.5358E+03,0.010889,-0.009145,0.05325,2000.0
2.5358E+03,0.011262,-0.008691,0.05325,2000.0
2.5359E+03,0.011517,-0.008339,0.05325,2000.0
2.5359E+03,0.011868,-0.007841,0.05325,2000.0
2.5359E+03,0.012162,-0.007365,0.05325,2000.0
2.5360E+03,0.012406,-0.006959,0.05325,2000.0
2.5360E+03,0.012621,-0.006548,0.05325,2000.0
2.5360E+03,0.012883,-0.006033,0.05325,2000.0
2.5361E+03,0.013017,-0.005721,0.05325,2000.0
2.5361E+03,0.013291,-0.005068,0.05325,2000.0
2.5361E+03,0.013407,-0.004733,0.05325,2000.0
2.5362E+03,0.013626,-0.004084,0.05325,2000.0
2.5362E+03,0.013739,-0.003660,0.05325,2000.0
2.5362E+03,0.013882,-0.003105,0.05325,2000.0
2.5363E+03,0.013970,-0.002637,0.05325,2000.0
2.5363E+03,0.014072,-0.002080,0.05325,2000.0
2.5363E+03,0.014104,-0.001796,0.05325,2000.0
2.5364E+03,0.014185,-0.001047,0.05325,2000.0
2.5365E+03,0.014225,0.000000,0.05325,2000.0
2.5365E+03,0.014185,0.001047,0.05325,2000.0
2.5366E+03,0.014111,0.001729,0.05325,2000.0
2.5366E+03,0.014073,0.002076,0.05325,2000.0
2.5366E+03,0.013973,0.002619,0.05325,2000.0
2.5367E+03,0.013883,0.003096,0.05325,2000.0
2.5367E+03,0.013745,0.003632,0.05325,2000.0
2.5367E+03,0.013623,0.004096,0.05325,2000.0
2.5368E+03,0.013432,0.004660,0.05325,2000.0
2.5368E+03,0.013291,0.005068,0.05325,2000.0
2.5368E+03,0.013037,0.005673,0.05325,2000.0
2.5369E+03,0.012889,0.006019,0.05325,2000.0
2.5369E+03,0.012620,0.006550,0.05325,2000.0
2.5369E+03,0.012415,0.006945,0.05325,2000.0
2.5370E+03,0.012124,0.007427,0.05325,2000.0
2.5370E+03,0.011868,0.007841,0.05325,2000.0
2.5370E+03,0.011530,0.008321,0.05325,2000.0
2.5371E+03,0.011262,0.008691,0.05325,2000.0
2.5371E+03,0.010905,0.009126,0.05325,2000.0
2.5371E+03,0.010602,0.009485,0.05325,2000.0
2.5372E+03,0.010226,0.009882,0.05325,2000.0
2.5372E+03,0.009888,0.010227,0.05325,2000.0
2.5372E+03,0.009466,0.010613,0.05325,2000.0
2.5373E+03,0.009114,0.010922,0.05325,2000.0
2.5373E+03,0.008671,0.011271,0.05325,2000.0
2.5373E+03,0.008287,0.011561,0.05325,2000.0
2.5374E+03,0.007808,0.011886,0.05325,2000.0
2.5374E+03,0.007410,0.012143,0.05325,2000.0
2.5375E+03,0.006974,0.012395,0.05325,2000.0
2.5375E+03,0.006495,0.012656,0.05325,2000.0
2.5375E+03,0.006029,0.012882,0.05325,2000.0
2.5376E+03,0.005593,0.013079,0.05325,2000.0
2.5376E+03,0.005039,0.013300,0.05325,2000.0
2.5376E+03,0.004618,0.013453,0.05325,2000.0
2.5377E+03,0.004069,0.013628,0.05325,2000.0
2.5377E+03,0.003622,0.013756,0.05325,2000.0
2.5377E+03,0.003072,0.013887,0.05325,2000.0
2.5378E+03,0.002613,0.013982,0.05325,2000.0
2.5378E+03,0.002046,0.014075,0.05325,2000.0
2.5378E+03,0.001568,0.014137,0.05325,2000.0
2.5379E+03,0.000993,0.014189,0.05325,2000.0
2.5379E+03,0.000578,0.014212,0.05325,2000.0
2.5379E+03,-0.000025,0.014222,0.05325,2000.0
2.5380E+03,-0.000546,0.014213,0.05325,2000.0
2.5380E+03,-0.001016,0.014187,0.05325,2000.0
2.5380E+03,-0.001558,0.014138,0.05325,2000.0
2.5381E+03,-0.002058,0.014074,0.05325,2000.0
2.5381E+03,-0.002545,0.013992,0.05325,2000.0
2.5382E+03,-0.003152,0.013870,0.05325,2000.0
2.5382E+03,-0.003546,0.013774,0.05325,2000.0
2.5382E+03,-0.004127,0.013612,0.05325,2000.0
2.5382E+03,-0.004542,0.013478,0.05325,2000.0
2.5383E+03,-0.005092,0.013281,0.05325,2000.0
2.5383E+03,-0.005552,0.013094,0.05325,2000.0
2.5384E+03,-0.006076,0.012862,0.05325,2000.0
2.5384E+03,-0.006452,0.012675,0.05325,2000.0
2.5384E+03,-0.006969,0.012401,0.05325,2000.0
2.5385E+03,-0.007397,0.012146,0.05325,2000.0
2.5385E+03,-0.007856,0.011858,0.05325,2000.0
2.5385E+03,-0.008231,0.011596,0.05325,2000.0
2.5386E+03,-0.008708,0.011247,0.05325,2000.0
2.5386E+03,-0.009071,0.010951,0.05325,2000.0
2.5386E+03,-0.009511,0.010576,0.05325,2000.0
2.5387E+03,-0.009844,0.010261,0.05325,2000.0
2.5387E+03,-0.010243,0.009870,0.05325,2000.0
2.5387E+03,-0.010565,0.009516,0.05325,2000.0
2.5388E+03,-0.010946,0.009084,0.05325,2000.0
2.5388E+03,-0.011285,0.008652,0.05325,2000.0
2.5388E+03,-0.011568,0.008279,0.05325,2000.0
2.5389E+03,-0.011843,0.007870,0.05325,2000.0
2.5389E+03,-0.012138,0.007416,0.05325,0.0
2.5398E+03,-0.012138,0.007416,0.06595,0.0
2.5399E+03,-0.013592,0.008299,0.06595,0.0
2.5407E+03,-0.013592,0.008299,0.05325,2000.0
2.5407E+03,-0.013872,0.007808,0.05325,2000.0
2.5408E+03,-0.014174,0.007262,0.05325,2000.0
2.5408E+03,-0.014395,0.006797,0.05325,2000.0
2.5408E+03,-0.014659,0.006226,0.05325,2000.0
2.5409E+03,-0.014855,0.005719,0.05325,2000.0
2.5409E+03,-0.015068,0.005155,0.05325,2000.0
2.5410E+03,-0.015230,0.004623,0.05325,2000.0
2.5410E+03,-0.015410,0.004021,0.05325,2000.0
2.5410E+03,-0.015525,0.003510,0.05325,2000.0
2.5411E+03,-0.015659,0.002897,0.05325,2000.0
2.5411E+03,-0.015739,0.002362,0.05325,2000.0
2.5411E+03,-0.015740,0.002362,0.05325,2000.0
2.5412E+03,-0.015831,0.001732,0.05325,2000.0
2.5412E+03,-0.015870,0.001214,0.05325,2000.0
2.5412E+03,-0.015869,0.001214,0.05325,2000.0
2.5412E+03,-0.015915,0.000581,0.05325,2000.0
2.5413E+03,-0.015915,-0.000581,0.05325,2000.0
2.5414E+03,-0.015869,-0.001214,0.05325,2000.0
2.5414E+03,-0.015870,-0.001214,0.05325,2000.0
2.5414E+03,-0.015831,-0.001732,0.05325,2000.0
2.5414E+03,-0.015740,-0.002362,0.05325,2000.0
2.5414E+03,-0.015739,-0.002362,0.05325,2000.0
2.5415E+03,-0.015659,-0.002897,0.05325,2000.0
2.5415E+03,-0.015525,-0.003510,0.05325,2000.0
2.5415E+03,-0.015410,-0.004021,0.05325,2000.0
2.5416E+03,-0.015230,-0.004623,0.05325,2000.0
2.5416E+03,-0.015068,-0.005155,0.05325,2000.0
2.5417E+03,-0.014855,-0.005719,0.05325,2000.0
2.5417E+03,-0.014659,-0.006226,0.05325,2000.0
2.5417E+03,-0.014403,-0.006780,0.05325,2000.0
2.5418E+03,-0.014162,-0.007286,0.05325,2000.0
2.5418E+03,-0.013873,-0.007808,0.05325,2000.0
2.5419E+03,-0.013598,-0.008289,0.05325,2000.0
2.5419E+03,-0.013268,-0.008797,0.05325,2000.0
2.5419E+03,-0.012959,-0.009255,0.05325,2000.0
2.5420E+03,-0.012558,-0.009784,0.05325,2000.0
2.5420E+03,-0.012258,-0.010168,0.05325,2000.0
2.5420E+03,-0.011831,-0.010651,0.05325,2000.0
2.5421E+03,-0.011472,-0.011045,0.05325,2000.0
2.5421E+03,-0.010999,-0.011510,0.05325,2000.0
2.5422E+03,-0.010639,-0.011851,0.05325,2000.0
2.5422E+03,-0.010156,-0.012261,0.05325,2000.0
2.5422E+03,-0.009748,-0.012593,0.05325,2000.0
2.5423E+03,-0.009234,-0.012969,0.05325,2000.0
2.5423E+03,-0.008782,-0.013285,0.05325,2000.0
2.5424E+03,-0.008300,-0.013587,0.05325,2000.0
2.5424E+03,-0.007802,-0.013883,0.05325,2000.0
2.5424E+03,-0.007228,-0.014187,0.05325,2000.0
2.5425E+03,-0.006789,-0.014406,0.05325,2000.0
2.5425E+03,-0.006226,-0.014655,0.05325,2000.0
2.5426E+03,-0.005683,-0.014876,0.05325,2000.0
2.5426E+03,-0.005118,-0.015078,0.05325,2000.0
2.5426E+03,-0.004600,-0.015246,0.05325,2000.0
2.5427E+03,-0.003986,-0.015417,0.05325,2000.0
2.5427E+03,-0.003518,-0.015531,0.05325,2000.0
2.5427E+03,-0.002847,-0.015666,0.05325,2000.0
2.5428E+03,-0.002329,-0.015753,0.05325,2000.0
2.5428E+03,-0.001733,-0.015829,0.05325,2000.0
2.5429E+03,-0.001151,-0.015882,0.05325,2000.0
2.5429E+03,-0.000590,-0.015913,0.05325,2000.0
2.5429E+03,-0.000026,-0.015923,0.05325,2000.0
2.5430E+03,0.000620,-0.015912,0.05325,2000.0
2.5430E+03,0.001132,-0.015884,0.05325,2000.0
2.5431E+03,0.001753,-0.015827,0.05325,2000.0
2.5431E+03,0.002303,-0.015756,0.05325,2000.0
2.5431E+03,0.002912,-0.015656,0.05325,2000.0
2.5432E+03,0.003436,-0.015548,0.05325,2000.0
2.5432E+03,0.004058,-0.015399,0.05325,2000.0
2.5432E+03,0.004550,-0.015260,0.05325,2000.0
2.5433E+03,0.005164,-0.015064,0.05325,2000.0
2.5433E+03,0.005654,-0.014885,0.05325,2000.0
2.5434E+03,0.006253,-0.014646,0.05325,2000.0
2.5434E+03,0.006741,-0.014425,0.05325,2000.0
2.5434E+03,0.007289,-0.014160,0.05325,2000.0
2.5435E+03,0.007788,-0.013888,0.05325,2000.0
2.5435E+03,0.008304,-0.013590,0.05325,2000.0
2.5436E+03,0.008733,-0.013313,0.05325,2000.0
2.5436E+03,0.009285,-0.012939,0.05325,2000.0
2.5436E+03,0.009672,-0.012646,0.05325,2000.0
2.5437E+03,0.010210,-0.012221,0.05325,2000.0
2.5437E+03,0.010592,-0.011887,0.05325,2000.0
2.5438E+03,0.011066,-0.011453,0.05325,2000.0
2.5438E+03,0.011433,-0.011079,0.05325,2000.0
2.5438E+03,0.011871,-0.010617,0.05325,2000.0
2.5439E+03,0.012212,-0.010214,0.05325,2000.0
2.5439E+03,0.012211,-0.010214,0.05325,2000.0
2.5439E+03,0.012613,-0.009724,0.05325,2000.0
2.5439E+03,0.012907,-0.009318,0.05325,2000.0
2.5440E+03,0.013286,-0.008780,0.05325,2000.0
2.5440E+03,0.013565,-0.008329,0.05325,2000.0
2.5440E+03,0.013566,-0.008329,0.05325,2000.0
2.5441E+03,0.013894,-0.007783,0.05325,2000.0
2.5441E+03,0.014128,-0.007335,0.05325,2000.0
2.5441E+03,0.014427,-0.006745,0.05325,2000.0
2.5442E+03,0.014626,-0.006282,0.05325,2000.0
2.5442E+03,0.014625,-0.006282,0.05325,2000.0
2.5442E+03,0.014881,-0.005673,0.05325,2000.0
2.5443E+03,0.015051,-0.005181,0.05325,2000.0
2.5443E+03,0.015050,-0.005181,0.05325,2000.0
2.5443E+03,0.015256,-0.004570,0.05325,2000.0
2.5443E+03,0.015385,-0.004084,0.05325,2000.0
2.5444E+03,0.015544,-0.003466,0.05325,2000.0
2.5444E+03,0.015642,-0.002944,0.05325,2000.0
2.5445E+03,0.015756,-0.002324,0.05325,2000.0
2.5445E+03,0.015794,-0.001979,0.05325,2000.0
2.5445E+03,0.015882,-0.001166,0.05325,2000.0
2.5446E+03,0.015926,0.000000,0.05325,2000.0
2.5447E+03,0.015882,0.001166,0.05325,2000.0
2.5447E+03,0.015801,0.001914,0.05325,2000.0
2.5448E+03,0.015756,0.002324,0.05325,2000.0
2.5448E+03,0.015644,0.002932,0.05325,2000.0
2.5448E+03,0.015544,0.003465,0.05325,2000.0
2.5449E+03,0.015389,0.004065,0.05325,2000.0
2.5449E+03,0.015253,0.004581,0.05325,2000.0
2.5450E+03,0.015050,0.005181,0.05325,2000.0
2.5450E+03,0.015051,0.005181,0.05325,2000.0
2.5450E+03,0.014881,0.005673,0.05325,2000.0
2.5450E+03,0.014625,0.006282,0.05325,2000.0
2.5450E+03,0.014626,0.006282,0.05325,2000.0
2.5451E+03,0.014428,0.006743,0.05325,2000.0
2.5451E+03,0.014137,0.007318,0.05325,2000.0
2.5451E+03,0.013897,0.007778,0.05325,2000.0
2.5452E+03,0.013570,0.008321,0.05325,2000.0
2.5452E+03,0.013286,0.008780,0.05325,2000.0
2.5453E+03,0.012907,0.009318,0.05325,2000.0
2.5453E+03,0.012613,0.009724,0.05325,2000.0
2.5453E+03,0.012211,0.010214,0.05325,2000.0
2.5453E+03,0.012212,0.010214,0.05325,2000.0
2.5454E+03,0.011875,0.010613,0.05325,2000.0
2.5454E+03,0.011441,0.011071,0.05325,2000.0
2.5455E+03,0.011067,0.011453,0.05325,2000.0
2.5455E+03,0.010593,0.011886,0.05325,2000.0
2.5455E+03,0.010200,0.012230,0.05325,2000.0
2.5456E+03,0.009715,0.012613,0.05325,2000.0
2.5456E+03,0.009283,0.012939,0.05325,2000.0
2.5457E+03,0.008744,0.013305,0.05325,2000.0
2.5457E+03,0.008289,0.013598,0.05325,2000.0
2.5457E+03,0.007788,0.013888,0.05325,2000.0
2.5458E+03,0.007289,0.014160,0.05325,2000.0
2.5458E+03,0.006743,0.014424,0.05325,2000.0
2.5458E+03,0.006253,0.014646,0.05325,2000.0
2.5459E+03,0.005654,0.014885,0.05325,2000.0
2.5459E+03,0.005157,0.015066,0.05325,2000.0
2.5460E+03,0.004554,0.015258,0.05325,2000.0
2.5460E+03,0.004067,0.015397,0.05325,2000.0
2.5460E+03,0.003436,0.015548,0.05325,2000.0
2.5461E+03,0.002912,0.015656,0.05325,2000.0
2.5461E+03,0.002303,0.015756,0.05325,2000.0
2.5462E+03,0.001753,0.015827,0.05325,2000.0
2.5462E+03,0.001132,0.015884,0.05325,2000.0
2.5462E+03,0.000620,0.015912,0.05325,2000.0
2.5463E+03,-0.000026,0.015923,0.05325,2000.0
2.5463E+03,-0.000590,0.015913,0.05325,2000.0
2.5464E+03,-0.001151,0.015882,0.05325,2000.0
2.5464E+03,-0.001733,0.015829,0.05325,2000.0
2.5464E+03,-0.002329,0.015753,0.05325,2000.0
2.5465E+03,-0.002847,0.015666,0.05325,2000.0
2.5465E+03,-0.003518,0.015531,0.05325,2000.0
2.5465E+03,-0.003986,0.015417,0.05325,2000.0
2.5466E+03,-0.004592,0.015248,0.05325,2000.0
2.5466E+03,-0.005102,0.015083,0.05325,2000.0
2.5467E+03,-0.005704,0.014867,0.05325,2000.0
2.5467E+03,-0.006226,0.014655,0.05325,2000.0
2.5467E+03,-0.006789,0.014406,0.05325,2000.0
2.5468E+03,-0.007230,0.014186,0.05325,2000.0
2.5468E+03,-0.007802,0.013883,0.05325,2000.0
2.5469E+03,-0.008300,0.013587,0.05325,2000.0
2.5469E+03,-0.008782,0.013285,0.05325,2000.0
2.5469E+03,-0.009234,0.012969,0.05325,2000.0
2.5470E+03,-0.009749,0.012592,0.05325,2000.0
2.5470E+03,-0.010155,0.012261,0.05325,2000.0
2.5471E+03,-0.010639,0.011849,0.05325,2000.0
2.5471E+03,-0.011028,0.011481,0.05325,2000.0
2.5471E+03,-0.011472,0.011045,0.05325,2000.0
2.5472E+03,-0.011831,0.010651,0.05325,2000.0
2.5472E+03,-0.012251,0.010175,0.05325,2000.0
2.5472E+03,-0.012578,0.009758,0.05325,2000.0
2.5472E+03,-0.012579,0.009758,0.05325,2000.0
2.5473E+03,-0.012953,0.009265,0.05325,2000.0
2.5473E+03,-0.013268,0.008797,0.05325,2000.0
2.5474E+03,-0.013592,0.008299,0.05325,0.0
2.5482E+03,-0.013592,0.008299,0.06595,0.0
2.5483E+03,-0.015050,0.009175,0.06595,0.0
2.5491E+03,-0.015050,0.009175,0.05325,2000.0
2.5492E+03,-0.015349,0.008651,0.05325,2000.0
2.5492E+03,-0.015682,0.008049,0.05325,2000.0
2.5493E+03,-0.015938,0.007511,0.05325,2000.0
2.5493E+03,-0.016224,0.006893,0.05325,2000.0
2.5493E+03,-0.016441,0.006331,0.05325,2000.0
2.5494E+03,-0.016683,0.005690,0.05325,2000.0
2.5494E+03,-0.016857,0.005117,0.05325,2000.0
2.5495E+03,-0.017055,0.004453,0.05325,2000.0
2.5495E+03,-0.017186,0.003874,0.05325,2000.0
2.5496E+03,-0.017333,0.003204,0.05325,2000.0
2.5496E+03,-0.017421,0.002612,0.05325,2000.0
2.5497E+03,-0.017522,0.001916,0.05325,2000.0
2.5497E+03,-0.017565,0.001337,0.05325,2000.0
2.5497E+03,-0.017615,0.000649,0.05325,2000.0
2.5498E+03,-0.017615,-0.000649,0.05325,2000.0
2.5499E+03,-0.017565,-0.001337,0.05325,2000.0
2.5499E+03,-0.017522,-0.001916,0.05325,2000.0
2.5500E+03,-0.017421,-0.002612,0.05325,2000.0
2.5500E+03,-0.017333,-0.003204,0.05325,2000.0
2.5500E+03,-0.017186,-0.003874,0.05325,2000.0
2.5501E+03,-0.017055,-0.004453,0.05325,2000.0
2.5501E+03,-0.016857,-0.005117,0.05325,2000.0
2.5502E+03,-0.016683,-0.005690,0.05325,2000.0
2.5502E+03,-0.016441,-0.006331,0.05325,2000.0
2.5503E+03,-0.016224,-0.006893,0.05325,2000.0
2.5503E+03,-0.015938,-0.007511,0.05325,2000.0
2.5503E+03,-0.015679,-0.008055,0.05325,2000.0
2.5504E+03,-0.015349,-0.008651,0.05325,2000.0
2.5504E+03,-0.015048,-0.009178,0.05325,2000.0
2.5505E+03,-0.014678,-0.009747,0.05325,2000.0
2.5505E+03,-0.014344,-0.010243,0.05325,2000.0
2.5506E+03,-0.013912,-0.010812,0.05325,2000.0
2.5506E+03,-0.013560,-0.011262,0.05325,2000.0
2.5506E+03,-0.013105,-0.011777,0.05325,2000.0
2.5507E+03,-0.012692,-0.012230,0.05325,2000.0
2.5507E+03,-0.012190,-0.012723,0.05325,2000.0
2.5508E+03,-0.011775,-0.013116,0.05325,2000.0
2.5508E+03,-0.011229,-0.013580,0.05325,2000.0
2.5509E+03,-0.010790,-0.013937,0.05325,2000.0
2.5509E+03,-0.010208,-0.014363,0.05325,2000.0
2.5509E+03,-0.009730,-0.014697,0.05325,2000.0
2.5510E+03,-0.009168,-0.015049,0.05325,2000.0
2.5510E+03,-0.008641,-0.015362,0.05325,2000.0
2.5511E+03,-0.008007,-0.015698,0.05325,2000.0
2.5511E+03,-0.007510,-0.015946,0.05325,2000.0
2.5512E+03,-0.006876,-0.016226,0.05325,2000.0
2.5512E+03,-0.006311,-0.016456,0.05325,2000.0
2.5512E+03,-0.005658,-0.016690,0.05325,2000.0
2.5513E+03,-0.005084,-0.016876,0.05325,2000.0
2.5513E+03,-0.004425,-0.017059,0.05325,2000.0
2.5514E+03,-0.003869,-0.017195,0.05325,2000.0
2.5514E+03,-0.003164,-0.017337,0.05325,2000.0
2.5515E+03,-0.002589,-0.017433,0.05325,2000.0
2.5515E+03,-0.001911,-0.017520,0.05325,2000.0
2.5515E+03,-0.001290,-0.017577,0.05325,2000.0
2.5516E+03,-0.000632,-0.017613,0.05325,2000.0
2.5516E+03,-0.000026,-0.017624,0.05325,2000.0
2.5517E+03,0.000687,-0.017611,0.05325,2000.0
2.5517E+03,0.001242,-0.017581,0.05325,2000.0
2.5518E+03,0.001944,-0.017517,0.05325,2000.0
2.5518E+03,0.002552,-0.017438,0.05325,2000.0
2.5518E+03,0.003225,-0.017328,0.05325,2000.0
2.5519E+03,0.003795,-0.017210,0.05325,2000.0
2.5519E+03,0.004487,-0.017044,0.05325,2000.0
2.5520E+03,0.005046,-0.016886,0.05325,2000.0
2.5520E+03,0.005711,-0.016674,0.05325,2000.0
2.5521E+03,0.006259,-0.016474,0.05325,2000.0
2.5521E+03,0.006913,-0.016213,0.05325,2000.0
2.5521E+03,0.007458,-0.015966,0.05325,2000.0
2.5522E+03,0.008074,-0.015668,0.05325,2000.0
2.5522E+03,0.008601,-0.015381,0.05325,2000.0
2.5523E+03,0.009192,-0.015039,0.05325,2000.0
2.5523E+03,0.009675,-0.014728,0.05325,2000.0
2.5524E+03,0.010270,-0.014324,0.05325,2000.0
2.5524E+03,0.010725,-0.013981,0.05325,2000.0
2.5524E+03,0.011294,-0.013532,0.05325,2000.0
2.5525E+03,0.011728,-0.013152,0.05325,2000.0
2.5525E+03,0.012246,-0.012678,0.05325,2000.0
2.5526E+03,0.012647,-0.012269,0.05325,2000.0
2.5526E+03,0.013138,-0.011751,0.05325,2000.0
2.5527E+03,0.013526,-0.011292,0.05325,2000.0
2.5527E+03,0.013954,-0.010770,0.05325,2000.0
2.5527E+03,0.014297,-0.010297,0.05325,2000.0
2.5528E+03,0.014709,-0.009712,0.05325,2000.0
2.5528E+03,0.015011,-0.009224,0.05325,2000.0
2.5529E+03,0.015377,-0.008616,0.05325,2000.0
2.5529E+03,0.015644,-0.008104,0.05325,2000.0
2.5530E+03,0.015966,-0.007469,0.05325,2000.0
2.5530E+03,0.016193,-0.006940,0.05325,2000.0
2.5530E+03,0.016464,-0.006294,0.05325,2000.0
2.5531E+03,0.016661,-0.005725,0.05325,2000.0
2.5531E+03,0.016882,-0.005071,0.05325,2000.0
2.5532E+03,0.017031,-0.004508,0.05325,2000.0
2.5532E+03,0.017205,-0.003833,0.05325,2000.0
2.5533E+03,0.017314,-0.003250,0.05325,2000.0
2.5533E+03,0.017440,-0.002562,0.05325,2000.0
2.5533E+03,0.017505,-0.001979,0.05325,2000.0
2.5533E+03,0.017504,-0.001979,0.05325,2000.0
2.5534E+03,0.017579,-0.001285,0.05325,2000.0
2.5535E+03,0.017627,0.000000,0.05325,2000.0
2.5536E+03,0.017579,0.001285,0.05325,2000.0
2.5536E+03,0.017504,0.001979,0.05325,2000.0
2.5536E+03,0.017505,0.001979,0.05325,2000.0
2.5536E+03,0.017440,0.002562,0.05325,2000.0
2.5537E+03,0.017315,0.003245,0.05325,2000.0
2.5537E+03,0.017205,0.003833,0.05325,2000.0
2.5538E+03,0.017033,0.004499,0.05325,2000.0
2.5538E+03,0.016882,0.005071,0.05325,2000.0
2.5539E+03,0.016661,0.005725,0.05325,2000.0
2.5539E+03,0.016464,0.006294,0.05325,2000.0
2.5539E+03,0.016193,0.006940,0.05325,2000.0
2.5540E+03,0.015967,0.007467,0.05325,2000.0
2.5540E+03,0.015644,0.008104,0.05325,2000.0
2.5541E+03,0.015377,0.008616,0.05325,2000.0
2.5541E+03,0.015016,0.009216,0.05325,2000.0
2.5542E+03,0.014709,0.009712,0.05325,2000.0
2.5542E+03,0.014297,0.010297,0.05325,2000.0
2.5542E+03,0.013954,0.010770,0.05325,2000.0
2.5543E+03,0.013526,0.011292,0.05325,2000.0
2.5543E+03,0.013138,0.011751,0.05325,2000.0
2.5544E+03,0.012655,0.012261,0.05325,2000.0
2.5544E+03,0.012246,0.012678,0.05325,2000.0
2.5545E+03,0.011729,0.013151,0.05325,2000.0
2.5545E+03,0.011294,0.013532,0.05325,2000.0
2.5545E+03,0.010739,0.013970,0.05325,2000.0
2.5546E+03,0.010270,0.014324,0.05325,2000.0
2.5546E+03,0.009677,0.014727,0.05325,2000.0
2.5547E+03,0.009192,0.015039,0.05325,2000.0
2.5547E+03,0.008601,0.015381,0.05325,2000.0
2.5548E+03,0.008074,0.015668,0.05325,2000.0
2.5548E+03,0.007458,0.015966,0.05325,2000.0
2.5548E+03,0.006913,0.016213,0.05325,2000.0
2.5549E+03,0.006259,0.016474,0.05325,2000.0
2.5549E+03,0.005711,0.016674,0.05325,2000.0
2.5550E+03,0.005054,0.016883,0.05325,2000.0
2.5550E+03,0.004487,0.017044,0.05325,2000.0
2.5551E+03,0.003795,0.017210,0.05325,2000.0
2.5551E+03,0.003225,0.017328,0.05325,2000.0
2.5551E+03,0.002552,0.017438,0.05325,2000.0
2.5552E+03,0.001944,0.017517,0.05325,2000.0
2.5552E+03,0.001242,0.017581,0.05325,2000.0
2.5553E+03,0.000687,0.017611,0.05325,2000.0
2.5553E+03,-0.000026,0.017624,0.05325,2000.0
2.5554E+03,-0.000632,0.017613,0.05325,2000.0
2.5554E+03,-0.001290,0.017577,0.05325,2000.0
2.5554E+03,-0.001911,0.017520,0.05325,2000.0
2.5555E+03,-0.002589,0.017433,0.05325,2000.0
2.5555E+03,-0.003164,0.017337,0.05325,2000.0
2.5556E+03,-0.003869,0.017195,0.05325,2000.0
2.5556E+03,-0.004425,0.017059,0.05325,2000.0
2.5557E+03,-0.005084,0.016876,0.05325,2000.0
2.5557E+03,-0.005663,0.016688,0.05325,2000.0
2.5557E+03,-0.006311,0.016456,0.05325,2000.0
2.5558E+03,-0.006876,0.016226,0.05325,2000.0
2.5558E+03,-0.007510,0.015946,0.05325,2000.0
2.5559E+03,-0.008009,0.015697,0.05325,2000.0
2.5559E+03,-0.008641,0.015362,0.05325,2000.0
2.5560E+03,-0.009168,0.015049,0.05325,2000.0
2.5560E+03,-0.009730,0.014697,0.05325,2000.0
2.5560E+03,-0.010208,0.014363,0.05325,2000.0
2.5561E+03,-0.010790,0.013937,0.05325,2000.0
2.5561E+03,-0.011243,0.013568,0.05325,2000.0
2.5562E+03,-0.011775,0.013116,0.05325,2000.0
2.5562E+03,-0.012198,0.012715,0.05325,2000.0
2.5563E+03,-0.012692,0.012230,0.05325,2000.0
2.5563E+03,-0.013105,0.011777,0.05325,2000.0
2.5563E+03,-0.013560,0.011262,0.05325,2000.0
2.5564E+03,-0.013917,0.010806,0.05325,2000.0
2.5564E+03,-0.014344,0.010243,0.05325,2000.0
2.5565E+03,-0.014678,0.009747,0.05325,2000.0
2.5565E+03,-0.015050,0.009175,0.05325,0.0
2.5571E+03,-0.015050,0.000000,0.05325,0.0
