7.1960E+02,-0.008136,0.005096,0.02477,0.0
7.1960E+02,-0.008186,0.005135,0.02477,0.0
7.2043E+02,-0.008186,0.005135,0.01207,2000.0
7.2045E+02,-0.008023,0.005362,0.01207,2000.0
7.2050E+02,-0.007551,0.006029,0.01207,2000.0
7.2056E+02,-0.006999,0.006647,0.01207,2000.0
7.2057E+02,-0.006807,0.006856,0.01207,2000.0
7.2063E+02,-0.006195,0.007404,0.01207,2000.0
7.2065E+02,-0.005978,0.007590,0.01207,2000.0
7.2070E+02,-0.005306,0.008067,0.01207,2000.0
7.2072E+02,-0.005068,0.008224,0.01207,2000.0
7.2078E+02,-0.004345,0.008623,0.01207,2000.0
7.2080E+02,-0.004091,0.008750,0.01207,2000.0
7.2085E+02,-0.003329,0.009066,0.01207,2000.0
7.2087E+02,-0.003062,0.009160,0.01207,2000.0
7.2093E+02,-0.002269,0.009389,0.01207,2000.0
7.2094E+02,-0.001991,0.009450,0.01207,2000.0
7.2100E+02,-0.001175,0.009589,0.01207,2000.0
7.2102E+02,-0.000892,0.009615,0.01207,2000.0
7.2107E+02,-0.000071,0.009660,0.01207,2000.0
7.2109E+02,0.000213,0.009653,0.01207,2000.0
7.2115E+02,0.001037,0.009605,0.01207,2000.0
7.2117E+02,0.001317,0.009563,0.01207,2000.0
7.2122E+02,0.002135,0.009424,0.01207,2000.0
7.2124E+02,0.002408,0.009346,0.01207,2000.0
7.2129E+02,0.003194,0.009119,0.01207,2000.0
7.2135E+02,0.003953,0.008805,0.01207,2000.0
7.2137E+02,0.004215,0.008695,0.01207,2000.0
7.2142E+02,0.004939,0.008295,0.01207,2000.0
7.2144E+02,0.005186,0.008152,0.01207,2000.0
7.2150E+02,0.005859,0.007673,0.01207,2000.0
7.2152E+02,0.006084,0.007503,0.01207,2000.0
7.2157E+02,0.006700,0.006954,0.01207,2000.0
7.2159E+02,0.006904,0.006756,0.01207,2000.0
7.2165E+02,0.007455,0.006140,0.01207,2000.0
7.2166E+02,0.007633,0.005919,0.01207,2000.0
7.2172E+02,0.008110,0.005245,0.01207,2000.0
7.2174E+02,0.008259,0.005004,0.01207,2000.0
7.2179E+02,0.008658,0.004282,0.01207,2000.0
7.2181E+02,0.008777,0.004024,0.01207,2000.0
7.2187E+02,0.009095,0.003259,0.01207,2000.0
7.2189E+02,0.009180,0.002988,0.01207,2000.0
7.2194E+02,0.009409,0.002196,0.01207,2000.0
7.2196E+02,0.009461,0.001917,0.01207,2000.0
7.2202E+02,0.009599,0.001105,0.01207,2000.0
7.2203E+02,0.009617,0.000821,0.01207,2000.0
7.2209E+02,0.009663,0.000000,0.01207,2000.0
7.2214E+02,0.009617,-0.000821,0.01207,2000.0
7.2216E+02,0.009599,-0.001105,0.01207,2000.0
7.2222E+02,0.009461,-0.001917,0.01207,2000.0
7.2224E+02,0.009409,-0.002196,0.01207,2000.0
7.2229E+02,0.009180,-0.002988,0.01207,2000.0
7.2231E+02,0.009095,-0.003259,0.01207,2000.0
7.2237E+02,0.008777,-0.004024,0.01207,2000.0
7.2238E+02,0.008658,-0.004282,0.01207,2000.0
7.2244E+02,0.008259,-0.005004,0.01207,2000.0
7.2246E+02,0.008110,-0.005245,0.01207,2000.0
7.2251E+02,0.007633,-0.005919,0.01207,2000.0
7.2253E+02,0.007455,-0.006140,0.01207,2000.0
7.2259E+02,0.006904,-0.006756,0.01207,2000.0
7.2261E+02,0.006700,-0.006954,0.01207,2000.0
7.2266E+02,0.006084,-0.007503,0.01207,2000.0
7.2268E+02,0.005859,-0.007673,0.01207,2000.0
7.2274E+02,0.005186,-0.008152,0.01207,2000.0
7.2275E+02,0.004939,-0.008295,0.01207,2000.0
7.2281E+02,0.004215,-0.008695,0.01207,2000.0
7.2283E+02,0.003953,-0.008805,0.01207,2000.0
7.2288E+02,0.003194,-0.009119,0.01207,2000.0
7.2294E+02,0.002408,-0.009346,0.01207,2000.0
7.2296E+02,0.002135,-0.009424,0.01207,2000.0
7.2301E+02,0.001317,-0.009563,0.01207,2000.0
7.2303E+02,0.001037,-0.009605,0.01207,2000.0
7.2309E+02,0.000213,-0.009653,0.01207,2000.0
7.2310E+02,-0.000071,-0.009660,0.01207,2000.0
7.2316E+02,-0.000892,-0.009615,0.01207,2000.0
7.2318E+02,-0.001175,-0.009589,0.01207,2000.0
7.2323E+02,-0.001991,-0.009450,0.01207,2000.0
7.2325E+02,-0.002269,-0.009389,0.01207,2000.0
7.2331E+02,-0.003062,-0.009160,0.01207,2000.0
7.2333E+02,-0.003329,-0.009066,0.01207,2000.0
7.2338E+02,-0.004091,-0.008750,0.01207,2000.0
7.2340E+02,-0.004345,-0.008623,0.01207,2000.0
7.2346E+02,-0.005068,-0.008224,0.01207,2000.0
7.2347E+02,-0.005306,-0.008067,0.01207,2000.0
7.2353E+02,-0.005978,-0.007590,0.01207,2000.0
7.2355E+02,-0.006195,-0.007404,0.01207,2000.0
7.2360E+02,-0.006807,-0.006856,0.01207,2000.0
7.2362E+02,-0.006999,-0.006647,0.01207,2000.0
7.2368E+02,-0.007551,-0.006029,0.01207,2000.0
7.2373E+02,-0.008018,-0.005369,0.01207,2000.0
7.2375E+02,-0.008186,-0.005135,0.01207,2000.0
7.2381E+02,-0.008586,-0.004409,0.01207,2000.0
7.2382E+02,-0.008721,-0.004160,0.01207,2000.0
7.2388E+02,-0.009038,-0.003395,0.01207,2000.0
7.2390E+02,-0.009140,-0.003129,0.01207,2000.0
7.2395E+02,-0.009367,-0.002339,0.01207,2000.0
7.2397E+02,-0.009437,-0.002064,0.01207,2000.0
7.2403E+02,-0.009576,-0.001248,0.01207,2000.0
7.2405E+02,-0.009611,-0.000966,0.01207,2000.0
7.2410E+02,-0.009657,-0.000141,0.01207,2000.0
7.2412E+02,-0.009657,0.000141,0.01207,2000.0
7.2418E+02,-0.009611,0.000966,0.01207,2000.0
7.2419E+02,-0.009576,0.001248,0.01207,2000.0
7.2425E+02,-0.009437,0.002064,0.01207,2000.0
7.2427E+02,-0.009367,0.002339,0.01207,2000.0
7.2432E+02,-0.009140,0.003129,0.01207,2000.0
7.2434E+02,-0.009038,0.003395,0.01207,2000.0
7.2440E+02,-0.008721,0.004160,0.01207,2000.0
7.2442E+02,-0.008586,0.004409,0.01207,2000.0
7.2447E+02,-0.008186,0.005135,0.01207,0.0
7.2532E+02,-0.008186,0.005135,0.02477,0.0
7.2543E+02,-0.009626,0.006044,0.02477,0.0
7.2625E+02,-0.009626,0.006044,0.01207,2000.0
7.2628E+02,-0.009411,0.006344,0.01207,2000.0
7.2634E+02,-0.008883,0.007090,0.01207,2000.0
7.2640E+02,-0.008259,0.007788,0.01207,2000.0
7.2643E+02,-0.008003,0.008067,0.01207,2000.0
7.2649E+02,-0.007315,0.008683,0.01207,2000.0
7.2651E+02,-0.007025,0.008931,0.01207,2000.0
7.2657E+02,-0.006266,0.009470,0.01207,2000.0
7.2660E+02,-0.005948,0.009680,0.01207,2000.0
7.2666E+02,-0.005136,0.010128,0.01207,2000.0
7.2669E+02,-0.004798,0.010297,0.01207,2000.0
7.2675E+02,-0.003937,0.010654,0.01207,2000.0
7.2677E+02,-0.003581,0.010780,0.01207,2000.0
7.2684E+02,-0.002687,0.011038,0.01207,2000.0
7.2686E+02,-0.002316,0.011119,0.01207,2000.0
7.2692E+02,-0.001396,0.011276,0.01207,2000.0
7.2695E+02,-0.001016,0.011311,0.01207,2000.0
7.2701E+02,-0.000097,0.011361,0.01207,2000.0
7.2704E+02,0.000283,0.011352,0.01207,2000.0
7.2710E+02,0.001213,0.011298,0.01207,2000.0
7.2712E+02,0.001586,0.011242,0.01207,2000.0
7.2719E+02,0.002512,0.011084,0.01207,2000.0
7.2721E+02,0.002877,0.010980,0.01207,2000.0
7.2727E+02,0.003757,0.010726,0.01207,2000.0
7.2733E+02,0.004607,0.010374,0.01207,2000.0
7.2736E+02,0.004957,0.010227,0.01207,2000.0
7.2742E+02,0.005776,0.009775,0.01207,2000.0
7.2745E+02,0.006107,0.009583,0.01207,2000.0
7.2751E+02,0.006864,0.009044,0.01207,2000.0
7.2753E+02,0.007164,0.008818,0.01207,2000.0
7.2760E+02,0.007858,0.008199,0.01207,2000.0
7.2762E+02,0.008131,0.007934,0.01207,2000.0
7.2768E+02,0.008751,0.007241,0.01207,2000.0
7.2771E+02,0.008990,0.006944,0.01207,2000.0
7.2777E+02,0.009528,0.006184,0.01207,2000.0
7.2780E+02,0.009727,0.005863,0.01207,2000.0
7.2786E+02,0.010176,0.005050,0.01207,2000.0
7.2788E+02,0.010334,0.004707,0.01207,2000.0
7.2795E+02,0.010694,0.003841,0.01207,2000.0
7.2797E+02,0.010808,0.003479,0.01207,2000.0
7.2803E+02,0.011065,0.002589,0.01207,2000.0
7.2806E+02,0.011135,0.002215,0.01207,2000.0
7.2812E+02,0.011290,0.001302,0.01207,2000.0
7.2814E+02,0.011314,0.000922,0.01207,2000.0
7.2821E+02,0.011366,0.000000,0.01207,2000.0
7.2827E+02,0.011314,-0.000922,0.01207,2000.0
7.2829E+02,0.011290,-0.001302,0.01207,2000.0
7.2836E+02,0.011135,-0.002215,0.01207,2000.0
7.2838E+02,0.011065,-0.002589,0.01207,2000.0
7.2844E+02,0.010808,-0.003479,0.01207,2000.0
7.2847E+02,0.010694,-0.003841,0.01207,2000.0
7.2853E+02,0.010334,-0.004707,0.01207,2000.0
7.2856E+02,0.010176,-0.005050,0.01207,2000.0
7.2862E+02,0.009727,-0.005863,0.01207,2000.0
7.2864E+02,0.009528,-0.006184,0.01207,2000.0
7.2870E+02,0.008990,-0.006944,0.01207,2000.0
7.2873E+02,0.008751,-0.007241,0.01207,2000.0
7.2879E+02,0.008131,-0.007934,0.01207,2000.0
7.2882E+02,0.007858,-0.008199,0.01207,2000.0
7.2888E+02,0.007164,-0.008818,0.01207,2000.0
7.2890E+02,0.006864,-0.009044,0.01207,2000.0
7.2897E+02,0.006107,-0.009583,0.01207,2000.0
7.2899E+02,0.005776,-0.009775,0.01207,2000.0
7.2905E+02,0.004957,-0.010227,0.01207,2000.0
7.2908E+02,0.004607,-0.010374,0.01207,2000.0
7.2914E+02,0.003757,-0.010726,0.01207,2000.0
7.2920E+02,0.002877,-0.010980,0.01207,2000.0
7.2923E+02,0.002512,-0.011084,0.01207,2000.0
7.2929E+02,0.001586,-0.011242,0.01207,2000.0
7.2931E+02,0.001213,-0.011298,0.01207,2000.0
7.2938E+02,0.000283,-0.011352,0.01207,2000.0
7.2940E+02,-0.000097,-0.011361,0.01207,2000.0
7.2946E+02,-0.001016,-0.011311,0.01207,2000.0
7.2949E+02,-0.001396,-0.011276,0.01207,2000.0
7.2955E+02,-0.002316,-0.011119,0.01207,2000.0
7.2958E+02,-0.002687,-0.011038,0.01207,2000.0
7.2964E+02,-0.003581,-0.010780,0.01207,2000.0
7.2966E+02,-0.003937,-0.010654,0.01207,2000.0
7.2973E+02,-0.004798,-0.010297,0.01207,2000.0
7.2975E+02,-0.005136,-0.010128,0.01207,2000.0
7.2981E+02,-0.005948,-0.009680,0.01207,2000.0
7.2984E+02,-0.006266,-0.009470,0.01207,2000.0
7.2990E+02,-0.007025,-0.008931,0.01207,2000.0
7.2993E+02,-0.007315,-0.008683,0.01207,2000.0
7.2999E+02,-0.008003,-0.008067,0.01207,2000.0
7.3001E+02,-0.008259,-0.007788,0.01207,2000.0
7.3008E+02,-0.008883,-0.007090,0.01207,2000.0
7.3014E+02,-0.009406,-0.006351,0.01207,2000.0
7.3016E+02,-0.009626,-0.006044,0.01207,2000.0
7.3022E+02,-0.010078,-0.005224,0.01207,2000.0
7.3025E+02,-0.010258,-0.004893,0.01207,2000.0
7.3031E+02,-0.010617,-0.004025,0.01207,2000.0
7.3034E+02,-0.010754,-0.003669,0.01207,2000.0
7.3040E+02,-0.011008,-0.002784,0.01207,2000.0
7.3042E+02,-0.011101,-0.002417,0.01207,2000.0
7.3049E+02,-0.011258,-0.001496,0.01207,2000.0
7.3051E+02,-0.011305,-0.001118,0.01207,2000.0
7.3057E+02,-0.011357,-0.000188,0.01207,2000.0
7.3060E+02,-0.011357,0.000188,0.01207,2000.0
7.3066E+02,-0.011305,0.001118,0.01207,2000.0
7.3069E+02,-0.011258,0.001496,0.01207,2000.0
7.3075E+02,-0.011101,0.002417,0.01207,2000.0
7.3077E+02,-0.011008,0.002784,0.01207,2000.0
7.3083E+02,-0.010754,0.003669,0.01207,2000.0
7.3086E+02,-0.010617,0.004025,0.01207,2000.0
7.3092E+02,-0.010258,0.004893,0.01207,2000.0
7.3095E+02,-0.010078,0.005224,0.01207,2000.0
7.3101E+02,-0.009626,0.006044,0.01207,0.0
7.3186E+02,-0.009626,0.006044,0.02477,0.0
7.3197E+02,-0.011066,0.006953,0.02477,0.0
7.3279E+02,-0.011066,0.006953,0.01207,2000.0
7.3282E+02,-0.010799,0.007326,0.01207,2000.0
7.3289E+02,-0.010215,0.008151,0.01207,2000.0
7.3296E+02,-0.009519,0.008929,0.01207,2000.0
7.3299E+02,-0.009199,0.009278,0.01207,2000.0
7.3306E+02,-0.008435,0.009962,0.01207,2000.0
7.3309E+02,-0.008072,0.010273,0.01207,2000.0
7.3316E+02,-0.007227,0.010873,0.01207,2000.0
7.3319E+02,-0.006828,0.011136,0.01207,2000.0
7.3326E+02,-0.005927,0.011633,0.01207,2000.0
7.3329E+02,-0.005505,0.011844,0.01207,2000.0
7.3336E+02,-0.004547,0.012242,0.01207,2000.0
7.3339E+02,-0.004101,0.012399,0.01207,2000.0
7.3346E+02,-0.003104,0.012687,0.01207,2000.0
7.3349E+02,-0.002640,0.012788,0.01207,2000.0
7.3356E+02,-0.001617,0.012963,0.01207,2000.0
7.3359E+02,-0.001140,0.013007,0.01207,2000.0
7.3366E+02,-0.000123,0.013062,0.01207,2000.0
7.3369E+02,0.000352,0.013051,0.01207,2000.0
7.3376E+02,0.001389,0.012991,0.01207,2000.0
7.3379E+02,0.001855,0.012921,0.01207,2000.0
7.3386E+02,0.002889,0.012744,0.01207,2000.0
7.3389E+02,0.003346,0.012614,0.01207,2000.0
7.3396E+02,0.004320,0.012333,0.01207,2000.0
7.3403E+02,0.005261,0.011943,0.01207,2000.0
7.3406E+02,0.005699,0.011759,0.01207,2000.0
7.3413E+02,0.006613,0.011255,0.01207,2000.0
7.3416E+02,0.007029,0.011014,0.01207,2000.0
7.3423E+02,0.007869,0.010416,0.01207,2000.0
7.3426E+02,0.008243,0.010133,0.01207,2000.0
7.3433E+02,0.009016,0.009444,0.01207,2000.0
7.3436E+02,0.009358,0.009112,0.01207,2000.0
7.3443E+02,0.010048,0.008341,0.01207,2000.0
7.3446E+02,0.010347,0.007969,0.01207,2000.0
7.3453E+02,0.010946,0.007124,0.01207,2000.0
7.3457E+02,0.011194,0.006722,0.01207,2000.0
7.3463E+02,0.011694,0.005818,0.01207,2000.0
7.3467E+02,0.011891,0.005389,0.01207,2000.0
7.3474E+02,0.012293,0.004424,0.01207,2000.0
7.3477E+02,0.012436,0.003970,0.01207,2000.0
7.3484E+02,0.012721,0.002982,0.01207,2000.0
7.3487E+02,0.012809,0.002514,0.01207,2000.0
7.3494E+02,0.012981,0.001498,0.01207,2000.0
7.3497E+02,0.013011,0.001023,0.01207,2000.0
7.3504E+02,0.013069,0.000000,0.01207,2000.0
7.3510E+02,0.013011,-0.001023,0.01207,2000.0
7.3514E+02,0.012981,-0.001498,0.01207,2000.0
7.3520E+02,0.012809,-0.002514,0.01207,2000.0
7.3524E+02,0.012721,-0.002982,0.01207,2000.0
7.3531E+02,0.012436,-0.003970,0.01207,2000.0
7.3534E+02,0.012293,-0.004424,0.01207,2000.0
7.3541E+02,0.011891,-0.005389,0.01207,2000.0
7.3544E+02,0.011694,-0.005818,0.01207,2000.0
7.3551E+02,0.011194,-0.006722,0.01207,2000.0
7.3554E+02,0.010946,-0.007124,0.01207,2000.0
7.3561E+02,0.010347,-0.007969,0.01207,2000.0
7.3564E+02,0.010048,-0.008341,0.01207,2000.0
7.3571E+02,0.009358,-0.009112,0.01207,2000.0
7.3574E+02,0.009016,-0.009444,0.01207,2000.0
7.3581E+02,0.008243,-0.010133,0.01207,2000.0
7.3584E+02,0.007869,-0.010416,0.01207,2000.0
7.3591E+02,0.007029,-0.011014,0.01207,2000.0
7.3594E+02,0.006613,-0.011255,0.01207,2000.0
7.3601E+02,0.005699,-0.011759,0.01207,2000.0
7.3604E+02,0.005261,-0.011943,0.01207,2000.0
7.3611E+02,0.004320,-0.012333,0.01207,2000.0
7.3618E+02,0.003346,-0.012614,0.01207,2000.0
7.3621E+02,0.002889,-0.012744,0.01207,2000.0
7.3628E+02,0.001855,-0.012921,0.01207,2000.0
7.3631E+02,0.001389,-0.012991,0.01207,2000.0
7.3638E+02,0.000352,-0.013051,0.01207,2000.0
7.3641E+02,-0.000123,-0.013062,0.01207,2000.0
7.3648E+02,-0.001140,-0.013007,0.01207,2000.0
7.3651E+02,-0.001617,-0.012963,0.01207,2000.0
7.3658E+02,-0.002640,-0.012788,0.01207,2000.0
7.3661E+02,-0.003104,-0.012687,0.01207,2000.0
7.3668E+02,-0.004101,-0.012399,0.01207,2000.0
7.3671E+02,-0.004547,-0.012242,0.01207,2000.0
7.3678E+02,-0.005505,-0.011844,0.01207,2000.0
7.3681E+02,-0.005927,-0.011633,0.01207,2000.0
7.3688E+02,-0.006828,-0.011136,0.01207,2000.0
7.3691E+02,-0.007227,-0.010873,0.01207,2000.0
7.3698E+02,-0.008072,-0.010273,0.01207,2000.0
7.3702E+02,-0.008435,-0.009962,0.01207,2000.0
7.3708E+02,-0.009199,-0.009278,0.01207,2000.0
7.3712E+02,-0.009519,-0.008929,0.01207,2000.0
7.3718E+02,-0.010215,-0.008151,0.01207,2000.0
7.3725E+02,-0.010788,-0.007341,0.01207,2000.0
7.3728E+02,-0.011066,-0.006953,0.01207,2000.0
7.3735E+02,-0.011569,-0.006040,0.01207,2000.0
7.3738E+02,-0.011795,-0.005626,0.01207,2000.0
7.3745E+02,-0.012196,-0.004655,0.01207,2000.0
7.3749E+02,-0.012367,-0.004210,0.01207,2000.0
7.3755E+02,-0.012649,-0.003227,0.01207,2000.0
7.3759E+02,-0.012765,-0.002769,0.01207,2000.0
7.3765E+02,-0.012940,-0.001744,0.01207,2000.0
7.3769E+02,-0.012999,-0.001271,0.01207,2000.0
7.3776E+02,-0.013057,-0.000235,0.01207,2000.0
7.3779E+02,-0.013057,0.000235,0.01207,2000.0
7.3786E+02,-0.012999,0.001271,0.01207,2000.0
7.3789E+02,-0.012940,0.001744,0.01207,2000.0
7.3796E+02,-0.012765,0.002769,0.01207,2000.0
7.3799E+02,-0.012649,0.003227,0.01207,2000.0
7.3806E+02,-0.012367,0.004210,0.01207,2000.0
7.3809E+02,-0.012196,0.004655,0.01207,2000.0
7.3816E+02,-0.011795,0.005626,0.01207,2000.0
7.3819E+02,-0.011569,0.006040,0.01207,2000.0
7.3826E+02,-0.011066,0.006953,0.01207,0.0
7.3911E+02,-0.011066,0.006953,0.02477,0.0
7.3915E+02,-0.011706,0.007345,0.02477,0.0
7.3998E+02,-0.011706,0.007345,0.01207,2000.0
7.3998E+02,-0.011760,0.007263,0.01207,2000.0
7.4004E+02,-0.012207,0.006477,0.01207,2000.0
7.4005E+02,-0.012263,0.006376,0.01207,2000.0
7.4011E+02,-0.012660,0.005542,0.01207,2000.0
7.4012E+02,-0.012697,0.005461,0.01207,2000.0
7.4018E+02,-0.013032,0.004598,0.01207,2000.0
7.4019E+02,-0.013067,0.004505,0.01207,2000.0
7.4025E+02,-0.013334,0.003629,0.01207,2000.0
7.4026E+02,-0.013365,0.003522,0.01207,2000.0
7.4032E+02,-0.013560,0.002656,0.01207,2000.0
7.4032E+02,-0.013561,0.002656,0.01207,2000.0
7.4032E+02,-0.013586,0.002542,0.01207,2000.0
7.4038E+02,-0.013718,0.001652,0.01207,2000.0
7.4038E+02,-0.013719,0.001652,0.01207,2000.0
7.4039E+02,-0.013737,0.001525,0.01207,2000.0
7.4045E+02,-0.013804,0.000629,0.01207,2000.0
7.4046E+02,-0.013812,0.000522,0.01207,2000.0
7.4053E+02,-0.013812,-0.000521,0.01207,2000.0
7.4054E+02,-0.013804,-0.000628,0.01207,2000.0
7.4060E+02,-0.013737,-0.001526,0.01207,2000.0
7.4060E+02,-0.013719,-0.001652,0.01207,2000.0
7.4060E+02,-0.013718,-0.001652,0.01207,2000.0
7.4066E+02,-0.013586,-0.002542,0.01207,2000.0
7.4067E+02,-0.013561,-0.002656,0.01207,2000.0
7.4067E+02,-0.013560,-0.002656,0.01207,2000.0
7.4073E+02,-0.013365,-0.003522,0.01207,2000.0
7.4074E+02,-0.013334,-0.003628,0.01207,2000.0
7.4080E+02,-0.013063,-0.004517,0.01207,2000.0
7.4081E+02,-0.013032,-0.004598,0.01207,2000.0
7.4087E+02,-0.012697,-0.005461,0.01207,2000.0
7.4087E+02,-0.012660,-0.005542,0.01207,2000.0
7.4094E+02,-0.012263,-0.006376,0.01207,2000.0
7.4094E+02,-0.012208,-0.006476,0.01207,2000.0
7.4100E+02,-0.011760,-0.007263,0.01207,2000.0
7.4101E+02,-0.011715,-0.007331,0.01207,2000.0
7.4107E+02,-0.011184,-0.008121,0.01207,2000.0
7.4108E+02,-0.011109,-0.008219,0.01207,2000.0
7.4114E+02,-0.010559,-0.008919,0.01207,2000.0
7.4115E+02,-0.010492,-0.008996,0.01207,2000.0
7.4121E+02,-0.009891,-0.009657,0.01207,2000.0
7.4122E+02,-0.009792,-0.009753,0.01207,2000.0
7.4127E+02,-0.009153,-0.010356,0.01207,2000.0
7.4129E+02,-0.009002,-0.010485,0.01207,2000.0
7.4134E+02,-0.008375,-0.010996,0.01207,2000.0
7.4135E+02,-0.008221,-0.011109,0.01207,2000.0
7.4141E+02,-0.007545,-0.011581,0.01207,2000.0
7.4142E+02,-0.007390,-0.011678,0.01207,2000.0
7.4148E+02,-0.006669,-0.012106,0.01207,2000.0
7.4149E+02,-0.006571,-0.012158,0.01207,2000.0
7.4155E+02,-0.005720,-0.012582,0.01207,2000.0
7.4156E+02,-0.005631,-0.012622,0.01207,2000.0
7.4162E+02,-0.004775,-0.012971,0.01207,2000.0
7.4162E+02,-0.004727,-0.012988,0.01207,2000.0
7.4168E+02,-0.003813,-0.013285,0.01207,2000.0
7.4169E+02,-0.003717,-0.013312,0.01207,2000.0
7.4175E+02,-0.002843,-0.013527,0.01207,2000.0
7.4176E+02,-0.002698,-0.013555,0.01207,2000.0
7.4182E+02,-0.001862,-0.013696,0.01207,2000.0
7.4183E+02,-0.001725,-0.013713,0.01207,2000.0
7.4189E+02,-0.000800,-0.013798,0.01207,2000.0
7.4189E+02,-0.000728,-0.013802,0.01207,2000.0
7.4195E+02,0.000198,-0.013819,0.01207,2000.0
7.4197E+02,0.000371,-0.013816,0.01207,2000.0
7.4202E+02,0.001161,-0.013773,0.01207,2000.0
7.4203E+02,0.001342,-0.013756,0.01207,2000.0
7.4209E+02,0.002204,-0.013644,0.01207,2000.0
7.4210E+02,0.002339,-0.013622,0.01207,2000.0
7.4216E+02,0.003254,-0.013433,0.01207,2000.0
7.4217E+02,0.003334,-0.013415,0.01207,2000.0
7.4223E+02,0.004205,-0.013166,0.01207,2000.0
7.4223E+02,0.004320,-0.013130,0.01207,2000.0
7.4229E+02,0.005161,-0.012822,0.01207,2000.0
7.4230E+02,0.005252,-0.012785,0.01207,2000.0
7.4236E+02,0.006106,-0.012399,0.01207,2000.0
7.4237E+02,0.006207,-0.012351,0.01207,2000.0
7.4243E+02,0.007002,-0.011916,0.01207,2000.0
7.4244E+02,0.007093,-0.011864,0.01207,2000.0
7.4249E+02,0.007800,-0.011408,0.01207,2000.0
7.4251E+02,0.007964,-0.011297,0.01207,2000.0
7.4256E+02,0.008620,-0.010803,0.01207,2000.0
7.4257E+02,0.008751,-0.010699,0.01207,2000.0
7.4263E+02,0.009441,-0.010092,0.01207,2000.0
7.4264E+02,0.009520,-0.010021,0.01207,2000.0
7.4270E+02,0.010176,-0.009352,0.01207,2000.0
7.4271E+02,0.010234,-0.009290,0.01207,2000.0
7.4277E+02,0.010780,-0.008646,0.01207,2000.0
7.4278E+02,0.010899,-0.008500,0.01207,2000.0
7.4283E+02,0.011382,-0.007836,0.01207,2000.0
7.4285E+02,0.011489,-0.007685,0.01207,2000.0
7.4290E+02,0.011948,-0.006942,0.01207,2000.0
7.4291E+02,0.012027,-0.006811,0.01207,2000.0
7.4297E+02,0.012424,-0.006052,0.01207,2000.0
7.4298E+02,0.012486,-0.005930,0.01207,2000.0
7.4304E+02,0.012836,-0.005114,0.01207,2000.0
7.4305E+02,0.012898,-0.004966,0.01207,2000.0
7.4311E+02,0.013180,-0.004151,0.01207,2000.0
7.4312E+02,0.013220,-0.004033,0.01207,2000.0
7.4319E+02,0.013489,-0.003017,0.01207,2000.0
7.4324E+02,0.013649,-0.002157,0.01207,2000.0
7.4324E+02,0.013648,-0.002157,0.01207,2000.0
7.4325E+02,0.013672,-0.002026,0.01207,2000.0
7.4332E+02,0.013782,-0.001028,0.01207,2000.0
7.4338E+02,0.013816,-0.000126,0.01207,2000.0
7.4339E+02,0.013821,-0.000001,0.01207,2000.0
7.4340E+02,0.013816,0.000123,0.01207,2000.0
7.4346E+02,0.013782,0.001023,0.01207,2000.0
7.4347E+02,0.013770,0.001141,0.01207,2000.0
7.4353E+02,0.013670,0.002040,0.01207,2000.0
7.4353E+02,0.013651,0.002145,0.01207,2000.0
7.4359E+02,0.013486,0.003029,0.01207,2000.0
7.4366E+02,0.013223,0.004025,0.01207,2000.0
7.4367E+02,0.013186,0.004132,0.01207,2000.0
7.4373E+02,0.012893,0.004979,0.01207,2000.0
7.4374E+02,0.012852,0.005077,0.01207,2000.0
7.4380E+02,0.012485,0.005929,0.01207,2000.0
7.4380E+02,0.012464,0.005972,0.01207,2000.0
7.4386E+02,0.012023,0.006816,0.01207,2000.0
7.4387E+02,0.011960,0.006922,0.01207,2000.0
7.4393E+02,0.011488,0.007686,0.01207,2000.0
7.4394E+02,0.011390,0.007825,0.01207,2000.0
7.4400E+02,0.010907,0.008490,0.01207,2000.0
7.4401E+02,0.010802,0.008619,0.01207,2000.0
7.4407E+02,0.010234,0.009290,0.01207,2000.0
7.4407E+02,0.010176,0.009352,0.01207,2000.0
7.4414E+02,0.009520,0.010021,0.01207,2000.0
7.4414E+02,0.009441,0.010092,0.01207,2000.0
7.4420E+02,0.008748,0.010701,0.01207,2000.0
7.4421E+02,0.008680,0.010755,0.01207,2000.0
7.4427E+02,0.007955,0.011303,0.01207,2000.0
7.4428E+02,0.007831,0.011386,0.01207,2000.0
7.4428E+02,0.007831,0.011387,0.01207,2000.0
7.4434E+02,0.007100,0.011860,0.01207,2000.0
7.4435E+02,0.006985,0.011925,0.01207,2000.0
7.4441E+02,0.006207,0.012351,0.01207,2000.0
7.4441E+02,0.006109,0.012397,0.01207,2000.0
7.4448E+02,0.005252,0.012785,0.01207,2000.0
7.4448E+02,0.005161,0.012822,0.01207,2000.0
7.4454E+02,0.004320,0.013130,0.01207,2000.0
7.4455E+02,0.004205,0.013166,0.01207,2000.0
7.4461E+02,0.003334,0.013415,0.01207,2000.0
7.4462E+02,0.003254,0.013433,0.01207,2000.0
7.4468E+02,0.002339,0.013622,0.01207,2000.0
7.4469E+02,0.002204,0.013644,0.01207,2000.0
7.4475E+02,0.001342,0.013756,0.01207,2000.0
7.4476E+02,0.001161,0.013773,0.01207,2000.0
7.4481E+02,0.000371,0.013816,0.01207,2000.0
7.4482E+02,0.000198,0.013819,0.01207,2000.0
7.4488E+02,-0.000728,0.013802,0.01207,2000.0
7.4489E+02,-0.000800,0.013798,0.01207,2000.0
7.4495E+02,-0.001725,0.013713,0.01207,2000.0
7.4496E+02,-0.001858,0.013696,0.01207,2000.0
7.4502E+02,-0.002695,0.013555,0.01207,2000.0
7.4503E+02,-0.002853,0.013524,0.01207,2000.0
7.4509E+02,-0.003717,0.013312,0.01207,2000.0
7.4509E+02,-0.003813,0.013285,0.01207,2000.0
7.4516E+02,-0.004727,0.012988,0.01207,2000.0
7.4516E+02,-0.004775,0.012971,0.01207,2000.0
7.4522E+02,-0.005631,0.012622,0.01207,2000.0
7.4523E+02,-0.005720,0.012582,0.01207,2000.0
7.4529E+02,-0.006571,0.012158,0.01207,2000.0
7.4530E+02,-0.006663,0.012109,0.01207,2000.0
7.4536E+02,-0.007442,0.011648,0.01207,2000.0
7.4537E+02,-0.007519,0.011599,0.01207,2000.0
7.4542E+02,-0.008227,0.011104,0.01207,2000.0
7.4543E+02,-0.008363,0.011004,0.01207,2000.0
7.4549E+02,-0.009024,0.010466,0.01207,2000.0
7.4550E+02,-0.009152,0.010357,0.01207,2000.0
7.4556E+02,-0.009801,0.009744,0.01207,2000.0
7.4557E+02,-0.009891,0.009656,0.01207,2000.0
7.4563E+02,-0.010481,0.009008,0.01207,2000.0
7.4564E+02,-0.010562,0.008915,0.01207,2000.0
7.4570E+02,-0.011126,0.008196,0.01207,2000.0
7.4571E+02,-0.011193,0.008109,0.01207,2000.0
7.4577E+02,-0.011706,0.007345,0.01207,0.0
7.4661E+02,-0.011706,0.007345,0.02477,0.0
7.4672E+02,-0.013126,0.008280,0.02477,0.0
7.4755E+02,-0.013126,0.008280,0.01207,2000.0
7.4756E+02,-0.013209,0.008154,0.01207,2000.0
7.4762E+02,-0.013685,0.007317,0.01207,2000.0
7.4763E+02,-0.013776,0.007153,0.01207,2000.0
7.4770E+02,-0.014195,0.006272,0.01207,2000.0
7.4771E+02,-0.014265,0.006120,0.01207,2000.0
7.4777E+02,-0.014617,0.005213,0.01207,2000.0
7.4779E+02,-0.014678,0.005050,0.01207,2000.0
7.4785E+02,-0.014960,0.004125,0.01207,2000.0
7.4786E+02,-0.015013,0.003945,0.01207,2000.0
7.4793E+02,-0.015219,0.003029,0.01207,2000.0
7.4794E+02,-0.015261,0.002838,0.01207,2000.0
7.4800E+02,-0.015400,0.001902,0.01207,2000.0
7.4802E+02,-0.015428,0.001709,0.01207,2000.0
7.4808E+02,-0.015499,0.000755,0.01207,2000.0
7.4809E+02,-0.015512,0.000581,0.01207,2000.0
7.4817E+02,-0.015512,-0.000581,0.01207,2000.0
7.4818E+02,-0.015499,-0.000755,0.01207,2000.0
7.4824E+02,-0.015428,-0.001709,0.01207,2000.0
7.4826E+02,-0.015400,-0.001902,0.01207,2000.0
7.4832E+02,-0.015261,-0.002838,0.01207,2000.0
7.4833E+02,-0.015219,-0.003029,0.01207,2000.0
7.4840E+02,-0.015013,-0.003945,0.01207,2000.0
7.4841E+02,-0.014960,-0.004125,0.01207,2000.0
7.4847E+02,-0.014675,-0.005058,0.01207,2000.0
7.4848E+02,-0.014617,-0.005213,0.01207,2000.0
7.4855E+02,-0.014265,-0.006120,0.01207,2000.0
7.4856E+02,-0.014195,-0.006272,0.01207,2000.0
7.4862E+02,-0.013776,-0.007153,0.01207,2000.0
7.4864E+02,-0.013685,-0.007317,0.01207,2000.0
7.4870E+02,-0.013206,-0.008158,0.01207,2000.0
7.4871E+02,-0.013126,-0.008280,0.01207,2000.0
7.4878E+02,-0.012578,-0.009095,0.01207,2000.0
7.4879E+02,-0.012446,-0.009269,0.01207,2000.0
7.4885E+02,-0.011875,-0.009996,0.01207,2000.0
7.4887E+02,-0.011749,-0.010140,0.01207,2000.0
7.4893E+02,-0.011110,-0.010842,0.01207,2000.0
7.4894E+02,-0.010980,-0.010969,0.01207,2000.0
7.4901E+02,-0.010284,-0.011626,0.01207,2000.0
7.4902E+02,-0.010106,-0.011778,0.01207,2000.0
7.4908E+02,-0.009407,-0.012347,0.01207,2000.0
7.4910E+02,-0.009229,-0.012478,0.01207,2000.0
7.4916E+02,-0.008468,-0.013010,0.01207,2000.0
7.4917E+02,-0.008290,-0.013121,0.01207,2000.0
7.4923E+02,-0.007491,-0.013595,0.01207,2000.0
7.4924E+02,-0.007345,-0.013672,0.01207,2000.0
7.4931E+02,-0.006452,-0.014117,0.01207,2000.0
7.4932E+02,-0.006285,-0.014191,0.01207,2000.0
7.4939E+02,-0.005399,-0.014553,0.01207,2000.0
7.4940E+02,-0.005253,-0.014605,0.01207,2000.0
7.4946E+02,-0.004312,-0.014911,0.01207,2000.0
7.4947E+02,-0.004155,-0.014955,0.01207,2000.0
7.4954E+02,-0.003210,-0.015187,0.01207,2000.0
7.4955E+02,-0.003017,-0.015225,0.01207,2000.0
7.4961E+02,-0.002090,-0.015381,0.01207,2000.0
7.4963E+02,-0.001916,-0.015403,0.01207,2000.0
7.4969E+02,-0.000937,-0.015493,0.01207,2000.0
7.4970E+02,-0.000781,-0.015502,0.01207,2000.0
7.4977E+02,0.000199,-0.015520,0.01207,2000.0
7.4978E+02,0.000412,-0.015516,0.01207,2000.0
7.4984E+02,0.001290,-0.015468,0.01207,2000.0
7.4986E+02,0.001543,-0.015444,0.01207,2000.0
7.4992E+02,0.002456,-0.015326,0.01207,2000.0
7.4993E+02,0.002652,-0.015294,0.01207,2000.0
7.5000E+02,0.003599,-0.015098,0.01207,2000.0
7.5001E+02,0.003772,-0.015058,0.01207,2000.0
7.5007E+02,0.004672,-0.014801,0.01207,2000.0
7.5008E+02,0.004872,-0.014738,0.01207,2000.0
7.5015E+02,0.005773,-0.014408,0.01207,2000.0
7.5016E+02,0.005929,-0.014345,0.01207,2000.0
7.5023E+02,0.006822,-0.013941,0.01207,2000.0
7.5024E+02,0.006981,-0.013865,0.01207,2000.0
7.5030E+02,0.007817,-0.013408,0.01207,2000.0
7.5031E+02,0.007983,-0.013313,0.01207,2000.0
7.5037E+02,0.008751,-0.012817,0.01207,2000.0
7.5039E+02,0.008954,-0.012680,0.01207,2000.0
7.5045E+02,0.009683,-0.012130,0.01207,2000.0
7.5045E+02,0.009683,-0.012129,0.01207,2000.0
7.5047E+02,0.009852,-0.011995,0.01207,2000.0
7.5053E+02,0.010564,-0.011369,0.01207,2000.0
7.5054E+02,0.010699,-0.011247,0.01207,2000.0
7.5061E+02,0.011390,-0.010542,0.01207,2000.0
7.5062E+02,0.011503,-0.010422,0.01207,2000.0
7.5068E+02,0.012097,-0.009721,0.01207,2000.0
7.5070E+02,0.012248,-0.009536,0.01207,2000.0
7.5076E+02,0.012783,-0.008800,0.01207,2000.0
7.5076E+02,0.012782,-0.008800,0.01207,2000.0
7.5077E+02,0.012909,-0.008621,0.01207,2000.0
7.5083E+02,0.013394,-0.007836,0.01207,2000.0
7.5085E+02,0.013510,-0.007642,0.01207,2000.0
7.5091E+02,0.013939,-0.006822,0.01207,2000.0
7.5092E+02,0.014030,-0.006643,0.01207,2000.0
7.5099E+02,0.014403,-0.005774,0.01207,2000.0
7.5100E+02,0.014486,-0.005577,0.01207,2000.0
7.5106E+02,0.014789,-0.004699,0.01207,2000.0
7.5107E+02,0.014852,-0.004514,0.01207,2000.0
7.5115E+02,0.015146,-0.003402,0.01207,2000.0
7.5121E+02,0.015320,-0.002467,0.01207,2000.0
7.5123E+02,0.015355,-0.002278,0.01207,2000.0
7.5129E+02,0.015459,-0.001334,0.01207,2000.0
7.5129E+02,0.015460,-0.001334,0.01207,2000.0
7.5130E+02,0.015479,-0.001153,0.01207,2000.0
7.5137E+02,0.015515,-0.000189,0.01207,2000.0
7.5138E+02,0.015522,0.000000,0.01207,2000.0
7.5139E+02,0.015515,0.000187,0.01207,2000.0
7.5146E+02,0.015479,0.001145,0.01207,2000.0
7.5147E+02,0.015460,0.001328,0.01207,2000.0
7.5153E+02,0.015355,0.002276,0.01207,2000.0
7.5154E+02,0.015322,0.002457,0.01207,2000.0
7.5161E+02,0.015144,0.003409,0.01207,2000.0
7.5169E+02,0.014852,0.004514,0.01207,2000.0
7.5170E+02,0.014793,0.004687,0.01207,2000.0
7.5176E+02,0.014481,0.005590,0.01207,2000.0
7.5177E+02,0.014414,0.005749,0.01207,2000.0
7.5184E+02,0.014029,0.006644,0.01207,2000.0
7.5185E+02,0.013958,0.006786,0.01207,2000.0
7.5185E+02,0.013957,0.006786,0.01207,2000.0
7.5191E+02,0.013506,0.007649,0.01207,2000.0
7.5193E+02,0.013406,0.007816,0.01207,2000.0
7.5199E+02,0.012906,0.008625,0.01207,2000.0
7.5200E+02,0.012780,0.008804,0.01207,2000.0
7.5206E+02,0.012248,0.009536,0.01207,2000.0
7.5208E+02,0.012116,0.009698,0.01207,2000.0
7.5214E+02,0.011503,0.010422,0.01207,2000.0
7.5215E+02,0.011390,0.010542,0.01207,2000.0
7.5222E+02,0.010699,0.011247,0.01207,2000.0
7.5223E+02,0.010564,0.011369,0.01207,2000.0
7.5229E+02,0.009843,0.012003,0.01207,2000.0
7.5231E+02,0.009705,0.012112,0.01207,2000.0
7.5237E+02,0.008945,0.012686,0.01207,2000.0
7.5238E+02,0.008780,0.012797,0.01207,2000.0
7.5245E+02,0.007973,0.013319,0.01207,2000.0
7.5246E+02,0.007817,0.013408,0.01207,2000.0
7.5252E+02,0.006981,0.013865,0.01207,2000.0
7.5253E+02,0.006822,0.013941,0.01207,2000.0
7.5260E+02,0.005929,0.014345,0.01207,2000.0
7.5261E+02,0.005773,0.014408,0.01207,2000.0
7.5267E+02,0.004872,0.014738,0.01207,2000.0
7.5269E+02,0.004672,0.014801,0.01207,2000.0
7.5275E+02,0.003772,0.015058,0.01207,2000.0
7.5276E+02,0.003599,0.015098,0.01207,2000.0
7.5283E+02,0.002652,0.015294,0.01207,2000.0
7.5284E+02,0.002456,0.015326,0.01207,2000.0
7.5290E+02,0.001543,0.015444,0.01207,2000.0
7.5292E+02,0.001290,0.015468,0.01207,2000.0
7.5298E+02,0.000412,0.015516,0.01207,2000.0
7.5299E+02,0.000199,0.015520,0.01207,2000.0
7.5306E+02,-0.000781,0.015502,0.01207,2000.0
7.5307E+02,-0.000937,0.015493,0.01207,2000.0
7.5313E+02,-0.001916,0.015403,0.01207,2000.0
7.5314E+02,-0.002090,0.015381,0.01207,2000.0
7.5321E+02,-0.003020,0.015224,0.01207,2000.0
7.5322E+02,-0.003210,0.015187,0.01207,2000.0
7.5329E+02,-0.004155,0.014955,0.01207,2000.0
7.5330E+02,-0.004312,0.014911,0.01207,2000.0
7.5336E+02,-0.005253,0.014605,0.01207,2000.0
7.5337E+02,-0.005399,0.014553,0.01207,2000.0
7.5344E+02,-0.006285,0.014191,0.01207,2000.0
7.5345E+02,-0.006452,0.014117,0.01207,2000.0
7.5352E+02,-0.007345,0.013672,0.01207,2000.0
7.5353E+02,-0.007491,0.013595,0.01207,2000.0
7.5359E+02,-0.008308,0.013111,0.01207,2000.0
7.5360E+02,-0.008462,0.013014,0.01207,2000.0
7.5366E+02,-0.009229,0.012478,0.01207,2000.0
7.5368E+02,-0.009396,0.012355,0.01207,2000.0
7.5374E+02,-0.010127,0.011760,0.01207,2000.0
7.5375E+02,-0.010287,0.011623,0.01207,2000.0
7.5382E+02,-0.010984,0.010965,0.01207,2000.0
7.5383E+02,-0.011110,0.010842,0.01207,2000.0
7.5389E+02,-0.011760,0.010128,0.01207,2000.0
7.5391E+02,-0.011873,0.009999,0.01207,2000.0
7.5397E+02,-0.012464,0.009245,0.01207,2000.0
7.5398E+02,-0.012575,0.009100,0.01207,2000.0
7.5405E+02,-0.013126,0.008280,0.01207,0.0
7.5489E+02,-0.013126,0.008280,0.02477,0.0
7.5501E+02,-0.014537,0.009229,0.02477,0.0
7.5583E+02,-0.014537,0.009229,0.01207,2000.0
7.5584E+02,-0.014668,0.009028,0.01207,2000.0
7.5591E+02,-0.015163,0.008158,0.01207,2000.0
7.5593E+02,-0.015288,0.007931,0.01207,2000.0
7.5600E+02,-0.015730,0.007002,0.01207,2000.0
7.5601E+02,-0.015831,0.006784,0.01207,2000.0
7.5608E+02,-0.016202,0.005827,0.01207,2000.0
7.5610E+02,-0.016287,0.005601,0.01207,2000.0
7.5617E+02,-0.016586,0.004621,0.01207,2000.0
7.5618E+02,-0.016657,0.004380,0.01207,2000.0
7.5625E+02,-0.016880,0.003392,0.01207,2000.0
7.5627E+02,-0.016932,0.003154,0.01207,2000.0
7.5633E+02,-0.017083,0.002143,0.01207,2000.0
7.5635E+02,-0.017118,0.001899,0.01207,2000.0
7.5642E+02,-0.017194,0.000882,0.01207,2000.0
7.5644E+02,-0.017212,0.000638,0.01207,2000.0
7.5652E+02,-0.017212,-0.000638,0.01207,2000.0
7.5654E+02,-0.017194,-0.000882,0.01207,2000.0
7.5660E+02,-0.017118,-0.001899,0.01207,2000.0
7.5662E+02,-0.017083,-0.002143,0.01207,2000.0
7.5669E+02,-0.016932,-0.003154,0.01207,2000.0
7.5671E+02,-0.016880,-0.003392,0.01207,2000.0
7.5677E+02,-0.016657,-0.004380,0.01207,2000.0
7.5679E+02,-0.016586,-0.004621,0.01207,2000.0
7.5686E+02,-0.016287,-0.005601,0.01207,2000.0
7.5687E+02,-0.016202,-0.005827,0.01207,2000.0
7.5694E+02,-0.015831,-0.006784,0.01207,2000.0
7.5696E+02,-0.015730,-0.007002,0.01207,2000.0
7.5703E+02,-0.015288,-0.007931,0.01207,2000.0
7.5704E+02,-0.015163,-0.008158,0.01207,2000.0
7.5711E+02,-0.014668,-0.009028,0.01207,2000.0
7.5713E+02,-0.014537,-0.009229,0.01207,2000.0
7.5720E+02,-0.013964,-0.010081,0.01207,2000.0
7.5721E+02,-0.013801,-0.010296,0.01207,2000.0
7.5728E+02,-0.013184,-0.011082,0.01207,2000.0
7.5730E+02,-0.013027,-0.011261,0.01207,2000.0
7.5736E+02,-0.012329,-0.012028,0.01207,2000.0
7.5738E+02,-0.012167,-0.012186,0.01207,2000.0
7.5745E+02,-0.011416,-0.012895,0.01207,2000.0
7.5747E+02,-0.011210,-0.013071,0.01207,2000.0
7.5753E+02,-0.010436,-0.013701,0.01207,2000.0
7.5755E+02,-0.010236,-0.013848,0.01207,2000.0
7.5762E+02,-0.009402,-0.014431,0.01207,2000.0
7.5764E+02,-0.009172,-0.014575,0.01207,2000.0
7.5770E+02,-0.008326,-0.015076,0.01207,2000.0
7.5772E+02,-0.008114,-0.015189,0.01207,2000.0
7.5779E+02,-0.007176,-0.015656,0.01207,2000.0
7.5780E+02,-0.006953,-0.015755,0.01207,2000.0
7.5787E+02,-0.006016,-0.016138,0.01207,2000.0
7.5789E+02,-0.005779,-0.016222,0.01207,2000.0
7.5796E+02,-0.004811,-0.016537,0.01207,2000.0
7.5797E+02,-0.004588,-0.016599,0.01207,2000.0
7.5804E+02,-0.003574,-0.016848,0.01207,2000.0
7.5806E+02,-0.003346,-0.016893,0.01207,2000.0
7.5812E+02,-0.002331,-0.017064,0.01207,2000.0
7.5814E+02,-0.002098,-0.017094,0.01207,2000.0
7.5821E+02,-0.001052,-0.017190,0.01207,2000.0
7.5822E+02,-0.000845,-0.017201,0.01207,2000.0
7.5829E+02,0.000194,-0.017220,0.01207,2000.0
7.5831E+02,0.000457,-0.017216,0.01207,2000.0
7.5838E+02,0.001436,-0.017162,0.01207,2000.0
7.5840E+02,0.001726,-0.017135,0.01207,2000.0
7.5846E+02,0.002704,-0.017008,0.01207,2000.0
7.5848E+02,0.002955,-0.016967,0.01207,2000.0
7.5855E+02,0.003954,-0.016761,0.01207,2000.0
7.5856E+02,0.004212,-0.016700,0.01207,2000.0
7.5863E+02,0.005166,-0.016428,0.01207,2000.0
7.5865E+02,0.005425,-0.016346,0.01207,2000.0
7.5872E+02,0.006371,-0.016000,0.01207,2000.0
7.5873E+02,0.006602,-0.015907,0.01207,2000.0
7.5880E+02,0.007523,-0.015490,0.01207,2000.0
7.5882E+02,0.007756,-0.015378,0.01207,2000.0
7.5889E+02,0.008656,-0.014887,0.01207,2000.0
7.5890E+02,0.008869,-0.014764,0.01207,2000.0
7.5897E+02,0.009704,-0.014225,0.01207,2000.0
7.5899E+02,0.009930,-0.014072,0.01207,2000.0
7.5905E+02,0.010739,-0.013462,0.01207,2000.0
7.5907E+02,0.010941,-0.013302,0.01207,2000.0
7.5914E+02,0.011687,-0.012646,0.01207,2000.0
7.5915E+02,0.011881,-0.012470,0.01207,2000.0
7.5922E+02,0.012604,-0.011732,0.01207,2000.0
7.5924E+02,0.012772,-0.011554,0.01207,2000.0
7.5931E+02,0.013413,-0.010797,0.01207,2000.0
7.5932E+02,0.013592,-0.010578,0.01207,2000.0
7.5939E+02,0.014171,-0.009781,0.01207,2000.0
7.5941E+02,0.014320,-0.009570,0.01207,2000.0
7.5948E+02,0.014853,-0.008709,0.01207,2000.0
7.5949E+02,0.014993,-0.008475,0.01207,2000.0
7.5956E+02,0.015454,-0.007593,0.01207,2000.0
7.5958E+02,0.015571,-0.007363,0.01207,2000.0
7.5964E+02,0.015971,-0.006432,0.01207,2000.0
7.5966E+02,0.016073,-0.006189,0.01207,2000.0
7.5973E+02,0.016400,-0.005242,0.01207,2000.0
7.5975E+02,0.016483,-0.004996,0.01207,2000.0
7.5981E+02,0.016744,-0.004009,0.01207,2000.0
7.5981E+02,0.016745,-0.004009,0.01207,2000.0
7.5983E+02,0.016805,-0.003777,0.01207,2000.0
7.5990E+02,0.016992,-0.002776,0.01207,2000.0
7.5992E+02,0.017038,-0.002527,0.01207,2000.0
7.5998E+02,0.017149,-0.001520,0.01207,2000.0
7.6000E+02,0.017176,-0.001268,0.01207,2000.0
7.6007E+02,0.017214,-0.000250,0.01207,2000.0
7.6008E+02,0.017223,0.000000,0.01207,2000.0
7.6010E+02,0.017214,0.000250,0.01207,2000.0
7.6017E+02,0.017176,0.001268,0.01207,2000.0
7.6019E+02,0.017150,0.001515,0.01207,2000.0
7.6025E+02,0.017038,0.002527,0.01207,2000.0
7.6027E+02,0.016993,0.002770,0.01207,2000.0
7.6034E+02,0.016805,0.003775,0.01207,2000.0
7.6035E+02,0.016745,0.004009,0.01207,2000.0
7.6035E+02,0.016744,0.004009,0.01207,2000.0
7.6042E+02,0.016483,0.004996,0.01207,2000.0
7.6044E+02,0.016400,0.005242,0.01207,2000.0
7.6051E+02,0.016073,0.006189,0.01207,2000.0
7.6052E+02,0.015976,0.006420,0.01207,2000.0
7.6059E+02,0.015571,0.007363,0.01207,2000.0
7.6061E+02,0.015464,0.007574,0.01207,2000.0
7.6067E+02,0.014993,0.008475,0.01207,2000.0
7.6069E+02,0.014865,0.008689,0.01207,2000.0
7.6076E+02,0.014324,0.009563,0.01207,2000.0
7.6078E+02,0.014171,0.009781,0.01207,2000.0
7.6084E+02,0.013592,0.010578,0.01207,2000.0
7.6086E+02,0.013413,0.010797,0.01207,2000.0
7.6093E+02,0.012772,0.011554,0.01207,2000.0
7.6094E+02,0.012604,0.011732,0.01207,2000.0
7.6101E+02,0.011881,0.012470,0.01207,2000.0
7.6103E+02,0.011687,0.012646,0.01207,2000.0
7.6110E+02,0.010941,0.013302,0.01207,2000.0
7.6111E+02,0.010744,0.013458,0.01207,2000.0
7.6118E+02,0.009930,0.014072,0.01207,2000.0
7.6120E+02,0.009703,0.014225,0.01207,2000.0
7.6127E+02,0.008869,0.014764,0.01207,2000.0
7.6128E+02,0.008656,0.014887,0.01207,2000.0
7.6135E+02,0.007756,0.015378,0.01207,2000.0
7.6137E+02,0.007523,0.015490,0.01207,2000.0
7.6144E+02,0.006602,0.015907,0.01207,2000.0
7.6145E+02,0.006371,0.016000,0.01207,2000.0
7.6152E+02,0.005425,0.016346,0.01207,2000.0
7.6154E+02,0.005166,0.016428,0.01207,2000.0
7.6160E+02,0.004212,0.016700,0.01207,2000.0
7.6162E+02,0.003954,0.016761,0.01207,2000.0
7.6169E+02,0.002955,0.016967,0.01207,2000.0
7.6171E+02,0.002704,0.017008,0.01207,2000.0
7.6177E+02,0.001726,0.017135,0.01207,2000.0
7.6179E+02,0.001436,0.017162,0.01207,2000.0
7.6186E+02,0.000457,0.017216,0.01207,2000.0
7.6187E+02,0.000194,0.017220,0.01207,2000.0
7.6194E+02,-0.000845,0.017201,0.01207,2000.0
7.6196E+02,-0.001052,0.017190,0.01207,2000.0
7.6203E+02,-0.002098,0.017094,0.01207,2000.0
7.6204E+02,-0.002331,0.017064,0.01207,2000.0
7.6211E+02,-0.003346,0.016893,0.01207,2000.0
7.6213E+02,-0.003574,0.016848,0.01207,2000.0
7.6220E+02,-0.004588,0.016599,0.01207,2000.0
7.6221E+02,-0.004811,0.016537,0.01207,2000.0
7.6228E+02,-0.005779,0.016222,0.01207,2000.0
7.6230E+02,-0.006016,0.016138,0.01207,2000.0
7.6236E+02,-0.006953,0.015755,0.01207,2000.0
7.6238E+02,-0.007176,0.015656,0.01207,2000.0
7.6245E+02,-0.008114,0.015189,0.01207,2000.0
7.6247E+02,-0.008326,0.015076,0.01207,2000.0
7.6253E+02,-0.009174,0.014574,0.01207,2000.0
7.6255E+02,-0.009402,0.014431,0.01207,2000.0
7.6262E+02,-0.010236,0.013848,0.01207,2000.0
7.6263E+02,-0.010436,0.013701,0.01207,2000.0
7.6270E+02,-0.011220,0.013062,0.01207,2000.0
7.6272E+02,-0.011416,0.012895,0.01207,2000.0
7.6279E+02,-0.012167,0.012186,0.01207,2000.0
7.6280E+02,-0.012329,0.012028,0.01207,2000.0
7.6287E+02,-0.013027,0.011261,0.01207,2000.0
7.6289E+02,-0.013184,0.011082,0.01207,2000.0
7.6295E+02,-0.013802,0.010294,0.01207,2000.0
7.6297E+02,-0.013964,0.010081,0.01207,2000.0
7.6304E+02,-0.014537,0.009229,0.01207,0.0
7.6366E+02,-0.014537,0.000000,0.01207,0.0
