7.1361E+02,0.003851,-0.011917,0.00639,0.0
7.1370E+02,0.002508,-0.012274,0.00639,0.0
7.1380E+02,0.001037,-0.012487,0.00639,0.0
7.1390E+02,-0.000438,-0.012521,0.00639,0.0
7.1400E+02,-0.001964,-0.012380,0.00639,0.0
7.1410E+02,-0.003437,-0.012063,0.00639,0.0
7.1420E+02,-0.004776,-0.011604,0.00639,0.0
7.1430E+02,-0.005871,-0.011103,0.00639,0.0
7.1450E+02,-0.005886,-0.011095,0.00639,0.0
7.6040E+02,0.005734,-0.016700,0.00710,1800.0
7.6050E+02,0.005862,-0.016653,0.00710,1800.0
7.6060E+02,0.006649,-0.016330,0.00710,1800.0
7.6070E+02,0.008072,-0.015683,0.00710,1800.0
7.6080E+02,0.009359,-0.014954,0.00710,1800.0
7.6090E+02,0.010543,-0.014150,0.00710,1800.0
7.6100E+02,0.011725,-0.013184,0.00710,1800.0
7.6110E+02,0.012826,-0.012123,0.00710,1800.0
7.6121E+02,0.013790,-0.011012,0.00710,1800.0
7.6131E+02,0.014684,-0.009788,0.00710,1800.0
7.6141E+02,0.015475,-0.008466,0.00710,1800.0
7.6151E+02,0.016151,-0.007079,0.00710,1800.0
7.6161E+02,0.016691,-0.005697,0.00710,1800.0
7.6171E+02,0.017117,-0.004237,0.00710,1800.0
7.6180E+02,0.017392,-0.002906,0.00710,1800.0
7.6190E+02,0.017572,-0.001471,0.00710,1800.0
7.6200E+02,0.017637,0.000026,0.00710,1800.0
7.6210E+02,0.017580,0.001537,0.00710,1800.0
7.6220E+02,0.017371,0.003091,0.00710,1800.0
7.6230E+02,0.017042,0.004581,0.00710,1800.0
7.6240E+02,0.016613,0.005946,0.00710,1800.0
7.6250E+02,0.016036,0.007351,0.00710,1800.0
7.6260E+02,0.015320,0.008728,0.00710,1800.0
7.6270E+02,0.014538,0.009986,0.00710,1800.0
7.6280E+02,0.013624,0.011197,0.00710,1800.0
7.6291E+02,0.012616,0.012321,0.00710,1800.0
7.6301E+02,0.011534,0.013340,0.00710,1800.0
7.6311E+02,0.010342,0.014283,0.00710,1800.0
7.6321E+02,0.009066,0.015130,0.00710,1800.0
7.6331E+02,0.007723,0.015863,0.00710,1800.0
7.6341E+02,0.006354,0.016464,0.00710,1800.0
7.6350E+02,0.005044,0.016909,0.00710,1800.0
7.6360E+02,0.003602,0.017274,0.00710,1800.0
7.6370E+02,0.002102,0.017512,0.00710,1800.0
7.6380E+02,0.000588,0.017626,0.00710,1800.0
7.6390E+02,-0.000887,0.017612,0.00710,1800.0
7.6400E+02,-0.002355,0.017479,0.00710,1800.0
7.6410E+02,-0.003855,0.017207,0.00710,1800.0
7.6420E+02,-0.005346,0.016809,0.00710,1800.0
7.6430E+02,-0.006767,0.016290,0.00710,1800.0
7.6440E+02,-0.008130,0.015656,0.00710,1800.0
7.6450E+02,-0.009439,0.014909,0.00710,1800.0
7.6461E+02,-0.010683,0.014049,0.00710,1800.0
7.6471E+02,-0.011808,0.013116,0.00710,1800.0
7.6481E+02,-0.012865,0.012068,0.00710,1800.0
7.6491E+02,-0.013869,0.010899,0.00710,1800.0
7.6501E+02,-0.014724,0.009711,0.00710,1800.0
7.6511E+02,-0.015490,0.008427,0.00710,1800.0
7.6520E+02,-0.016100,0.007188,0.00710,1800.0
7.6530E+02,-0.016666,0.005755,0.00710,1800.0
7.6540E+02,-0.017073,0.004449,0.00710,1800.0
7.6550E+02,-0.017313,0.003374,0.00710,1800.0
7.6560E+02,-0.017542,0.001908,0.00710,1800.0
7.6570E+02,-0.017645,0.000366,0.00710,1800.0
7.6580E+02,-0.017611,-0.001085,0.00710,1800.0
7.6590E+02,-0.017445,-0.002621,0.00710,1800.0
7.6600E+02,-0.017228,-0.003798,0.00710,1800.0
7.6610E+02,-0.016874,-0.005134,0.00710,1800.0
7.6620E+02,-0.016391,-0.006525,0.00710,1800.0
7.6631E+02,-0.015790,-0.007851,0.00710,1800.0
7.6641E+02,-0.015068,-0.009152,0.00710,1800.0
7.6651E+02,-0.014218,-0.010430,0.00710,1800.0
7.6661E+02,-0.013259,-0.011630,0.00710,1800.0
7.6671E+02,-0.012223,-0.012716,0.00710,1800.0
7.6681E+02,-0.011147,-0.013681,0.00710,1800.0
7.6691E+02,-0.009924,-0.014594,0.00710,1800.0
7.6700E+02,-0.008756,-0.015321,0.00710,1800.0
7.6710E+02,-0.007425,-0.016004,0.00710,1800.0
7.6720E+02,-0.006002,-0.016586,0.00710,1800.0
7.6730E+02,-0.004591,-0.017028,0.00710,0.0
7.6740E+02,-0.003128,-0.017357,0.00710,0.0
7.6750E+02,-0.001627,-0.017558,0.00710,0.0
7.6760E+02,-0.000110,-0.017634,0.00710,0.0
7.6770E+02,0.001403,-0.017581,0.00710,0.0
7.6780E+02,0.002855,-0.017412,0.00710,1800.0
7.6790E+02,0.004286,-0.017111,0.00710,1800.0
7.6800E+02,0.005625,-0.016735,0.00710,1800.0
7.6821E+02,0.005734,-0.016700,0.00710,1800.0
7.6831E+02,0.003427,-0.014766,0.00710,1800.0
7.6841E+02,-0.001947,-0.010261,0.00710,1800.0
7.6851E+02,-0.004338,-0.008257,0.00710,1800.0
7.6861E+02,-0.004763,-0.007900,0.00710,1800.0
7.6870E+02,-0.004845,-0.007846,0.00710,1800.0
7.6880E+02,-0.005376,-0.007452,0.00710,1800.0
7.6890E+02,-0.006463,-0.006530,0.00710,1800.0
7.6900E+02,-0.007403,-0.005481,0.00710,1800.0
7.6910E+02,-0.007965,-0.004621,0.00710,1800.0
7.6920E+02,-0.008596,-0.003309,0.00710,1800.0
7.6930E+02,-0.009045,-0.001781,0.00710,1800.0
7.6940E+02,-0.009202,-0.000350,0.00710,1800.0
7.6950E+02,-0.009137,0.001186,0.00710,1800.0
7.6960E+02,-0.008805,0.002644,0.00710,1800.0
7.6970E+02,-0.008268,0.004003,0.00710,1800.0
7.6981E+02,-0.007682,0.005056,0.00710,1800.0
7.6991E+02,-0.006914,0.006044,0.00710,1800.0
7.7001E+02,-0.005862,0.007069,0.00710,1800.0
7.7011E+02,-0.004609,0.007945,0.00710,1800.0
7.7021E+02,-0.003256,0.008601,0.00710,1800.0
7.7031E+02,-0.001863,0.009009,0.00710,1800.0
7.7040E+02,-0.000520,0.009196,0.00710,1800.0
7.7050E+02,0.000998,0.009156,0.00710,1800.0
7.7060E+02,0.002493,0.008851,0.00710,1800.0
7.7070E+02,0.003853,0.008349,0.00710,1800.0
7.7080E+02,0.005193,0.007569,0.00710,1800.0
7.7090E+02,0.006341,0.006646,0.00710,1800.0
7.7100E+02,0.007318,0.005543,0.00710,1800.0
7.7110E+02,0.008141,0.004254,0.00710,1800.0
7.7120E+02,0.008727,0.002855,0.00710,1800.0
7.7130E+02,0.009082,0.001399,0.00710,1800.0
7.7140E+02,0.009192,-0.000054,0.00710,1800.0
7.7151E+02,0.009065,-0.001579,0.00710,1800.0
7.7161E+02,0.008675,-0.003097,0.00710,1800.0
7.7171E+02,0.008072,-0.004432,0.00710,1800.0
7.7181E+02,0.007248,-0.005673,0.00710,1800.0
7.7191E+02,0.006212,-0.006780,0.00710,1800.0
7.7201E+02,0.005021,-0.007690,0.00710,0.0
7.7210E+02,0.003849,-0.008340,0.00710,0.0
7.7220E+02,0.002444,-0.008849,0.00710,0.0
7.7230E+02,0.000957,-0.009128,0.00710,0.0
7.7240E+02,-0.000563,-0.009184,0.00710,0.0
7.7250E+02,-0.002041,-0.008963,0.00710,1800.0
7.7260E+02,-0.003463,-0.008530,0.00710,1800.0
7.7270E+02,-0.004640,-0.007968,0.00710,1800.0
7.7280E+02,-0.004759,-0.007902,0.00710,1800.0
7.7290E+02,-0.004763,-0.007900,0.00710,1800.0
7.7300E+02,-0.002049,-0.009859,0.00710,1800.0
7.7310E+02,0.002906,-0.013437,0.00710,1800.0
7.7320E+02,0.005104,-0.015023,0.00710,1800.0
7.7331E+02,0.005193,-0.015088,0.00710,1800.0
7.7341E+02,0.005290,-0.015053,0.00710,1800.0
7.7351E+02,0.005933,-0.014791,0.00710,1800.0
7.7361E+02,0.007247,-0.014194,0.00710,1800.0
7.7371E+02,0.008556,-0.013442,0.00710,1800.0
7.7381E+02,0.009838,-0.012546,0.00710,1800.0
7.7390E+02,0.010838,-0.011703,0.00710,1800.0
7.7400E+02,0.011898,-0.010613,0.00710,1800.0
7.7410E+02,0.012852,-0.009430,0.00710,1800.0
7.7420E+02,0.013701,-0.008145,0.00710,1800.0
7.7430E+02,0.014381,-0.006858,0.00710,1800.0
7.7440E+02,0.014958,-0.005487,0.00710,1800.0
7.7450E+02,0.015356,-0.004274,0.00710,1800.0
7.7460E+02,0.015643,-0.003008,0.00710,1800.0
7.7470E+02,0.015859,-0.001501,0.00710,1800.0
7.7480E+02,0.015933,-0.000012,0.00710,1800.0
7.7490E+02,0.015882,0.001435,0.00710,1800.0
7.7501E+02,0.015670,0.002916,0.00710,1800.0
7.7511E+02,0.015320,0.004426,0.00710,1800.0
7.7521E+02,0.014829,0.005868,0.00710,1800.0
7.7531E+02,0.014193,0.007258,0.00710,1800.0
7.7541E+02,0.013473,0.008525,0.00710,1800.0
7.7551E+02,0.012612,0.009737,0.00710,1800.0
7.7560E+02,0.011719,0.010788,0.00710,1800.0
7.7570E+02,0.010634,0.011870,0.00710,1800.0
7.7580E+02,0.009468,0.012816,0.00710,1800.0
7.7590E+02,0.008212,0.013655,0.00710,1800.0
7.7600E+02,0.006863,0.014386,0.00710,1800.0
7.7610E+02,0.005487,0.014972,0.00710,1800.0
7.7620E+02,0.004074,0.015421,0.00710,1800.0
7.7630E+02,0.002603,0.015734,0.00710,1800.0
7.7640E+02,0.001070,0.015908,0.00710,1800.0
7.7650E+02,-0.000452,0.015932,0.00710,1800.0
7.7660E+02,-0.001961,0.015818,0.00710,1800.0
7.7671E+02,-0.003403,0.015570,0.00710,1800.0
7.7681E+02,-0.004850,0.015175,0.00710,1800.0
7.7691E+02,-0.006250,0.014654,0.00710,1800.0
7.7701E+02,-0.007617,0.013993,0.00710,1800.0
7.7711E+02,-0.008927,0.013200,0.00710,1800.0
7.7721E+02,-0.010080,0.012347,0.00710,1800.0
7.7730E+02,-0.011076,0.011477,0.00710,1800.0
7.7740E+02,-0.012191,0.010290,0.00710,1800.0
7.7750E+02,-0.013099,0.009086,0.00710,1800.0
7.7760E+02,-0.013904,0.007795,0.00710,1800.0
7.7770E+02,-0.014551,0.006511,0.00710,1800.0
7.7780E+02,-0.015098,0.005088,0.00710,1800.0
7.7790E+02,-0.015503,0.003673,0.00710,1800.0
7.7800E+02,-0.015772,0.002220,0.00710,1800.0
7.7810E+02,-0.015912,0.000975,0.00710,1800.0
7.7820E+02,-0.015933,-0.000172,0.00710,1800.0
7.7830E+02,-0.015874,-0.001473,0.00710,1800.0
7.7841E+02,-0.015727,-0.002567,0.00710,1800.0
7.7851E+02,-0.015417,-0.004067,0.00710,1800.0
7.7861E+02,-0.014953,-0.005542,0.00710,1800.0
7.7871E+02,-0.014355,-0.006945,0.00710,1800.0
7.7881E+02,-0.013646,-0.008251,0.00710,1800.0
7.7891E+02,-0.012821,-0.009465,0.00710,1800.0
7.7900E+02,-0.011952,-0.010537,0.00710,1800.0
7.7910E+02,-0.010885,-0.011633,0.00710,1800.0
7.7920E+02,-0.009730,-0.012617,0.00710,1800.0
7.7930E+02,-0.008483,-0.013485,0.00710,1800.0
7.7940E+02,-0.007189,-0.014223,0.00710,1800.0
7.7950E+02,-0.005846,-0.014827,0.00710,0.0
7.7960E+02,-0.004412,-0.015323,0.00710,0.0
7.7970E+02,-0.002980,-0.015664,0.00710,0.0
7.7980E+02,-0.001467,-0.015887,0.00710,0.0
7.7990E+02,0.000094,-0.015939,0.00710,0.0
7.8000E+02,0.001596,-0.015862,0.00710,0.0
7.8010E+02,0.003037,-0.015643,0.00710,1800.0
7.8021E+02,0.004477,-0.015293,0.00710,1800.0
7.8031E+02,0.005147,-0.015103,0.00710,1800.0
7.8041E+02,0.005193,-0.015088,0.00710,1800.0
7.8051E+02,0.003981,-0.014447,0.00710,1800.0
7.8061E+02,-0.000394,-0.012133,0.00710,1800.0
7.8071E+02,-0.005259,-0.009559,0.00710,1800.0
7.8080E+02,-0.005645,-0.009355,0.00710,1800.0
7.8090E+02,-0.005646,-0.009355,0.00710,1800.0
7.8100E+02,-0.005747,-0.009288,0.00710,1800.0
7.8110E+02,-0.006761,-0.008554,0.00710,1800.0
7.8120E+02,-0.007541,-0.008065,0.00710,1800.0
7.8130E+02,-0.008187,-0.007245,0.00710,1800.0
7.8140E+02,-0.008979,-0.006140,0.00710,1800.0
7.8150E+02,-0.009744,-0.004856,0.00710,1800.0
7.8160E+02,-0.010319,-0.003466,0.00710,1800.0
7.8170E+02,-0.010706,-0.001985,0.00710,1800.0
7.8180E+02,-0.010885,-0.000457,0.00710,1800.0
7.8190E+02,-0.010864,0.000953,0.00710,1800.0
7.8201E+02,-0.010627,0.002465,0.00710,1800.0
7.8211E+02,-0.010179,0.003927,0.00710,1800.0
7.8221E+02,-0.009554,0.005261,0.00710,1800.0
7.8231E+02,-0.008737,0.006535,0.00710,1800.0
7.8241E+02,-0.007935,0.007675,0.00710,1800.0
7.8251E+02,-0.007340,0.008143,0.00710,1800.0
7.8260E+02,-0.006483,0.008749,0.00710,1800.0
7.8270E+02,-0.005236,0.009546,0.00710,1800.0
7.8280E+02,-0.003862,0.010184,0.00710,1800.0
7.8290E+02,-0.002413,0.010623,0.00710,1800.0
7.8300E+02,-0.000917,0.010860,0.00710,1800.0
7.8310E+02,0.000633,0.010886,0.00710,1800.0
7.8320E+02,0.002048,0.010717,0.00710,1800.0
7.8330E+02,0.003528,0.010338,0.00710,1800.0
7.8340E+02,0.004881,0.009747,0.00710,1800.0
7.8350E+02,0.006226,0.008939,0.00710,1800.0
7.8360E+02,0.007426,0.007974,0.00710,1800.0
7.8371E+02,0.008416,0.006919,0.00710,1800.0
7.8381E+02,0.009278,0.005701,0.00710,1800.0
7.8391E+02,0.009976,0.004362,0.00710,1800.0
7.8401E+02,0.010481,0.002948,0.00710,1800.0
7.8411E+02,0.010791,0.001481,0.00710,1800.0
7.8421E+02,0.010896,0.000005,0.00710,1800.0
7.8430E+02,0.010826,-0.001345,0.00710,1800.0
7.8440E+02,0.010525,-0.002892,0.00710,1800.0
7.8450E+02,0.010049,-0.004246,0.00710,1800.0
7.8460E+02,0.009360,-0.005583,0.00710,1800.0
7.8470E+02,0.008489,-0.006838,0.00710,1800.0
7.8480E+02,0.007422,-0.007969,0.00710,1800.0
7.8490E+02,0.006241,-0.008931,0.00710,1800.0
7.8500E+02,0.004978,-0.009680,0.00710,1800.0
7.8510E+02,0.003628,-0.010262,0.00710,0.0
7.8520E+02,0.002188,-0.010675,0.00710,0.0
7.8530E+02,0.000709,-0.010881,0.00710,0.0
7.8540E+02,-0.000803,-0.010868,0.00710,0.0
7.8551E+02,-0.002336,-0.010650,0.00710,0.0
7.8561E+02,-0.003801,-0.010234,0.00710,1800.0
7.8571E+02,-0.005130,-0.009629,0.00710,1800.0
7.8581E+02,-0.005604,-0.009378,0.00710,1800.0
7.8591E+02,-0.005645,-0.009355,0.00710,1800.0
7.8601E+02,-0.005022,-0.008634,0.00710,1800.0
7.8610E+02,-0.001712,-0.004799,0.00710,1800.0
7.8620E+02,0.003384,0.001104,0.00710,1800.0
7.8630E+02,0.007990,0.006440,0.00710,1800.0
7.8650E+02,0.010631,0.009499,0.00710,1800.0
7.8660E+02,0.010605,0.009526,0.00710,1800.0
7.8670E+02,0.010363,0.009778,0.00710,1800.0
7.8680E+02,0.009300,0.010799,0.00710,1800.0
7.8690E+02,0.008109,0.011707,0.00710,1800.0
7.8700E+02,0.006799,0.012511,0.00710,1800.0
7.8710E+02,0.005434,0.013150,0.00710,1800.0
7.8721E+02,0.004029,0.013655,0.00710,1800.0
7.8731E+02,0.002548,0.014000,0.00710,1800.0
7.8741E+02,0.001087,0.014189,0.00710,1800.0
7.8751E+02,-0.000407,0.014220,0.00710,1800.0
7.8761E+02,-0.001953,0.014104,0.00710,1800.0
7.8771E+02,-0.003399,0.013820,0.00710,1800.0
7.8780E+02,-0.004727,0.013436,0.00710,1800.0
7.8790E+02,-0.006125,0.012871,0.00710,1800.0
7.8800E+02,-0.007461,0.012133,0.00710,1800.0
7.8810E+02,-0.008714,0.011259,0.00710,1800.0
7.8820E+02,-0.009819,0.010308,0.00710,1800.0
7.8830E+02,-0.010846,0.009211,0.00710,1800.0
7.8840E+02,-0.011746,0.008036,0.00710,1800.0
7.8850E+02,-0.012522,0.006746,0.00710,1800.0
7.8860E+02,-0.013181,0.005377,0.00710,1800.0
7.8870E+02,-0.013667,0.003964,0.00710,1800.0
7.8880E+02,-0.014010,0.002481,0.00710,1800.0
7.8891E+02,-0.014200,0.000969,0.00710,1800.0
7.8901E+02,-0.014229,-0.000577,0.00710,1800.0
7.8911E+02,-0.014100,-0.002016,0.00710,1800.0
7.8921E+02,-0.013820,-0.003476,0.00710,1800.0
7.8931E+02,-0.013338,-0.004990,0.00710,1800.0
7.8941E+02,-0.012724,-0.006381,0.00710,1800.0
7.8950E+02,-0.012083,-0.007518,0.00710,1800.0
7.8960E+02,-0.011223,-0.008742,0.00710,1800.0
7.8970E+02,-0.010244,-0.009874,0.00710,1800.0
7.8980E+02,-0.009154,-0.010901,0.00710,1800.0
7.8990E+02,-0.007935,-0.011816,0.00710,1800.0
7.9000E+02,-0.006704,-0.012559,0.00710,1800.0
7.9010E+02,-0.005330,-0.013206,0.00710,1800.0
7.9020E+02,-0.003886,-0.013707,0.00710,1800.0
7.9030E+02,-0.002373,-0.014050,0.00710,1800.0
7.9040E+02,-0.000934,-0.014214,0.00710,1800.0
7.9050E+02,0.000597,-0.014227,0.00710,1800.0
7.9061E+02,0.002079,-0.014084,0.00710,1800.0
7.9071E+02,0.003587,-0.013767,0.00710,1800.0
7.9081E+02,0.005039,-0.013307,0.00710,1800.0
7.9091E+02,0.006403,-0.012710,0.00710,1800.0
7.9101E+02,0.007713,-0.011957,0.00710,1800.0
7.9111E+02,0.008945,-0.011072,0.00710,1800.0
7.9120E+02,0.009928,-0.010208,0.00710,1800.0
7.9130E+02,0.010904,-0.009171,0.00710,1800.0
7.9140E+02,0.011493,-0.008426,0.00710,1800.0
7.9150E+02,0.012323,-0.007147,0.00710,1800.0
7.9160E+02,0.012967,-0.005892,0.00710,1800.0
7.9170E+02,0.013520,-0.004470,0.00710,1800.0
7.9180E+02,0.013908,-0.003012,0.00710,1800.0
7.9190E+02,0.014147,-0.001494,0.00710,1800.0
7.9200E+02,0.014225,0.000044,0.00710,1800.0
7.9210E+02,0.014146,0.001524,0.00710,0.0
7.9220E+02,0.013915,0.002969,0.00710,0.0
7.9230E+02,0.013527,0.004430,0.00710,0.0
7.9241E+02,0.012979,0.005854,0.00710,0.0
7.9251E+02,0.012282,0.007210,0.00710,0.0
7.9261E+02,0.011464,0.008462,0.00710,1800.0
7.9271E+02,0.010888,0.009194,0.00710,1800.0
7.9281E+02,0.010656,0.009469,0.00710,1800.0
7.9291E+02,0.010631,0.009499,0.00710,1800.0
7.9300E+02,0.009876,0.008605,0.00710,1800.0
7.9310E+02,0.006503,0.004613,0.00710,1800.0
7.9320E+02,0.001516,-0.001290,0.00710,1800.0
7.9330E+02,-0.003306,-0.006997,0.00710,1800.0
7.9340E+02,-0.006421,-0.010685,0.00710,1800.0
7.9350E+02,-0.006527,-0.010810,0.00710,1800.0
7.9360E+02,-0.006565,-0.010776,0.00710,1800.0
7.9370E+02,-0.006837,-0.010565,0.00710,1800.0
7.9380E+02,-0.007694,-0.010405,0.00710,1800.0
7.9390E+02,-0.008254,-0.010106,0.00710,1800.0
7.9400E+02,-0.009100,-0.008972,0.00710,1800.0
7.9411E+02,-0.009990,-0.007716,0.00710,1800.0
7.9421E+02,-0.010823,-0.006438,0.00710,1800.0
7.9431E+02,-0.011491,-0.005150,0.00710,1800.0
7.9441E+02,-0.012007,-0.003781,0.00710,1800.0
7.9451E+02,-0.012378,-0.002304,0.00710,1800.0
7.9461E+02,-0.012572,-0.000772,0.00710,1800.0
7.9470E+02,-0.012595,0.000591,0.00710,1800.0
7.9480E+02,-0.012446,0.002035,0.00710,1800.0
7.9490E+02,-0.012116,0.003520,0.00710,1800.0
7.9500E+02,-0.011600,0.004942,0.00710,1800.0
7.9510E+02,-0.010945,0.006348,0.00710,1800.0
7.9520E+02,-0.010092,0.007586,0.00710,1800.0
7.9530E+02,-0.009242,0.008771,0.00710,1800.0
7.9540E+02,-0.008395,0.009966,0.00710,1800.0
7.9550E+02,-0.007755,0.010299,0.00710,1800.0
7.9560E+02,-0.006989,0.010485,0.00710,1800.0
7.9570E+02,-0.005801,0.011180,0.00710,1800.0
7.9581E+02,-0.004434,0.011795,0.00710,1800.0
7.9591E+02,-0.003039,0.012233,0.00710,1800.0
7.9601E+02,-0.001549,0.012513,0.00710,1800.0
7.9611E+02,-0.000021,0.012617,0.00710,1800.0
7.9621E+02,0.001502,0.012518,0.00710,1800.0
7.9631E+02,0.003018,0.012239,0.00710,1800.0
7.9640E+02,0.004255,0.011855,0.00710,1800.0
7.9650E+02,0.005629,0.011262,0.00710,1800.0
7.9660E+02,0.006946,0.010499,0.00710,1800.0
7.9670E+02,0.008137,0.009611,0.00710,1800.0
7.9680E+02,0.009227,0.008566,0.00710,1800.0
7.9690E+02,0.010201,0.007389,0.00710,1800.0
7.9700E+02,0.010988,0.006160,0.00710,1800.0
7.9710E+02,0.011659,0.004786,0.00710,1800.0
7.9720E+02,0.012160,0.003332,0.00710,1800.0
7.9730E+02,0.012484,0.001835,0.00710,1800.0
7.9740E+02,0.012606,0.000420,0.00710,1800.0
7.9750E+02,0.012563,-0.001085,0.00710,1800.0
7.9761E+02,0.012335,-0.002586,0.00710,1800.0
7.9771E+02,0.011929,-0.004043,0.00710,1800.0
7.9781E+02,0.011351,-0.005461,0.00710,1800.0
7.9791E+02,0.010616,-0.006771,0.00710,1800.0
7.9801E+02,0.009750,-0.007977,0.00710,1800.0
7.9811E+02,0.008730,-0.009081,0.00710,1800.0
7.9820E+02,0.007704,-0.009979,0.00710,1800.0
7.9830E+02,0.006438,-0.010844,0.00710,1800.0
7.9840E+02,0.005130,-0.011522,0.00710,1800.0
