4.5730E+02,0.006479,-0.010524,0.00426,0.0
4.5740E+02,0.005153,-0.011235,0.00426,0.0
4.5750E+02,0.003749,-0.011782,0.00426,0.0
4.5760E+02,0.002261,-0.012158,0.00426,0.0
4.5770E+02,0.000835,-0.012339,0.00426,0.0
4.5781E+02,-0.000716,-0.012329,0.00426,0.0
4.5791E+02,-0.002174,-0.012162,0.00426,0.0
4.5801E+02,-0.003348,-0.011898,0.00426,0.0
4.5821E+02,-0.003672,-0.011817,0.00426,0.0
5.0410E+02,-0.012898,-0.012332,0.00497,1800.0
5.0420E+02,-0.012894,-0.012336,0.00497,1800.0
5.0430E+02,-0.012824,-0.012404,0.00497,1800.0
5.0440E+02,-0.011758,-0.013410,0.00497,1800.0
5.0450E+02,-0.010570,-0.014355,0.00497,1800.0
5.0461E+02,-0.009317,-0.015198,0.00497,1800.0
5.0471E+02,-0.008043,-0.015909,0.00497,1800.0
5.0481E+02,-0.006667,-0.016526,0.00497,1800.0
5.0491E+02,-0.005265,-0.017025,0.00497,1800.0
5.0501E+02,-0.003840,-0.017404,0.00497,1800.0
5.0511E+02,-0.002345,-0.017668,0.00497,1800.0
5.0520E+02,-0.000956,-0.017799,0.00497,1800.0
5.0530E+02,0.000605,-0.017819,0.00497,1800.0
5.0540E+02,0.002097,-0.017712,0.00497,1800.0
5.0550E+02,0.003527,-0.017489,0.00497,1800.0
5.0560E+02,0.005010,-0.017115,0.00497,1800.0
5.0570E+02,0.006438,-0.016621,0.00497,1800.0
5.0580E+02,0.007848,-0.016005,0.00497,1800.0
5.0590E+02,0.009180,-0.015276,0.00497,1800.0
5.0600E+02,0.010439,-0.014439,0.00497,1800.0
5.0610E+02,0.011619,-0.013512,0.00497,1800.0
5.0620E+02,0.012710,-0.012491,0.00497,1800.0
5.0631E+02,0.013688,-0.011425,0.00497,1800.0
5.0641E+02,0.014484,-0.010397,0.00497,1800.0
5.0651E+02,0.015201,-0.009311,0.00497,1800.0
5.0661E+02,0.015958,-0.007945,0.00497,1800.0
5.0671E+02,0.016590,-0.006547,0.00497,1800.0
5.0681E+02,0.017051,-0.005224,0.00497,1800.0
5.0690E+02,0.017317,-0.004264,0.00497,1800.0
5.0700E+02,0.017589,-0.002892,0.00497,1800.0
5.0710E+02,0.017747,-0.001757,0.00497,1800.0
5.0720E+02,0.017816,-0.000524,0.00497,1800.0
5.0730E+02,0.017789,0.000983,0.00497,1800.0
5.0740E+02,0.017678,0.002299,0.00497,1800.0
5.0750E+02,0.017499,0.003379,0.00497,1800.0
5.0760E+02,0.017204,0.004675,0.00497,1800.0
5.0770E+02,0.016860,0.005794,0.00497,1800.0
5.0780E+02,0.016299,0.007245,0.00497,1800.0
5.0790E+02,0.015605,0.008625,0.00497,1800.0
5.0801E+02,0.014870,0.009837,0.00497,1800.0
5.0811E+02,0.014193,0.010797,0.00497,1800.0
5.0821E+02,0.013257,0.011909,0.00497,1800.0
5.0831E+02,0.012177,0.013007,0.00497,1800.0
5.0841E+02,0.011020,0.014005,0.00497,1800.0
5.0851E+02,0.009824,0.014873,0.00497,1800.0
5.0860E+02,0.008680,0.015563,0.00497,1800.0
5.0870E+02,0.007308,0.016258,0.00497,1800.0
5.0880E+02,0.005974,0.016799,0.00497,1800.0
5.0890E+02,0.004525,0.017254,0.00497,1800.0
5.0900E+02,0.003031,0.017570,0.00497,1800.0
5.0910E+02,0.001512,0.017767,0.00497,1800.0
5.0920E+02,0.000072,0.017830,0.00497,1800.0
5.0930E+02,-0.001440,0.017766,0.00497,1800.0
5.0940E+02,-0.002941,0.017578,0.00497,1800.0
5.0950E+02,-0.004413,0.017264,0.00497,1800.0
5.0960E+02,-0.005900,0.016816,0.00497,1800.0
5.0971E+02,-0.007337,0.016240,0.00497,1800.0
5.0981E+02,-0.008663,0.015574,0.00497,1800.0
5.0991E+02,-0.009916,0.014809,0.00497,1800.0
5.1001E+02,-0.011143,0.013920,0.00497,1800.0
5.1011E+02,-0.012290,0.012923,0.00497,1800.0
5.1021E+02,-0.013311,0.011869,0.00497,1800.0
5.1030E+02,-0.014181,0.010802,0.00497,1800.0
5.1040E+02,-0.015056,0.009545,0.00497,1800.0
5.1050E+02,-0.015793,0.008255,0.00497,1800.0
5.1060E+02,-0.016444,0.006858,0.00497,1800.0
5.1070E+02,-0.016966,0.005456,0.00497,1800.0
5.1080E+02,-0.017356,0.004039,0.00497,1800.0
5.1090E+02,-0.017640,0.002532,0.00497,1800.0
5.1100E+02,-0.017790,0.001024,0.00497,1800.0
5.1110E+02,-0.017813,-0.000457,0.00497,1800.0
5.1120E+02,-0.017719,-0.002025,0.00497,0.0
5.1130E+02,-0.017499,-0.003453,0.00497,0.0
5.1141E+02,-0.017136,-0.004926,0.00497,0.0
5.1151E+02,-0.016637,-0.006410,0.00497,0.0
5.1161E+02,-0.016068,-0.007729,0.00497,0.0
5.1171E+02,-0.015340,-0.009074,0.00497,0.0
5.1181E+02,-0.014506,-0.010347,0.00497,1800.0
5.1191E+02,-0.013595,-0.011519,0.00497,1800.0
5.1200E+02,-0.013009,-0.012210,0.00497,1800.0
5.1210E+02,-0.012898,-0.012332,0.00497,1800.0
5.1220E+02,-0.012425,-0.012138,0.00497,1800.0
5.1230E+02,-0.009872,-0.011092,0.00497,1800.0
5.1240E+02,-0.003582,-0.008514,0.00497,1800.0
5.1260E+02,-0.003317,-0.008405,0.00497,1800.0
5.1270E+02,-0.003647,-0.008266,0.00497,1800.0
5.1280E+02,-0.004749,-0.007653,0.00497,1800.0
5.1290E+02,-0.005967,-0.006725,0.00497,1800.0
5.1300E+02,-0.007011,-0.005637,0.00497,1800.0
5.1311E+02,-0.007847,-0.004391,0.00497,1800.0
5.1321E+02,-0.008470,-0.003039,0.00497,1800.0
5.1331E+02,-0.008849,-0.001618,0.00497,1800.0
5.1341E+02,-0.009001,-0.000113,0.00497,1800.0
5.1351E+02,-0.008908,0.001417,0.00497,1800.0
5.1361E+02,-0.008565,0.002827,0.00497,1800.0
5.1370E+02,-0.008034,0.004095,0.00497,1800.0
5.1380E+02,-0.007238,0.005373,0.00497,1800.0
5.1390E+02,-0.006213,0.006513,0.00497,1800.0
5.1400E+02,-0.005081,0.007435,0.00497,1800.0
5.1410E+02,-0.003777,0.008164,0.00497,1800.0
5.1420E+02,-0.002342,0.008689,0.00497,1800.0
5.1430E+02,-0.000844,0.008955,0.00497,1800.0
5.1440E+02,0.000658,0.008971,0.00497,1800.0
5.1450E+02,0.002117,0.008749,0.00497,1800.0
5.1460E+02,0.003534,0.008289,0.00497,1800.0
5.1470E+02,0.004901,0.007565,0.00497,1800.0
5.1480E+02,0.006048,0.006696,0.00497,1800.0
5.1491E+02,0.007098,0.005579,0.00497,1800.0
5.1501E+02,0.007909,0.004337,0.00497,1800.0
5.1511E+02,0.008515,0.002912,0.00497,1800.0
5.1521E+02,0.008892,0.001428,0.00497,1800.0
5.1531E+02,0.008999,-0.000032,0.00497,1800.0
5.1541E+02,0.008879,-0.001483,0.00497,1800.0
5.1550E+02,0.008542,-0.002812,0.00497,1800.0
5.1560E+02,0.007947,-0.004231,0.00497,1800.0
5.1570E+02,0.007166,-0.005457,0.00497,1800.0
5.1580E+02,0.006151,-0.006589,0.00497,0.0
5.1590E+02,0.004949,-0.007553,0.00497,0.0
5.1600E+02,0.003609,-0.008271,0.00497,0.0
5.1610E+02,0.002230,-0.008740,0.00497,0.0
5.1620E+02,0.000755,-0.008982,0.00497,0.0
5.1630E+02,-0.000768,-0.008973,0.00497,0.0
5.1640E+02,-0.002250,-0.008712,0.00497,1800.0
5.1650E+02,-0.003102,-0.008481,0.00497,1800.0
5.1661E+02,-0.003317,-0.008405,0.00497,1800.0
5.1671E+02,-0.002983,-0.007990,0.00497,1800.0
5.1681E+02,-0.000753,-0.005223,0.00497,1800.0
5.1691E+02,0.004174,0.000893,0.00497,1800.0
5.1701E+02,0.008635,0.006429,0.00497,1800.0
5.1711E+02,0.012079,0.010705,0.00497,1800.0
5.1730E+02,0.012081,0.010707,0.00497,1800.0
5.1740E+02,0.011850,0.010951,0.00497,1800.0
5.1750E+02,0.011008,0.011778,0.00497,1800.0
5.1760E+02,0.009865,0.012747,0.00497,1800.0
5.1770E+02,0.008632,0.013610,0.00497,1800.0
5.1780E+02,0.007308,0.014366,0.00497,1800.0
5.1790E+02,0.005886,0.015008,0.00497,1800.0
5.1800E+02,0.004462,0.015495,0.00497,1800.0
5.1810E+02,0.003050,0.015830,0.00497,1800.0
5.1820E+02,0.001486,0.016061,0.00497,1800.0
5.1831E+02,0.000041,0.016132,0.00497,1800.0
5.1841E+02,-0.001502,0.016070,0.00497,1800.0
5.1851E+02,-0.003010,0.015844,0.00497,1800.0
5.1861E+02,-0.004430,0.015508,0.00497,1800.0
5.1871E+02,-0.005882,0.015011,0.00497,1800.0
5.1881E+02,-0.007272,0.014384,0.00497,1800.0
5.1890E+02,-0.008430,0.013740,0.00497,1800.0
5.1900E+02,-0.009660,0.012898,0.00497,1800.0
5.1910E+02,-0.010838,0.011938,0.00497,1800.0
5.1920E+02,-0.011872,0.010911,0.00497,1800.0
5.1930E+02,-0.012858,0.009731,0.00497,1800.0
5.1940E+02,-0.013753,0.008443,0.00497,1800.0
5.1950E+02,-0.014461,0.007143,0.00497,1800.0
5.1960E+02,-0.015053,0.005796,0.00497,1800.0
5.1970E+02,-0.015524,0.004375,0.00497,1800.0
5.1980E+02,-0.015838,0.003028,0.00497,1800.0
5.1990E+02,-0.016016,0.001911,0.00497,1800.0
5.2001E+02,-0.016106,0.000833,0.00497,1800.0
5.2011E+02,-0.016111,-0.000450,0.00497,1800.0
5.2021E+02,-0.016041,-0.001644,0.00497,1800.0
5.2031E+02,-0.015907,-0.002638,0.00497,1800.0
5.2041E+02,-0.015664,-0.003801,0.00497,1800.0
5.2051E+02,-0.015249,-0.005251,0.00497,1800.0
5.2060E+02,-0.014786,-0.006465,0.00497,1800.0
5.2070E+02,-0.014108,-0.007818,0.00497,1800.0
5.2080E+02,-0.013299,-0.009129,0.00497,1800.0
5.2090E+02,-0.012363,-0.010345,0.00497,1800.0
5.2100E+02,-0.011328,-0.011468,0.00497,1800.0
5.2110E+02,-0.010252,-0.012440,0.00497,1800.0
5.2120E+02,-0.009084,-0.013315,0.00497,1800.0
5.2130E+02,-0.007763,-0.014125,0.00497,1800.0
5.2140E+02,-0.006357,-0.014813,0.00497,1800.0
5.2150E+02,-0.004957,-0.015342,0.00497,1800.0
5.2160E+02,-0.003541,-0.015732,0.00497,1800.0
5.2171E+02,-0.002020,-0.016001,0.00497,1800.0
5.2181E+02,-0.000593,-0.016120,0.00497,1800.0
5.2191E+02,0.000966,-0.016107,0.00497,1800.0
5.2201E+02,0.002446,-0.015943,0.00497,1800.0
5.2211E+02,0.003921,-0.015643,0.00497,1800.0
5.2221E+02,0.005355,-0.015209,0.00497,1800.0
5.2230E+02,0.006644,-0.014683,0.00497,1800.0
5.2240E+02,0.007967,-0.014014,0.00497,1800.0
5.2250E+02,0.009200,-0.013234,0.00497,1800.0
5.2260E+02,0.010405,-0.012310,0.00497,1800.0
5.2270E+02,0.011518,-0.011268,0.00497,1800.0
5.2280E+02,0.012491,-0.010119,0.00497,1800.0
5.2290E+02,0.013453,-0.008912,0.00497,1800.0
5.2300E+02,0.014181,-0.007703,0.00497,1800.0
5.2310E+02,0.014681,-0.006699,0.00497,1800.0
5.2320E+02,0.015222,-0.005316,0.00497,1800.0
5.2330E+02,0.015662,-0.003838,0.00497,1800.0
5.2341E+02,0.015947,-0.002333,0.00497,1800.0
5.2351E+02,0.016094,-0.000864,0.00497,1800.0
5.2361E+02,0.016097,0.000657,0.00497,1800.0
5.2371E+02,0.015969,0.002173,0.00497,0.0
5.2381E+02,0.015707,0.003626,0.00497,0.0
5.2391E+02,0.015294,0.005098,0.00497,0.0
5.2400E+02,0.014813,0.006375,0.00497,0.0
5.2410E+02,0.014182,0.007702,0.00497,0.0
5.2420E+02,0.013393,0.009000,0.00497,1800.0
5.2430E+02,0.012473,0.010223,0.00497,1800.0
5.2440E+02,0.012135,0.010642,0.00497,1800.0
5.2450E+02,0.012081,0.010707,0.00497,1800.0
5.2460E+02,0.011345,0.009755,0.00497,1800.0
5.2470E+02,0.008016,0.005450,0.00497,1800.0
5.2480E+02,0.003176,-0.000809,0.00497,1800.0
5.2490E+02,-0.001245,-0.006526,0.00497,1800.0
5.2500E+02,-0.003879,-0.009932,0.00497,1800.0
5.2511E+02,-0.003926,-0.009993,0.00497,1800.0
5.2521E+02,-0.004031,-0.009947,0.00497,1800.0
5.2531E+02,-0.004654,-0.009655,0.00497,1800.0
5.2541E+02,-0.005868,-0.008915,0.00497,1800.0
5.2551E+02,-0.007160,-0.007969,0.00497,1800.0
5.2561E+02,-0.008172,-0.006944,0.00497,1800.0
5.2571E+02,-0.009056,-0.005714,0.00497,1800.0
5.2580E+02,-0.009708,-0.004492,0.00497,1800.0
5.2590E+02,-0.010243,-0.003104,0.00497,1800.0
5.2600E+02,-0.010574,-0.001683,0.00497,1800.0
5.2610E+02,-0.010705,-0.000190,0.00497,1800.0
5.2620E+02,-0.010627,0.001335,0.00497,1800.0
5.2630E+02,-0.010331,0.002827,0.00497,1800.0
5.2640E+02,-0.009844,0.004255,0.00497,1800.0
5.2650E+02,-0.009175,0.005574,0.00497,1800.0
5.2660E+02,-0.008243,0.006853,0.00497,1800.0
5.2670E+02,-0.007241,0.007894,0.00497,1800.0
5.2680E+02,-0.006067,0.008827,0.00497,1800.0
5.2691E+02,-0.004729,0.009599,0.00497,1800.0
5.2701E+02,-0.003337,0.010176,0.00497,1800.0
5.2711E+02,-0.001907,0.010535,0.00497,1800.0
5.2721E+02,-0.000432,0.010689,0.00497,1800.0
5.2731E+02,0.001065,0.010648,0.00497,1800.0
5.2741E+02,0.002548,0.010406,0.00497,1800.0
5.2750E+02,0.003852,0.010005,0.00497,1800.0
5.2760E+02,0.005256,0.009351,0.00497,1800.0
5.2770E+02,0.006540,0.008503,0.00497,1800.0
5.2780E+02,0.007604,0.007562,0.00497,1800.0
5.2790E+02,0.008595,0.006388,0.00497,1800.0
5.2800E+02,0.009416,0.005103,0.00497,1800.0
5.2810E+02,0.010030,0.003711,0.00497,1800.0
5.2820E+02,0.010463,0.002259,0.00497,1800.0
5.2830E+02,0.010675,0.000774,0.00497,1800.0
5.2840E+02,0.010685,-0.000709,0.00497,1800.0
5.2850E+02,0.010478,-0.002184,0.00497,1800.0
5.2861E+02,0.010065,-0.003664,0.00497,1800.0
5.2871E+02,0.009475,-0.005011,0.00497,1800.0
5.2881E+02,0.008725,-0.006251,0.00497,1800.0
5.2891E+02,0.007732,-0.007447,0.00497,1800.0
5.2901E+02,0.006595,-0.008450,0.00497,0.0
5.2911E+02,0.005321,-0.009297,0.00497,0.0
5.2920E+02,0.004152,-0.009872,0.00497,0.0
5.2930E+02,0.002753,-0.010343,0.00497,0.0
5.2940E+02,0.001261,-0.010624,0.00497,0.0
5.2950E+02,-0.000261,-0.010699,0.00497,0.0
5.2960E+02,-0.001749,-0.010559,0.00497,0.0
5.2970E+02,-0.003091,-0.010270,0.00497,1800.0
5.2980E+02,-0.003926,-0.009993,0.00497,1800.0
5.2990E+02,-0.003926,-0.009992,0.00497,1800.0
5.3000E+02,-0.003924,-0.009983,0.00497,1800.0
5.3010E+02,-0.002521,-0.003950,0.00497,1800.0
5.3020E+02,-0.000766,0.003593,0.00497,1800.0
5.3030E+02,0.000984,0.011120,0.00497,1800.0
5.3041E+02,0.001630,0.013894,0.00497,1800.0
5.3061E+02,0.001733,0.014339,0.00497,1800.0
5.3071E+02,0.001183,0.014379,0.00497,1800.0
5.3081E+02,-0.000091,0.014417,0.00497,1800.0
5.3091E+02,-0.001611,0.014334,0.00497,1800.0
5.3100E+02,-0.002970,0.014115,0.00497,1800.0
5.3110E+02,-0.004432,0.013740,0.00497,1800.0
5.3120E+02,-0.005849,0.013193,0.00497,1800.0
5.3130E+02,-0.007101,0.012560,0.00497,1800.0
5.3140E+02,-0.008390,0.011729,0.00497,1800.0
5.3150E+02,-0.009596,0.010759,0.00497,1800.0
5.3160E+02,-0.010675,0.009692,0.00497,1800.0
5.3170E+02,-0.011609,0.008541,0.00497,1800.0
5.3180E+02,-0.012433,0.007299,0.00497,1800.0
5.3190E+02,-0.013076,0.006093,0.00497,1800.0
5.3200E+02,-0.013538,0.004973,0.00497,1800.0
5.3211E+02,-0.013926,0.003734,0.00497,1800.0
5.3221E+02,-0.014241,0.002332,0.00497,1800.0
5.3231E+02,-0.014405,0.000790,0.00497,1800.0
5.3241E+02,-0.014415,-0.000745,0.00497,1800.0
5.3251E+02,-0.014262,-0.002186,0.00497,1800.0
5.3261E+02,-0.013941,-0.003694,0.00497,1800.0
5.3270E+02,-0.013570,-0.004876,0.00497,1800.0
5.3280E+02,-0.013153,-0.005928,0.00497,1800.0
5.3290E+02,-0.012548,-0.007089,0.00497,1800.0
5.3300E+02,-0.011736,-0.008369,0.00497,1800.0
5.3310E+02,-0.010803,-0.009550,0.00497,1800.0
5.3320E+02,-0.009734,-0.010638,0.00497,1800.0
5.3330E+02,-0.008607,-0.011582,0.00497,1800.0
5.3340E+02,-0.007327,-0.012433,0.00497,1800.0
5.3350E+02,-0.006034,-0.013114,0.00497,1800.0
5.3360E+02,-0.004597,-0.013686,0.00497,1800.0
5.3370E+02,-0.003163,-0.014066,0.00497,1800.0
5.3381E+02,-0.001683,-0.014329,0.00497,1800.0
5.3391E+02,-0.000160,-0.014417,0.00497,1800.0
5.3401E+02,0.001340,-0.014353,0.00497,1800.0
5.3411E+02,0.002841,-0.014134,0.00497,1800.0
5.3421E+02,0.004328,-0.013749,0.00497,1800.0
5.3431E+02,0.005730,-0.013231,0.00497,1800.0
5.3440E+02,0.006918,-0.012659,0.00497,1800.0
5.3450E+02,0.008235,-0.011847,0.00497,1800.0
5.3460E+02,0.009370,-0.010987,0.00497,1800.0
5.3470E+02,0.010492,-0.009909,0.00497,1800.0
5.3480E+02,0.011472,-0.008745,0.00497,1800.0
5.3490E+02,0.012322,-0.007499,0.00497,1800.0
5.3500E+02,0.013039,-0.006152,0.00497,1800.0
5.3510E+02,0.013596,-0.004793,0.00497,1800.0
5.3520E+02,0.014023,-0.003333,0.00497,1800.0
5.3530E+02,0.014297,-0.001846,0.00497,1800.0
5.3540E+02,0.014410,-0.000367,0.00497,1800.0
5.3551E+02,0.014367,0.001169,0.00497,1800.0
5.3561E+02,0.014178,0.002649,0.00497,1800.0
5.3571E+02,0.013842,0.004061,0.00497,1800.0
5.3581E+02,0.013328,0.005532,0.00497,1800.0
5.3591E+02,0.012669,0.006923,0.00497,1800.0
5.3601E+02,0.011872,0.008204,0.00497,1800.0
5.3610E+02,0.011090,0.009224,0.00497,1800.0
5.3620E+02,0.010054,0.010332,0.00497,0.0
5.3630E+02,0.008906,0.011334,0.00497,0.0
5.3640E+02,0.007655,0.012214,0.00497,0.0
5.3650E+02,0.006356,0.012941,0.00497,0.0
5.3660E+02,0.005016,0.013516,0.00497,0.0
5.3670E+02,0.003553,0.013977,0.00497,0.0
5.3680E+02,0.002218,0.014265,0.00497,1800.0
5.3690E+02,0.001733,0.014339,0.00497,1800.0
5.3700E+02,0.001725,0.014305,0.00497,1800.0
5.3710E+02,0.001550,0.013582,0.00497,1800.0
5.3721E+02,-0.000204,0.006329,0.00497,1800.0
5.3731E+02,-0.002073,-0.001401,0.00497,1800.0
5.3741E+02,-0.003816,-0.008612,0.00497,1800.0
5.3751E+02,-0.004482,-0.011364,0.00497,1800.0
5.3761E+02,-0.004534,-0.011581,0.00497,1800.0
5.3771E+02,-0.004660,-0.011529,0.00497,1800.0
5.3780E+02,-0.005224,-0.011261,0.00497,1800.0
5.3790E+02,-0.006561,-0.010552,0.00497,1800.0
5.3800E+02,-0.007754,-0.009717,0.00497,1800.0
5.3810E+02,-0.008883,-0.008699,0.00497,1800.0
5.3820E+02,-0.009859,-0.007573,0.00497,1800.0
5.3830E+02,-0.010714,-0.006285,0.00497,1800.0
5.3840E+02,-0.011368,-0.004996,0.00497,1800.0
5.3850E+02,-0.011894,-0.003516,0.00497,1800.0
5.3860E+02,-0.012231,-0.002082,0.00497,1800.0
5.3870E+02,-0.012388,-0.000605,0.00497,1800.0
5.3880E+02,-0.012369,0.000940,0.00497,1800.0
5.3891E+02,-0.012166,0.002449,0.00497,1800.0
5.3901E+02,-0.011780,0.003898,0.00497,1800.0
5.3911E+02,-0.011227,0.005299,0.00497,1800.0
5.3921E+02,-0.010541,0.006569,0.00497,1800.0
5.3931E+02,-0.009665,0.007823,0.00497,1800.0
5.3941E+02,-0.008639,0.008947,0.00497,1800.0
5.3950E+02,-0.007570,0.009834,0.00497,1800.0
5.3960E+02,-0.006322,0.010682,0.00497,1800.0
5.3970E+02,-0.005043,0.011347,0.00497,1800.0
5.3980E+02,-0.003618,0.011863,0.00497,1800.0
5.3990E+02,-0.002145,0.012221,0.00497,1800.0
5.4000E+02,-0.000650,0.012385,0.00497,1800.0
5.4010E+02,0.000875,0.012372,0.00497,1800.0
5.4020E+02,0.002363,0.012181,0.00497,1800.0
5.4030E+02,0.003825,0.011812,0.00497,1800.0
5.4040E+02,0.005247,0.011255,0.00497,1800.0
5.4050E+02,0.006526,0.010574,0.00497,1800.0
5.4060E+02,0.007766,0.009707,0.00497,1800.0
5.4071E+02,0.008880,0.008690,0.00497,1800.0
5.4081E+02,0.009853,0.007553,0.00497,1800.0
5.4091E+02,0.010686,0.006318,0.00497,1800.0
5.4101E+02,0.011381,0.004951,0.00497,1800.0
5.4111E+02,0.011901,0.003522,0.00497,1800.0
5.4120E+02,0.012214,0.002199,0.00497,1800.0
5.4130E+02,0.012395,0.000712,0.00497,1800.0
5.4140E+02,0.012391,-0.000726,0.00497,1800.0
5.4150E+02,0.012213,-0.002241,0.00497,1800.0
5.4160E+02,0.011839,-0.003757,0.00497,1800.0
5.4170E+02,0.011290,-0.005197,0.00497,1800.0
5.4180E+02,0.010590,-0.006485,0.00497,1800.0
5.4190E+02,0.009708,-0.007736,0.00497,1800.0
5.4200E+02,0.008727,-0.008828,0.00497,1800.0
5.4210E+02,0.007575,-0.009821,0.00497,1800.0
5.4220E+02,0.006328,-0.010679,0.00497,1800.0
