3.5972E+03,-0.010590,0.006407,0.04118,0.0
3.5973E+03,-0.009723,0.007655,0.04118,0.0
3.5974E+03,-0.008721,0.008756,0.04118,0.0
3.5975E+03,-0.007550,0.009767,0.04118,0.0
3.5976E+03,-0.006287,0.010629,0.04118,0.0
3.5977E+03,-0.004955,0.011323,0.04118,0.0
3.5978E+03,-0.003556,0.011830,0.04118,0.0
3.5979E+03,-0.002373,0.012142,0.04118,0.0
3.5981E+03,-0.001796,0.012245,0.04118,0.0
3.6320E+03,-0.016234,0.001718,0.04189,1800.0
3.6321E+03,-0.016236,0.001685,0.04189,1800.0
3.6322E+03,-0.016258,0.001367,0.04189,1800.0
3.6323E+03,-0.016313,-0.000172,0.04189,1800.0
3.6324E+03,-0.016225,-0.001666,0.04189,1800.0
3.6325E+03,-0.016000,-0.003133,0.04189,1800.0
3.6326E+03,-0.015637,-0.004603,0.04189,1800.0
3.6327E+03,-0.015146,-0.006018,0.04189,1800.0
3.6328E+03,-0.014516,-0.007402,0.04189,1800.0
3.6329E+03,-0.013775,-0.008713,0.04189,1800.0
3.6330E+03,-0.012920,-0.009938,0.04189,1800.0
3.6331E+03,-0.011915,-0.011124,0.04189,1800.0
3.6332E+03,-0.010835,-0.012186,0.04189,1800.0
3.6333E+03,-0.009659,-0.013150,0.04189,1800.0
3.6334E+03,-0.008439,-0.013962,0.04189,1800.0
3.6335E+03,-0.007300,-0.014583,0.04189,1800.0
3.6336E+03,-0.005935,-0.015186,0.04189,1800.0
3.6337E+03,-0.004851,-0.015577,0.04189,1800.0
3.6338E+03,-0.003538,-0.015909,0.04189,1800.0
3.6339E+03,-0.002077,-0.016164,0.04189,1800.0
3.6340E+03,-0.000850,-0.016284,0.04189,1800.0
3.6341E+03,0.000373,-0.016293,0.04189,1800.0
3.6342E+03,0.001852,-0.016201,0.04189,1800.0
3.6343E+03,0.003342,-0.015956,0.04189,1800.0
3.6344E+03,0.004826,-0.015583,0.04189,1800.0
3.6345E+03,0.006184,-0.015098,0.04189,1800.0
3.6346E+03,0.007585,-0.014446,0.04189,1800.0
3.6347E+03,0.008909,-0.013657,0.04189,1800.0
3.6348E+03,0.010141,-0.012774,0.04189,1800.0
3.6349E+03,0.011233,-0.011816,0.04189,1800.0
3.6350E+03,0.012250,-0.010750,0.04189,1800.0
3.6351E+03,0.013189,-0.009583,0.04189,1800.0
3.6352E+03,0.013946,-0.008437,0.04189,1800.0
3.6353E+03,0.014669,-0.007104,0.04189,1800.0
3.6354E+03,0.015260,-0.005751,0.04189,1800.0
3.6355E+03,0.015727,-0.004313,0.04189,1800.0
3.6356E+03,0.016064,-0.002814,0.04189,1800.0
3.6357E+03,0.016269,-0.001313,0.04189,1800.0
3.6358E+03,0.016313,0.000162,0.04189,1800.0
3.6359E+03,0.016212,0.001702,0.04189,1800.0
3.6360E+03,0.015979,0.003242,0.04189,1800.0
3.6361E+03,0.015632,0.004639,0.04189,1800.0
3.6362E+03,0.015148,0.006011,0.04189,1800.0
3.6363E+03,0.014510,0.007424,0.04189,1800.0
3.6364E+03,0.013754,0.008749,0.04189,1800.0
3.6365E+03,0.012884,0.009976,0.04189,1800.0
3.6366E+03,0.011880,0.011169,0.04189,1800.0
3.6367E+03,0.010811,0.012203,0.04189,1800.0
3.6368E+03,0.009672,0.013130,0.04189,1800.0
3.6369E+03,0.008556,0.013893,0.04189,1800.0
3.6370E+03,0.007220,0.014625,0.04189,1800.0
3.6371E+03,0.005867,0.015213,0.04189,1800.0
3.6372E+03,0.004390,0.015698,0.04189,1800.0
3.6373E+03,0.002945,0.016034,0.04189,1800.0
3.6374E+03,0.001486,0.016231,0.04189,1800.0
3.6375E+03,-0.000010,0.016298,0.04189,1800.0
3.6376E+03,-0.001296,0.016263,0.04189,1800.0
3.6377E+03,-0.002421,0.016121,0.04189,1800.0
3.6378E+03,-0.003900,0.015831,0.04189,1800.0
3.6379E+03,-0.005282,0.015429,0.04189,1800.0
3.6380E+03,-0.006300,0.015048,0.04189,1800.0
3.6381E+03,-0.007582,0.014448,0.04189,1800.0
3.6382E+03,-0.008920,0.013654,0.04189,1800.0
3.6383E+03,-0.010152,0.012762,0.04189,1800.0
3.6384E+03,-0.011256,0.011797,0.04189,1800.0
3.6385E+03,-0.012275,0.010730,0.04189,0.0
3.6386E+03,-0.013127,0.009656,0.04189,0.0
3.6387E+03,-0.013976,0.008384,0.04189,0.0
3.6388E+03,-0.014695,0.007063,0.04189,0.0
3.6389E+03,-0.015278,0.005674,0.04189,0.0
3.6390E+03,-0.015753,0.004234,0.04189,1800.0
3.6391E+03,-0.016077,0.002817,0.04189,1800.0
3.6393E+03,-0.016234,0.001718,0.04189,1800.0
3.6394E+03,-0.016228,0.001722,0.04189,1800.0
3.6395E+03,-0.012187,0.004071,0.04189,1800.0
3.6396E+03,-0.005703,0.007840,0.04189,1800.0
3.6397E+03,-0.002104,0.009933,0.04189,1800.0
3.6398E+03,-0.001128,0.010500,0.04189,1800.0
3.6399E+03,-0.001125,0.010500,0.04189,1800.0
3.6400E+03,-0.000605,0.010518,0.04189,1800.0
3.6401E+03,0.000716,0.010499,0.04189,1800.0
3.6402E+03,0.002211,0.010297,0.04189,1800.0
3.6403E+03,0.003500,0.009952,0.04189,1800.0
3.6404E+03,0.004905,0.009334,0.04189,1800.0
3.6405E+03,0.006165,0.008541,0.04189,1800.0
3.6406E+03,0.007321,0.007564,0.04189,1800.0
3.6407E+03,0.008339,0.006421,0.04189,1800.0
3.6408E+03,0.009149,0.005206,0.04189,1800.0
3.6409E+03,0.009790,0.003852,0.04189,1800.0
3.6410E+03,0.010243,0.002388,0.04189,1800.0
3.6411E+03,0.010481,0.000908,0.04189,1800.0
3.6412E+03,0.010514,-0.000562,0.04189,1800.0
3.6413E+03,0.010326,-0.002041,0.04189,1800.0
3.6414E+03,0.009947,-0.003486,0.04189,1800.0
3.6415E+03,0.009354,-0.004875,0.04189,1800.0
3.6416E+03,0.008514,-0.006222,0.04189,1800.0
3.6417E+03,0.007589,-0.007324,0.04189,1800.0
3.6418E+03,0.006474,-0.008313,0.04189,1800.0
3.6419E+03,0.005164,-0.009170,0.04189,1800.0
3.6420E+03,0.003969,-0.009750,0.04189,1800.0
3.6421E+03,0.002537,-0.010209,0.04189,1800.0
3.6422E+03,0.001035,-0.010471,0.04189,1800.0
3.6423E+03,-0.000421,-0.010514,0.04189,1800.0
3.6424E+03,-0.001881,-0.010359,0.04189,1800.0
3.6425E+03,-0.003370,-0.009983,0.04189,1800.0
3.6426E+03,-0.004809,-0.009389,0.04189,1800.0
3.6427E+03,-0.006090,-0.008607,0.04189,1800.0
3.6428E+03,-0.007236,-0.007667,0.04189,1800.0
3.6429E+03,-0.008245,-0.006565,0.04189,1800.0
3.6430E+03,-0.009098,-0.005284,0.04189,1800.0
3.6431E+03,-0.009765,-0.003923,0.04189,1800.0
3.6432E+03,-0.010223,-0.002521,0.04189,1800.0
3.6433E+03,-0.010466,-0.001035,0.04189,1800.0
3.6434E+03,-0.010508,0.000474,0.04189,1800.0
3.6435E+03,-0.010343,0.001945,0.04189,1800.0
3.6436E+03,-0.009960,0.003392,0.04189,1800.0
3.6437E+03,-0.009446,0.004673,0.04189,0.0
3.6438E+03,-0.008700,0.005962,0.04189,0.0
3.6439E+03,-0.007765,0.007135,0.04189,0.0
3.6440E+03,-0.006637,0.008192,0.04189,0.0
3.6441E+03,-0.005399,0.009038,0.04189,0.0
3.6442E+03,-0.004086,0.009705,0.04189,1800.0
3.6443E+03,-0.002649,0.010185,0.04189,1800.0
3.6444E+03,-0.001553,0.010431,0.04189,1800.0
3.6445E+03,-0.001128,0.010500,0.04189,1800.0
3.6446E+03,-0.001063,0.010493,0.04189,1800.0
3.6447E+03,0.001523,0.010209,0.04189,1800.0
3.6448E+03,0.007711,0.009529,0.04189,1800.0
3.6450E+03,0.011429,0.009120,0.04189,1800.0
3.6451E+03,0.011423,0.009127,0.04189,1800.0
3.6452E+03,0.011106,0.009501,0.04189,1800.0
3.6453E+03,0.010165,0.010493,0.04189,1800.0
3.6454E+03,0.009152,0.011368,0.04189,1800.0
3.6455E+03,0.007916,0.012260,0.04189,1800.0
3.6456E+03,0.006607,0.013016,0.04189,1800.0
3.6457E+03,0.005259,0.013615,0.04189,1800.0
3.6458E+03,0.003849,0.014085,0.04189,1800.0
3.6459E+03,0.002343,0.014406,0.04189,1800.0
3.6460E+03,0.000785,0.014585,0.04189,1800.0
3.6461E+03,-0.000719,0.014598,0.04189,1800.0
3.6462E+03,-0.002137,0.014456,0.04189,1800.0
3.6463E+03,-0.003664,0.014147,0.04189,1800.0
3.6464E+03,-0.005071,0.013696,0.04189,1800.0
3.6465E+03,-0.006446,0.013104,0.04189,1800.0
3.6466E+03,-0.007787,0.012342,0.04189,1800.0
3.6467E+03,-0.009006,0.011490,0.04189,1800.0
3.6468E+03,-0.010125,0.010511,0.04189,1800.0
3.6469E+03,-0.011180,0.009383,0.04189,1800.0
3.6470E+03,-0.012024,0.008288,0.04189,1800.0
3.6471E+03,-0.012794,0.007034,0.04189,1800.0
3.6472E+03,-0.013469,0.005660,0.04189,1800.0
3.6473E+03,-0.013988,0.004232,0.04189,1800.0
3.6474E+03,-0.014357,0.002773,0.04189,1800.0
3.6475E+03,-0.014546,0.001322,0.04189,1800.0
3.6476E+03,-0.014608,-0.000185,0.04189,1800.0
3.6477E+03,-0.014498,-0.001715,0.04189,1800.0
3.6478E+03,-0.014245,-0.003191,0.04189,1800.0
3.6479E+03,-0.013851,-0.004607,0.04189,1800.0
3.6480E+03,-0.013308,-0.005990,0.04189,1800.0
3.6481E+03,-0.012614,-0.007346,0.04189,1800.0
3.6482E+03,-0.011766,-0.008639,0.04189,1800.0
3.6483E+03,-0.010797,-0.009835,0.04189,1800.0
3.6484E+03,-0.009732,-0.010889,0.04189,1800.0
3.6485E+03,-0.008583,-0.011830,0.04189,1800.0
3.6486E+03,-0.007345,-0.012634,0.04189,1800.0
3.6487E+03,-0.006135,-0.013256,0.04189,1800.0
3.6488E+03,-0.004701,-0.013822,0.04189,1800.0
3.6489E+03,-0.003232,-0.014232,0.04189,1800.0
3.6490E+03,-0.001767,-0.014488,0.04189,1800.0
3.6491E+03,-0.000269,-0.014591,0.04189,1800.0
3.6492E+03,0.001215,-0.014546,0.04189,1800.0
3.6493E+03,0.002690,-0.014353,0.04189,1800.0
3.6494E+03,0.004184,-0.013989,0.04189,1800.0
3.6495E+03,0.005563,-0.013498,0.04189,1800.0
3.6496E+03,0.006988,-0.012829,0.04189,1800.0
3.6497E+03,0.008248,-0.012064,0.04189,1800.0
3.6498E+03,0.009404,-0.011176,0.04189,1800.0
3.6499E+03,0.010522,-0.010135,0.04189,1800.0
3.6500E+03,0.011474,-0.009027,0.04189,1800.0
3.6501E+03,0.012352,-0.007782,0.04189,1800.0
3.6502E+03,0.013111,-0.006413,0.04189,1800.0
3.6503E+03,0.013698,-0.005050,0.04189,1800.0
3.6504E+03,0.014097,-0.003795,0.04189,1800.0
3.6505E+03,0.014416,-0.002310,0.04189,1800.0
3.6506E+03,0.014580,-0.000810,0.04189,0.0
3.6507E+03,0.014587,0.000705,0.04189,0.0
3.6508E+03,0.014455,0.002205,0.04189,0.0
3.6509E+03,0.014150,0.003654,0.04189,0.0
3.6510E+03,0.013673,0.005162,0.04189,1800.0
3.6511E+03,0.013069,0.006513,0.04189,1800.0
3.6512E+03,0.012329,0.007819,0.04189,1800.0
3.6513E+03,0.011671,0.008792,0.04189,1800.0
3.6514E+03,0.011429,0.009120,0.04189,1800.0
3.6515E+03,0.011403,0.009126,0.04189,1800.0
3.6516E+03,0.008855,0.009741,0.04189,1800.0
3.6517E+03,0.002915,0.011175,0.04189,1800.0
3.6518E+03,-0.001293,0.012191,0.04189,1800.0
3.6519E+03,-0.001301,0.012193,0.04189,1800.0
3.6520E+03,-0.001271,0.012195,0.04189,1800.0
3.6521E+03,-0.000926,0.012214,0.04189,1800.0
3.6522E+03,0.000458,0.012220,0.04189,1800.0
3.6523E+03,0.001934,0.012077,0.04189,1800.0
3.6524E+03,0.003388,0.011756,0.04189,1800.0
3.6525E+03,0.004844,0.011224,0.04189,1800.0
3.6526E+03,0.006226,0.010519,0.04189,1800.0
3.6527E+03,0.007478,0.009664,0.04189,1800.0
3.6528E+03,0.008596,0.008697,0.04189,1800.0
3.6529E+03,0.009575,0.007603,0.04189,1800.0
3.6530E+03,0.010462,0.006347,0.04189,1800.0
3.6531E+03,0.011176,0.004993,0.04189,1800.0
3.6532E+03,0.011700,0.003631,0.04189,1800.0
3.6533E+03,0.012043,0.002206,0.04189,1800.0
3.6534E+03,0.012212,0.000719,0.04189,1800.0
3.6535E+03,0.012211,-0.000799,0.04189,1800.0
3.6536E+03,0.011999,-0.002347,0.04189,1800.0
3.6537E+03,0.011620,-0.003815,0.04189,1800.0
3.6538E+03,0.011064,-0.005193,0.04189,1800.0
3.6539E+03,0.010441,-0.006359,0.04189,1800.0
3.6540E+03,0.009603,-0.007567,0.04189,1800.0
3.6541E+03,0.008592,-0.008711,0.04189,1800.0
3.6542E+03,0.007438,-0.009728,0.04189,1800.0
3.6543E+03,0.006190,-0.010566,0.04189,1800.0
3.6544E+03,0.004834,-0.011253,0.04189,1800.0
3.6545E+03,0.003436,-0.011743,0.04189,1800.0
3.6546E+03,0.001961,-0.012079,0.04189,1800.0
3.6547E+03,0.000446,-0.012220,0.04189,1800.0
3.6548E+03,-0.001056,-0.012186,0.04189,1800.0
3.6549E+03,-0.002531,-0.011962,0.04189,1800.0
3.6550E+03,-0.004001,-0.011547,0.04189,1800.0
3.6551E+03,-0.005401,-0.010965,0.04189,1800.0
3.6552E+03,-0.006683,-0.010244,0.04189,1800.0
3.6553E+03,-0.007885,-0.009364,0.04189,1800.0
3.6554E+03,-0.009011,-0.008276,0.04189,1800.0
3.6555E+03,-0.009948,-0.007132,0.04189,1800.0
3.6556E+03,-0.010677,-0.005979,0.04189,1800.0
3.6557E+03,-0.011315,-0.004661,0.04189,1800.0
3.6558E+03,-0.011813,-0.003183,0.04189,1800.0
3.6559E+03,-0.012110,-0.001762,0.04189,1800.0
3.6560E+03,-0.012223,-0.000295,0.04189,1800.0
3.6561E+03,-0.012164,0.001209,0.04189,1800.0
3.6562E+03,-0.011915,0.002705,0.04189,1800.0
3.6563E+03,-0.011502,0.004161,0.04189,1800.0
3.6564E+03,-0.010909,0.005537,0.04189,1800.0
