2.1298E+03,-0.005976,-0.010751,0.01917,0.0
2.1299E+03,-0.007243,-0.009931,0.01917,0.0
2.1300E+03,-0.008443,-0.008940,0.01917,0.0
2.1301E+03,-0.009435,-0.007911,0.01917,0.0
2.1302E+03,-0.010347,-0.006680,0.01917,0.0
2.1303E+03,-0.011070,-0.005368,0.01917,0.0
2.1304E+03,-0.011636,-0.003981,0.01917,0.0
2.1305E+03,-0.011951,-0.002947,0.01917,0.0
2.1307E+03,-0.012043,-0.002610,0.01917,0.0
2.1637E+03,-0.005283,0.015239,0.01988,1800.0
2.1638E+03,-0.005282,0.015242,0.01988,1800.0
2.1639E+03,-0.005288,0.015240,0.01988,1800.0
2.1640E+03,-0.005398,0.015203,0.01988,1800.0
2.1641E+03,-0.006686,0.014672,0.01988,1800.0
2.1642E+03,-0.008026,0.013975,0.01988,1800.0
2.1643E+03,-0.009292,0.013170,0.01988,1800.0
2.1644E+03,-0.010441,0.012277,0.01988,1800.0
2.1645E+03,-0.011554,0.011224,0.01988,1800.0
2.1646E+03,-0.012557,0.010100,0.01988,1800.0
2.1647E+03,-0.013418,0.008924,0.01988,1800.0
2.1648E+03,-0.014197,0.007609,0.01988,1800.0
2.1649E+03,-0.014870,0.006222,0.01988,1800.0
2.1650E+03,-0.015394,0.004800,0.01988,1800.0
2.1651E+03,-0.015761,0.003392,0.01988,1800.0
2.1652E+03,-0.016026,0.001847,0.01988,1800.0
2.1653E+03,-0.016119,0.000409,0.01988,1800.0
2.1654E+03,-0.016078,-0.001141,0.01988,1800.0
2.1655E+03,-0.015893,-0.002668,0.01988,1800.0
2.1656E+03,-0.015620,-0.003951,0.01988,1800.0
2.1657E+03,-0.015195,-0.005356,0.01988,1800.0
2.1658E+03,-0.014627,-0.006751,0.01988,1800.0
2.1659E+03,-0.013938,-0.008083,0.01988,1800.0
2.1660E+03,-0.013140,-0.009353,0.01988,1800.0
2.1661E+03,-0.012236,-0.010574,0.01988,1800.0
2.1662E+03,-0.011097,-0.011707,0.01988,1800.0
2.1663E+03,-0.009981,-0.012672,0.01988,1800.0
2.1664E+03,-0.008765,-0.013538,0.01988,1800.0
2.1665E+03,-0.007430,-0.014304,0.01988,1800.0
2.1666E+03,-0.006110,-0.014916,0.01988,1800.0
2.1667E+03,-0.004682,-0.015416,0.01988,1800.0
2.1668E+03,-0.003214,-0.015787,0.01988,1800.0
2.1669E+03,-0.001864,-0.016004,0.01988,1800.0
2.1670E+03,-0.000637,-0.016107,0.01988,1800.0
2.1671E+03,0.000680,-0.016099,0.01988,1800.0
2.1672E+03,0.002204,-0.015966,0.01988,1800.0
2.1673E+03,0.003497,-0.015740,0.01988,1800.0
2.1674E+03,0.004961,-0.015354,0.01988,1800.0
2.1675E+03,0.006413,-0.014795,0.01988,1800.0
2.1676E+03,0.007775,-0.014121,0.01988,1800.0
2.1677E+03,0.009028,-0.013355,0.01988,1800.0
2.1678E+03,0.010222,-0.012457,0.01988,1800.0
2.1679E+03,0.011342,-0.011441,0.01988,1800.0
2.1680E+03,0.012355,-0.010339,0.01988,1800.0
2.1681E+03,0.013276,-0.009123,0.01988,1800.0
2.1682E+03,0.014082,-0.007808,0.01988,1800.0
2.1683E+03,0.014724,-0.006482,0.01988,1800.0
2.1684E+03,0.015276,-0.005127,0.01988,1800.0
2.1685E+03,0.015712,-0.003613,0.01988,1800.0
2.1686E+03,0.015988,-0.002129,0.01988,1800.0
2.1687E+03,0.016111,-0.000673,0.01988,1800.0
2.1688E+03,0.016104,0.000894,0.01988,1800.0
2.1689E+03,0.015955,0.002320,0.01988,1800.0
2.1690E+03,0.015693,0.003646,0.01988,1800.0
2.1691E+03,0.015274,0.005126,0.01988,1800.0
2.1692E+03,0.014731,0.006533,0.01988,1800.0
2.1693E+03,0.014063,0.007860,0.01988,1800.0
2.1694E+03,0.013264,0.009148,0.01988,1800.0
2.1695E+03,0.012341,0.010367,0.01988,1800.0
2.1696E+03,0.011325,0.011465,0.01988,1800.0
2.1697E+03,0.010213,0.012478,0.01988,1800.0
2.1698E+03,0.008966,0.013408,0.01988,1800.0
2.1699E+03,0.007739,0.014146,0.01988,1800.0
2.1700E+03,0.006322,0.014828,0.01988,1800.0
2.1701E+03,0.004923,0.015347,0.01988,1800.0
2.1702E+03,0.003515,0.015727,0.01988,0.0
2.1703E+03,0.002061,0.015980,0.01988,0.0
2.1704E+03,0.000553,0.016104,0.01988,0.0
2.1705E+03,-0.000744,0.016100,0.01988,0.0
2.1706E+03,-0.001933,0.015996,0.01988,0.0
2.1707E+03,-0.003342,0.015764,0.01988,1800.0
2.1708E+03,-0.004609,0.015460,0.01988,1800.0
2.1710E+03,-0.005282,0.015242,0.01988,1800.0
2.1711E+03,-0.005408,0.014847,0.01988,1800.0
2.1712E+03,-0.007320,0.008835,0.01988,1800.0
2.1713E+03,-0.009530,0.001890,0.01988,1800.0
2.1714E+03,-0.010489,-0.001127,0.01988,1800.0
2.1715E+03,-0.010625,-0.001553,0.01988,1800.0
2.1716E+03,-0.010646,-0.001411,0.01988,1800.0
2.1717E+03,-0.010695,-0.000626,0.01988,1800.0
2.1718E+03,-0.010667,0.000894,0.01988,1800.0
2.1719E+03,-0.010445,0.002416,0.01988,1800.0
2.1720E+03,-0.010020,0.003818,0.01988,1800.0
2.1721E+03,-0.009397,0.005183,0.01988,1800.0
2.1722E+03,-0.008540,0.006507,0.01988,1800.0
2.1723E+03,-0.007573,0.007603,0.01988,1800.0
2.1724E+03,-0.006406,0.008592,0.01988,1800.0
2.1725E+03,-0.005249,0.009335,0.01988,1800.0
2.1726E+03,-0.003930,0.009960,0.01988,1800.0
2.1727E+03,-0.002503,0.010412,0.01988,1800.0
2.1728E+03,-0.000980,0.010664,0.01988,1800.0
2.1729E+03,0.000483,0.010709,0.01988,1800.0
2.1730E+03,0.001940,0.010536,0.01988,1800.0
2.1731E+03,0.003466,0.010156,0.01988,1800.0
2.1732E+03,0.004786,0.009601,0.01988,1800.0
2.1733E+03,0.006118,0.008819,0.01988,1800.0
2.1734E+03,0.007281,0.007876,0.01988,1800.0
2.1735E+03,0.008338,0.006740,0.01988,1800.0
2.1736E+03,0.009189,0.005516,0.01988,1800.0
2.1737E+03,0.009864,0.004178,0.01988,1800.0
2.1738E+03,0.010348,0.002754,0.01988,1800.0
2.1739E+03,0.010627,0.001313,0.01988,1800.0
2.1740E+03,0.010705,-0.000170,0.01988,1800.0
2.1741E+03,0.010575,-0.001713,0.01988,1800.0
2.1742E+03,0.010274,-0.003061,0.01988,1800.0
2.1743E+03,0.009774,-0.004411,0.01988,1800.0
2.1744E+03,0.009058,-0.005768,0.01988,1800.0
2.1745E+03,0.008164,-0.006970,0.01988,1800.0
2.1746E+03,0.007092,-0.008044,0.01988,1800.0
2.1747E+03,0.005861,-0.008976,0.01988,1800.0
2.1748E+03,0.004559,-0.009691,0.01988,1800.0
2.1749E+03,0.003209,-0.010220,0.01988,1800.0
2.1750E+03,0.001754,-0.010563,0.01988,1800.0
2.1751E+03,0.000228,-0.010702,0.01988,1800.0
2.1752E+03,-0.001308,-0.010626,0.01988,1800.0
2.1753E+03,-0.002782,-0.010355,0.01988,1800.0
2.1754E+03,-0.004152,-0.009874,0.01988,0.0
2.1755E+03,-0.005564,-0.009166,0.01988,0.0
2.1756E+03,-0.006809,-0.008307,0.01988,0.0
2.1757E+03,-0.007847,-0.007321,0.01988,0.0
2.1758E+03,-0.008796,-0.006135,0.01988,0.0
2.1759E+03,-0.009513,-0.004928,0.01988,0.0
2.1760E+03,-0.010099,-0.003571,0.01988,1800.0
2.1761E+03,-0.010482,-0.002213,0.01988,1800.0
2.1762E+03,-0.010618,-0.001596,0.01988,1800.0
2.1763E+03,-0.010625,-0.001553,0.01988,1800.0
2.1764E+03,-0.010159,-0.000068,0.01988,1800.0
2.1765E+03,-0.008542,0.005087,0.01988,1800.0
2.1766E+03,-0.006603,0.011266,0.01988,1800.0
2.1768E+03,-0.006021,0.013122,0.01988,1800.0
2.1769E+03,-0.006021,0.013120,0.01988,1800.0
2.1770E+03,-0.007003,0.012613,0.01988,1800.0
2.1771E+03,-0.008232,0.011835,0.01988,1800.0
2.1772E+03,-0.009419,0.010900,0.01988,1800.0
2.1773E+03,-0.010521,0.009855,0.01988,1800.0
2.1774E+03,-0.011469,0.008720,0.01988,1800.0
2.1775E+03,-0.012208,0.007668,0.01988,1800.0
2.1776E+03,-0.012754,0.006710,0.01988,1800.0
2.1777E+03,-0.013396,0.005334,0.01988,1800.0
2.1778E+03,-0.013893,0.003861,0.01988,1800.0
2.1779E+03,-0.014233,0.002379,0.01988,1800.0
2.1780E+03,-0.014397,0.000913,0.01988,1800.0
2.1781E+03,-0.014411,-0.000585,0.01988,1800.0
2.1782E+03,-0.014267,-0.002090,0.01988,1800.0
2.1783E+03,-0.013971,-0.003532,0.01988,1800.0
2.1784E+03,-0.013521,-0.004981,0.01988,1800.0
2.1785E+03,-0.012917,-0.006380,0.01988,1800.0
2.1786E+03,-0.012297,-0.007526,0.01988,1800.0
2.1787E+03,-0.011580,-0.008574,0.01988,1800.0
2.1788E+03,-0.010623,-0.009746,0.01988,1800.0
2.1789E+03,-0.009535,-0.010805,0.01988,1800.0
2.1790E+03,-0.008346,-0.011764,0.01988,1800.0
2.1791E+03,-0.007115,-0.012551,0.01988,1800.0
2.1792E+03,-0.005756,-0.013232,0.01988,1800.0
2.1793E+03,-0.004507,-0.013693,0.01988,1800.0
2.1794E+03,-0.003037,-0.014086,0.01988,1800.0
2.1795E+03,-0.001510,-0.014330,0.01988,1800.0
2.1796E+03,-0.000035,-0.014412,0.01988,1800.0
2.1797E+03,0.001443,-0.014337,0.01988,1800.0
2.1798E+03,0.002940,-0.014107,0.01988,1800.0
2.1799E+03,0.004409,-0.013722,0.01988,1800.0
2.1800E+03,0.005841,-0.013175,0.01988,1800.0
2.1801E+03,0.007187,-0.012502,0.01988,1800.0
2.1802E+03,0.008438,-0.011703,0.01988,1800.0
2.1803E+03,0.009573,-0.010792,0.01988,1800.0
2.1804E+03,0.010639,-0.009740,0.01988,1800.0
2.1805E+03,0.011624,-0.008536,0.01988,1800.0
2.1806E+03,0.012432,-0.007300,0.01988,1800.0
2.1807E+03,0.013141,-0.005920,0.01988,1800.0
2.1808E+03,0.013689,-0.004494,0.01988,1800.0
2.1809E+03,0.014085,-0.003046,0.01988,1800.0
2.1810E+03,0.014318,-0.001657,0.01988,1800.0
2.1811E+03,0.014411,-0.000550,0.01988,1800.0
2.1812E+03,0.014400,0.000618,0.01988,1800.0
2.1813E+03,0.014263,0.002135,0.01988,1800.0
2.1814E+03,0.013960,0.003642,0.01988,1800.0
2.1815E+03,0.013503,0.005086,0.01988,1800.0
2.1816E+03,0.012901,0.006448,0.01988,1800.0
2.1817E+03,0.012155,0.007755,0.01988,1800.0
2.1818E+03,0.011276,0.008979,0.01988,1800.0
2.1819E+03,0.010270,0.010109,0.01988,1800.0
2.1820E+03,0.009176,0.011106,0.01988,1800.0
2.1821E+03,0.007990,0.011992,0.01988,1800.0
2.1822E+03,0.006667,0.012774,0.01988,1800.0
2.1823E+03,0.005277,0.013408,0.01988,1800.0
2.1824E+03,0.003887,0.013883,0.01988,0.0
2.1825E+03,0.002366,0.014227,0.01988,0.0
2.1826E+03,0.000861,0.014403,0.01988,0.0
2.1827E+03,-0.000594,0.014419,0.01988,0.0
2.1828E+03,-0.002005,0.014274,0.01988,0.0
2.1829E+03,-0.003450,0.013996,0.01988,1800.0
2.1830E+03,-0.004883,0.013555,0.01988,1800.0
2.1831E+03,-0.005756,0.013232,0.01988,1800.0
2.1832E+03,-0.006021,0.013122,0.01988,1800.0
2.1833E+03,-0.006162,0.012786,0.01988,1800.0
2.1834E+03,-0.007426,0.009782,0.01988,1800.0
2.1835E+03,-0.010281,0.002991,0.01988,1800.0
2.1836E+03,-0.012267,-0.001731,0.01988,1800.0
2.1837E+03,-0.012304,-0.001819,0.01988,1800.0
2.1838E+03,-0.012304,-0.001818,0.01988,1800.0
2.1839E+03,-0.012383,-0.001192,0.01988,1800.0
2.1840E+03,-0.012419,0.000281,0.01988,1800.0
2.1841E+03,-0.012284,0.001800,0.01988,1800.0
2.1842E+03,-0.011971,0.003287,0.01988,1800.0
2.1843E+03,-0.011483,0.004727,0.01988,1800.0
2.1844E+03,-0.010831,0.006071,0.01988,1800.0
2.1845E+03,-0.010113,0.007206,0.01988,1800.0
2.1846E+03,-0.009161,0.008378,0.01988,1800.0
2.1847E+03,-0.008094,0.009422,0.01988,1800.0
2.1848E+03,-0.006893,0.010340,0.01988,1800.0
2.1849E+03,-0.005597,0.011101,0.01988,1800.0
2.1850E+03,-0.004251,0.011686,0.01988,1800.0
2.1851E+03,-0.002751,0.012124,0.01988,1800.0
2.1852E+03,-0.001236,0.012357,0.01988,1800.0
2.1853E+03,0.000256,0.012412,0.01988,1800.0
2.1854E+03,0.001689,0.012298,0.01988,1800.0
2.1855E+03,0.003139,0.012008,0.01988,1800.0
2.1856E+03,0.004580,0.011537,0.01988,1800.0
2.1857E+03,0.005942,0.010900,0.01988,1800.0
2.1858E+03,0.007212,0.010112,0.01988,1800.0
2.1859E+03,0.008398,0.009142,0.01988,1800.0
2.1860E+03,0.009467,0.008037,0.01988,1800.0
2.1861E+03,0.010384,0.006836,0.01988,1800.0
2.1862E+03,0.011137,0.005545,0.01988,1800.0
2.1863E+03,0.011654,0.004311,0.01988,1800.0
2.1864E+03,0.012085,0.002857,0.01988,1800.0
2.1865E+03,0.012338,0.001332,0.01988,1800.0
2.1866E+03,0.012405,-0.000159,0.01988,1800.0
2.1867E+03,0.012311,-0.001608,0.01988,1800.0
2.1868E+03,0.012029,-0.003059,0.01988,1800.0
2.1869E+03,0.011581,-0.004486,0.01988,1800.0
2.1870E+03,0.010946,-0.005855,0.01988,1800.0
2.1871E+03,0.010123,-0.007198,0.01988,1800.0
2.1872E+03,0.009149,-0.008406,0.01988,1800.0
2.1873E+03,0.008112,-0.009419,0.01988,1800.0
2.1874E+03,0.006898,-0.010349,0.01988,1800.0
2.1875E+03,0.005582,-0.011102,0.01988,1800.0
2.1876E+03,0.004188,-0.011693,0.01988,1800.0
2.1877E+03,0.002746,-0.012110,0.01988,1800.0
2.1878E+03,0.001277,-0.012342,0.01988,1800.0
2.1879E+03,-0.000073,-0.012410,0.01988,1800.0
2.1880E+03,-0.001575,-0.012312,0.01988,1800.0
2.1881E+03,-0.003039,-0.012044,0.01988,1800.0
2.1882E+03,-0.004464,-0.011597,0.01988,1800.0
