4.7388E+03,0.004993,0.011736,0.05183,0.0
4.7389E+03,0.006329,0.011072,0.05183,0.0
4.7390E+03,0.007551,0.010279,0.05183,0.0
4.7391E+03,0.008723,0.009316,0.05183,0.0
4.7392E+03,0.009738,0.008260,0.05183,0.0
4.7392E+03,0.010560,0.007174,0.05183,0.0
4.7393E+03,0.011343,0.005827,0.05183,0.0
4.7394E+03,0.011869,0.004712,0.05183,0.0
4.7396E+03,0.012011,0.004380,0.05183,0.0
4.7867E+03,0.010220,0.014285,0.05254,1800.0
4.7868E+03,0.010106,0.014362,0.05254,1800.0
4.7869E+03,0.009525,0.014738,0.05254,1800.0
4.7870E+03,0.008219,0.015510,0.05254,1800.0
4.7871E+03,0.006809,0.016189,0.05254,1800.0
4.7872E+03,0.005466,0.016682,0.05254,1800.0
4.7873E+03,0.003987,0.017085,0.05254,1800.0
4.7873E+03,0.002655,0.017344,0.05254,1800.0
4.7874E+03,0.001108,0.017502,0.05254,1800.0
4.7875E+03,-0.000382,0.017539,0.05254,1800.0
4.7876E+03,-0.001860,0.017442,0.05254,1800.0
4.7877E+03,-0.003368,0.017215,0.05254,1800.0
4.7878E+03,-0.004819,0.016873,0.05254,1800.0
4.7879E+03,-0.006300,0.016376,0.05254,1800.0
4.7880E+03,-0.007649,0.015801,0.05254,1800.0
4.7881E+03,-0.008960,0.015096,0.05254,1800.0
4.7882E+03,-0.010219,0.014273,0.05254,1800.0
4.7883E+03,-0.011461,0.013294,0.05254,1800.0
4.7885E+03,-0.012515,0.012304,0.05254,1800.0
4.7886E+03,-0.013501,0.011199,0.05254,1800.0
4.7887E+03,-0.014424,0.009976,0.05254,1800.0
4.7888E+03,-0.015227,0.008707,0.05254,1800.0
4.7889E+03,-0.015927,0.007355,0.05254,1800.0
4.7890E+03,-0.016505,0.005925,0.05254,1800.0
4.7890E+03,-0.016897,0.004733,0.05254,1800.0
4.7891E+03,-0.017177,0.003595,0.05254,1800.0
4.7892E+03,-0.017411,0.002197,0.05254,1800.0
4.7893E+03,-0.017541,0.000688,0.05254,1800.0
4.7894E+03,-0.017528,-0.000817,0.05254,1800.0
4.7895E+03,-0.017395,-0.002272,0.05254,1800.0
4.7896E+03,-0.017189,-0.003512,0.05254,1800.0
4.7897E+03,-0.016880,-0.004773,0.05254,1800.0
4.7898E+03,-0.016429,-0.006143,0.05254,1800.0
4.7899E+03,-0.015848,-0.007524,0.05254,1800.0
4.7900E+03,-0.015125,-0.008873,0.05254,1800.0
4.7902E+03,-0.014298,-0.010162,0.05254,1800.0
4.7903E+03,-0.013395,-0.011338,0.05254,1800.0
4.7904E+03,-0.012345,-0.012473,0.05254,1800.0
4.7905E+03,-0.011216,-0.013501,0.05254,1800.0
4.7906E+03,-0.010097,-0.014364,0.05254,1800.0
4.7907E+03,-0.008823,-0.015180,0.05254,1800.0
4.7907E+03,-0.007621,-0.015805,0.05254,1800.0
4.7908E+03,-0.006169,-0.016419,0.05254,1800.0
4.7909E+03,-0.004740,-0.016890,0.05254,1800.0
4.7910E+03,-0.003268,-0.017233,0.05254,1800.0
4.7911E+03,-0.001785,-0.017453,0.05254,1800.0
4.7912E+03,-0.000326,-0.017539,0.05254,1800.0
4.7913E+03,0.001191,-0.017505,0.05254,1800.0
4.7914E+03,0.002712,-0.017339,0.05254,1800.0
4.7915E+03,0.004204,-0.017039,0.05254,1800.0
4.7916E+03,0.005644,-0.016627,0.05254,1800.0
4.7917E+03,0.007059,-0.016073,0.05254,1800.0
4.7919E+03,0.008437,-0.015388,0.05254,1800.0
4.7920E+03,0.009666,-0.014645,0.05254,1800.0
4.7921E+03,0.010899,-0.013748,0.05254,1800.0
4.7922E+03,0.012022,-0.012777,0.05254,1800.0
4.7923E+03,0.013053,-0.011717,0.05254,1800.0
4.7924E+03,0.014032,-0.010514,0.05254,1800.0
4.7925E+03,0.014909,-0.009257,0.05254,1800.0
4.7925E+03,0.015492,-0.008259,0.05254,1800.0
4.7926E+03,0.015927,-0.007377,0.05254,1800.0
4.7927E+03,0.016490,-0.006018,0.05254,1800.0
4.7928E+03,0.016958,-0.004536,0.05254,1800.0
4.7929E+03,0.017275,-0.003082,0.05254,1800.0
4.7930E+03,0.017434,-0.001991,0.05254,1800.0
4.7931E+03,0.017533,-0.000645,0.05254,1800.0
4.7932E+03,0.017522,0.000833,0.05254,1800.0
4.7933E+03,0.017437,0.002017,0.05254,1800.0
4.7934E+03,0.017249,0.003223,0.05254,1800.0
4.7936E+03,0.016899,0.004689,0.05254,1800.0
4.7937E+03,0.016427,0.006139,0.05254,0.0
4.7938E+03,0.015925,0.007378,0.05254,0.0
4.7939E+03,0.015457,0.008307,0.05254,0.0
4.7940E+03,0.014741,0.009524,0.05254,0.0
4.7941E+03,0.013894,0.010741,0.05254,1800.0
4.7942E+03,0.012887,0.011914,0.05254,1800.0
4.7942E+03,0.011962,0.012834,0.05254,1800.0
4.7943E+03,0.010821,0.013810,0.05254,1800.0
4.7944E+03,0.010311,0.014216,0.05254,1800.0
4.7945E+03,0.010220,0.014285,0.05254,1800.0
4.7946E+03,0.010018,0.013027,0.05254,1800.0
4.7947E+03,0.009371,0.008998,0.05254,1800.0
4.7948E+03,0.008544,0.003851,0.05254,1800.0
4.7949E+03,0.008527,0.003745,0.05254,1800.0
4.7950E+03,0.008548,0.003694,0.05254,1800.0
4.7951E+03,0.008759,0.003154,0.05254,1800.0
4.7953E+03,0.009143,0.001710,0.05254,1800.0
4.7954E+03,0.009305,0.000199,0.05254,1800.0
4.7955E+03,0.009198,-0.001282,0.05254,1800.0
4.7956E+03,0.008851,-0.002768,0.05254,1800.0
4.7957E+03,0.008301,-0.004165,0.05254,1800.0
4.7958E+03,0.007484,-0.005469,0.05254,1800.0
4.7959E+03,0.006502,-0.006616,0.05254,1800.0
4.7959E+03,0.005505,-0.007482,0.05254,1800.0
4.7960E+03,0.004221,-0.008275,0.05254,1800.0
4.7961E+03,0.002844,-0.008852,0.05254,1800.0
4.7962E+03,0.001410,-0.009195,0.05254,1800.0
4.7963E+03,-0.000116,-0.009309,0.05254,1800.0
4.7964E+03,-0.001661,-0.009149,0.05254,1800.0
4.7965E+03,-0.003079,-0.008770,0.05254,1800.0
4.7966E+03,-0.004449,-0.008152,0.05254,1800.0
4.7967E+03,-0.005704,-0.007325,0.05254,1800.0
4.7968E+03,-0.006804,-0.006311,0.05254,1800.0
4.7969E+03,-0.007729,-0.005121,0.05254,1800.0
4.7971E+03,-0.008470,-0.003807,0.05254,1800.0
4.7972E+03,-0.008967,-0.002396,0.05254,1800.0
4.7973E+03,-0.009240,-0.000911,0.05254,1800.0
4.7974E+03,-0.009273,0.000588,0.05254,1800.0
4.7975E+03,-0.009064,0.002129,0.05254,1800.0
4.7976E+03,-0.008608,0.003531,0.05254,1800.0
4.7976E+03,-0.008006,0.004727,0.05254,1800.0
4.7977E+03,-0.007108,0.005970,0.05254,1800.0
4.7978E+03,-0.006124,0.007040,0.05254,1800.0
4.7979E+03,-0.004878,0.007910,0.05254,1800.0
4.7980E+03,-0.003498,0.008596,0.05254,1800.0
4.7981E+03,-0.002094,0.009044,0.05254,1800.0
4.7982E+03,-0.000624,0.009259,0.05254,0.0
4.7983E+03,0.000923,0.009236,0.05254,0.0
4.7984E+03,0.002405,0.008977,0.05254,0.0
4.7985E+03,0.003801,0.008477,0.05254,0.0
4.7986E+03,0.005129,0.007773,0.05254,1800.0
4.7988E+03,0.006295,0.006860,0.05254,1800.0
4.7989E+03,0.007347,0.005691,0.05254,1800.0
4.7990E+03,0.008145,0.004477,0.05254,1800.0
4.7991E+03,0.008464,0.003883,0.05254,1800.0
4.7992E+03,0.008527,0.003745,0.05254,1800.0
4.7993E+03,0.009340,0.003391,0.05254,1800.0
4.7993E+03,0.012305,0.002100,0.05254,1800.0
4.7994E+03,0.015820,0.000570,0.05254,1800.0
4.7995E+03,0.015843,0.000560,0.05254,1800.0
4.7996E+03,0.015841,0.000623,0.05254,1800.0
4.7997E+03,0.015799,0.001281,0.05254,1800.0
4.7998E+03,0.015607,0.002744,0.05254,1800.0
4.7999E+03,0.015259,0.004298,0.05254,1800.0
4.8000E+03,0.014820,0.005683,0.05254,1800.0
4.8001E+03,0.014433,0.006582,0.05254,1800.0
4.8002E+03,0.013804,0.007756,0.05254,1800.0
4.8003E+03,0.012991,0.009063,0.05254,1800.0
4.8005E+03,0.012058,0.010271,0.05254,1800.0
4.8006E+03,0.011011,0.011381,0.05254,1800.0
4.8007E+03,0.009881,0.012379,0.05254,1800.0
4.8008E+03,0.008706,0.013237,0.05254,1800.0
4.8009E+03,0.007424,0.014004,0.05254,1800.0
4.8010E+03,0.006046,0.014657,0.05254,1800.0
4.8011E+03,0.004635,0.015162,0.05254,1800.0
4.8011E+03,0.003326,0.015491,0.05254,1800.0
4.8012E+03,0.001819,0.015741,0.05254,1800.0
4.8013E+03,0.000271,0.015838,0.05254,1800.0
4.8014E+03,-0.001258,0.015788,0.05254,1800.0
4.8015E+03,-0.002730,0.015604,0.05254,1800.0
4.8016E+03,-0.004189,0.015275,0.05254,1800.0
4.8017E+03,-0.005618,0.014812,0.05254,1800.0
4.8018E+03,-0.006967,0.014227,0.05254,1800.0
4.8019E+03,-0.008288,0.013504,0.05254,1800.0
4.8020E+03,-0.009551,0.012648,0.05254,1800.0
4.8022E+03,-0.010707,0.011699,0.05254,1800.0
4.8023E+03,-0.011799,0.010595,0.05254,1800.0
4.8024E+03,-0.012711,0.009474,0.05254,1800.0
4.8025E+03,-0.013548,0.008216,0.05254,1800.0
4.8026E+03,-0.014272,0.006870,0.05254,1800.0
4.8027E+03,-0.014862,0.005470,0.05254,1800.0
4.8028E+03,-0.015318,0.004011,0.05254,1800.0
4.8028E+03,-0.015588,0.002847,0.05254,1800.0
4.8029E+03,-0.015742,0.001808,0.05254,1800.0
4.8030E+03,-0.015826,0.000732,0.05254,1800.0
4.8031E+03,-0.015842,-0.000516,0.05254,1800.0
4.8032E+03,-0.015780,-0.001502,0.05254,1800.0
4.8033E+03,-0.015557,-0.003037,0.05254,1800.0
4.8034E+03,-0.015189,-0.004522,0.05254,1800.0
4.8035E+03,-0.014715,-0.005888,0.05254,1800.0
4.8036E+03,-0.014083,-0.007251,0.05254,1800.0
4.8037E+03,-0.013331,-0.008555,0.05254,1800.0
4.8039E+03,-0.012449,-0.009790,0.05254,1800.0
4.8040E+03,-0.011438,-0.010953,0.05254,1800.0
4.8041E+03,-0.010347,-0.011989,0.05254,1800.0
4.8042E+03,-0.009177,-0.012912,0.05254,1800.0
4.8043E+03,-0.007881,-0.013745,0.05254,1800.0
4.8044E+03,-0.006547,-0.014438,0.05254,1800.0
4.8045E+03,-0.005172,-0.014986,0.05254,1800.0
4.8045E+03,-0.003941,-0.015356,0.05254,1800.0
4.8046E+03,-0.002458,-0.015662,0.05254,1800.0
4.8047E+03,-0.000908,-0.015816,0.05254,1800.0
4.8048E+03,0.000563,-0.015833,0.05254,1800.0
4.8049E+03,0.002082,-0.015699,0.05254,1800.0
4.8050E+03,0.003585,-0.015431,0.05254,1800.0
4.8051E+03,0.005042,-0.015012,0.05254,1800.0
4.8052E+03,0.006464,-0.014469,0.05254,1800.0
4.8053E+03,0.007771,-0.013807,0.05254,1800.0
4.8054E+03,0.009036,-0.013015,0.05254,1800.0
4.8055E+03,0.010212,-0.012124,0.05254,1800.0
4.8057E+03,0.011348,-0.011072,0.05254,1800.0
4.8058E+03,0.012330,-0.009969,0.05254,0.0
4.8059E+03,0.013245,-0.008710,0.05254,0.0
4.8060E+03,0.014011,-0.007396,0.05254,0.0
4.8061E+03,0.014632,-0.006083,0.05254,0.0
4.8062E+03,0.015136,-0.004647,0.05254,0.0
4.8062E+03,0.015458,-0.003471,0.05254,1800.0
4.8063E+03,0.015680,-0.002242,0.05254,1800.0
4.8064E+03,0.015817,-0.000835,0.05254,1800.0
4.8065E+03,0.015853,0.000378,0.05254,1800.0
4.8066E+03,0.015843,0.000560,0.05254,1800.0
4.8067E+03,0.015648,0.000691,0.05254,1800.0
4.8068E+03,0.013899,0.001865,0.05254,1800.0
4.8069E+03,0.010460,0.004174,0.05254,1800.0
4.8071E+03,0.010085,0.004426,0.05254,1800.0
4.8072E+03,0.010331,0.003782,0.05254,1800.0
4.8074E+03,0.010683,0.002530,0.05254,1800.0
4.8075E+03,0.010934,0.001036,0.05254,1800.0
4.8076E+03,0.010974,-0.000445,0.05254,1800.0
4.8077E+03,0.010814,-0.001943,0.05254,1800.0
4.8078E+03,0.010436,-0.003434,0.05254,1800.0
4.8079E+03,0.009876,-0.004837,0.05254,1800.0
4.8080E+03,0.009140,-0.006123,0.05254,1800.0
4.8080E+03,0.008317,-0.007202,0.05254,1800.0
4.8081E+03,0.007254,-0.008273,0.05254,1800.0
4.8082E+03,0.006036,-0.009188,0.05254,1800.0
4.8083E+03,0.004765,-0.009900,0.05254,1800.0
4.8084E+03,0.003328,-0.010459,0.05254,1800.0
4.8085E+03,0.001883,-0.010827,0.05254,1800.0
4.8086E+03,0.000414,-0.010978,0.05254,1800.0
4.8087E+03,-0.001129,-0.010924,0.05254,1800.0
4.8088E+03,-0.002645,-0.010665,0.05254,1800.0
4.8089E+03,-0.004078,-0.010212,0.05254,1800.0
4.8091E+03,-0.005393,-0.009588,0.05254,1800.0
4.8092E+03,-0.006619,-0.008793,0.05254,1800.0
4.8093E+03,-0.007771,-0.007804,0.05254,1800.0
4.8094E+03,-0.008765,-0.006637,0.05254,1800.0
4.8095E+03,-0.009595,-0.005354,0.05254,1800.0
4.8096E+03,-0.010227,-0.004028,0.05254,1800.0
4.8096E+03,-0.010633,-0.002749,0.05254,1800.0
4.8097E+03,-0.010914,-0.001252,0.05254,1800.0
4.8098E+03,-0.010979,0.000260,0.05254,1800.0
4.8099E+03,-0.010842,0.001767,0.05254,1800.0
4.8100E+03,-0.010493,0.003264,0.05254,1800.0
4.8101E+03,-0.009960,0.004668,0.05254,1800.0
4.8102E+03,-0.009232,0.005995,0.05254,1800.0
4.8103E+03,-0.008319,0.007207,0.05254,1800.0
4.8104E+03,-0.007265,0.008258,0.05254,1800.0
4.8105E+03,-0.006117,0.009132,0.05254,1800.0
4.8106E+03,-0.004839,0.009878,0.05254,1800.0
4.8108E+03,-0.003407,0.010446,0.05254,1800.0
4.8109E+03,-0.001944,0.010811,0.05254,1800.0
4.8110E+03,-0.000476,0.010972,0.05254,1800.0
4.8111E+03,0.001025,0.010935,0.05254,1800.0
4.8112E+03,0.002533,0.010686,0.05254,0.0
4.8113E+03,0.003987,0.010242,0.05254,0.0
4.8114E+03,0.005376,0.009587,0.05254,0.0
4.8114E+03,0.006531,0.008862,0.05254,0.0
4.8115E+03,0.007675,0.007884,0.05254,1800.0
4.8116E+03,0.008680,0.006763,0.05254,1800.0
4.8117E+03,0.009517,0.005500,0.05254,1800.0
4.8118E+03,0.009974,0.004654,0.05254,1800.0
4.8119E+03,0.010085,0.004426,0.05254,1800.0
4.8120E+03,0.009997,0.004651,0.05254,1800.0
4.8121E+03,0.008706,0.007931,0.05254,1800.0
4.8122E+03,0.007159,0.011864,0.05254,1800.0
4.8125E+03,0.006980,0.012319,0.05254,1800.0
4.8126E+03,0.006809,0.012407,0.05254,1800.0
4.8127E+03,0.005909,0.012864,0.05254,1800.0
4.8128E+03,0.004518,0.013412,0.05254,1800.0
4.8129E+03,0.002994,0.013834,0.05254,1800.0
4.8130E+03,0.001610,0.014065,0.05254,1800.0
4.8131E+03,0.000094,0.014138,0.05254,1800.0
4.8131E+03,-0.001295,0.014079,0.05254,1800.0
4.8132E+03,-0.002797,0.013856,0.05254,1800.0
4.8133E+03,-0.004251,0.013486,0.05254,1800.0
4.8134E+03,-0.005662,0.012951,0.05254,1800.0
4.8135E+03,-0.007014,0.012285,0.05254,1800.0
4.8136E+03,-0.008263,0.011476,0.05254,1800.0
4.8137E+03,-0.009498,0.010494,0.05254,1800.0
4.8138E+03,-0.010574,0.009413,0.05254,1800.0
4.8139E+03,-0.011479,0.008280,0.05254,1800.0
4.8140E+03,-0.012302,0.006971,0.05254,1800.0
4.8142E+03,-0.012970,0.005642,0.05254,1800.0
4.8143E+03,-0.013481,0.004252,0.05254,1800.0
4.8144E+03,-0.013850,0.002754,0.05254,1800.0
4.8145E+03,-0.014069,0.001289,0.05254,1800.0
4.8146E+03,-0.014131,-0.000207,0.05254,1800.0
4.8147E+03,-0.014055,-0.001573,0.05254,1800.0
4.8148E+03,-0.013873,-0.002728,0.05254,1800.0
4.8148E+03,-0.013580,-0.003964,0.05254,1800.0
4.8149E+03,-0.013083,-0.005402,0.05254,1800.0
4.8150E+03,-0.012420,-0.006782,0.05254,1800.0
4.8151E+03,-0.011613,-0.008082,0.05254,1800.0
4.8152E+03,-0.010713,-0.009234,0.05254,1800.0
4.8153E+03,-0.009680,-0.010303,0.05254,1800.0
4.8154E+03,-0.008542,-0.011266,0.05254,1800.0
4.8155E+03,-0.007276,-0.012117,0.05254,1800.0
4.8156E+03,-0.005905,-0.012842,0.05254,1800.0
4.8157E+03,-0.004508,-0.013399,0.05254,1800.0
4.8158E+03,-0.003104,-0.013798,0.05254,1800.0
4.8160E+03,-0.001629,-0.014051,0.05254,1800.0
4.8161E+03,-0.000145,-0.014145,0.05254,1800.0
4.8162E+03,0.001365,-0.014087,0.05254,1800.0
4.8163E+03,0.002876,-0.013862,0.05254,1800.0
4.8164E+03,0.004331,-0.013476,0.05254,1800.0
4.8165E+03,0.005721,-0.012937,0.05254,1800.0
4.8165E+03,0.006956,-0.012308,0.05254,1800.0
4.8166E+03,0.008259,-0.011471,0.05254,1800.0
4.8167E+03,0.009449,-0.010510,0.05254,1800.0
4.8168E+03,0.010498,-0.009465,0.05254,1800.0
4.8169E+03,0.011431,-0.008329,0.05254,1800.0
4.8170E+03,0.012265,-0.007034,0.05254,1800.0
4.8171E+03,0.012950,-0.005699,0.05254,1800.0
4.8172E+03,0.013482,-0.004280,0.05254,1800.0
4.8173E+03,0.013867,-0.002840,0.05254,1800.0
4.8174E+03,0.014088,-0.001313,0.05254,1800.0
4.8176E+03,0.014143,0.000158,0.05254,1800.0
4.8177E+03,0.014047,0.001631,0.05254,1800.0
4.8178E+03,0.013788,0.003128,0.05254,1800.0
4.8179E+03,0.013363,0.004608,0.05254,0.0
4.8180E+03,0.012789,0.006012,0.05254,0.0
4.8181E+03,0.012180,0.007201,0.05254,0.0
4.8182E+03,0.011503,0.008224,0.05254,0.0
4.8182E+03,0.010705,0.009244,0.05254,1800.0
4.8183E+03,0.009653,0.010352,0.05254,1800.0
4.8184E+03,0.008523,0.011300,0.05254,1800.0
4.8185E+03,0.007278,0.012140,0.05254,1800.0
4.8186E+03,0.007010,0.012302,0.05254,1800.0
4.8187E+03,0.006980,0.012319,0.05254,1800.0
4.8188E+03,0.008386,0.010145,0.05254,1800.0
4.8189E+03,0.010631,0.006673,0.05254,1800.0
4.8191E+03,0.011643,0.005107,0.05254,1800.0
4.8192E+03,0.011741,0.004869,0.05254,1800.0
4.8194E+03,0.012045,0.004019,0.05254,1800.0
4.8195E+03,0.012439,0.002564,0.05254,1800.0
4.8196E+03,0.012657,0.001091,0.05254,1800.0
4.8197E+03,0.012696,-0.000473,0.05254,1800.0
4.8198E+03,0.012553,-0.001983,0.05254,1800.0
4.8199E+03,0.012229,-0.003449,0.05254,1800.0
4.8199E+03,0.011781,-0.004722,0.05254,1800.0
4.8200E+03,0.011156,-0.006044,0.05254,1800.0
4.8201E+03,0.010377,-0.007303,0.05254,1800.0
4.8202E+03,0.009428,-0.008485,0.05254,1800.0
4.8203E+03,0.008357,-0.009547,0.05254,1800.0
4.8204E+03,0.007176,-0.010460,0.05254,1800.0
4.8205E+03,0.005874,-0.011244,0.05254,1800.0
4.8206E+03,0.004474,-0.011886,0.05254,1800.0
4.8207E+03,0.003081,-0.012317,0.05254,1800.0
4.8208E+03,0.001621,-0.012607,0.05254,1800.0
4.8209E+03,0.000051,-0.012711,0.05254,1800.0
4.8211E+03,-0.001447,-0.012621,0.05254,1800.0
4.8212E+03,-0.002941,-0.012356,0.05254,1800.0
4.8213E+03,-0.004330,-0.011933,0.05254,1800.0
4.8214E+03,-0.005681,-0.011343,0.05254,1800.0
4.8215E+03,-0.007020,-0.010564,0.05254,1800.0
4.8216E+03,-0.008237,-0.009665,0.05254,1800.0
4.8216E+03,-0.009206,-0.008735,0.05254,1800.0
4.8217E+03,-0.010218,-0.007545,0.05254,1800.0
4.8218E+03,-0.011001,-0.006350,0.05254,1800.0
4.8219E+03,-0.011713,-0.004930,0.05254,1800.0
4.8220E+03,-0.012212,-0.003513,0.05254,1800.0
4.8221E+03,-0.012526,-0.002118,0.05254,1800.0
4.8222E+03,-0.012682,-0.000600,0.05254,1800.0
4.8223E+03,-0.012664,0.000908,0.05254,1800.0
4.8224E+03,-0.012456,0.002422,0.05254,1800.0
4.8225E+03,-0.012081,0.003864,0.05254,1800.0
4.8226E+03,-0.011560,0.005223,0.05254,1800.0
4.8228E+03,-0.010855,0.006556,0.05254,1800.0
4.8229E+03,-0.009978,0.007828,0.05254,1800.0
4.8230E+03,-0.009011,0.008940,0.05254,1800.0
4.8231E+03,-0.007902,0.009937,0.05254,1800.0
4.8232E+03,-0.006666,0.010818,0.05254,1800.0
4.8233E+03,-0.005310,0.011555,0.05254,1800.0
4.8234E+03,-0.003890,0.012094,0.05254,1800.0
4.8234E+03,-0.002543,0.012433,0.05254,1800.0
4.8235E+03,-0.001085,0.012644,0.05254,1800.0
4.8236E+03,0.000405,0.012680,0.05254,1800.0
4.8237E+03,0.001919,0.012548,0.05254,1800.0
4.8238E+03,0.003381,0.012235,0.05254,1800.0
