1.7369E+03,-0.005627,-0.012060,0.01491,0.0
1.7370E+03,-0.006939,-0.011345,0.01491,0.0
1.7371E+03,-0.008158,-0.010487,0.01491,0.0
1.7372E+03,-0.009290,-0.009486,0.01491,0.0
1.7373E+03,-0.010310,-0.008357,0.01491,0.0
1.7374E+03,-0.011188,-0.007141,0.01491,0.0
1.7375E+03,-0.011918,-0.005835,0.01491,0.0
1.7376E+03,-0.012511,-0.004435,0.01491,0.0
1.7377E+03,-0.012866,-0.003369,0.01491,0.0
1.7378E+03,-0.012902,-0.003244,0.01491,0.0
1.7843E+03,0.016889,0.000000,0.01562,1800.0
1.7844E+03,0.016880,0.000230,0.01562,1800.0
1.7845E+03,0.016830,0.001172,0.01562,1800.0
1.7846E+03,0.016693,0.002529,0.01562,1800.0
1.7847E+03,0.016396,0.003992,0.01562,1800.0
1.7848E+03,0.015942,0.005518,0.01562,1800.0
1.7849E+03,0.015398,0.006895,0.01562,1800.0
1.7850E+03,0.014720,0.008227,0.01562,1800.0
1.7851E+03,0.013922,0.009511,0.01562,1800.0
1.7852E+03,0.013015,0.010722,0.01562,1800.0
1.7853E+03,0.012001,0.011847,0.01562,1800.0
1.7854E+03,0.010884,0.012879,0.01562,1800.0
1.7855E+03,0.009687,0.013801,0.01562,1800.0
1.7856E+03,0.008433,0.014612,0.01562,1800.0
1.7857E+03,0.007096,0.015309,0.01562,1800.0
1.7858E+03,0.005744,0.015868,0.01562,1800.0
1.7859E+03,0.004323,0.016318,0.01562,1800.0
1.7860E+03,0.002795,0.016638,0.01562,1800.0
1.7861E+03,0.001290,0.016815,0.01562,1800.0
1.7862E+03,-0.000158,0.016866,0.01562,1800.0
1.7863E+03,-0.001465,0.016788,0.01562,1800.0
1.7864E+03,-0.002957,0.016591,0.01562,1800.0
1.7865E+03,-0.004470,0.016256,0.01562,1800.0
1.7866E+03,-0.005944,0.015782,0.01562,1800.0
1.7867E+03,-0.007344,0.015188,0.01562,1800.0
1.7868E+03,-0.008668,0.014475,0.01562,1800.0
1.7869E+03,-0.009861,0.013689,0.01562,1800.0
1.7870E+03,-0.011114,0.012711,0.01562,1800.0
1.7871E+03,-0.012161,0.011691,0.01562,1800.0
1.7872E+03,-0.013197,0.010506,0.01562,1800.0
1.7873E+03,-0.014078,0.009294,0.01562,1800.0
1.7874E+03,-0.014854,0.007983,0.01562,1800.0
1.7875E+03,-0.015494,0.006650,0.01562,1800.0
1.7876E+03,-0.016015,0.005278,0.01562,1800.0
1.7877E+03,-0.016417,0.003850,0.01562,1800.0
1.7878E+03,-0.016693,0.002379,0.01562,1800.0
1.7879E+03,-0.016847,0.000849,0.01562,1800.0
1.7880E+03,-0.016869,-0.000552,0.01562,1800.0
1.7881E+03,-0.016769,-0.001973,0.01562,1800.0
1.7882E+03,-0.016502,-0.003520,0.01562,1800.0
1.7883E+03,-0.016129,-0.004952,0.01562,1800.0
1.7884E+03,-0.015630,-0.006353,0.01562,1800.0
1.7885E+03,-0.014966,-0.007773,0.01562,1800.0
1.7886E+03,-0.014209,-0.009074,0.01562,1800.0
1.7887E+03,-0.013372,-0.010279,0.01562,1800.0
1.7888E+03,-0.012407,-0.011421,0.01562,1800.0
1.7889E+03,-0.011331,-0.012486,0.01562,1800.0
1.7890E+03,-0.010181,-0.013448,0.01562,1800.0
1.7891E+03,-0.008943,-0.014305,0.01562,1800.0
1.7892E+03,-0.007616,-0.015055,0.01562,1800.0
1.7893E+03,-0.006192,-0.015698,0.01562,1800.0
1.7894E+03,-0.004851,-0.016169,0.01562,1800.0
1.7895E+03,-0.003398,-0.016553,0.01562,1800.0
1.7896E+03,-0.001869,-0.016763,0.01562,1800.0
1.7897E+03,-0.000474,-0.016855,0.01562,1800.0
1.7898E+03,0.001062,-0.016833,0.01562,1800.0
1.7899E+03,0.002512,-0.016675,0.01562,1800.0
1.7900E+03,0.003937,-0.016393,0.01562,1800.0
1.7901E+03,0.005393,-0.015979,0.01562,1800.0
1.7902E+03,0.006818,-0.015430,0.01562,1800.0
1.7903E+03,0.008196,-0.014743,0.01562,1800.0
1.7904E+03,0.009497,-0.013953,0.01562,1800.0
1.7905E+03,0.010683,-0.013079,0.01562,1800.0
1.7906E+03,0.011776,-0.012088,0.01562,1800.0
1.7907E+03,0.012827,-0.010949,0.01562,1800.0
1.7908E+03,0.013748,-0.009779,0.01562,0.0
1.7909E+03,0.014563,-0.008501,0.01562,0.0
1.7910E+03,0.015267,-0.007154,0.01562,0.0
1.7911E+03,0.015841,-0.005774,0.01562,0.0
1.7912E+03,0.016291,-0.004367,0.01562,0.0
1.7913E+03,0.016611,-0.002894,0.01562,0.0
1.7914E+03,0.016806,-0.001374,0.01562,1800.0
1.7915E+03,0.016882,-0.000190,0.01562,1800.0
1.7917E+03,0.016889,0.000000,0.01562,1800.0
1.7918E+03,0.014493,-0.000395,0.01562,1800.0
1.7919E+03,0.007780,-0.001502,0.01562,1800.0
1.7920E+03,0.000015,-0.002783,0.01562,1800.0
1.7921E+03,-0.006634,-0.003879,0.01562,1800.0
1.7922E+03,-0.009024,-0.004273,0.01562,1800.0
1.7923E+03,-0.009033,-0.004275,0.01562,1800.0
1.7924E+03,-0.009140,-0.004018,0.01562,1800.0
1.7925E+03,-0.009482,-0.003035,0.01562,1800.0
1.7926E+03,-0.009836,-0.001593,0.01562,1800.0
1.7927E+03,-0.009965,-0.000121,0.01562,1800.0
1.7928E+03,-0.009889,0.001366,0.01562,1800.0
1.7929E+03,-0.009561,0.002851,0.01562,1800.0
1.7930E+03,-0.009014,0.004262,0.01562,1800.0
1.7931E+03,-0.008245,0.005598,0.01562,1800.0
1.7932E+03,-0.007412,0.006647,0.01562,1800.0
1.7933E+03,-0.006346,0.007672,0.01562,1800.0
1.7934E+03,-0.005134,0.008525,0.01562,1800.0
1.7935E+03,-0.003773,0.009208,0.01562,1800.0
1.7936E+03,-0.002308,0.009689,0.01562,1800.0
1.7937E+03,-0.000891,0.009932,0.01562,1800.0
1.7938E+03,0.000593,0.009950,0.01562,1800.0
1.7939E+03,0.002099,0.009745,0.01562,1800.0
1.7940E+03,0.003612,0.009305,0.01562,1800.0
1.7941E+03,0.004952,0.008655,0.01562,1800.0
1.7942E+03,0.006151,0.007856,0.01562,1800.0
1.7943E+03,0.007298,0.006772,0.01562,1800.0
1.7944E+03,0.008248,0.005573,0.01562,1800.0
1.7945E+03,0.008981,0.004292,0.01562,1800.0
1.7946E+03,0.009521,0.002922,0.01562,1800.0
1.7947E+03,0.009842,0.001491,0.01562,1800.0
1.7948E+03,0.009955,-0.000002,0.01562,1800.0
1.7949E+03,0.009877,-0.001393,0.01562,1800.0
1.7950E+03,0.009554,-0.002839,0.01562,1800.0
1.7951E+03,0.009017,-0.004306,0.01562,1800.0
1.7952E+03,0.008289,-0.005545,0.01562,1800.0
1.7953E+03,0.007333,-0.006753,0.01562,1800.0
1.7954E+03,0.006214,-0.007792,0.01562,1800.0
1.7955E+03,0.005000,-0.008609,0.01562,1800.0
1.7956E+03,0.003659,-0.009254,0.01562,1800.0
1.7957E+03,0.002206,-0.009706,0.01562,1800.0
1.7958E+03,0.000728,-0.009924,0.01562,1800.0
1.7959E+03,-0.000745,-0.009930,0.01562,0.0
1.7960E+03,-0.002231,-0.009702,0.01562,0.0
1.7961E+03,-0.003678,-0.009264,0.01562,0.0
1.7962E+03,-0.005042,-0.008597,0.01562,0.0
1.7963E+03,-0.006315,-0.007733,0.01562,0.0
1.7964E+03,-0.007355,-0.006742,0.01562,0.0
1.7965E+03,-0.008333,-0.005492,0.01562,1800.0
1.7966E+03,-0.008860,-0.004587,0.01562,1800.0
1.7968E+03,-0.009033,-0.004275,0.01562,1800.0
1.7969E+03,-0.006186,-0.003772,0.01562,1800.0
1.7970E+03,-0.000133,-0.002704,0.01562,1800.0
1.7971E+03,0.007360,-0.001382,0.01562,1800.0
1.7972E+03,0.013709,-0.000261,0.01562,1800.0
1.7973E+03,0.015188,0.000000,0.01562,1800.0
1.7974E+03,0.015188,0.000001,0.01562,1800.0
1.7975E+03,0.015187,0.000032,0.01562,1800.0
1.7976E+03,0.015111,0.001365,0.01562,1800.0
1.7977E+03,0.014903,0.002835,0.01562,1800.0
1.7978E+03,0.014547,0.004282,0.01562,1800.0
1.7979E+03,0.014057,0.005681,0.01562,1800.0
1.7980E+03,0.013427,0.007035,0.01562,1800.0
1.7981E+03,0.012639,0.008367,0.01562,1800.0
1.7982E+03,0.011747,0.009588,0.01562,1800.0
1.7983E+03,0.010748,0.010691,0.01562,1800.0
1.7984E+03,0.009735,0.011643,0.01562,1800.0
1.7985E+03,0.008590,0.012576,0.01562,1800.0
1.7986E+03,0.007210,0.013353,0.01562,1800.0
1.7987E+03,0.005849,0.014009,0.01562,1800.0
1.7988E+03,0.004439,0.014508,0.01562,1800.0
1.7989E+03,0.003023,0.014862,0.01562,1800.0
1.7990E+03,0.001541,0.015087,0.01562,1800.0
1.7991E+03,0.000062,0.015158,0.01562,1800.0
1.7992E+03,-0.001448,0.015087,0.01562,1800.0
1.7993E+03,-0.002965,0.014864,0.01562,1800.0
1.7994E+03,-0.004443,0.014497,0.01562,1800.0
1.7995E+03,-0.005862,0.013983,0.01562,1800.0
1.7996E+03,-0.007208,0.013341,0.01562,1800.0
1.7997E+03,-0.008530,0.012549,0.01562,1800.0
1.7998E+03,-0.009668,0.011696,0.01562,1800.0
1.7999E+03,-0.010794,0.010676,0.01562,1800.0
1.8000E+03,-0.011842,0.009482,0.01562,1800.0
1.8001E+03,-0.012605,0.008435,0.01562,1800.0
1.8002E+03,-0.013369,0.007146,0.01562,1800.0
1.8003E+03,-0.014017,0.005774,0.01562,1800.0
1.8004E+03,-0.014516,0.004349,0.01562,1800.0
1.8005E+03,-0.014885,0.002880,0.01562,1800.0
1.8006E+03,-0.015100,0.001393,0.01562,1800.0
1.8007E+03,-0.015163,-0.000093,0.01562,1800.0
1.8008E+03,-0.015086,-0.001592,0.01562,1800.0
1.8009E+03,-0.014859,-0.003074,0.01562,1800.0
1.8010E+03,-0.014459,-0.004607,0.01562,1800.0
1.8011E+03,-0.013960,-0.005965,0.01562,1800.0
1.8012E+03,-0.013288,-0.007309,0.01562,1800.0
1.8013E+03,-0.012481,-0.008618,0.01562,1800.0
1.8014E+03,-0.011587,-0.009782,0.01562,1800.0
1.8015E+03,-0.010571,-0.010870,0.01562,1800.0
1.8016E+03,-0.009405,-0.011881,0.01562,1800.0
1.8017E+03,-0.008167,-0.012772,0.01562,1800.0
1.8018E+03,-0.007021,-0.013442,0.01562,1800.0
1.8019E+03,-0.005665,-0.014065,0.01562,1800.0
1.8020E+03,-0.004179,-0.014586,0.01562,1800.0
1.8021E+03,-0.002717,-0.014926,0.01562,1800.0
1.8022E+03,-0.001262,-0.015122,0.01562,1800.0
1.8023E+03,0.000243,-0.015175,0.01562,1800.0
1.8024E+03,0.001788,-0.015057,0.01562,1800.0
1.8025E+03,0.003241,-0.014816,0.01562,1800.0
1.8026E+03,0.004704,-0.014411,0.01562,1800.0
1.8027E+03,0.006089,-0.013887,0.01562,1800.0
1.8028E+03,0.007408,-0.013226,0.01562,1800.0
1.8029E+03,0.008697,-0.012418,0.01562,1800.0
1.8030E+03,0.009887,-0.011492,0.01562,1800.0
1.8031E+03,0.010976,-0.010461,0.01562,1800.0
1.8032E+03,0.011978,-0.009312,0.01562,0.0
1.8033E+03,0.012839,-0.008084,0.01562,0.0
1.8034E+03,0.013559,-0.006819,0.01562,0.0
1.8035E+03,0.014122,-0.005526,0.01562,0.0
1.8036E+03,0.014593,-0.004107,0.01562,0.0
1.8037E+03,0.014924,-0.002653,0.01562,0.0
1.8038E+03,0.015119,-0.001103,0.01562,0.0
1.8039E+03,0.015180,-0.000207,0.01562,1800.0
1.8040E+03,0.015188,0.000000,0.01562,1800.0
1.8041E+03,0.014649,-0.000104,0.01562,1800.0
1.8042E+03,0.011605,-0.000690,0.01562,1800.0
1.8043E+03,0.003845,-0.002184,0.01562,1800.0
1.8044E+03,-0.003665,-0.003630,0.01562,1800.0
1.8045E+03,-0.010296,-0.004907,0.01562,1800.0
1.8046E+03,-0.010569,-0.004959,0.01562,1800.0
1.8047E+03,-0.010588,-0.004963,0.01562,1800.0
1.8048E+03,-0.010716,-0.004655,0.01562,1800.0
1.8049E+03,-0.011121,-0.003494,0.01562,1800.0
1.8050E+03,-0.011485,-0.002038,0.01562,1800.0
1.8051E+03,-0.011648,-0.000548,0.01562,1800.0
1.8052E+03,-0.011622,0.000947,0.01562,1800.0
1.8053E+03,-0.011435,0.002269,0.01562,1800.0
1.8054E+03,-0.011059,0.003717,0.01562,1800.0
1.8055E+03,-0.010485,0.005148,0.01562,1800.0
1.8056E+03,-0.009733,0.006466,0.01562,1800.0
1.8057E+03,-0.008840,0.007630,0.01562,1800.0
1.8058E+03,-0.007777,0.008692,0.01562,1800.0
1.8059E+03,-0.006558,0.009656,0.01562,1800.0
1.8060E+03,-0.005255,0.010412,0.01562,1800.0
1.8061E+03,-0.003895,0.010989,0.01562,1800.0
1.8062E+03,-0.002441,0.011395,0.01562,1800.0
1.8063E+03,-0.000952,0.011624,0.01562,1800.0
1.8064E+03,0.000561,0.011649,0.01562,1800.0
1.8065E+03,0.002082,0.011473,0.01562,1800.0
1.8066E+03,0.003528,0.011117,0.01562,1800.0
1.8067E+03,0.004910,0.010584,0.01562,1800.0
1.8068E+03,0.006210,0.009901,0.01562,1800.0
1.8069E+03,0.007491,0.008956,0.01562,1800.0
1.8070E+03,0.008449,0.008049,0.01562,1800.0
1.8071E+03,0.009386,0.006915,0.01562,1800.0
1.8072E+03,0.010200,0.005653,0.01562,1800.0
1.8073E+03,0.010853,0.004282,0.01562,1800.0
1.8074E+03,0.011299,0.002862,0.01562,1800.0
1.8075E+03,0.011571,0.001384,0.01562,1800.0
1.8076E+03,0.011664,-0.000144,0.01562,1800.0
1.8077E+03,0.011555,-0.001623,0.01562,1800.0
1.8078E+03,0.011257,-0.003083,0.01562,1800.0
1.8079E+03,0.010735,-0.004581,0.01562,1800.0
1.8080E+03,0.010087,-0.005885,0.01562,1800.0
1.8081E+03,0.009261,-0.007125,0.01562,1800.0
1.8082E+03,0.008256,-0.008249,0.01562,1800.0
1.8083E+03,0.007105,-0.009244,0.01562,1800.0
1.8084E+03,0.005888,-0.010064,0.01562,1800.0
1.8085E+03,0.004526,-0.010747,0.01562,1800.0
1.8086E+03,0.003100,-0.011247,0.01562,1800.0
1.8087E+03,0.001657,-0.011538,0.01562,1800.0
1.8088E+03,0.000316,-0.011656,0.01562,1800.0
1.8089E+03,-0.001224,-0.011605,0.01562,1800.0
1.8090E+03,-0.002742,-0.011360,0.01562,0.0
1.8091E+03,-0.004206,-0.010901,0.01562,0.0
1.8092E+03,-0.005513,-0.010292,0.01562,0.0
1.8093E+03,-0.006814,-0.009474,0.01562,0.0
1.8094E+03,-0.007941,-0.008556,0.01562,0.0
1.8095E+03,-0.009005,-0.007414,0.01562,0.0
1.8096E+03,-0.009870,-0.006209,0.01562,1800.0
1.8097E+03,-0.010399,-0.005318,0.01562,1800.0
1.8098E+03,-0.010588,-0.004963,0.01562,1800.0
1.8099E+03,-0.010521,-0.004949,0.01562,1800.0
1.8100E+03,-0.007948,-0.004419,0.01562,1800.0
1.8101E+03,-0.001091,-0.003005,0.01562,1800.0
1.8102E+03,0.006513,-0.001438,0.01562,1800.0
1.8103E+03,0.012974,-0.000106,0.01562,1800.0
1.8104E+03,0.013470,-0.000004,0.01562,1800.0
1.8105E+03,0.013487,0.000000,0.01562,1800.0
1.8106E+03,0.013474,0.000329,0.01562,1800.0
1.8107E+03,0.013370,0.001529,0.01562,1800.0
1.8108E+03,0.013110,0.003036,0.01562,1800.0
1.8109E+03,0.012673,0.004516,0.01562,1800.0
1.8110E+03,0.012090,0.005911,0.01562,1800.0
1.8111E+03,0.011355,0.007225,0.01562,1800.0
1.8112E+03,0.010476,0.008451,0.01562,1800.0
1.8113E+03,0.009476,0.009566,0.01562,1800.0
1.8114E+03,0.008336,0.010587,0.01562,1800.0
1.8115E+03,0.007166,0.011415,0.01562,1800.0
1.8116E+03,0.005832,0.012141,0.01562,1800.0
1.8117E+03,0.004438,0.012721,0.01562,1800.0
1.8118E+03,0.002995,0.013124,0.01562,1800.0
1.8119E+03,0.001513,0.013378,0.01562,1800.0
1.8120E+03,-0.000032,0.013456,0.01562,1800.0
1.8121E+03,-0.001567,0.013367,0.01562,1800.0
1.8122E+03,-0.003029,0.013107,0.01562,1800.0
1.8123E+03,-0.004306,0.012754,0.01562,1800.0
1.8124E+03,-0.005713,0.012200,0.01562,1800.0
1.8125E+03,-0.007060,0.011466,0.01562,1800.0
1.8126E+03,-0.008280,0.010638,0.01562,1800.0
1.8127E+03,-0.009425,0.009631,0.01562,1800.0
1.8128E+03,-0.010417,0.008528,0.01562,1800.0
1.8129E+03,-0.011300,0.007335,0.01562,1800.0
1.8130E+03,-0.012053,0.005978,0.01562,1800.0
1.8131E+03,-0.012642,0.004629,0.01562,1800.0
1.8132E+03,-0.013070,0.003217,0.01562,1800.0
1.8133E+03,-0.013344,0.001738,0.01562,1800.0
1.8134E+03,-0.013450,0.000210,0.01562,1800.0
1.8135E+03,-0.013397,-0.001337,0.01562,1800.0
1.8136E+03,-0.013183,-0.002769,0.01562,1800.0
1.8137E+03,-0.012793,-0.004202,0.01562,1800.0
1.8138E+03,-0.012246,-0.005624,0.01562,1800.0
1.8139E+03,-0.011550,-0.006947,0.01562,1800.0
1.8140E+03,-0.010764,-0.008090,0.01562,1800.0
1.8141E+03,-0.009803,-0.009224,0.01562,1800.0
1.8142E+03,-0.008694,-0.010274,0.01562,1800.0
1.8143E+03,-0.007482,-0.011188,0.01562,1800.0
1.8144E+03,-0.006194,-0.011945,0.01562,1800.0
1.8145E+03,-0.004820,-0.012565,0.01562,1800.0
1.8146E+03,-0.003359,-0.013030,0.01562,1800.0
1.8147E+03,-0.001864,-0.013332,0.01562,1800.0
1.8148E+03,-0.000393,-0.013462,0.01562,1800.0
1.8149E+03,0.001079,-0.013431,0.01562,1800.0
1.8150E+03,0.002654,-0.013214,0.01562,1800.0
1.8151E+03,0.004016,-0.012866,0.01562,1800.0
1.8152E+03,0.005411,-0.012333,0.01562,1800.0
1.8153E+03,0.006827,-0.011597,0.01562,1800.0
1.8154E+03,0.008086,-0.010763,0.01562,1800.0
1.8155E+03,0.009191,-0.009825,0.01562,1800.0
1.8156E+03,0.010234,-0.008731,0.01562,0.0
1.8157E+03,0.011088,-0.007630,0.01562,0.0
1.8158E+03,0.011865,-0.006350,0.01562,0.0
1.8159E+03,0.012495,-0.005011,0.01562,0.0
1.8160E+03,0.012986,-0.003596,0.01562,0.0
1.8161E+03,0.013304,-0.002158,0.01562,0.0
1.8162E+03,0.013460,-0.000600,0.01562,1800.0
1.8163E+03,0.013485,-0.000057,0.01562,1800.0
1.8164E+03,0.013487,0.000000,0.01562,1800.0
1.8165E+03,0.012711,-0.000171,0.01562,1800.0
1.8166E+03,0.007422,-0.001337,0.01562,1800.0
1.8167E+03,-0.000193,-0.003016,0.01562,1800.0
1.8168E+03,-0.007598,-0.004649,0.01562,1800.0
1.8169E+03,-0.011862,-0.005589,0.01562,1800.0
1.8170E+03,-0.012143,-0.005651,0.01562,1800.0
1.8171E+03,-0.012169,-0.005588,0.01562,1800.0
1.8172E+03,-0.012347,-0.005132,0.01562,1800.0
1.8173E+03,-0.012855,-0.003700,0.01562,1800.0
1.8174E+03,-0.013165,-0.002338,0.01562,1800.0
1.8175E+03,-0.013344,-0.000846,0.01562,1800.0
1.8176E+03,-0.013350,0.000633,0.01562,1800.0
1.8177E+03,-0.013192,0.002147,0.01562,1800.0
1.8178E+03,-0.012870,0.003627,0.01562,1800.0
1.8179E+03,-0.012385,0.005029,0.01562,1800.0
1.8180E+03,-0.011749,0.006376,0.01562,1800.0
1.8181E+03,-0.010964,0.007651,0.01562,1800.0
1.8182E+03,-0.010059,0.008816,0.01562,1800.0
1.8183E+03,-0.009004,0.009885,0.01562,1800.0
1.8184E+03,-0.007814,0.010852,0.01562,1800.0
1.8185E+03,-0.006566,0.011659,0.01562,1800.0
1.8186E+03,-0.005177,0.012332,0.01562,1800.0
1.8187E+03,-0.003781,0.012826,0.01562,1800.0
1.8188E+03,-0.002338,0.013159,0.01562,1800.0
1.8189E+03,-0.000860,0.013339,0.01562,1800.0
1.8190E+03,0.000703,0.013346,0.01562,1800.0
1.8191E+03,0.002240,0.013188,0.01562,1800.0
1.8192E+03,0.003539,0.012897,0.01562,1800.0
1.8193E+03,0.004945,0.012426,0.01562,1800.0
1.8194E+03,0.006333,0.011782,0.01562,1800.0
1.8195E+03,0.007534,0.011049,0.01562,1800.0
1.8196E+03,0.008799,0.010079,0.01562,1800.0
1.8197E+03,0.009902,0.008993,0.01562,1800.0
1.8198E+03,0.010844,0.007825,0.01562,1800.0
1.8199E+03,0.011628,0.006588,0.01562,1800.0
1.8200E+03,0.012276,0.005277,0.01562,1800.0
1.8201E+03,0.012808,0.003826,0.01562,1800.0
1.8202E+03,0.013159,0.002344,0.01562,1800.0
1.8203E+03,0.013344,0.000853,0.01562,1800.0
1.8204E+03,0.013360,-0.000667,0.01562,1800.0
1.8205E+03,0.013193,-0.002164,0.01562,1800.0
1.8206E+03,0.012868,-0.003622,0.01562,1800.0
1.8207E+03,0.012387,-0.005053,0.01562,1800.0
1.8208E+03,0.011760,-0.006373,0.01562,1800.0
1.8209E+03,0.011037,-0.007548,0.01562,1800.0
1.8210E+03,0.010120,-0.008737,0.01562,1800.0
1.8211E+03,0.009099,-0.009784,0.01562,1800.0
1.8212E+03,0.007952,-0.010734,0.01562,1800.0
1.8213E+03,0.006672,-0.011579,0.01562,1800.0
1.8214E+03,0.005331,-0.012256,0.01562,1800.0
1.8215E+03,0.003928,-0.012782,0.01562,1800.0
1.8216E+03,0.002442,-0.013155,0.01562,1800.0
1.8217E+03,0.000949,-0.013342,0.01562,1800.0
1.8218E+03,-0.000541,-0.013364,0.01562,1800.0
1.8219E+03,-0.002033,-0.013223,0.01562,1800.0
