1.2246E+03,0.000841,-0.012890,0.01065,0.0
1.2247E+03,-0.000679,-0.012889,0.01065,0.0
1.2248E+03,-0.002189,-0.012725,0.01065,0.0
1.2249E+03,-0.003638,-0.012389,0.01065,0.0
1.2250E+03,-0.005065,-0.011871,0.01065,0.0
1.2251E+03,-0.006291,-0.011267,0.01065,0.0
1.2252E+03,-0.007550,-0.010467,0.01065,0.0
1.2253E+03,-0.008674,-0.009568,0.01065,0.0
1.2254E+03,-0.009464,-0.008804,0.01065,0.0
1.2256E+03,-0.009483,-0.008783,0.01065,0.0
1.2722E+03,0.008910,-0.014812,0.01136,1800.0
1.2723E+03,0.008956,-0.014783,0.01136,1800.0
1.2724E+03,0.009725,-0.014284,0.01136,1800.0
1.2725E+03,0.010901,-0.013396,0.01136,1800.0
1.2726E+03,0.012022,-0.012387,0.01136,1800.0
1.2727E+03,0.013077,-0.011271,0.01136,1800.0
1.2728E+03,0.013839,-0.010325,0.01136,1800.0
1.2729E+03,0.014566,-0.009269,0.01136,1800.0
1.2730E+03,0.015275,-0.008040,0.01136,1800.0
1.2731E+03,0.015936,-0.006632,0.01136,1800.0
1.2732E+03,0.016453,-0.005226,0.01136,1800.0
1.2733E+03,0.016859,-0.003763,0.01136,1800.0
1.2734E+03,0.017120,-0.002335,0.01136,1800.0
1.2735E+03,0.017253,-0.000862,0.01136,1800.0
1.2736E+03,0.017254,0.000669,0.01136,1800.0
1.2737E+03,0.017125,0.002183,0.01136,1800.0
1.2738E+03,0.016877,0.003652,0.01136,1800.0
1.2739E+03,0.016478,0.005130,0.01136,1800.0
1.2740E+03,0.015970,0.006543,0.01136,1800.0
1.2741E+03,0.015331,0.007929,0.01136,1800.0
1.2742E+03,0.014631,0.009170,0.01136,1800.0
1.2743E+03,0.013914,0.010221,0.01136,1800.0
1.2744E+03,0.013162,0.011179,0.01136,1800.0
1.2745E+03,0.012148,0.012275,0.01136,1800.0
1.2746E+03,0.010989,0.013336,0.01136,1800.0
1.2747E+03,0.009755,0.014259,0.01136,1800.0
1.2748E+03,0.008490,0.015034,0.01136,1800.0
1.2749E+03,0.007123,0.015727,0.01136,1800.0
1.2750E+03,0.005720,0.016292,0.01136,1800.0
1.2751E+03,0.004298,0.016716,0.01136,1800.0
1.2752E+03,0.002819,0.017027,0.01136,1800.0
1.2753E+03,0.001321,0.017213,0.01136,1800.0
1.2754E+03,-0.000144,0.017267,0.01136,1800.0
1.2755E+03,-0.001603,0.017191,0.01136,1800.0
1.2756E+03,-0.003071,0.016990,0.01136,1800.0
1.2757E+03,-0.004615,0.016652,0.01136,1800.0
1.2758E+03,-0.006043,0.016194,0.01136,1800.0
1.2759E+03,-0.007441,0.015593,0.01136,1800.0
1.2760E+03,-0.008728,0.014900,0.01136,1800.0
1.2761E+03,-0.009993,0.014080,0.01136,1800.0
1.2762E+03,-0.011069,0.013250,0.01136,1800.0
1.2763E+03,-0.012176,0.012231,0.01136,1800.0
1.2764E+03,-0.013193,0.011128,0.01136,1800.0
1.2765E+03,-0.014118,0.009930,0.01136,1800.0
1.2766E+03,-0.014934,0.008635,0.01136,1800.0
1.2767E+03,-0.015619,0.007266,0.01136,1800.0
1.2768E+03,-0.016237,0.005875,0.01136,1800.0
1.2769E+03,-0.016700,0.004443,0.01136,1800.0
1.2770E+03,-0.017006,0.003042,0.01136,1800.0
1.2771E+03,-0.017197,0.001492,0.01136,1800.0
1.2772E+03,-0.017267,-0.000005,0.01136,1800.0
1.2773E+03,-0.017201,-0.001497,0.01136,1800.0
1.2774E+03,-0.017008,-0.002964,0.01136,1800.0
1.2775E+03,-0.016677,-0.004433,0.01136,1800.0
1.2776E+03,-0.016221,-0.005891,0.01136,1800.0
1.2777E+03,-0.015644,-0.007295,0.01136,1800.0
1.2778E+03,-0.014954,-0.008626,0.01136,1800.0
1.2779E+03,-0.014235,-0.009770,0.01136,1800.0
1.2780E+03,-0.013319,-0.010997,0.01136,1800.0
1.2781E+03,-0.012335,-0.012101,0.01136,1800.0
1.2782E+03,-0.011226,-0.013130,0.01136,1800.0
1.2783E+03,-0.009995,-0.014082,0.01136,1800.0
1.2784E+03,-0.008745,-0.014889,0.01136,1800.0
1.2785E+03,-0.007397,-0.015598,0.01136,1800.0
1.2786E+03,-0.005989,-0.016183,0.01136,1800.0
1.2787E+03,-0.004548,-0.016654,0.01136,1800.0
1.2788E+03,-0.003116,-0.016980,0.01136,1800.0
1.2789E+03,-0.001649,-0.017181,0.01136,0.0
1.2790E+03,-0.000118,-0.017266,0.01136,0.0
1.2791E+03,0.001342,-0.017210,0.01136,0.0
1.2792E+03,0.002906,-0.017029,0.01136,0.0
1.2793E+03,0.004377,-0.016717,0.01136,0.0
1.2794E+03,0.005740,-0.016296,0.01136,1800.0
1.2795E+03,0.007199,-0.015697,0.01136,1800.0
1.2796E+03,0.008344,-0.015118,0.01136,1800.0
1.2797E+03,0.008856,-0.014843,0.01136,1800.0
1.2798E+03,0.008910,-0.014812,0.01136,1800.0
1.2799E+03,0.007232,-0.013910,0.01136,1800.0
1.2800E+03,0.002789,-0.011522,0.01136,1800.0
1.2801E+03,-0.003339,-0.008229,0.01136,1800.0
1.2802E+03,-0.007498,-0.005994,0.01136,1800.0
1.2803E+03,-0.007501,-0.005992,0.01136,1800.0
1.2804E+03,-0.007512,-0.005976,0.01136,1800.0
1.2805E+03,-0.007824,-0.005536,0.01136,1800.0
1.2806E+03,-0.008600,-0.004231,0.01136,1800.0
1.2807E+03,-0.009139,-0.002830,0.01136,1800.0
1.2808E+03,-0.009472,-0.001370,0.01136,1800.0
1.2809E+03,-0.009559,0.000154,0.01136,1800.0
1.2810E+03,-0.009406,0.001692,0.01136,1800.0
1.2811E+03,-0.009026,0.003136,0.01136,1800.0
1.2812E+03,-0.008427,0.004502,0.01136,1800.0
1.2813E+03,-0.007709,0.005662,0.01136,1800.0
1.2814E+03,-0.006771,0.006764,0.01136,1800.0
1.2815E+03,-0.005587,0.007782,0.01136,1800.0
1.2816E+03,-0.004320,0.008560,0.01136,1800.0
1.2817E+03,-0.002938,0.009118,0.01136,1800.0
1.2818E+03,-0.001420,0.009460,0.01136,1800.0
1.2819E+03,0.000037,0.009570,0.01136,1800.0
1.2820E+03,0.001530,0.009439,0.01136,1800.0
1.2821E+03,0.002998,0.009072,0.01136,1800.0
1.2822E+03,0.004365,0.008500,0.01136,1800.0
1.2823E+03,0.005641,0.007722,0.01136,1800.0
1.2824E+03,0.006794,0.006721,0.01136,1800.0
1.2825E+03,0.007766,0.005589,0.01136,1800.0
1.2826E+03,0.008546,0.004292,0.01136,1800.0
1.2827E+03,0.009132,0.002876,0.01136,1800.0
1.2828E+03,0.009475,0.001441,0.01136,1800.0
1.2829E+03,0.009594,-0.000026,0.01136,1800.0
1.2830E+03,0.009466,-0.001362,0.01136,1800.0
1.2831E+03,0.009144,-0.002820,0.01136,1800.0
1.2832E+03,0.008576,-0.004222,0.01136,1800.0
1.2833E+03,0.007771,-0.005547,0.01136,1800.0
1.2834E+03,0.006789,-0.006730,0.01136,1800.0
1.2835E+03,0.005675,-0.007689,0.01136,1800.0
1.2836E+03,0.004455,-0.008464,0.01136,1800.0
1.2837E+03,0.003086,-0.009062,0.01136,1800.0
1.2838E+03,0.001635,-0.009447,0.01136,0.0
1.2839E+03,0.000087,-0.009578,0.01136,0.0
1.2840E+03,-0.001387,-0.009485,0.01136,0.0
1.2841E+03,-0.002882,-0.009125,0.01136,0.0
1.2842E+03,-0.004278,-0.008567,0.01136,0.0
1.2843E+03,-0.005529,-0.007807,0.01136,1800.0
1.2844E+03,-0.006675,-0.006838,0.01136,1800.0
1.2845E+03,-0.007333,-0.006180,0.01136,1800.0
1.2846E+03,-0.007501,-0.005992,0.01136,1800.0
1.2847E+03,-0.007149,-0.006159,0.01136,1800.0
1.2848E+03,-0.004787,-0.007281,0.01136,1800.0
1.2849E+03,0.002021,-0.010513,0.01136,1800.0
1.2850E+03,0.007785,-0.013250,0.01136,1800.0
1.2851E+03,0.008016,-0.013360,0.01136,1800.0
1.2852E+03,0.008021,-0.013362,0.01136,1800.0
1.2853E+03,0.008075,-0.013327,0.01136,1800.0
1.2854E+03,0.009055,-0.012659,0.01136,1800.0
1.2855E+03,0.010190,-0.011764,0.01136,1800.0
1.2856E+03,0.011297,-0.010697,0.01136,1800.0
1.2857E+03,0.012272,-0.009562,0.01136,1800.0
1.2858E+03,0.013127,-0.008338,0.01136,1800.0
1.2859E+03,0.013877,-0.007015,0.01136,1800.0
1.2860E+03,0.014416,-0.005831,0.01136,1800.0
1.2861E+03,0.014770,-0.004897,0.01136,1800.0
1.2862E+03,0.015188,-0.003412,0.01136,1800.0
1.2863E+03,0.015454,-0.001936,0.01136,1800.0
1.2864E+03,0.015539,-0.001031,0.01136,1800.0
1.2865E+03,0.015554,0.000424,0.01136,1800.0
1.2866E+03,0.015440,0.001916,0.01136,1800.0
1.2867E+03,0.015186,0.003382,0.01136,1800.0
1.2868E+03,0.014798,0.004805,0.01136,1800.0
1.2869E+03,0.014273,0.006187,0.01136,1800.0
1.2870E+03,0.013612,0.007532,0.01136,1800.0
1.2871E+03,0.012823,0.008819,0.01136,1800.0
1.2872E+03,0.011906,0.010024,0.01136,1800.0
1.2873E+03,0.010849,0.011161,0.01136,1800.0
1.2874E+03,0.009705,0.012183,0.01136,1800.0
1.2875E+03,0.008529,0.013032,0.01136,1800.0
1.2876E+03,0.007209,0.013806,0.01136,1800.0
1.2877E+03,0.005864,0.014418,0.01136,1800.0
1.2878E+03,0.004400,0.014927,0.01136,1800.0
1.2879E+03,0.002982,0.015275,0.01136,1800.0
1.2880E+03,0.001498,0.015485,0.01136,1800.0
1.2881E+03,-0.000038,0.015555,0.01136,1800.0
1.2882E+03,-0.001394,0.015506,0.01136,1800.0
1.2883E+03,-0.002872,0.015293,0.01136,1800.0
1.2884E+03,-0.004384,0.014938,0.01136,1800.0
1.2885E+03,-0.005736,0.014476,0.01136,1800.0
1.2886E+03,-0.007170,0.013830,0.01136,1800.0
1.2887E+03,-0.008491,0.013063,0.01136,1800.0
1.2888E+03,-0.009717,0.012162,0.01136,1800.0
1.2889E+03,-0.010801,0.011206,0.01136,1800.0
1.2890E+03,-0.011856,0.010080,0.01136,1800.0
1.2891E+03,-0.012769,0.008887,0.01136,1800.0
1.2892E+03,-0.013484,0.007784,0.01136,1800.0
1.2893E+03,-0.014080,0.006624,0.01136,1800.0
1.2894E+03,-0.014632,0.005281,0.01136,1800.0
1.2895E+03,-0.015079,0.003839,0.01136,1800.0
1.2896E+03,-0.015385,0.002382,0.01136,1800.0
1.2897E+03,-0.015541,0.000917,0.01136,1800.0
1.2898E+03,-0.015562,-0.000595,0.01136,1800.0
1.2899E+03,-0.015432,-0.002028,0.01136,1800.0
1.2900E+03,-0.015172,-0.003481,0.01136,1800.0
1.2901E+03,-0.014761,-0.004917,0.01136,1800.0
1.2902E+03,-0.014219,-0.006316,0.01136,1800.0
1.2903E+03,-0.013534,-0.007673,0.01136,1800.0
1.2904E+03,-0.012731,-0.008940,0.01136,1800.0
1.2905E+03,-0.011834,-0.010104,0.01136,1800.0
1.2906E+03,-0.010802,-0.011202,0.01136,1800.0
1.2907E+03,-0.009624,-0.012227,0.01136,1800.0
1.2908E+03,-0.008414,-0.013112,0.01136,1800.0
1.2909E+03,-0.007087,-0.013870,0.01136,1800.0
1.2910E+03,-0.005744,-0.014480,0.01136,1800.0
1.2911E+03,-0.004355,-0.014951,0.01136,1800.0
1.2912E+03,-0.002872,-0.015295,0.01136,1800.0
1.2913E+03,-0.001382,-0.015505,0.01136,0.0
1.2914E+03,0.000100,-0.015564,0.01136,0.0
1.2915E+03,0.001628,-0.015473,0.01136,0.0
1.2916E+03,0.003006,-0.015264,0.01136,0.0
1.2917E+03,0.004461,-0.014909,0.01136,0.0
1.2918E+03,0.005835,-0.014423,0.01136,1800.0
1.2919E+03,0.007168,-0.013832,0.01136,1800.0
1.2921E+03,0.008021,-0.013362,0.01136,1800.0
1.2922E+03,0.008013,-0.013359,0.01136,1800.0
1.2923E+03,0.002878,-0.011437,0.01136,1800.0
1.2924E+03,-0.004236,-0.008774,0.01136,1800.0
1.2925E+03,-0.008069,-0.007340,0.01136,1800.0
1.2926E+03,-0.008832,-0.007054,0.01136,1800.0
1.2927E+03,-0.008834,-0.007051,0.01136,1800.0
1.2928E+03,-0.009174,-0.006572,0.01136,1800.0
1.2929E+03,-0.009882,-0.005413,0.01136,1800.0
1.2930E+03,-0.010516,-0.004032,0.01136,1800.0
1.2931E+03,-0.010962,-0.002624,0.01136,1800.0
1.2932E+03,-0.011227,-0.001115,0.01136,1800.0
1.2933E+03,-0.011280,0.000280,0.01136,1800.0
1.2934E+03,-0.011139,0.001764,0.01136,1800.0
1.2935E+03,-0.010800,0.003236,0.01136,1800.0
1.2936E+03,-0.010263,0.004650,0.01136,1800.0
1.2937E+03,-0.009559,0.005955,0.01136,1800.0
1.2938E+03,-0.008685,0.007161,0.01136,1800.0
1.2939E+03,-0.007645,0.008271,0.01136,1800.0
1.2940E+03,-0.006489,0.009216,0.01136,1800.0
1.2941E+03,-0.005249,0.009969,0.01136,1800.0
1.2942E+03,-0.003880,0.010577,0.01136,1800.0
1.2943E+03,-0.002435,0.011014,0.01136,1800.0
1.2944E+03,-0.000861,0.011247,0.01136,1800.0
1.2945E+03,0.000617,0.011268,0.01136,1800.0
1.2946E+03,0.002098,0.011083,0.01136,1800.0
1.2947E+03,0.003581,0.010701,0.01136,1800.0
1.2948E+03,0.004958,0.010118,0.01136,1800.0
1.2949E+03,0.006272,0.009353,0.01136,1800.0
1.2950E+03,0.007326,0.008558,0.01136,1800.0
1.2951E+03,0.008374,0.007533,0.01136,1800.0
1.2952E+03,0.009322,0.006324,0.01136,1800.0
1.2953E+03,0.010100,0.005001,0.01136,1800.0
1.2954E+03,0.010673,0.003643,0.01136,1800.0
1.2955E+03,0.011060,0.002219,0.01136,1800.0
1.2956E+03,0.011259,0.000696,0.01136,1800.0
1.2957E+03,0.011253,-0.000792,0.01136,1800.0
1.2958E+03,0.011049,-0.002272,0.01136,1800.0
1.2959E+03,0.010635,-0.003746,0.01136,1800.0
1.2960E+03,0.010016,-0.005156,0.01136,1800.0
1.2961E+03,0.009268,-0.006412,0.01136,1800.0
1.2962E+03,0.008348,-0.007555,0.01136,1800.0
1.2963E+03,0.007246,-0.008625,0.01136,1800.0
1.2964E+03,0.006022,-0.009518,0.01136,1800.0
1.2965E+03,0.004731,-0.010219,0.01136,1800.0
1.2966E+03,0.003287,-0.010787,0.01136,1800.0
1.2967E+03,0.001893,-0.011117,0.01136,1800.0
1.2968E+03,0.000548,-0.011272,0.01136,0.0
1.2969E+03,-0.000973,-0.011238,0.01136,0.0
1.2970E+03,-0.002471,-0.010999,0.01136,0.0
1.2971E+03,-0.003929,-0.010557,0.01136,0.0
1.2972E+03,-0.005309,-0.009938,0.01136,0.0
1.2973E+03,-0.006602,-0.009125,0.01136,0.0
1.2974E+03,-0.007749,-0.008167,0.01136,0.0
1.2975E+03,-0.008538,-0.007382,0.01136,1800.0
1.2976E+03,-0.008832,-0.007054,0.01136,1800.0
1.2977E+03,-0.008751,-0.006984,0.01136,1800.0
1.2978E+03,-0.007286,-0.005712,0.01136,1800.0
1.2979E+03,-0.001537,-0.000722,0.01136,1800.0
1.2980E+03,0.004315,0.004358,0.01136,1800.0
1.2981E+03,0.009347,0.008726,0.01136,1800.0
1.2982E+03,0.010144,0.009418,0.01136,1800.0
1.2983E+03,0.010174,0.009444,0.01136,1800.0
1.2984E+03,0.010106,0.009513,0.01136,1800.0
1.2985E+03,0.009448,0.010137,0.01136,1800.0
1.2986E+03,0.008303,0.011090,0.01136,1800.0
1.2987E+03,0.007060,0.011922,0.01136,1800.0
1.2988E+03,0.005714,0.012631,0.01136,1800.0
1.2989E+03,0.004279,0.013190,0.01136,1800.0
1.2990E+03,0.002828,0.013578,0.01136,1800.0
1.2991E+03,0.001399,0.013803,0.01136,1800.0
1.2992E+03,-0.000193,0.013869,0.01136,1800.0
1.2993E+03,-0.001668,0.013772,0.01136,1800.0
1.2994E+03,-0.003162,0.013497,0.01136,1800.0
1.2995E+03,-0.004562,0.013088,0.01136,1800.0
1.2996E+03,-0.005966,0.012508,0.01136,1800.0
1.2997E+03,-0.007282,0.011786,0.01136,1800.0
1.2998E+03,-0.008510,0.010937,0.01136,1800.0
1.2999E+03,-0.009665,0.009928,0.01136,1800.0
1.3000E+03,-0.010604,0.008922,0.01136,1800.0
1.3001E+03,-0.011502,0.007732,0.01136,1800.0
1.3002E+03,-0.012249,0.006416,0.01136,1800.0
1.3003E+03,-0.012924,0.005046,0.01136,1800.0
1.3004E+03,-0.013331,0.003840,0.01136,1800.0
1.3005E+03,-0.013570,0.002883,0.01136,1800.0
1.3006E+03,-0.013762,0.001664,0.01136,1800.0
1.3007E+03,-0.013855,0.000253,0.01136,1800.0
1.3008E+03,-0.013803,-0.001205,0.01136,1800.0
1.3009E+03,-0.013651,-0.002419,0.01136,1800.0
1.3010E+03,-0.013436,-0.003420,0.01136,1800.0
1.3011E+03,-0.013087,-0.004547,0.01136,1800.0
1.3012E+03,-0.012565,-0.005871,0.01136,1800.0
1.3013E+03,-0.011992,-0.006955,0.01136,1800.0
1.3014E+03,-0.011228,-0.008144,0.01136,1800.0
1.3015E+03,-0.010259,-0.009343,0.01136,1800.0
1.3016E+03,-0.009317,-0.010276,0.01136,1800.0
1.3017E+03,-0.008155,-0.011207,0.01136,1800.0
1.3018E+03,-0.006877,-0.012029,0.01136,1800.0
1.3019E+03,-0.005534,-0.012705,0.01136,1800.0
1.3020E+03,-0.004088,-0.013235,0.01136,1800.0
1.3021E+03,-0.002607,-0.013606,0.01136,1800.0
1.3022E+03,-0.001138,-0.013811,0.01136,1800.0
1.3023E+03,0.000350,-0.013857,0.01136,1800.0
1.3024E+03,0.001850,-0.013740,0.01136,1800.0
1.3025E+03,0.003363,-0.013458,0.01136,1800.0
1.3026E+03,0.004807,-0.013015,0.01136,1800.0
1.3027E+03,0.006177,-0.012421,0.01136,1800.0
1.3028E+03,0.007446,-0.011702,0.01136,1800.0
1.3029E+03,0.008663,-0.010826,0.01136,1800.0
1.3030E+03,0.009799,-0.009803,0.01136,1800.0
1.3031E+03,0.010801,-0.008674,0.01136,1800.0
1.3032E+03,0.011685,-0.007430,0.01136,1800.0
1.3033E+03,0.012377,-0.006241,0.01136,1800.0
1.3034E+03,0.012941,-0.004976,0.01136,1800.0
1.3035E+03,0.013335,-0.003798,0.01136,1800.0
1.3036E+03,0.013656,-0.002398,0.01136,1800.0
1.3037E+03,0.013841,-0.000918,0.01136,0.0
1.3038E+03,0.013860,0.000535,0.01136,0.0
1.3039E+03,0.013721,0.002059,0.01136,0.0
1.3040E+03,0.013401,0.003557,0.01136,0.0
1.3041E+03,0.012940,0.004957,0.01136,0.0
1.3042E+03,0.012346,0.006298,0.01136,0.0
1.3043E+03,0.011589,0.007591,0.01136,0.0
1.3044E+03,0.010715,0.008787,0.01136,1800.0
1.3045E+03,0.010202,0.009414,0.01136,1800.0
1.3046E+03,0.010174,0.009444,0.01136,1800.0
1.3047E+03,0.009359,0.008740,0.01136,1800.0
1.3048E+03,0.005875,0.005732,0.01136,1800.0
1.3049E+03,-0.000129,0.000548,0.01136,1800.0
1.3050E+03,-0.005186,-0.003819,0.01136,1800.0
1.3051E+03,-0.009370,-0.007431,0.01136,1800.0
1.3053E+03,-0.010163,-0.008116,0.01136,1800.0
1.3054E+03,-0.010437,-0.007730,0.01136,1800.0
1.3055E+03,-0.011071,-0.006737,0.01136,1800.0
1.3056E+03,-0.011792,-0.005392,0.01136,1800.0
1.3057E+03,-0.012339,-0.003986,0.01136,1800.0
1.3058E+03,-0.012721,-0.002543,0.01136,1800.0
1.3059E+03,-0.012938,-0.001062,0.01136,1800.0
1.3060E+03,-0.012976,0.000419,0.01136,1800.0
1.3061E+03,-0.012842,0.001937,0.01136,1800.0
1.3062E+03,-0.012519,0.003446,0.01136,1800.0
1.3063E+03,-0.012047,0.004826,0.01136,1800.0
1.3064E+03,-0.011387,0.006214,0.01136,1800.0
1.3065E+03,-0.010591,0.007486,0.01136,1800.0
1.3066E+03,-0.009686,0.008629,0.01136,1800.0
1.3067E+03,-0.008738,0.009586,0.01136,1800.0
1.3068E+03,-0.007550,0.010550,0.01136,1800.0
1.3069E+03,-0.006282,0.011353,0.01136,1800.0
1.3070E+03,-0.004939,0.011996,0.01136,1800.0
1.3071E+03,-0.003493,0.012497,0.01136,1800.0
1.3072E+03,-0.002044,0.012817,0.01136,1800.0
1.3073E+03,-0.000539,0.012973,0.01136,1800.0
1.3074E+03,0.001036,0.012946,0.01136,1800.0
1.3075E+03,0.002535,0.012736,0.01136,1800.0
1.3076E+03,0.003979,0.012353,0.01136,1800.0
1.3077E+03,0.005330,0.011831,0.01136,1800.0
1.3078E+03,0.006680,0.011107,0.01136,1800.0
1.3079E+03,0.007960,0.010234,0.01136,1800.0
1.3080E+03,0.009089,0.009247,0.01136,1800.0
1.3081E+03,0.010080,0.008156,0.01136,1800.0
1.3082E+03,0.010940,0.006964,0.01136,1800.0
1.3083E+03,0.011693,0.005628,0.01136,1800.0
1.3084E+03,0.012238,0.004380,0.01136,1800.0
1.3085E+03,0.012650,0.002984,0.01136,1800.0
1.3086E+03,0.012904,0.001446,0.01136,1800.0
1.3087E+03,0.012974,-0.000096,0.01136,1800.0
1.3088E+03,0.012873,-0.001530,0.01136,1800.0
1.3089E+03,0.012608,-0.003020,0.01136,1800.0
1.3090E+03,0.012165,-0.004474,0.01136,1800.0
1.3091E+03,0.011584,-0.005830,0.01136,1800.0
1.3092E+03,0.010846,-0.007110,0.01136,1800.0
1.3093E+03,0.009950,-0.008326,0.01136,1800.0
1.3094E+03,0.008889,-0.009453,0.01136,1800.0
1.3095E+03,0.007701,-0.010447,0.01136,1800.0
1.3096E+03,0.006454,-0.011270,0.01136,1800.0
1.3097E+03,0.005109,-0.011938,0.01136,1800.0
1.3098E+03,0.003690,-0.012439,0.01136,1800.0
1.3099E+03,0.002195,-0.012780,0.01136,1800.0
1.3100E+03,0.000774,-0.012951,0.01136,1800.0
1.3101E+03,-0.000608,-0.012951,0.01136,1800.0
