3.1234E+03,-0.013233,0.001936,0.03550,0.0
3.1235E+03,-0.012972,0.003214,0.03550,0.0
3.1236E+03,-0.012523,0.004652,0.03550,0.0
3.1237E+03,-0.011905,0.006054,0.03550,0.0
3.1238E+03,-0.011154,0.007337,0.03550,0.0
3.1239E+03,-0.010275,0.008527,0.03550,0.0
3.1240E+03,-0.009247,0.009635,0.03550,0.0
3.1241E+03,-0.008154,0.010595,0.03550,0.0
3.1242E+03,-0.007355,0.011186,0.03550,0.0
3.1243E+03,-0.007344,0.011194,0.03550,0.0
3.1578E+03,0.015306,-0.000473,0.03621,1800.0
3.1579E+03,0.015308,-0.000200,0.03621,1800.0
3.1580E+03,0.015278,0.000767,0.03621,1800.0
3.1581E+03,0.015136,0.002262,0.03621,1800.0
3.1582E+03,0.014857,0.003707,0.03621,1800.0
3.1583E+03,0.014406,0.005196,0.03621,1800.0
3.1584E+03,0.013815,0.006605,0.03621,1800.0
3.1585E+03,0.013109,0.007914,0.03621,1800.0
3.1586E+03,0.012269,0.009147,0.03621,1800.0
3.1587E+03,0.011321,0.010285,0.03621,1800.0
3.1588E+03,0.010255,0.011351,0.03621,1800.0
3.1589E+03,0.009119,0.012280,0.03621,1800.0
3.1590E+03,0.008110,0.012984,0.03621,1800.0
3.1591E+03,0.007039,0.013581,0.03621,1800.0
3.1592E+03,0.005659,0.014214,0.03621,1800.0
3.1593E+03,0.004258,0.014705,0.03621,1800.0
3.1594E+03,0.002804,0.015052,0.03621,1800.0
3.1595E+03,0.001317,0.015253,0.03621,1800.0
3.1596E+03,-0.000037,0.015308,0.03621,1800.0
3.1597E+03,-0.001539,0.015229,0.03621,1800.0
3.1598E+03,-0.003042,0.014991,0.03621,1800.0
3.1599E+03,-0.004477,0.014626,0.03621,1800.0
3.1600E+03,-0.005892,0.014115,0.03621,1800.0
3.1601E+03,-0.007272,0.013457,0.03621,1800.0
3.1602E+03,-0.008582,0.012665,0.03621,1800.0
3.1603E+03,-0.009772,0.011773,0.03621,1800.0
3.1604E+03,-0.010854,0.010781,0.03621,1800.0
3.1605E+03,-0.011907,0.009616,0.03621,1800.0
3.1606E+03,-0.012751,0.008474,0.03621,1800.0
3.1607E+03,-0.013537,0.007173,0.03621,1800.0
3.1608E+03,-0.014138,0.005878,0.03621,1800.0
3.1609E+03,-0.014548,0.004767,0.03621,1800.0
3.1610E+03,-0.014926,0.003358,0.03621,1800.0
3.1611E+03,-0.015190,0.001862,0.03621,1800.0
3.1612E+03,-0.015294,0.000373,0.03621,1800.0
3.1613E+03,-0.015263,-0.001003,0.03621,1800.0
3.1614E+03,-0.015084,-0.002546,0.03621,1800.0
3.1615E+03,-0.014768,-0.004013,0.03621,1800.0
3.1616E+03,-0.014352,-0.005329,0.03621,1800.0
3.1617E+03,-0.013921,-0.006369,0.03621,1800.0
3.1618E+03,-0.013232,-0.007699,0.03621,1800.0
3.1619E+03,-0.012426,-0.008950,0.03621,1800.0
3.1620E+03,-0.011435,-0.010179,0.03621,1800.0
3.1621E+03,-0.010374,-0.011248,0.03621,1800.0
3.1622E+03,-0.009223,-0.012212,0.03621,1800.0
3.1623E+03,-0.008015,-0.013031,0.03621,1800.0
3.1624E+03,-0.006688,-0.013755,0.03621,1800.0
3.1625E+03,-0.005304,-0.014347,0.03621,1800.0
3.1626E+03,-0.003903,-0.014793,0.03621,1800.0
3.1627E+03,-0.002435,-0.015103,0.03621,1800.0
3.1628E+03,-0.000945,-0.015271,0.03621,1800.0
3.1629E+03,0.000596,-0.015296,0.03621,1800.0
3.1630E+03,0.002112,-0.015168,0.03621,1800.0
3.1631E+03,0.003477,-0.014907,0.03621,1800.0
3.1632E+03,0.004937,-0.014490,0.03621,1800.0
3.1633E+03,0.006334,-0.013924,0.03621,1800.0
3.1634E+03,0.007637,-0.013256,0.03621,1800.0
3.1635E+03,0.008609,-0.012657,0.03621,1800.0
3.1636E+03,0.009610,-0.011894,0.03621,1800.0
3.1637E+03,0.010715,-0.010917,0.03621,1800.0
3.1638E+03,0.011713,-0.009843,0.03621,0.0
3.1639E+03,0.012632,-0.008635,0.03621,0.0
3.1640E+03,0.013452,-0.007301,0.03621,0.0
3.1641E+03,0.014054,-0.006088,0.03621,0.0
3.1642E+03,0.014575,-0.004725,0.03621,0.0
3.1643E+03,0.014943,-0.003335,0.03621,0.0
3.1644E+03,0.015197,-0.001804,0.03621,0.0
3.1645E+03,0.015289,-0.000745,0.03621,1800.0
3.1646E+03,0.015306,-0.000473,0.03621,1800.0
3.1647E+03,0.015273,-0.000456,0.03621,1800.0
3.1648E+03,0.012629,0.000869,0.03621,1800.0
3.1649E+03,0.006626,0.003880,0.03621,1800.0
3.1650E+03,-0.000102,0.007253,0.03621,1800.0
3.1651E+03,-0.005266,0.009843,0.03621,1800.0
3.1652E+03,-0.005691,0.010056,0.03621,1800.0
3.1653E+03,-0.005665,0.010070,0.03621,1800.0
3.1654E+03,-0.005231,0.010302,0.03621,1800.0
3.1655E+03,-0.003915,0.010859,0.03621,1800.0
3.1656E+03,-0.002442,0.011275,0.03621,1800.0
3.1657E+03,-0.000951,0.011486,0.03621,1800.0
3.1658E+03,0.000515,0.011518,0.03621,1800.0
3.1659E+03,0.001988,0.011351,0.03621,1800.0
3.1660E+03,0.003450,0.010999,0.03621,1800.0
3.1661E+03,0.004874,0.010439,0.03621,1800.0
3.1662E+03,0.006233,0.009698,0.03621,1800.0
3.1663E+03,0.007439,0.008821,0.03621,1800.0
3.1664E+03,0.008473,0.007836,0.03621,1800.0
3.1665E+03,0.009373,0.006747,0.03621,1800.0
3.1666E+03,0.010147,0.005505,0.03621,1800.0
3.1667E+03,0.010793,0.004069,0.03621,1800.0
3.1668E+03,0.011218,0.002692,0.03621,1800.0
3.1669E+03,0.011459,0.001223,0.03621,1800.0
3.1670E+03,0.011518,-0.000313,0.03621,1800.0
3.1671E+03,0.011374,-0.001847,0.03621,1800.0
3.1672E+03,0.011036,-0.003329,0.03621,1800.0
3.1673E+03,0.010519,-0.004715,0.03621,1800.0
3.1674E+03,0.009832,-0.006027,0.03621,1800.0
3.1675E+03,0.008941,-0.007293,0.03621,1800.0
3.1676E+03,0.007921,-0.008394,0.03621,1800.0
3.1677E+03,0.006816,-0.009323,0.03621,1800.0
3.1678E+03,0.005509,-0.010146,0.03621,1800.0
3.1679E+03,0.004123,-0.010779,0.03621,1800.0
3.1680E+03,0.002695,-0.011217,0.03621,1800.0
3.1681E+03,0.001241,-0.011464,0.03621,1800.0
3.1682E+03,-0.000099,-0.011520,0.03621,1800.0
3.1683E+03,-0.001593,-0.011418,0.03621,1800.0
3.1684E+03,-0.003086,-0.011103,0.03621,1800.0
3.1685E+03,-0.004553,-0.010594,0.03621,1800.0
3.1686E+03,-0.005889,-0.009924,0.03621,1800.0
3.1687E+03,-0.007069,-0.009116,0.03621,1800.0
3.1688E+03,-0.008237,-0.008098,0.03621,1800.0
3.1689E+03,-0.009195,-0.006980,0.03621,1800.0
3.1690E+03,-0.010019,-0.005736,0.03621,1800.0
3.1691E+03,-0.010688,-0.004342,0.03621,1800.0
3.1692E+03,-0.011152,-0.002918,0.03621,1800.0
3.1693E+03,-0.011439,-0.001440,0.03621,1800.0
3.1694E+03,-0.011520,0.000090,0.03621,1800.0
3.1695E+03,-0.011416,0.001605,0.03621,0.0
3.1696E+03,-0.011115,0.003055,0.03621,0.0
3.1697E+03,-0.010637,0.004443,0.03621,0.0
3.1698E+03,-0.009985,0.005780,0.03621,0.0
3.1699E+03,-0.009245,0.006914,0.03621,1800.0
3.1700E+03,-0.008243,0.008098,0.03621,1800.0
3.1701E+03,-0.007077,0.009114,0.03621,1800.0
3.1702E+03,-0.005931,0.009901,0.03621,1800.0
3.1703E+03,-0.005706,0.010047,0.03621,1800.0
3.1704E+03,-0.005691,0.010056,0.03621,1800.0
3.1705E+03,-0.007449,0.008215,0.03621,1800.0
3.1706E+03,-0.011170,0.004317,0.03621,1800.0
3.1707E+03,-0.013436,0.001943,0.03621,1800.0
3.1708E+03,-0.013487,0.001890,0.03621,1800.0
3.1709E+03,-0.013494,0.001829,0.03621,1800.0
3.1710E+03,-0.013533,0.001394,0.03621,1800.0
3.1711E+03,-0.013611,-0.000028,0.03621,1800.0
3.1712E+03,-0.013518,-0.001605,0.03621,1800.0
3.1713E+03,-0.013267,-0.003039,0.03621,1800.0
3.1714E+03,-0.012837,-0.004513,0.03621,1800.0
3.1715E+03,-0.012265,-0.005874,0.03621,1800.0
3.1716E+03,-0.011620,-0.007057,0.03621,1800.0
3.1717E+03,-0.010739,-0.008326,0.03621,1800.0
3.1718E+03,-0.009746,-0.009477,0.03621,1800.0
3.1719E+03,-0.008669,-0.010480,0.03621,1800.0
3.1720E+03,-0.007451,-0.011370,0.03621,1800.0
3.1721E+03,-0.006100,-0.012156,0.03621,1800.0
3.1722E+03,-0.004725,-0.012766,0.03621,1800.0
3.1723E+03,-0.003358,-0.013186,0.03621,1800.0
3.1724E+03,-0.001793,-0.013498,0.03621,1800.0
3.1725E+03,-0.000811,-0.013593,0.03621,1800.0
3.1726E+03,0.000545,-0.013593,0.03621,1800.0
3.1727E+03,0.002069,-0.013440,0.03621,1800.0
3.1728E+03,0.003554,-0.013126,0.03621,1800.0
3.1729E+03,0.004942,-0.012667,0.03621,1800.0
3.1730E+03,0.006323,-0.012026,0.03621,1800.0
3.1731E+03,0.007649,-0.011236,0.03621,1800.0
3.1732E+03,0.008827,-0.010335,0.03621,1800.0
3.1733E+03,0.009904,-0.009319,0.03621,1800.0
3.1734E+03,0.010782,-0.008302,0.03621,1800.0
3.1735E+03,0.011633,-0.007081,0.03621,1800.0
3.1736E+03,0.012372,-0.005664,0.03621,1800.0
3.1737E+03,0.012907,-0.004318,0.03621,1800.0
3.1738E+03,0.013287,-0.002889,0.03621,1800.0
3.1739E+03,0.013522,-0.001381,0.03621,1800.0
3.1740E+03,0.013586,0.000153,0.03621,1800.0
3.1741E+03,0.013500,0.001638,0.03621,1800.0
3.1742E+03,0.013235,0.003095,0.03621,1800.0
3.1743E+03,0.012814,0.004553,0.03621,1800.0
3.1744E+03,0.012232,0.005941,0.03621,1800.0
3.1745E+03,0.011476,0.007300,0.03621,1800.0
3.1746E+03,0.010595,0.008536,0.03621,1800.0
3.1747E+03,0.009594,0.009658,0.03621,1800.0
3.1748E+03,0.008491,0.010640,0.03621,1800.0
3.1749E+03,0.007223,0.011525,0.03621,1800.0
3.1750E+03,0.005910,0.012252,0.03621,1800.0
3.1751E+03,0.004648,0.012775,0.03621,1800.0
3.1752E+03,0.003244,0.013205,0.03621,1800.0
3.1753E+03,0.001803,0.013476,0.03621,1800.0
3.1754E+03,0.000281,0.013587,0.03621,1800.0
3.1755E+03,-0.001084,0.013569,0.03621,1800.0
3.1756E+03,-0.002116,0.013436,0.03621,1800.0
3.1757E+03,-0.003572,0.013129,0.03621,1800.0
3.1758E+03,-0.004992,0.012666,0.03621,1800.0
3.1759E+03,-0.006433,0.012001,0.03621,1800.0
3.1760E+03,-0.007621,0.011216,0.03621,0.0
3.1761E+03,-0.008885,0.010281,0.03621,0.0
3.1762E+03,-0.009952,0.009262,0.03621,0.0
3.1763E+03,-0.010903,0.008126,0.03621,0.0
3.1764E+03,-0.011748,0.006823,0.03621,0.0
3.1765E+03,-0.012431,0.005498,0.03621,1800.0
3.1766E+03,-0.012945,0.004140,0.03621,1800.0
3.1767E+03,-0.013321,0.002772,0.03621,1800.0
3.1768E+03,-0.013486,0.001895,0.03621,1800.0
3.1769E+03,-0.013487,0.001890,0.03621,1800.0
3.1770E+03,-0.013406,0.002002,0.03621,1800.0
3.1771E+03,-0.010181,0.006477,0.03621,1800.0
3.1772E+03,-0.007100,0.010752,0.03621,1800.0
3.1774E+03,-0.006539,0.011530,0.03621,1800.0
3.1775E+03,-0.006185,0.011719,0.03621,1800.0
3.1776E+03,-0.005156,0.012180,0.03621,1800.0
3.1777E+03,-0.003740,0.012689,0.03621,1800.0
3.1778E+03,-0.002278,0.013041,0.03621,1800.0
3.1779E+03,-0.000827,0.013211,0.03621,1800.0
3.1780E+03,0.000701,0.013218,0.03621,1800.0
3.1781E+03,0.002200,0.013053,0.03621,1800.0
3.1782E+03,0.003722,0.012720,0.03621,1800.0
3.1783E+03,0.005091,0.012232,0.03621,1800.0
3.1784E+03,0.006431,0.011569,0.03621,1800.0
3.1785E+03,0.007572,0.010849,0.03621,1800.0
3.1786E+03,0.008770,0.009904,0.03621,1800.0
3.1787E+03,0.009841,0.008850,0.03621,1800.0
3.1788E+03,0.010771,0.007681,0.03621,1800.0
3.1789E+03,0.011570,0.006412,0.03621,1800.0
3.1790E+03,0.012232,0.005049,0.03621,1800.0
3.1791E+03,0.012751,0.003565,0.03621,1800.0
3.1792E+03,0.013067,0.002126,0.03621,1800.0
3.1793E+03,0.013229,0.000669,0.03621,1800.0
3.1794E+03,0.013222,-0.000849,0.03621,1800.0
3.1795E+03,0.013040,-0.002417,0.03621,1800.0
3.1796E+03,0.012678,-0.003837,0.03621,1800.0
3.1797E+03,0.012158,-0.005232,0.03621,1800.0
3.1798E+03,0.011463,-0.006598,0.03621,1800.0
3.1799E+03,0.010647,-0.007862,0.03621,1800.0
3.1800E+03,0.009688,-0.009007,0.03621,1800.0
3.1801E+03,0.008592,-0.010053,0.03621,1800.0
3.1802E+03,0.007380,-0.010982,0.03621,1800.0
3.1803E+03,0.006211,-0.011691,0.03621,1800.0
3.1804E+03,0.004860,-0.012324,0.03621,1800.0
3.1805E+03,0.003541,-0.012770,0.03621,1800.0
3.1806E+03,0.002018,-0.013086,0.03621,1800.0
3.1807E+03,0.000513,-0.013232,0.03621,1800.0
3.1808E+03,-0.000973,-0.013205,0.03621,1800.0
3.1809E+03,-0.002469,-0.013000,0.03621,1800.0
3.1810E+03,-0.003961,-0.012620,0.03621,1800.0
3.1811E+03,-0.005405,-0.012073,0.03621,1800.0
3.1812E+03,-0.006763,-0.011374,0.03621,1800.0
3.1813E+03,-0.007990,-0.010540,0.03621,1800.0
3.1814E+03,-0.009107,-0.009597,0.03621,1800.0
3.1815E+03,-0.010139,-0.008503,0.03621,1800.0
3.1816E+03,-0.011035,-0.007326,0.03621,1800.0
3.1817E+03,-0.011830,-0.005977,0.03621,1800.0
3.1818E+03,-0.012422,-0.004611,0.03621,1800.0
3.1819E+03,-0.012849,-0.003198,0.03621,1800.0
3.1820E+03,-0.013104,-0.001863,0.03621,1800.0
3.1821E+03,-0.013226,-0.000320,0.03621,1800.0
3.1822E+03,-0.013169,0.001208,0.03621,1800.0
3.1823E+03,-0.012953,0.002692,0.03621,1800.0
