9.6840E+02,0.001726,-0.012597,0.00852,0.0
9.6850E+02,0.000190,-0.012717,0.00852,0.0
9.6860E+02,-0.001293,-0.012660,0.00852,0.0
9.6870E+02,-0.002802,-0.012432,0.00852,0.0
9.6880E+02,-0.004257,-0.012006,0.00852,0.0
9.6890E+02,-0.005616,-0.011431,0.00852,0.0
9.6900E+02,-0.006949,-0.010665,0.00852,0.0
9.6910E+02,-0.007682,-0.010171,0.00852,0.0
9.6930E+02,-0.007843,-0.010057,0.00852,0.0
1.0159E+03,0.011141,0.013458,0.00923,1800.0
1.0160E+03,0.010684,0.013811,0.00923,1800.0
1.0161E+03,0.009665,0.014526,0.00923,1800.0
1.0162E+03,0.008395,0.015299,0.00923,1800.0
1.0163E+03,0.007178,0.015904,0.00923,1800.0
1.0164E+03,0.005764,0.016473,0.00923,1800.0
1.0165E+03,0.004355,0.016909,0.00923,1800.0
1.0166E+03,0.002868,0.017224,0.00923,1800.0
1.0167E+03,0.001311,0.017406,0.00923,1800.0
1.0168E+03,-0.000152,0.017457,0.00923,1800.0
1.0169E+03,-0.001639,0.017380,0.00923,1800.0
1.0170E+03,-0.003175,0.017162,0.00923,1800.0
1.0171E+03,-0.004627,0.016824,0.00923,1800.0
1.0172E+03,-0.006048,0.016367,0.00923,1800.0
1.0173E+03,-0.007475,0.015761,0.00923,1800.0
1.0174E+03,-0.008801,0.015073,0.00923,1800.0
1.0175E+03,-0.010030,0.014276,0.00923,1800.0
1.0176E+03,-0.011275,0.013321,0.00923,1800.0
1.0177E+03,-0.012378,0.012304,0.00923,1800.0
1.0178E+03,-0.013414,0.011176,0.00923,1800.0
1.0179E+03,-0.014312,0.010011,0.00923,1800.0
1.0180E+03,-0.015114,0.008742,0.00923,1800.0
1.0181E+03,-0.015735,0.007533,0.00923,1800.0
1.0182E+03,-0.016333,0.006149,0.00923,1800.0
1.0183E+03,-0.016734,0.004987,0.00923,1800.0
1.0184E+03,-0.016994,0.003997,0.00923,1800.0
1.0185E+03,-0.017218,0.002834,0.00923,1800.0
1.0186E+03,-0.017381,0.001630,0.00923,1800.0
1.0187E+03,-0.017443,0.000493,0.00923,1800.0
1.0188E+03,-0.017443,-0.000875,0.00923,1800.0
1.0189E+03,-0.017355,-0.001904,0.00923,1800.0
1.0190E+03,-0.017130,-0.003379,0.00923,1800.0
1.0191E+03,-0.016945,-0.004240,0.00923,1800.0
1.0192E+03,-0.016639,-0.005295,0.00923,1800.0
1.0193E+03,-0.016163,-0.006594,0.00923,1800.0
1.0194E+03,-0.015524,-0.007964,0.00923,1800.0
1.0195E+03,-0.014772,-0.009285,0.00923,1800.0
1.0196E+03,-0.013890,-0.010555,0.00923,1800.0
1.0197E+03,-0.012927,-0.011725,0.00923,1800.0
1.0198E+03,-0.011989,-0.012679,0.00923,1800.0
1.0199E+03,-0.010841,-0.013678,0.00923,1800.0
1.0200E+03,-0.009618,-0.014564,0.00923,1800.0
1.0201E+03,-0.008296,-0.015371,0.00923,1800.0
1.0202E+03,-0.006968,-0.016016,0.00923,1800.0
1.0203E+03,-0.005615,-0.016532,0.00923,1800.0
1.0204E+03,-0.004104,-0.016968,0.00923,1800.0
1.0205E+03,-0.002673,-0.017250,0.00923,1800.0
1.0206E+03,-0.001191,-0.017405,0.00923,1800.0
1.0207E+03,0.000342,-0.017445,0.00923,1800.0
1.0208E+03,0.001843,-0.017349,0.00923,1800.0
1.0209E+03,0.003319,-0.017133,0.00923,1800.0
1.0210E+03,0.004795,-0.016775,0.00923,1800.0
1.0211E+03,0.006238,-0.016302,0.00923,1800.0
1.0212E+03,0.007661,-0.015685,0.00923,1800.0
1.0213E+03,0.008914,-0.015013,0.00923,1800.0
1.0214E+03,0.010190,-0.014190,0.00923,1800.0
1.0215E+03,0.011270,-0.013327,0.00923,1800.0
1.0216E+03,0.012369,-0.012313,0.00923,1800.0
1.0217E+03,0.013395,-0.011184,0.00923,1800.0
1.0218E+03,0.014301,-0.009994,0.00923,1800.0
1.0219E+03,0.015108,-0.008720,0.00923,1800.0
1.0220E+03,0.015821,-0.007350,0.00923,1800.0
1.0221E+03,0.016415,-0.005926,0.00923,1800.0
1.0222E+03,0.016862,-0.004494,0.00923,1800.0
1.0223E+03,0.017181,-0.003060,0.00923,1800.0
1.0224E+03,0.017382,-0.001566,0.00923,1800.0
1.0225E+03,0.017465,-0.000078,0.00923,1800.0
1.0226E+03,0.017399,0.001462,0.00923,1800.0
1.0227E+03,0.017205,0.002949,0.00923,1800.0
1.0228E+03,0.016873,0.004457,0.00923,1800.0
1.0229E+03,0.016435,0.005869,0.00923,0.0
1.0230E+03,0.015880,0.007234,0.00923,0.0
1.0231E+03,0.015179,0.008596,0.00923,0.0
1.0232E+03,0.014459,0.009762,0.00923,0.0
1.0233E+03,0.013583,0.010961,0.00923,0.0
1.0234E+03,0.012581,0.012095,0.00923,0.0
1.0235E+03,0.011594,0.013060,0.00923,1800.0
1.0236E+03,0.011141,0.013458,0.00923,1800.0
1.0237E+03,0.011136,0.013452,0.00923,1800.0
1.0238E+03,0.010629,0.012848,0.00923,1800.0
1.0239E+03,0.006078,0.007425,0.00923,1800.0
1.0240E+03,0.001097,0.001489,0.00923,1800.0
1.0241E+03,-0.003764,-0.004304,0.00923,1800.0
1.0242E+03,-0.005864,-0.006806,0.00923,1800.0
1.0243E+03,-0.006133,-0.007127,0.00923,1800.0
1.0244E+03,-0.006204,-0.007063,0.00923,1800.0
1.0245E+03,-0.006664,-0.006597,0.00923,1800.0
1.0246E+03,-0.007620,-0.005469,0.00923,1800.0
1.0247E+03,-0.008413,-0.004143,0.00923,1800.0
1.0248E+03,-0.008988,-0.002729,0.00923,1800.0
1.0249E+03,-0.009283,-0.001477,0.00923,1800.0
1.0250E+03,-0.009381,0.000082,0.00923,1800.0
1.0251E+03,-0.009241,0.001601,0.00923,1800.0
1.0252E+03,-0.008877,0.003015,0.00923,1800.0
1.0253E+03,-0.008269,0.004410,0.00923,1800.0
1.0254E+03,-0.007473,0.005658,0.00923,1800.0
1.0255E+03,-0.006499,0.006748,0.00923,1800.0
1.0256E+03,-0.005332,0.007716,0.00923,1800.0
1.0257E+03,-0.004005,0.008474,0.00923,1800.0
1.0258E+03,-0.002574,0.009021,0.00923,1800.0
1.0259E+03,-0.001129,0.009325,0.00923,1800.0
1.0260E+03,0.000369,0.009386,0.00923,1800.0
1.0261E+03,0.001883,0.009214,0.00923,1800.0
1.0262E+03,0.003277,0.008802,0.00923,1800.0
1.0263E+03,0.004626,0.008162,0.00923,1800.0
1.0264E+03,0.005886,0.007296,0.00923,1800.0
1.0265E+03,0.006965,0.006277,0.00923,1800.0
1.0266E+03,0.007806,0.005170,0.00923,1800.0
1.0267E+03,0.008547,0.003851,0.00923,1800.0
1.0268E+03,0.009036,0.002469,0.00923,1800.0
1.0269E+03,0.009315,0.000928,0.00923,1800.0
1.0270E+03,0.009373,-0.000530,0.00923,1800.0
1.0271E+03,0.009168,-0.002035,0.00923,1800.0
1.0272E+03,0.008722,-0.003511,0.00923,1800.0
1.0273E+03,0.008076,-0.004807,0.00923,1800.0
1.0274E+03,0.007203,-0.006014,0.00923,1800.0
1.0275E+03,0.006123,-0.007090,0.00923,1800.0
1.0276E+03,0.004922,-0.007982,0.00923,1800.0
1.0277E+03,0.003573,-0.008661,0.00923,0.0
1.0278E+03,0.002115,-0.009125,0.00923,0.0
1.0279E+03,0.000643,-0.009351,0.00923,0.0
1.0280E+03,-0.000817,-0.009338,0.00923,0.0
1.0281E+03,-0.002293,-0.009093,0.00923,0.0
1.0282E+03,-0.003731,-0.008613,0.00923,1800.0
1.0283E+03,-0.004928,-0.008011,0.00923,1800.0
1.0284E+03,-0.005990,-0.007236,0.00923,1800.0
1.0285E+03,-0.006128,-0.007131,0.00923,1800.0
1.0286E+03,-0.006133,-0.007127,0.00923,1800.0
1.0287E+03,-0.003137,-0.008791,0.00923,1800.0
1.0288E+03,0.002679,-0.012022,0.00923,1800.0
1.0289E+03,0.006168,-0.013960,0.00923,1800.0
1.0291E+03,0.006717,-0.014265,0.00923,1800.0
1.0292E+03,0.007045,-0.014095,0.00923,1800.0
1.0293E+03,0.008082,-0.013516,0.00923,1800.0
1.0294E+03,0.009384,-0.012661,0.00923,1800.0
1.0295E+03,0.010531,-0.011724,0.00923,1800.0
1.0296E+03,0.011586,-0.010688,0.00923,1800.0
1.0297E+03,0.012541,-0.009532,0.00923,1800.0
1.0298E+03,0.013394,-0.008290,0.00923,1800.0
1.0299E+03,0.014131,-0.006948,0.00923,1800.0
1.0300E+03,0.014732,-0.005560,0.00923,1800.0
1.0301E+03,0.015154,-0.004270,0.00923,1800.0
1.0302E+03,0.015494,-0.002802,0.00923,1800.0
1.0303E+03,0.015690,-0.001313,0.00923,1800.0
1.0304E+03,0.015745,0.000200,0.00923,1800.0
1.0305E+03,0.015658,0.001718,0.00923,1800.0
1.0306E+03,0.015450,0.003095,0.00923,1800.0
1.0307E+03,0.015206,0.004148,0.00923,1800.0
1.0308E+03,0.014722,0.005636,0.00923,1800.0
1.0309E+03,0.014138,0.006954,0.00923,1800.0
1.0310E+03,0.013380,0.008306,0.00923,1800.0
1.0311E+03,0.012519,0.009557,0.00923,1800.0
1.0312E+03,0.011548,0.010701,0.00923,1800.0
1.0313E+03,0.010507,0.011729,0.00923,1800.0
1.0314E+03,0.009365,0.012656,0.00923,1800.0
1.0315E+03,0.008097,0.013505,0.00923,1800.0
1.0316E+03,0.006752,0.014234,0.00923,1800.0
1.0317E+03,0.005368,0.014809,0.00923,1800.0
1.0318E+03,0.004087,0.015224,0.00923,1800.0
1.0319E+03,0.002599,0.015545,0.00923,1800.0
1.0320E+03,0.001067,0.015718,0.00923,1800.0
1.0321E+03,-0.000390,0.015749,0.00923,1800.0
1.0322E+03,-0.001878,0.015635,0.00923,1800.0
1.0323E+03,-0.003353,0.015387,0.00923,1800.0
1.0324E+03,-0.004803,0.014996,0.00923,1800.0
1.0325E+03,-0.006230,0.014461,0.00923,1800.0
1.0326E+03,-0.007617,0.013781,0.00923,1800.0
1.0327E+03,-0.008911,0.012990,0.00923,1800.0
1.0328E+03,-0.010061,0.012120,0.00923,1800.0
1.0329E+03,-0.011189,0.011098,0.00923,1800.0
1.0330E+03,-0.012214,0.009964,0.00923,1800.0
1.0331E+03,-0.013132,0.008720,0.00923,1800.0
1.0332E+03,-0.013894,0.007438,0.00923,1800.0
1.0333E+03,-0.014522,0.006097,0.00923,1800.0
1.0334E+03,-0.014887,0.005166,0.00923,1800.0
1.0335E+03,-0.015223,0.004008,0.00923,1800.0
1.0336E+03,-0.015516,0.002704,0.00923,1800.0
1.0337E+03,-0.015679,0.001493,0.00923,1800.0
1.0338E+03,-0.015746,0.000072,0.00923,1800.0
1.0339E+03,-0.015696,-0.001323,0.00923,1800.0
1.0340E+03,-0.015555,-0.002489,0.00923,1800.0
1.0341E+03,-0.015275,-0.003868,0.00923,1800.0
1.0342E+03,-0.014865,-0.005244,0.00923,1800.0
1.0343E+03,-0.014516,-0.006148,0.00923,1800.0
1.0344E+03,-0.013882,-0.007447,0.00923,1800.0
1.0345E+03,-0.013134,-0.008695,0.00923,1800.0
1.0346E+03,-0.012215,-0.009922,0.00923,1800.0
1.0347E+03,-0.011197,-0.011074,0.00923,1800.0
1.0348E+03,-0.010117,-0.012069,0.00923,1800.0
1.0349E+03,-0.008913,-0.012973,0.00923,1800.0
1.0350E+03,-0.007589,-0.013801,0.00923,1800.0
1.0351E+03,-0.006238,-0.014466,0.00923,1800.0
1.0352E+03,-0.004868,-0.014985,0.00923,1800.0
1.0353E+03,-0.003559,-0.015359,0.00923,0.0
1.0354E+03,-0.002105,-0.015616,0.00923,0.0
1.0355E+03,-0.000643,-0.015745,0.00923,0.0
1.0356E+03,0.000965,-0.015721,0.00923,0.0
1.0357E+03,0.002425,-0.015564,0.00923,0.0
1.0358E+03,0.003872,-0.015262,0.00923,1800.0
1.0359E+03,0.005337,-0.014814,0.00923,1800.0
1.0360E+03,0.006385,-0.014414,0.00923,1800.0
1.0361E+03,0.006717,-0.014265,0.00923,1800.0
1.0362E+03,0.006526,-0.014185,0.00923,1800.0
1.0363E+03,0.004587,-0.013372,0.00923,1800.0
1.0364E+03,-0.001818,-0.010686,0.00923,1800.0
1.0365E+03,-0.007237,-0.008413,0.00923,1800.0
1.0367E+03,-0.007252,-0.008407,0.00923,1800.0
1.0368E+03,-0.007717,-0.007987,0.00923,1800.0
1.0369E+03,-0.008611,-0.006970,0.00923,1800.0
1.0370E+03,-0.009476,-0.005725,0.00923,1800.0
1.0371E+03,-0.010118,-0.004509,0.00923,1800.0
1.0372E+03,-0.010633,-0.003103,0.00923,1800.0
1.0373E+03,-0.010956,-0.001675,0.00923,1800.0
1.0374E+03,-0.011077,-0.000166,0.00923,1800.0
1.0375E+03,-0.011017,0.001338,0.00923,1800.0
1.0376E+03,-0.010732,0.002829,0.00923,1800.0
1.0377E+03,-0.010238,0.004287,0.00923,1800.0
1.0378E+03,-0.009560,0.005645,0.00923,1800.0
1.0379E+03,-0.008761,0.006812,0.00923,1800.0
1.0380E+03,-0.007748,0.007922,0.00923,1800.0
1.0381E+03,-0.006595,0.008897,0.00923,1800.0
1.0382E+03,-0.005343,0.009706,0.00923,1800.0
1.0383E+03,-0.003953,0.010339,0.00923,1800.0
1.0384E+03,-0.002508,0.010791,0.00923,1800.0
1.0385E+03,-0.001043,0.011030,0.00923,1800.0
1.0386E+03,0.000498,0.011070,0.00923,1800.0
1.0387E+03,0.002005,0.010903,0.00923,1800.0
1.0388E+03,0.003263,0.010610,0.00923,1800.0
1.0389E+03,0.004665,0.010076,0.00923,1800.0
1.0390E+03,0.006050,0.009289,0.00923,1800.0
1.0391E+03,0.007209,0.008419,0.00923,1800.0
1.0392E+03,0.008270,0.007379,0.00923,1800.0
1.0393E+03,0.009208,0.006147,0.00923,1800.0
1.0394E+03,0.009973,0.004812,0.00923,1800.0
1.0395E+03,0.010532,0.003430,0.00923,1800.0
1.0396E+03,0.010904,0.002013,0.00923,1800.0
1.0397E+03,0.011064,0.000536,0.00923,1800.0
1.0398E+03,0.011037,-0.000971,0.00923,1800.0
1.0399E+03,0.010816,-0.002471,0.00923,1800.0
1.0400E+03,0.010392,-0.003907,0.00923,1800.0
1.0401E+03,0.009778,-0.005251,0.00923,1800.0
1.0402E+03,0.008981,-0.006520,0.00923,1800.0
1.0403E+03,0.007995,-0.007683,0.00923,1800.0
1.0404E+03,0.006874,-0.008688,0.00923,1800.0
1.0405E+03,0.005718,-0.009482,0.00923,1800.0
1.0406E+03,0.004365,-0.010179,0.00923,1800.0
1.0407E+03,0.002966,-0.010673,0.00923,0.0
1.0408E+03,0.001503,-0.010977,0.00923,0.0
1.0409E+03,0.000033,-0.011085,0.00923,0.0
1.0410E+03,-0.001483,-0.010988,0.00923,0.0
1.0411E+03,-0.002948,-0.010699,0.00923,0.0
1.0412E+03,-0.004399,-0.010196,0.00923,0.0
1.0413E+03,-0.005715,-0.009522,0.00923,1800.0
1.0414E+03,-0.006918,-0.008667,0.00923,1800.0
1.0415E+03,-0.007219,-0.008435,0.00923,1800.0
1.0416E+03,-0.007252,-0.008407,0.00923,1800.0
1.0417E+03,-0.006194,-0.006446,0.00923,1800.0
1.0418E+03,-0.003330,-0.001139,0.00923,1800.0
1.0419E+03,0.000445,0.005855,0.00923,1800.0
1.0420E+03,0.003344,0.011226,0.00923,1800.0
1.0422E+03,0.004483,0.013336,0.00923,1800.0
1.0423E+03,0.004441,0.013348,0.00923,1800.0
1.0424E+03,0.003753,0.013555,0.00923,1800.0
1.0425E+03,0.002357,0.013855,0.00923,1800.0
1.0426E+03,0.000846,0.014023,0.00923,1800.0
1.0427E+03,-0.000654,0.014032,0.00923,1800.0
1.0428E+03,-0.002148,0.013878,0.00923,1800.0
1.0429E+03,-0.003650,0.013559,0.00923,1800.0
1.0430E+03,-0.005074,0.013097,0.00923,1800.0
1.0431E+03,-0.006407,0.012500,0.00923,1800.0
1.0432E+03,-0.007722,0.011725,0.00923,1800.0
1.0433E+03,-0.008972,0.010814,0.00923,1800.0
1.0434E+03,-0.010035,0.009842,0.00923,1800.0
1.0435E+03,-0.011026,0.008721,0.00923,1800.0
1.0436E+03,-0.011929,0.007453,0.00923,1800.0
1.0437E+03,-0.012628,0.006152,0.00923,1800.0
1.0438E+03,-0.013220,0.004758,0.00923,1800.0
1.0439E+03,-0.013659,0.003267,0.00923,1800.0
1.0440E+03,-0.013908,0.001938,0.00923,1800.0
1.0441E+03,-0.014030,0.000436,0.00923,1800.0
1.0442E+03,-0.014004,-0.001081,0.00923,1800.0
1.0443E+03,-0.013810,-0.002559,0.00923,1800.0
1.0444E+03,-0.013465,-0.004010,0.00923,1800.0
1.0445E+03,-0.012967,-0.005410,0.00923,1800.0
1.0446E+03,-0.012309,-0.006791,0.00923,1800.0
1.0447E+03,-0.011511,-0.008078,0.00923,1800.0
1.0448E+03,-0.010547,-0.009298,0.00923,1800.0
1.0449E+03,-0.009493,-0.010365,0.00923,1800.0
1.0450E+03,-0.008372,-0.011277,0.00923,1800.0
1.0451E+03,-0.007132,-0.012101,0.00923,1800.0
1.0452E+03,-0.005791,-0.012796,0.00923,1800.0
1.0453E+03,-0.004365,-0.013346,0.00923,1800.0
1.0454E+03,-0.002913,-0.013738,0.00923,1800.0
1.0455E+03,-0.001437,-0.013971,0.00923,1800.0
1.0456E+03,0.000089,-0.014048,0.00923,1800.0
1.0457E+03,0.001438,-0.013983,0.00923,1800.0
1.0458E+03,0.002935,-0.013753,0.00923,1800.0
1.0459E+03,0.004382,-0.013361,0.00923,1800.0
1.0460E+03,0.005781,-0.012814,0.00923,1800.0
1.0461E+03,0.007154,-0.012086,0.00923,1800.0
1.0462E+03,0.008397,-0.011257,0.00923,1800.0
1.0463E+03,0.009542,-0.010309,0.00923,1800.0
1.0464E+03,0.010601,-0.009207,0.00923,1800.0
1.0465E+03,0.011527,-0.008018,0.00923,1800.0
1.0466E+03,0.012309,-0.006763,0.00923,1800.0
1.0467E+03,0.012960,-0.005410,0.00923,1800.0
1.0468E+03,0.013471,-0.003975,0.00923,1800.0
1.0469E+03,0.013823,-0.002536,0.00923,1800.0
1.0470E+03,0.014017,-0.001056,0.00923,1800.0
1.0471E+03,0.014046,0.000517,0.00923,1800.0
1.0472E+03,0.013931,0.001926,0.00923,1800.0
1.0473E+03,0.013612,0.003467,0.00923,1800.0
1.0474E+03,0.013225,0.004724,0.00923,1800.0
1.0475E+03,0.012657,0.006084,0.00923,1800.0
1.0476E+03,0.012041,0.007245,0.00923,0.0
1.0477E+03,0.011304,0.008330,0.00923,0.0
1.0478E+03,0.010343,0.009498,0.00923,0.0
1.0479E+03,0.009245,0.010579,0.00923,0.0
1.0480E+03,0.008102,0.011478,0.00923,0.0
1.0481E+03,0.006855,0.012277,0.00923,0.0
1.0482E+03,0.005488,0.012952,0.00923,1800.0
1.0483E+03,0.004575,0.013301,0.00923,1800.0
1.0484E+03,0.004483,0.013336,0.00923,1800.0
1.0485E+03,0.004454,0.013283,0.00923,1800.0
1.0486E+03,0.002191,0.009231,0.00923,1800.0
1.0487E+03,-0.001427,0.002750,0.00923,1800.0
1.0488E+03,-0.005247,-0.004091,0.00923,1800.0
1.0489E+03,-0.007772,-0.008614,0.00923,1800.0
1.0490E+03,-0.008371,-0.009687,0.00923,1800.0
1.0491E+03,-0.008376,-0.009682,0.00923,1800.0
1.0492E+03,-0.008546,-0.009517,0.00923,1800.0
1.0493E+03,-0.009531,-0.008545,0.00923,1800.0
1.0494E+03,-0.010426,-0.007414,0.00923,1800.0
1.0495E+03,-0.011251,-0.006071,0.00923,1800.0
1.0496E+03,-0.011894,-0.004701,0.00923,1800.0
1.0497E+03,-0.012346,-0.003328,0.00923,1800.0
1.0498E+03,-0.012649,-0.001870,0.00923,1800.0
1.0499E+03,-0.012776,-0.000362,0.00923,1800.0
1.0500E+03,-0.012727,0.001154,0.00923,1800.0
1.0501E+03,-0.012495,0.002674,0.00923,1800.0
1.0502E+03,-0.012084,0.004162,0.00923,1800.0
1.0503E+03,-0.011517,0.005563,0.00923,1800.0
1.0504E+03,-0.010802,0.006874,0.00923,1800.0
1.0505E+03,-0.009929,0.008098,0.00923,1800.0
1.0506E+03,-0.008917,0.009191,0.00923,1800.0
1.0507E+03,-0.007768,0.010174,0.00923,1800.0
1.0508E+03,-0.006476,0.011030,0.00923,1800.0
1.0509E+03,-0.005290,0.011632,0.00923,1800.0
1.0510E+03,-0.003899,0.012171,0.00923,1800.0
1.0511E+03,-0.002463,0.012548,0.00923,1800.0
1.0512E+03,-0.001003,0.012751,0.00923,1800.0
1.0513E+03,0.000506,0.012777,0.00923,1800.0
1.0514E+03,0.002036,0.012619,0.00923,1800.0
1.0515E+03,0.003540,0.012291,0.00923,1800.0
1.0516E+03,0.004899,0.011812,0.00923,1800.0
1.0517E+03,0.006325,0.011129,0.00923,1800.0
1.0518E+03,0.007529,0.010348,0.00923,1800.0
1.0519E+03,0.008681,0.009399,0.00923,1800.0
1.0520E+03,0.009766,0.008250,0.00923,1800.0
1.0521E+03,0.010673,0.007039,0.00923,1800.0
1.0522E+03,0.011422,0.005733,0.00923,1800.0
1.0523E+03,0.012013,0.004365,0.00923,1800.0
1.0524E+03,0.012432,0.002927,0.00923,1800.0
1.0525E+03,0.012699,0.001453,0.00923,1800.0
1.0526E+03,0.012788,0.000129,0.00923,1800.0
1.0527E+03,0.012722,-0.001418,0.00923,1800.0
1.0528E+03,0.012497,-0.002815,0.00923,1800.0
1.0529E+03,0.012032,-0.004360,0.00923,1800.0
1.0530E+03,0.011436,-0.005738,0.00923,1800.0
1.0531E+03,0.010717,-0.006977,0.00923,1800.0
1.0532E+03,0.009807,-0.008195,0.00923,1800.0
1.0533E+03,0.008774,-0.009295,0.00923,1800.0
1.0534E+03,0.007636,-0.010248,0.00923,1800.0
1.0535E+03,0.006394,-0.011075,0.00923,1800.0
1.0536E+03,0.005012,-0.011757,0.00923,1800.0
1.0537E+03,0.003544,-0.012286,0.00923,1800.0
