2.7144E+03,-0.010479,-0.005765,0.02698,0.0
2.7145E+03,-0.011123,-0.004418,0.02698,0.0
2.7146E+03,-0.011550,-0.003165,0.02698,0.0
2.7147E+03,-0.011858,-0.001681,0.02698,0.0
2.7148E+03,-0.011993,-0.000093,0.02698,0.0
2.7149E+03,-0.011902,0.001374,0.02698,0.0
2.7150E+03,-0.011624,0.002865,0.02698,0.0
2.7151E+03,-0.011252,0.004109,0.02698,0.0
2.7152E+03,-0.011140,0.004445,0.02698,0.0
2.7153E+03,-0.011138,0.004452,0.02698,0.0
2.7356E+03,-0.010271,0.010602,0.02769,1800.0
2.7357E+03,-0.010327,0.010544,0.02769,1800.0
2.7358E+03,-0.010833,0.010015,0.02769,1800.0
2.7359E+03,-0.011825,0.008817,0.02769,1800.0
2.7360E+03,-0.012682,0.007512,0.02769,1800.0
2.7361E+03,-0.013359,0.006230,0.02769,1800.0
2.7362E+03,-0.013918,0.004833,0.02769,1800.0
2.7363E+03,-0.014343,0.003356,0.02769,1800.0
2.7364E+03,-0.014613,0.001901,0.02769,1800.0
2.7365E+03,-0.014730,0.000426,0.02769,1800.0
2.7366E+03,-0.014688,-0.001107,0.02769,1800.0
2.7367E+03,-0.014501,-0.002607,0.02769,1800.0
2.7368E+03,-0.014219,-0.003901,0.02769,1800.0
2.7369E+03,-0.013746,-0.005341,0.02769,1800.0
2.7370E+03,-0.013108,-0.006775,0.02769,1800.0
2.7371E+03,-0.012381,-0.008008,0.02769,1800.0
2.7372E+03,-0.011471,-0.009253,0.02769,1800.0
2.7373E+03,-0.010469,-0.010383,0.02769,1800.0
2.7374E+03,-0.009346,-0.011391,0.02769,1800.0
2.7375E+03,-0.008131,-0.012284,0.02769,1800.0
2.7376E+03,-0.006845,-0.013050,0.02769,1800.0
2.7377E+03,-0.005461,-0.013680,0.02769,1800.0
2.7378E+03,-0.004035,-0.014169,0.02769,1800.0
2.7379E+03,-0.002614,-0.014502,0.02769,1800.0
2.7380E+03,-0.001114,-0.014696,0.02769,1800.0
2.7381E+03,0.000450,-0.014736,0.02769,1800.0
2.7382E+03,0.001899,-0.014636,0.02769,1800.0
2.7383E+03,0.003447,-0.014338,0.02769,1800.0
2.7384E+03,0.004829,-0.013932,0.02769,1800.0
2.7385E+03,0.006103,-0.013411,0.02769,1800.0
2.7386E+03,0.007439,-0.012716,0.02769,1800.0
2.7387E+03,0.008707,-0.011877,0.02769,1800.0
2.7388E+03,0.009896,-0.010917,0.02769,1800.0
2.7389E+03,0.010957,-0.009844,0.02769,1800.0
2.7390E+03,0.011893,-0.008705,0.02769,1800.0
2.7391E+03,0.012684,-0.007517,0.02769,1800.0
2.7392E+03,0.013391,-0.006158,0.02769,1800.0
2.7393E+03,0.013970,-0.004732,0.02769,1800.0
2.7394E+03,0.014375,-0.003306,0.02769,1800.0
2.7395E+03,0.014634,-0.001782,0.02769,1800.0
2.7396E+03,0.014745,-0.000280,0.02769,1800.0
2.7397E+03,0.014686,0.001195,0.02769,1800.0
2.7398E+03,0.014489,0.002673,0.02769,1800.0
2.7399E+03,0.014123,0.004177,0.02769,1800.0
2.7400E+03,0.013616,0.005618,0.02769,1800.0
2.7401E+03,0.012985,0.006960,0.02769,1800.0
2.7402E+03,0.012309,0.008123,0.02769,1800.0
2.7403E+03,0.011391,0.009357,0.02769,1800.0
2.7404E+03,0.010419,0.010435,0.02769,1800.0
2.7405E+03,0.009297,0.011457,0.02769,1800.0
2.7406E+03,0.008054,0.012353,0.02769,1800.0
2.7407E+03,0.006721,0.013122,0.02769,1800.0
2.7408E+03,0.005362,0.013727,0.02769,1800.0
2.7409E+03,0.003946,0.014197,0.02769,1800.0
2.7410E+03,0.002489,0.014522,0.02769,1800.0
2.7411E+03,0.000993,0.014698,0.02769,1800.0
2.7412E+03,-0.000505,0.014723,0.02769,0.0
2.7413E+03,-0.002008,0.014595,0.02769,0.0
2.7414E+03,-0.003503,0.014314,0.02769,0.0
2.7415E+03,-0.004911,0.013896,0.02769,0.0
2.7416E+03,-0.006345,0.013306,0.02769,1800.0
2.7417E+03,-0.007727,0.012566,0.02769,1800.0
2.7418E+03,-0.008962,0.011716,0.02769,1800.0
2.7419E+03,-0.009925,0.010903,0.02769,1800.0
2.7420E+03,-0.010250,0.010622,0.02769,1800.0
2.7421E+03,-0.010271,0.010602,0.02769,1800.0
2.7422E+03,-0.010569,0.008617,0.02769,1800.0
2.7423E+03,-0.010970,0.005941,0.02769,1800.0
2.7424E+03,-0.011148,0.004755,0.02769,1800.0
2.7425E+03,-0.011139,0.004774,0.02769,1800.0
2.7426E+03,-0.010977,0.005095,0.02769,1800.0
2.7427E+03,-0.010319,0.006316,0.02769,1800.0
2.7428E+03,-0.009487,0.007516,0.02769,1800.0
2.7429E+03,-0.008507,0.008628,0.02769,1800.0
2.7430E+03,-0.007261,0.009678,0.02769,1800.0
2.7431E+03,-0.006001,0.010512,0.02769,1800.0
2.7432E+03,-0.004704,0.011146,0.02769,1800.0
2.7433E+03,-0.003268,0.011638,0.02769,1800.0
2.7434E+03,-0.001817,0.011951,0.02769,1800.0
2.7435E+03,-0.000344,0.012085,0.02769,1800.0
2.7436E+03,0.001028,0.012042,0.02769,1800.0
2.7437E+03,0.002541,0.011824,0.02769,1800.0
2.7438E+03,0.003980,0.011428,0.02769,1800.0
2.7439E+03,0.005398,0.010835,0.02769,1800.0
2.7440E+03,0.006702,0.010095,0.02769,1800.0
2.7441E+03,0.007933,0.009147,0.02769,1800.0
2.7442E+03,0.008958,0.008136,0.02769,1800.0
2.7443E+03,0.009894,0.006949,0.02769,1800.0
2.7444E+03,0.010692,0.005647,0.02769,1800.0
2.7445E+03,0.011303,0.004288,0.02769,1800.0
2.7446E+03,0.011747,0.002850,0.02769,1800.0
2.7447E+03,0.012008,0.001363,0.02769,1800.0
2.7448E+03,0.012095,-0.000110,0.02769,1800.0
2.7449E+03,0.011987,-0.001591,0.02769,1800.0
2.7450E+03,0.011696,-0.003078,0.02769,1800.0
2.7451E+03,0.011227,-0.004521,0.02769,1800.0
2.7452E+03,0.010576,-0.005910,0.02769,1800.0
2.7453E+03,0.009824,-0.007058,0.02769,1800.0
2.7454E+03,0.008862,-0.008240,0.02769,1800.0
2.7455E+03,0.007787,-0.009249,0.02769,1800.0
2.7456E+03,0.006580,-0.010137,0.02769,1800.0
2.7457E+03,0.005294,-0.010871,0.02769,1800.0
2.7458E+03,0.003922,-0.011433,0.02769,1800.0
2.7459E+03,0.002440,-0.011838,0.02769,1800.0
2.7460E+03,0.000912,-0.012061,0.02769,1800.0
2.7461E+03,-0.000582,-0.012080,0.02769,1800.0
2.7462E+03,-0.002067,-0.011921,0.02769,1800.0
2.7463E+03,-0.003551,-0.011583,0.02769,1800.0
2.7464E+03,-0.004961,-0.011050,0.02769,1800.0
2.7465E+03,-0.006304,-0.010334,0.02769,1800.0
2.7466E+03,-0.007511,-0.009498,0.02769,1800.0
2.7467E+03,-0.008596,-0.008503,0.02769,1800.0
2.7468E+03,-0.009603,-0.007343,0.02769,1800.0
2.7469E+03,-0.010456,-0.006064,0.02769,1800.0
