2.9778E+03,-0.012161,-0.000329,0.03266,0.0
2.9779E+03,-0.012093,0.001209,0.03266,0.0
2.9780E+03,-0.011873,0.002560,0.03266,0.0
2.9781E+03,-0.011477,0.004013,0.03266,0.0
2.9782E+03,-0.010882,0.005414,0.03266,0.0
2.9783E+03,-0.010148,0.006691,0.03266,0.0
2.9784E+03,-0.009311,0.007850,0.03266,0.0
2.9785E+03,-0.008620,0.008616,0.03266,0.0
2.9787E+03,-0.008618,0.008618,0.03266,0.0
2.9992E+03,0.007245,-0.012926,0.03337,1800.0
2.9993E+03,0.007380,-0.012846,0.03337,1800.0
2.9994E+03,0.007906,-0.012520,0.03337,1800.0
2.9995E+03,0.008676,-0.012007,0.03337,1800.0
2.9996E+03,0.009447,-0.011413,0.03337,1800.0
2.9997E+03,0.010498,-0.010447,0.03337,1800.0
2.9998E+03,0.011529,-0.009290,0.03337,1800.0
2.9999E+03,0.012397,-0.008099,0.03337,1800.0
3.0000E+03,0.013124,-0.006759,0.03337,1800.0
3.0001E+03,0.013685,-0.005570,0.03337,1800.0
3.0002E+03,0.014193,-0.004158,0.03337,1800.0
3.0003E+03,0.014552,-0.002684,0.03337,1800.0
3.0004E+03,0.014742,-0.001202,0.03337,1800.0
3.0005E+03,0.014799,0.000374,0.03337,1800.0
3.0006E+03,0.014685,0.001868,0.03337,1800.0
3.0007E+03,0.014444,0.003277,0.03337,1800.0
3.0008E+03,0.014037,0.004746,0.03337,1800.0
3.0009E+03,0.013442,0.006201,0.03337,1800.0
3.0010E+03,0.012746,0.007535,0.03337,1800.0
3.0011E+03,0.011915,0.008777,0.03337,1800.0
3.0012E+03,0.010966,0.009933,0.03337,1800.0
3.0013E+03,0.009894,0.011000,0.03337,1800.0
3.0014E+03,0.009010,0.011751,0.03337,1800.0
3.0015E+03,0.008255,0.012291,0.03337,1800.0
3.0016E+03,0.007277,0.012885,0.03337,1800.0
3.0017E+03,0.005940,0.013558,0.03337,1800.0
3.0018E+03,0.004711,0.014034,0.03337,1800.0
3.0019E+03,0.003215,0.014463,0.03337,1800.0
3.0020E+03,0.001787,0.014706,0.03337,1800.0
3.0021E+03,0.000256,0.014799,0.03337,1800.0
3.0022E+03,-0.001242,0.014751,0.03337,1800.0
3.0023E+03,-0.002707,0.014545,0.03337,1800.0
3.0024E+03,-0.004209,0.014176,0.03337,1800.0
3.0025E+03,-0.005640,0.013684,0.03337,1800.0
3.0026E+03,-0.006985,0.013041,0.03337,1800.0
3.0027E+03,-0.008289,0.012252,0.03337,1800.0
3.0028E+03,-0.009496,0.011350,0.03337,1800.0
3.0029E+03,-0.010608,0.010326,0.03337,1800.0
3.0030E+03,-0.011599,0.009196,0.03337,1800.0
3.0031E+03,-0.012428,0.008059,0.03337,1800.0
3.0032E+03,-0.013054,0.007011,0.03337,1800.0
3.0033E+03,-0.013665,0.005704,0.03337,1800.0
3.0034E+03,-0.014160,0.004297,0.03337,1800.0
3.0035E+03,-0.014499,0.002946,0.03337,1800.0
3.0036E+03,-0.014722,0.001486,0.03337,1800.0
3.0037E+03,-0.014792,0.000029,0.03337,1800.0
3.0038E+03,-0.014724,-0.001496,0.03337,1800.0
3.0039E+03,-0.014484,-0.003025,0.03337,1800.0
3.0040E+03,-0.014097,-0.004492,0.03337,1800.0
3.0041E+03,-0.013589,-0.005886,0.03337,1800.0
3.0042E+03,-0.013016,-0.007075,0.03337,1800.0
3.0043E+03,-0.012394,-0.008113,0.03337,1800.0
3.0044E+03,-0.011451,-0.009386,0.03337,1800.0
3.0045E+03,-0.010462,-0.010483,0.03337,1800.0
3.0046E+03,-0.009355,-0.011467,0.03337,1800.0
3.0047E+03,-0.008101,-0.012380,0.03337,1800.0
3.0048E+03,-0.006826,-0.013131,0.03337,1800.0
3.0049E+03,-0.005482,-0.013739,0.03337,1800.0
3.0050E+03,-0.004034,-0.014229,0.03337,1800.0
3.0051E+03,-0.002541,-0.014586,0.03337,0.0
3.0052E+03,-0.001210,-0.014752,0.03337,0.0
3.0053E+03,0.000266,-0.014804,0.03337,0.0
3.0054E+03,0.001872,-0.014698,0.03337,0.0
3.0055E+03,0.003345,-0.014420,0.03337,0.0
3.0056E+03,0.004783,-0.014014,0.03337,0.0
3.0057E+03,0.006119,-0.013485,0.03337,0.0
3.0058E+03,0.006987,-0.013061,0.03337,1800.0
3.0059E+03,0.007245,-0.012926,0.03337,1800.0
3.0060E+03,0.007095,-0.012707,0.03337,1800.0
3.0061E+03,0.004966,-0.009587,0.03337,1800.0
3.0062E+03,0.000628,-0.003230,0.03337,1800.0
3.0063E+03,-0.003817,0.003283,0.03337,1800.0
3.0064E+03,-0.007210,0.008254,0.03337,1800.0
3.0065E+03,-0.007831,0.009164,0.03337,1800.0
3.0066E+03,-0.007823,0.009171,0.03337,1800.0
3.0067E+03,-0.007733,0.009251,0.03337,1800.0
3.0068E+03,-0.006574,0.010089,0.03337,1800.0
3.0069E+03,-0.005409,0.010747,0.03337,1800.0
3.0070E+03,-0.004024,0.011336,0.03337,1800.0
3.0071E+03,-0.002554,0.011745,0.03337,1800.0
3.0072E+03,-0.001092,0.011980,0.03337,1800.0
3.0073E+03,0.000354,0.012019,0.03337,1800.0
3.0074E+03,0.001850,0.011875,0.03337,1800.0
3.0075E+03,0.003330,0.011559,0.03337,1800.0
3.0076E+03,0.004761,0.011058,0.03337,1800.0
3.0077E+03,0.006166,0.010350,0.03337,1800.0
3.0078E+03,0.007369,0.009529,0.03337,1800.0
3.0079E+03,0.008533,0.008515,0.03337,1800.0
3.0080E+03,0.009472,0.007434,0.03337,1800.0
3.0081E+03,0.010361,0.006118,0.03337,1800.0
3.0082E+03,0.011033,0.004806,0.03337,1800.0
3.0083E+03,0.011543,0.003370,0.03337,1800.0
3.0084E+03,0.011879,0.001873,0.03337,1800.0
3.0085E+03,0.012023,0.000390,0.03337,1800.0
3.0086E+03,0.011989,-0.000949,0.03337,1800.0
3.0087E+03,0.011790,-0.002433,0.03337,1800.0
3.0088E+03,0.011418,-0.003834,0.03337,1800.0
3.0089E+03,0.010824,-0.005282,0.03337,1800.0
3.0090E+03,0.010110,-0.006563,0.03337,1800.0
3.0091E+03,0.009203,-0.007769,0.03337,1800.0
3.0092E+03,0.008167,-0.008836,0.03337,1800.0
3.0093E+03,0.006986,-0.009785,0.03337,1800.0
3.0094E+03,0.005670,-0.010603,0.03337,1800.0
3.0095E+03,0.004292,-0.011241,0.03337,1800.0
3.0096E+03,0.002891,-0.011673,0.03337,1800.0
3.0097E+03,0.001440,-0.011941,0.03337,1800.0
3.0098E+03,-0.000080,-0.012023,0.03337,1800.0
3.0099E+03,-0.001637,-0.011928,0.03337,1800.0
3.0100E+03,-0.003116,-0.011625,0.03337,1800.0
3.0101E+03,-0.004490,-0.011173,0.03337,1800.0
3.0102E+03,-0.005901,-0.010505,0.03337,1800.0
3.0103E+03,-0.007051,-0.009749,0.03337,1800.0
3.0104E+03,-0.008163,-0.008848,0.03337,1800.0
3.0105E+03,-0.009194,-0.007762,0.03337,1800.0
3.0106E+03,-0.010096,-0.006530,0.03337,1800.0
3.0107E+03,-0.010829,-0.005241,0.03337,1800.0
3.0108E+03,-0.011394,-0.003834,0.03337,1800.0
3.0109E+03,-0.011801,-0.002339,0.03337,1800.0
