5.5981E+03,0.008198,0.008961,0.05893,0.0
5.5981E+03,0.009170,0.007981,0.05893,0.0
5.5982E+03,0.010065,0.006789,0.05893,0.0
5.5983E+03,0.010833,0.005459,0.05893,0.0
5.5984E+03,0.011423,0.004062,0.05893,0.0
5.5985E+03,0.011839,0.002621,0.05893,0.0
5.5986E+03,0.012069,0.001130,0.05893,0.0
5.5987E+03,0.012122,-0.000337,0.05893,0.0
5.5988E+03,0.012093,-0.001255,0.05893,0.0
5.5989E+03,0.012081,-0.001453,0.05893,0.0
5.6468E+03,-0.016773,0.007029,0.05964,1800.0
5.6469E+03,-0.016782,0.007004,0.05964,1800.0
5.6470E+03,-0.016889,0.006713,0.05964,1800.0
5.6472E+03,-0.017358,0.005377,0.05964,1800.0
5.6473E+03,-0.017729,0.003977,0.05964,1800.0
5.6474E+03,-0.018003,0.002446,0.05964,1800.0
5.6475E+03,-0.018151,0.000929,0.05964,1800.0
5.6476E+03,-0.018156,-0.000544,0.05964,1800.0
5.6477E+03,-0.018040,-0.002057,0.05964,1800.0
5.6478E+03,-0.017812,-0.003534,0.05964,1800.0
5.6478E+03,-0.017504,-0.004846,0.05964,1800.0
5.6479E+03,-0.017037,-0.006306,0.05964,1800.0
5.6480E+03,-0.016446,-0.007710,0.05964,1800.0
5.6481E+03,-0.015742,-0.009069,0.05964,1800.0
5.6482E+03,-0.014966,-0.010309,0.05964,1800.0
5.6483E+03,-0.014074,-0.011508,0.05964,1800.0
5.6484E+03,-0.013056,-0.012643,0.05964,1800.0
5.6485E+03,-0.011969,-0.013662,0.05964,1800.0
5.6486E+03,-0.010773,-0.014622,0.05964,1800.0
5.6487E+03,-0.009494,-0.015486,0.05964,1800.0
5.6489E+03,-0.008208,-0.016203,0.05964,1800.0
5.6490E+03,-0.006864,-0.016809,0.05964,1800.0
5.6491E+03,-0.005473,-0.017328,0.05964,1800.0
5.6492E+03,-0.004020,-0.017734,0.05964,1800.0
5.6493E+03,-0.002466,-0.018000,0.05964,1800.0
5.6494E+03,-0.000989,-0.018139,0.05964,1800.0
5.6495E+03,0.000523,-0.018163,0.05964,1800.0
5.6495E+03,0.001829,-0.018079,0.05964,1800.0
5.6496E+03,0.003368,-0.017859,0.05964,1800.0
5.6497E+03,0.004839,-0.017513,0.05964,1800.0
5.6498E+03,0.006232,-0.017056,0.05964,1800.0
5.6499E+03,0.007649,-0.016468,0.05964,1800.0
5.6500E+03,0.009026,-0.015759,0.05964,1800.0
5.6501E+03,0.010310,-0.014954,0.05964,1800.0
5.6502E+03,0.011511,-0.014043,0.05964,1800.0
5.6503E+03,0.012636,-0.013041,0.05964,1800.0
5.6504E+03,0.013673,-0.011963,0.05964,1800.0
5.6506E+03,0.014628,-0.010779,0.05964,1800.0
5.6507E+03,0.015423,-0.009516,0.05964,1800.0
5.6508E+03,0.016206,-0.008215,0.05964,1800.0
5.6509E+03,0.016803,-0.006911,0.05964,1800.0
5.6510E+03,0.017318,-0.005507,0.05964,1800.0
5.6511E+03,0.017709,-0.004042,0.05964,1800.0
5.6512E+03,0.017979,-0.002543,0.05964,1800.0
5.6512E+03,0.018119,-0.001166,0.05964,1800.0
5.6513E+03,0.018158,0.000361,0.05964,1800.0
5.6514E+03,0.018074,0.001841,0.05964,1800.0
5.6515E+03,0.017860,0.003302,0.05964,1800.0
5.6516E+03,0.017508,0.004838,0.05964,1800.0
5.6517E+03,0.017056,0.006277,0.05964,1800.0
5.6518E+03,0.016491,0.007657,0.05964,1800.0
5.6519E+03,0.015793,0.008975,0.05964,1800.0
5.6520E+03,0.014998,0.010246,0.05964,1800.0
5.6521E+03,0.014118,0.011427,0.05964,1800.0
5.6522E+03,0.013449,0.012216,0.05964,1800.0
5.6524E+03,0.012550,0.013120,0.05964,1800.0
5.6525E+03,0.011418,0.014125,0.05964,1800.0
5.6526E+03,0.010198,0.015028,0.05964,1800.0
5.6527E+03,0.008918,0.015819,0.05964,1800.0
5.6528E+03,0.007581,0.016504,0.05964,1800.0
5.6529E+03,0.006183,0.017079,0.05964,1800.0
5.6529E+03,0.004911,0.017507,0.05964,1800.0
5.6530E+03,0.003390,0.017855,0.05964,1800.0
5.6531E+03,0.001958,0.018061,0.05964,1800.0
5.6532E+03,0.000496,0.018159,0.05964,1800.0
5.6533E+03,-0.001069,0.018133,0.05964,1800.0
5.6534E+03,-0.002551,0.017987,0.05964,1800.0
5.6535E+03,-0.004009,0.017710,0.05964,1800.0
5.6536E+03,-0.005484,0.017309,0.05964,1800.0
5.6537E+03,-0.006927,0.016789,0.05964,1800.0
5.6538E+03,-0.008293,0.016168,0.05964,1800.0
5.6539E+03,-0.009576,0.015438,0.05964,0.0
5.6541E+03,-0.010853,0.014569,0.05964,0.0
5.6542E+03,-0.012022,0.013624,0.05964,0.0
5.6543E+03,-0.013087,0.012618,0.05964,0.0
5.6544E+03,-0.014116,0.011442,0.05964,0.0
5.6545E+03,-0.015027,0.010202,0.05964,0.0
5.6546E+03,-0.015818,0.008926,0.05964,0.0
5.6546E+03,-0.016406,0.007793,0.05964,1800.0
5.6547E+03,-0.016727,0.007128,0.05964,1800.0
5.6548E+03,-0.016773,0.007029,0.05964,1800.0
5.6549E+03,-0.016076,0.006443,0.05964,1800.0
5.6550E+03,-0.012668,0.003577,0.05964,1800.0
5.6551E+03,-0.006452,-0.001649,0.05964,1800.0
5.6552E+03,-0.000987,-0.006244,0.05964,1800.0
5.6555E+03,0.001721,-0.008521,0.05964,1800.0
5.6557E+03,0.000965,-0.008630,0.05964,1800.0
5.6558E+03,-0.000349,-0.008651,0.05964,1800.0
5.6559E+03,-0.001871,-0.008448,0.05964,1800.0
5.6560E+03,-0.003290,-0.008000,0.05964,1800.0
5.6561E+03,-0.004574,-0.007349,0.05964,1800.0
5.6562E+03,-0.005784,-0.006438,0.05964,1800.0
5.6563E+03,-0.006851,-0.005287,0.05964,1800.0
5.6563E+03,-0.007592,-0.004201,0.05964,1800.0
5.6564E+03,-0.008232,-0.002790,0.05964,1800.0
5.6565E+03,-0.008571,-0.001371,0.05964,1800.0
5.6566E+03,-0.008672,0.000159,0.05964,1800.0
5.6567E+03,-0.008496,0.001666,0.05964,1800.0
5.6568E+03,-0.008084,0.003115,0.05964,1800.0
5.6569E+03,-0.007415,0.004456,0.05964,1800.0
5.6570E+03,-0.006538,0.005664,0.05964,1800.0
5.6571E+03,-0.005467,0.006712,0.05964,1800.0
5.6572E+03,-0.004221,0.007551,0.05964,1800.0
5.6573E+03,-0.002895,0.008166,0.05964,1800.0
5.6575E+03,-0.001495,0.008530,0.05964,1800.0
5.6576E+03,0.000039,0.008677,0.05964,1800.0
5.6577E+03,0.001527,0.008534,0.05964,1800.0
5.6578E+03,0.003069,0.008126,0.05964,1800.0
5.6579E+03,0.004349,0.007504,0.05964,1800.0
5.6580E+03,0.005578,0.006628,0.05964,1800.0
5.6580E+03,0.006552,0.005651,0.05964,1800.0
5.6581E+03,0.007438,0.004412,0.05964,1800.0
5.6582E+03,0.008088,0.003080,0.05964,1800.0
5.6583E+03,0.008492,0.001647,0.05964,1800.0
5.6584E+03,0.008655,0.000125,0.05964,1800.0
5.6585E+03,0.008552,-0.001355,0.05964,0.0
5.6586E+03,0.008205,-0.002790,0.05964,0.0
5.6587E+03,0.007592,-0.004219,0.05964,0.0
5.6588E+03,0.006803,-0.005398,0.05964,0.0
5.6589E+03,0.005748,-0.006509,0.05964,1800.0
5.6590E+03,0.004548,-0.007381,0.05964,1800.0
5.6592E+03,0.003132,-0.008070,0.05964,1800.0
5.6593E+03,0.002067,-0.008429,0.05964,1800.0
5.6594E+03,0.001721,-0.008521,0.05964,1800.0
5.6595E+03,0.001717,-0.008526,0.05964,1800.0
5.6596E+03,-0.000282,-0.010675,0.05964,1800.0
5.6597E+03,-0.003654,-0.014303,0.05964,1800.0
5.6598E+03,-0.004970,-0.015719,0.05964,1800.0
5.6599E+03,-0.004936,-0.015728,0.05964,1800.0
5.6600E+03,-0.003716,-0.016053,0.05964,1800.0
5.6601E+03,-0.002302,-0.016305,0.05964,1800.0
5.6602E+03,-0.000738,-0.016450,0.05964,1800.0
5.6603E+03,0.000742,-0.016442,0.05964,1800.0
5.6604E+03,0.002257,-0.016300,0.05964,1800.0
5.6605E+03,0.003699,-0.016043,0.05964,1800.0
5.6606E+03,0.005134,-0.015632,0.05964,1800.0
5.6607E+03,0.006596,-0.015076,0.05964,1800.0
5.6609E+03,0.007958,-0.014413,0.05964,1800.0
5.6610E+03,0.009213,-0.013643,0.05964,1800.0
5.6611E+03,0.010452,-0.012722,0.05964,1800.0
5.6612E+03,0.011589,-0.011718,0.05964,1800.0
5.6613E+03,0.012610,-0.010601,0.05964,1800.0
5.6614E+03,0.013522,-0.009402,0.05964,1800.0
5.6614E+03,0.014238,-0.008263,0.05964,1800.0
5.6615E+03,0.014935,-0.006919,0.05964,1800.0
5.6616E+03,0.015500,-0.005527,0.05964,1800.0
5.6617E+03,0.015933,-0.004134,0.05964,1800.0
5.6618E+03,0.016236,-0.002684,0.05964,1800.0
5.6619E+03,0.016417,-0.001158,0.05964,1800.0
5.6620E+03,0.016462,0.000369,0.05964,1800.0
5.6621E+03,0.016357,0.001879,0.05964,1800.0
5.6622E+03,0.016137,0.003302,0.05964,1800.0
5.6623E+03,0.015778,0.004761,0.05964,1800.0
5.6624E+03,0.015237,0.006245,0.05964,1800.0
5.6626E+03,0.014631,0.007558,0.05964,1800.0
5.6627E+03,0.013850,0.008898,0.05964,1800.0
5.6628E+03,0.012959,0.010142,0.05964,1800.0
5.6629E+03,0.012040,0.011282,0.05964,1800.0
5.6630E+03,0.010968,0.012307,0.05964,1800.0
5.6631E+03,0.009779,0.013233,0.05964,1800.0
5.6631E+03,0.008652,0.014001,0.05964,1800.0
5.6632E+03,0.007312,0.014754,0.05964,1800.0
5.6633E+03,0.005976,0.015342,0.05964,1800.0
5.6634E+03,0.004544,0.015836,0.05964,1800.0
5.6635E+03,0.003043,0.016191,0.05964,1800.0
5.6636E+03,0.001540,0.016393,0.05964,1800.0
5.6637E+03,0.000109,0.016468,0.05964,1800.0
5.6638E+03,-0.001404,0.016399,0.05964,1800.0
5.6639E+03,-0.002918,0.016196,0.05964,1800.0
5.6640E+03,-0.004402,0.015863,0.05964,1800.0
5.6641E+03,-0.005864,0.015377,0.05964,1800.0
5.6643E+03,-0.007243,0.014779,0.05964,1800.0
5.6644E+03,-0.008546,0.014063,0.05964,1800.0
5.6645E+03,-0.009819,0.013215,0.05964,1800.0
5.6646E+03,-0.010951,0.012296,0.05964,1800.0
5.6647E+03,-0.012065,0.011224,0.05964,1800.0
5.6648E+03,-0.013008,0.010111,0.05964,1800.0
5.6648E+03,-0.013797,0.008984,0.05964,1800.0
5.6649E+03,-0.014555,0.007702,0.05964,1800.0
5.6650E+03,-0.015204,0.006293,0.05964,1800.0
5.6651E+03,-0.015715,0.004893,0.05964,1800.0
5.6652E+03,-0.016094,0.003436,0.05964,1800.0
5.6653E+03,-0.016341,0.001953,0.05964,1800.0
5.6654E+03,-0.016449,0.000459,0.05964,1800.0
5.6655E+03,-0.016430,-0.001103,0.05964,1800.0
5.6656E+03,-0.016263,-0.002543,0.05964,1800.0
5.6657E+03,-0.015954,-0.004100,0.05964,1800.0
5.6658E+03,-0.015520,-0.005531,0.05964,1800.0
5.6660E+03,-0.014970,-0.006867,0.05964,1800.0
5.6661E+03,-0.014257,-0.008249,0.05964,1800.0
5.6662E+03,-0.013468,-0.009472,0.05964,1800.0
5.6663E+03,-0.012533,-0.010666,0.05964,0.0
5.6664E+03,-0.011480,-0.011793,0.05964,0.0
5.6665E+03,-0.010332,-0.012809,0.05964,0.0
5.6665E+03,-0.009257,-0.013610,0.05964,0.0
5.6666E+03,-0.008024,-0.014378,0.05964,0.0
5.6667E+03,-0.006662,-0.015054,0.05964,1800.0
5.6668E+03,-0.005320,-0.015594,0.05964,1800.0
5.6670E+03,-0.004970,-0.015719,0.05964,1800.0
5.6671E+03,-0.004175,-0.014977,0.05964,1800.0
5.6672E+03,0.000765,-0.010368,0.05964,1800.0
5.6673E+03,0.006640,-0.004887,0.05964,1800.0
5.6674E+03,0.009656,-0.002073,0.05964,1800.0
5.6675E+03,0.010287,-0.001484,0.05964,1800.0
5.6677E+03,0.010286,-0.001487,0.05964,1800.0
5.6678E+03,0.010160,-0.002070,0.05964,1800.0
5.6679E+03,0.009800,-0.003356,0.05964,1800.0
5.6680E+03,0.009221,-0.004732,0.05964,1800.0
5.6681E+03,0.008448,-0.006036,0.05964,1800.0
5.6682E+03,0.007480,-0.007204,0.05964,1800.0
5.6682E+03,0.006480,-0.008102,0.05964,1800.0
5.6683E+03,0.005221,-0.008956,0.05964,1800.0
5.6684E+03,0.003865,-0.009629,0.05964,1800.0
5.6685E+03,0.002458,-0.010067,0.05964,1800.0
5.6686E+03,0.000962,-0.010309,0.05964,1800.0
5.6687E+03,-0.000583,-0.010340,0.05964,1800.0
5.6688E+03,-0.002073,-0.010159,0.05964,1800.0
5.6689E+03,-0.003492,-0.009756,0.05964,1800.0
5.6690E+03,-0.004862,-0.009152,0.05964,1800.0
5.6691E+03,-0.006116,-0.008370,0.05964,1800.0
5.6692E+03,-0.007284,-0.007401,0.05964,1800.0
5.6694E+03,-0.008268,-0.006286,0.05964,1800.0
5.6695E+03,-0.009112,-0.004962,0.05964,1800.0
5.6696E+03,-0.009711,-0.003652,0.05964,1800.0
5.6697E+03,-0.010142,-0.002169,0.05964,1800.0
5.6698E+03,-0.010341,-0.000721,0.05964,1800.0
5.6699E+03,-0.010326,0.000765,0.05964,1800.0
5.6700E+03,-0.010111,0.002259,0.05964,1800.0
5.6700E+03,-0.009786,0.003441,0.05964,1800.0
5.6701E+03,-0.009297,0.004599,0.05964,1800.0
5.6702E+03,-0.008606,0.005800,0.05964,1800.0
5.6703E+03,-0.007653,0.006997,0.05964,1800.0
5.6704E+03,-0.006572,0.008035,0.05964,1800.0
5.6705E+03,-0.005320,0.008931,0.05964,1800.0
5.6706E+03,-0.003932,0.009604,0.05964,1800.0
5.6707E+03,-0.002475,0.010064,0.05964,1800.0
5.6708E+03,-0.001055,0.010311,0.05964,1800.0
5.6709E+03,0.000446,0.010354,0.05964,1800.0
5.6711E+03,0.001949,0.010178,0.05964,1800.0
5.6712E+03,0.003422,0.009767,0.05964,1800.0
5.6713E+03,0.004807,0.009183,0.05964,1800.0
5.6714E+03,0.006054,0.008418,0.05964,1800.0
5.6715E+03,0.007233,0.007425,0.05964,0.0
5.6716E+03,0.008258,0.006274,0.05964,0.0
5.6717E+03,0.009084,0.005020,0.05964,0.0
5.6717E+03,0.009656,0.003822,0.05964,0.0
5.6718E+03,0.010086,0.002423,0.05964,0.0
5.6719E+03,0.010317,0.000955,0.05964,0.0
5.6720E+03,0.010384,0.000008,0.05964,1800.0
5.6721E+03,0.010336,-0.000944,0.05964,1800.0
5.6722E+03,0.010294,-0.001441,0.05964,1800.0
5.6723E+03,0.010287,-0.001484,0.05964,1800.0
5.6724E+03,0.009216,-0.002401,0.05964,1800.0
5.6725E+03,0.005232,-0.005811,0.05964,1800.0
5.6726E+03,-0.000388,-0.010621,0.05964,1800.0
5.6728E+03,-0.004448,-0.014097,0.05964,1800.0
5.6730E+03,-0.004451,-0.014099,0.05964,1800.0
5.6731E+03,-0.003912,-0.014249,0.05964,1800.0
5.6732E+03,-0.002635,-0.014528,0.05964,1800.0
5.6733E+03,-0.001107,-0.014715,0.05964,1800.0
5.6734E+03,0.000397,-0.014754,0.05964,1800.0
5.6734E+03,0.001757,-0.014647,0.05964,1800.0
5.6735E+03,0.003248,-0.014397,0.05964,1800.0
5.6736E+03,0.004665,-0.014003,0.05964,1800.0
5.6737E+03,0.006082,-0.013447,0.05964,1800.0
5.6738E+03,0.007443,-0.012750,0.05964,1800.0
5.6739E+03,0.008705,-0.011937,0.05964,1800.0
5.6740E+03,0.009903,-0.010960,0.05964,1800.0
5.6741E+03,0.010925,-0.009944,0.05964,1800.0
5.6742E+03,0.011871,-0.008773,0.05964,1800.0
5.6743E+03,0.012720,-0.007489,0.05964,1800.0
5.6744E+03,0.013406,-0.006171,0.05964,1800.0
5.6746E+03,0.013953,-0.004795,0.05964,1800.0
5.6747E+03,0.014372,-0.003347,0.05964,1800.0
5.6748E+03,0.014635,-0.001865,0.05964,1800.0
5.6749E+03,0.014752,-0.000361,0.05964,1800.0
5.6750E+03,0.014710,0.001180,0.05964,1800.0
5.6751E+03,0.014519,0.002686,0.05964,1800.0
5.6751E+03,0.014242,0.003935,0.05964,1800.0
5.6752E+03,0.013753,0.005376,0.05964,1800.0
5.6753E+03,0.013114,0.006786,0.05964,1800.0
5.6754E+03,0.012348,0.008088,0.05964,1800.0
5.6755E+03,0.011476,0.009279,0.05964,1800.0
5.6756E+03,0.010469,0.010395,0.05964,1800.0
5.6757E+03,0.009324,0.011433,0.05964,1800.0
5.6758E+03,0.008111,0.012329,0.05964,1800.0
5.6759E+03,0.006850,0.013073,0.05964,1800.0
5.6760E+03,0.005464,0.013710,0.05964,1800.0
5.6762E+03,0.004002,0.014212,0.05964,1800.0
5.6763E+03,0.002582,0.014542,0.05964,1800.0
5.6764E+03,0.001058,0.014736,0.05964,1800.0
5.6765E+03,-0.000450,0.014770,0.05964,1800.0
5.6766E+03,-0.001943,0.014638,0.05964,1800.0
5.6767E+03,-0.003421,0.014358,0.05964,1800.0
5.6768E+03,-0.004878,0.013929,0.05964,1800.0
5.6768E+03,-0.006146,0.013416,0.05964,1800.0
5.6769E+03,-0.007476,0.012720,0.05964,1800.0
5.6770E+03,-0.008734,0.011894,0.05964,1800.0
5.6771E+03,-0.009921,0.010928,0.05964,1800.0
5.6772E+03,-0.010977,0.009874,0.05964,1800.0
5.6773E+03,-0.011907,0.008731,0.05964,1800.0
5.6774E+03,-0.012769,0.007435,0.05964,1800.0
5.6775E+03,-0.013424,0.006162,0.05964,1800.0
5.6776E+03,-0.013999,0.004706,0.05964,1800.0
5.6777E+03,-0.014397,0.003277,0.05964,1800.0
5.6778E+03,-0.014640,0.001859,0.05964,1800.0
5.6780E+03,-0.014751,0.000336,0.05964,1800.0
5.6781E+03,-0.014701,-0.001230,0.05964,1800.0
5.6782E+03,-0.014500,-0.002742,0.05964,1800.0
5.6783E+03,-0.014145,-0.004194,0.05964,1800.0
5.6784E+03,-0.013660,-0.005589,0.05964,1800.0
5.6785E+03,-0.013036,-0.006922,0.05964,0.0
5.6785E+03,-0.012337,-0.008116,0.05964,0.0
5.6786E+03,-0.011450,-0.009350,0.05964,0.0
5.6787E+03,-0.010402,-0.010483,0.05964,0.0
5.6788E+03,-0.009331,-0.011449,0.05964,0.0
5.6789E+03,-0.008064,-0.012363,0.05964,1800.0
5.6790E+03,-0.006761,-0.013118,0.05964,1800.0
5.6791E+03,-0.005440,-0.013718,0.05964,1800.0
5.6792E+03,-0.004644,-0.014030,0.05964,1800.0
5.6793E+03,-0.004451,-0.014099,0.05964,1800.0
5.6794E+03,-0.003758,-0.013880,0.05964,1800.0
5.6795E+03,-0.000681,-0.012907,0.05964,1800.0
5.6797E+03,0.003850,-0.011474,0.05964,1800.0
5.6798E+03,0.004021,-0.011420,0.05964,1800.0
5.6799E+03,0.004008,-0.011424,0.05964,1800.0
5.6800E+03,0.003351,-0.011610,0.05964,1800.0
5.6801E+03,0.001991,-0.011906,0.05964,1800.0
5.6802E+03,0.000540,-0.012056,0.05964,1800.0
5.6802E+03,-0.000834,-0.012033,0.05964,1800.0
5.6803E+03,-0.002342,-0.011838,0.05964,1800.0
5.6804E+03,-0.003823,-0.011440,0.05964,1800.0
5.6805E+03,-0.005238,-0.010879,0.05964,1800.0
5.6806E+03,-0.006530,-0.010156,0.05964,1800.0
5.6807E+03,-0.007757,-0.009255,0.05964,1800.0
5.6808E+03,-0.008843,-0.008220,0.05964,1800.0
