2.3064E+03,-0.007800,-0.010011,0.02130,0.0
2.3065E+03,-0.008870,-0.009074,0.02130,0.0
2.3066E+03,-0.009920,-0.007881,0.02130,0.0
2.3067E+03,-0.010771,-0.006672,0.02130,0.0
2.3068E+03,-0.011412,-0.005493,0.02130,0.0
2.3069E+03,-0.011975,-0.004111,0.02130,0.0
2.3070E+03,-0.012377,-0.002675,0.02130,0.0
2.3071E+03,-0.012606,-0.001346,0.02130,0.0
2.3073E+03,-0.012671,-0.000602,0.02130,0.0
2.3408E+03,-0.006149,0.014506,0.02201,1800.0
2.3409E+03,-0.006160,0.014501,0.02201,1800.0
2.3410E+03,-0.006580,0.014284,0.02201,1800.0
2.3411E+03,-0.007775,0.013644,0.02201,1800.0
2.3412E+03,-0.009004,0.012921,0.02201,1800.0
2.3413E+03,-0.010223,0.011989,0.02201,1800.0
2.3414E+03,-0.011262,0.011015,0.02201,1800.0
2.3415E+03,-0.012295,0.009830,0.02201,1800.0
2.3416E+03,-0.013183,0.008612,0.02201,1800.0
2.3417E+03,-0.013942,0.007297,0.02201,1800.0
2.3418E+03,-0.014575,0.005930,0.02201,1800.0
2.3419E+03,-0.015072,0.004520,0.02201,1800.0
2.3420E+03,-0.015439,0.003044,0.02201,1800.0
2.3421E+03,-0.015662,0.001558,0.02201,1800.0
2.3422E+03,-0.015739,0.000085,0.02201,1800.0
2.3423E+03,-0.015675,-0.001458,0.02201,1800.0
2.3424E+03,-0.015464,-0.002980,0.02201,1800.0
2.3425E+03,-0.015113,-0.004439,0.02201,1800.0
2.3426E+03,-0.014643,-0.005804,0.02201,1800.0
2.3427E+03,-0.014004,-0.007208,0.02201,1800.0
2.3428E+03,-0.013249,-0.008508,0.02201,1800.0
2.3429E+03,-0.012480,-0.009584,0.02201,1800.0
2.3430E+03,-0.011509,-0.010730,0.02201,1800.0
2.3431E+03,-0.010423,-0.011793,0.02201,1800.0
2.3432E+03,-0.009228,-0.012746,0.02201,1800.0
2.3433E+03,-0.007971,-0.013569,0.02201,1800.0
2.3434E+03,-0.006684,-0.014254,0.02201,1800.0
2.3435E+03,-0.005281,-0.014835,0.02201,1800.0
2.3436E+03,-0.003926,-0.015254,0.02201,1800.0
2.3437E+03,-0.002880,-0.015489,0.02201,1800.0
2.3438E+03,-0.001526,-0.015676,0.02201,1800.0
2.3439E+03,-0.000396,-0.015742,0.02201,1800.0
2.3440E+03,0.000971,-0.015716,0.02201,1800.0
2.3441E+03,0.002473,-0.015545,0.02201,1800.0
2.3442E+03,0.003943,-0.015236,0.02201,1800.0
2.3443E+03,0.005395,-0.014782,0.02201,1800.0
2.3444E+03,0.006781,-0.014198,0.02201,1800.0
2.3445E+03,0.008077,-0.013510,0.02201,1800.0
2.3446E+03,0.009206,-0.012777,0.02201,1800.0
2.3447E+03,0.010395,-0.011822,0.02201,1800.0
2.3448E+03,0.011501,-0.010759,0.02201,1800.0
2.3449E+03,0.012474,-0.009612,0.02201,1800.0
2.3450E+03,0.013319,-0.008406,0.02201,1800.0
2.3451E+03,0.014068,-0.007070,0.02201,1800.0
2.3452E+03,0.014686,-0.005662,0.02201,1800.0
2.3453E+03,0.015154,-0.004248,0.02201,1800.0
2.3454E+03,0.015491,-0.002762,0.02201,1800.0
2.3455E+03,0.015682,-0.001283,0.02201,1800.0
2.3456E+03,0.015733,0.000190,0.02201,1800.0
2.3457E+03,0.015652,0.001734,0.02201,1800.0
2.3458E+03,0.015426,0.003224,0.02201,1800.0
2.3459E+03,0.015047,0.004640,0.02201,1800.0
2.3460E+03,0.014538,0.006070,0.02201,1800.0
2.3461E+03,0.013859,0.007496,0.02201,1800.0
2.3462E+03,0.013098,0.008750,0.02201,1800.0
2.3463E+03,0.012286,0.009835,0.02201,1800.0
2.3464E+03,0.011311,0.010945,0.02201,1800.0
2.3465E+03,0.010204,0.011976,0.02201,1800.0
2.3466E+03,0.009002,0.012901,0.02201,1800.0
2.3467E+03,0.007746,0.013700,0.02201,1800.0
2.3468E+03,0.006421,0.014370,0.02201,1800.0
2.3469E+03,0.005011,0.014920,0.02201,1800.0
2.3470E+03,0.003508,0.015349,0.02201,0.0
2.3471E+03,0.001996,0.015623,0.02201,0.0
2.3472E+03,0.000515,0.015750,0.02201,0.0
2.3473E+03,-0.000898,0.015731,0.02201,0.0
2.3474E+03,-0.001906,0.015640,0.02201,0.0
2.3475E+03,-0.003279,0.015394,0.02201,0.0
2.3476E+03,-0.004417,0.015108,0.02201,1800.0
2.3477E+03,-0.005594,0.014713,0.02201,1800.0
2.3478E+03,-0.006119,0.014518,0.02201,1800.0
2.3479E+03,-0.006149,0.014506,0.02201,1800.0
2.3480E+03,-0.006596,0.013204,0.02201,1800.0
2.3481E+03,-0.008142,0.008693,0.02201,1800.0
2.3482E+03,-0.010438,0.001999,0.02201,1800.0
2.3484E+03,-0.011123,0.000000,0.02201,1800.0
2.3485E+03,-0.011123,0.000006,0.02201,1800.0
2.3486E+03,-0.011049,0.001079,0.02201,1800.0
2.3487E+03,-0.010792,0.002543,0.02201,1800.0
2.3488E+03,-0.010360,0.003955,0.02201,1800.0
2.3489E+03,-0.009737,0.005301,0.02201,1800.0
2.3490E+03,-0.008922,0.006583,0.02201,1800.0
2.3491E+03,-0.007946,0.007723,0.02201,1800.0
2.3492E+03,-0.006829,0.008732,0.02201,1800.0
2.3493E+03,-0.005549,0.009605,0.02201,1800.0
2.3494E+03,-0.004190,0.010279,0.02201,1800.0
2.3495E+03,-0.002818,0.010741,0.02201,1800.0
2.3496E+03,-0.001332,0.011035,0.02201,1800.0
2.3497E+03,0.000027,0.011092,0.02201,1800.0
2.3498E+03,0.001542,0.010984,0.02201,1800.0
2.3499E+03,0.003023,0.010660,0.02201,1800.0
2.3500E+03,0.004451,0.010157,0.02201,1800.0
2.3501E+03,0.005797,0.009447,0.02201,1800.0
2.3502E+03,0.007014,0.008586,0.02201,1800.0
2.3503E+03,0.008089,0.007581,0.02201,1800.0
2.3504E+03,0.009048,0.006417,0.02201,1800.0
2.3505E+03,0.009834,0.005134,0.02201,1800.0
2.3506E+03,0.010455,0.003740,0.02201,1800.0
2.3507E+03,0.010882,0.002277,0.02201,1800.0
2.3508E+03,0.011072,0.000860,0.02201,1800.0
2.3509E+03,0.011077,-0.000682,0.02201,1800.0
2.3510E+03,0.010874,-0.002188,0.02201,1800.0
2.3511E+03,0.010493,-0.003597,0.02201,1800.0
2.3512E+03,0.009910,-0.004968,0.02201,1800.0
2.3513E+03,0.009129,-0.006291,0.02201,1800.0
2.3514E+03,0.008268,-0.007382,0.02201,1800.0
2.3515E+03,0.007189,-0.008449,0.02201,1800.0
2.3516E+03,0.006015,-0.009320,0.02201,1800.0
2.3517E+03,0.004703,-0.010060,0.02201,1800.0
2.3518E+03,0.003294,-0.010610,0.02201,1800.0
2.3519E+03,0.001826,-0.010958,0.02201,1800.0
2.3520E+03,0.000296,-0.011097,0.02201,1800.0
2.3521E+03,-0.001180,-0.011039,0.02201,1800.0
2.3522E+03,-0.002683,-0.010761,0.02201,1800.0
2.3523E+03,-0.004113,-0.010295,0.02201,1800.0
2.3524E+03,-0.005478,-0.009638,0.02201,1800.0
2.3525E+03,-0.006713,-0.008824,0.02201,0.0
2.3526E+03,-0.007820,-0.007852,0.02201,0.0
2.3527E+03,-0.008815,-0.006701,0.02201,0.0
2.3528E+03,-0.009628,-0.005430,0.02201,0.0
2.3529E+03,-0.010301,-0.004124,0.02201,0.0
2.3530E+03,-0.010792,-0.002648,0.02201,1800.0
2.3531E+03,-0.011049,-0.001224,0.02201,1800.0
2.3532E+03,-0.011109,-0.000230,0.02201,1800.0
2.3534E+03,-0.011123,0.000000,0.02201,1800.0
2.3535E+03,-0.008548,-0.002709,0.02201,1800.0
2.3536E+03,-0.003743,-0.007764,0.02201,1800.0
2.3537E+03,0.000406,-0.012128,0.02201,1800.0
2.3539E+03,0.002092,-0.013902,0.02201,1800.0
2.3540E+03,0.002254,-0.013872,0.02201,1800.0
2.3541E+03,0.003113,-0.013699,0.02201,1800.0
2.3542E+03,0.004514,-0.013309,0.02201,1800.0
2.3543E+03,0.005991,-0.012715,0.02201,1800.0
2.3544E+03,0.007254,-0.012028,0.02201,1800.0
2.3545E+03,0.008218,-0.011388,0.02201,1800.0
2.3546E+03,0.009185,-0.010619,0.02201,1800.0
2.3547E+03,0.010220,-0.009614,0.02201,1800.0
2.3548E+03,0.011199,-0.008455,0.02201,1800.0
2.3549E+03,0.011976,-0.007315,0.02201,1800.0
2.3550E+03,0.012698,-0.005981,0.02201,1800.0
2.3551E+03,0.013262,-0.004620,0.02201,1800.0
2.3552E+03,0.013704,-0.003106,0.02201,1800.0
2.3553E+03,0.013954,-0.001623,0.02201,1800.0
2.3554E+03,0.014053,-0.000148,0.02201,1800.0
2.3555E+03,0.013980,0.001372,0.02201,1800.0
2.3556E+03,0.013744,0.002856,0.02201,1800.0
2.3557E+03,0.013362,0.004311,0.02201,1800.0
2.3558E+03,0.012807,0.005739,0.02201,1800.0
2.3559E+03,0.012116,0.007090,0.02201,1800.0
2.3560E+03,0.011307,0.008316,0.02201,1800.0
2.3561E+03,0.010364,0.009461,0.02201,1800.0
2.3562E+03,0.009307,0.010507,0.02201,1800.0
2.3563E+03,0.008302,0.011329,0.02201,1800.0
2.3564E+03,0.007408,0.011924,0.02201,1800.0
2.3565E+03,0.006073,0.012670,0.02201,1800.0
2.3566E+03,0.004796,0.013207,0.02201,1800.0
2.3567E+03,0.003420,0.013624,0.02201,1800.0
2.3568E+03,0.001956,0.013903,0.02201,1800.0
2.3569E+03,0.000432,0.014027,0.02201,1800.0
2.3570E+03,-0.001117,0.013989,0.02201,1800.0
2.3571E+03,-0.002632,0.013781,0.02201,1800.0
2.3572E+03,-0.004084,0.013426,0.02201,1800.0
2.3573E+03,-0.005284,0.013020,0.02201,1800.0
2.3574E+03,-0.006276,0.012563,0.02201,1800.0
2.3575E+03,-0.007592,0.011811,0.02201,1800.0
2.3576E+03,-0.008795,0.010958,0.02201,1800.0
2.3577E+03,-0.009980,0.009899,0.02201,1800.0
2.3578E+03,-0.010917,0.008846,0.02201,1800.0
2.3579E+03,-0.011832,0.007575,0.02201,1800.0
2.3580E+03,-0.012546,0.006302,0.02201,1800.0
2.3581E+03,-0.013150,0.004912,0.02201,1800.0
2.3582E+03,-0.013596,0.003480,0.02201,1800.0
2.3583E+03,-0.013872,0.002124,0.02201,1800.0
2.3584E+03,-0.014023,0.000580,0.02201,1800.0
2.3585E+03,-0.014007,-0.000928,0.02201,1800.0
2.3586E+03,-0.013833,-0.002421,0.02201,1800.0
2.3587E+03,-0.013507,-0.003854,0.02201,1800.0
2.3588E+03,-0.013005,-0.005317,0.02201,1800.0
2.3589E+03,-0.012405,-0.006599,0.02201,1800.0
2.3590E+03,-0.011595,-0.007926,0.02201,1800.0
2.3591E+03,-0.010660,-0.009128,0.02201,1800.0
2.3592E+03,-0.009692,-0.010223,0.02201,1800.0
2.3593E+03,-0.008486,-0.011202,0.02201,1800.0
2.3594E+03,-0.007252,-0.012050,0.02201,0.0
2.3595E+03,-0.006116,-0.012668,0.02201,0.0
2.3596E+03,-0.005006,-0.013132,0.02201,0.0
2.3597E+03,-0.003716,-0.013555,0.02201,0.0
2.3598E+03,-0.002188,-0.013865,0.02201,0.0
2.3599E+03,-0.000674,-0.014025,0.02201,1800.0
2.3600E+03,0.000802,-0.014029,0.02201,1800.0
2.3601E+03,0.001897,-0.013922,0.02201,1800.0
2.3602E+03,0.002090,-0.013902,0.02201,1800.0
2.3603E+03,0.002092,-0.013902,0.02201,1800.0
2.3604E+03,-0.000362,-0.011615,0.02201,1800.0
2.3605E+03,-0.005416,-0.006905,0.02201,1800.0
2.3606E+03,-0.010424,-0.002238,0.02201,1800.0
2.3607E+03,-0.012818,-0.000007,0.02201,1800.0
2.3608E+03,-0.012825,0.000000,0.02201,1800.0
2.3609E+03,-0.012815,0.000205,0.02201,1800.0
2.3610E+03,-0.012750,0.001038,0.02201,1800.0
2.3611E+03,-0.012545,0.002553,0.02201,1800.0
2.3612E+03,-0.012172,0.004014,0.02201,1800.0
2.3613E+03,-0.011595,0.005444,0.02201,1800.0
2.3614E+03,-0.010864,0.006784,0.02201,1800.0
2.3615E+03,-0.010014,0.007975,0.02201,1800.0
2.3616E+03,-0.008967,0.009119,0.02201,1800.0
2.3617E+03,-0.007828,0.010109,0.02201,1800.0
2.3618E+03,-0.006755,0.010861,0.02201,1800.0
2.3619E+03,-0.005456,0.011568,0.02201,1800.0
2.3620E+03,-0.004032,0.012142,0.02201,1800.0
2.3621E+03,-0.002579,0.012541,0.02201,1800.0
2.3622E+03,-0.001094,0.012762,0.02201,1800.0
2.3623E+03,0.000462,0.012798,0.02201,1800.0
2.3624E+03,0.001870,0.012674,0.02201,1800.0
2.3625E+03,0.003373,0.012351,0.02201,1800.0
2.3626E+03,0.004856,0.011837,0.02201,1800.0
2.3627E+03,0.006228,0.011179,0.02201,1800.0
2.3628E+03,0.007431,0.010415,0.02201,1800.0
2.3629E+03,0.008579,0.009488,0.02201,1800.0
2.3630E+03,0.009641,0.008411,0.02201,1800.0
2.3631E+03,0.010574,0.007183,0.02201,1800.0
2.3632E+03,0.011367,0.005876,0.02201,1800.0
2.3633E+03,0.011951,0.004552,0.02201,1800.0
2.3634E+03,0.012426,0.003079,0.02201,1800.0
2.3635E+03,0.012690,0.001746,0.02201,1800.0
2.3636E+03,0.012811,0.000220,0.02201,1800.0
2.3637E+03,0.012751,-0.001219,0.02201,1800.0
2.3638E+03,0.012508,-0.002700,0.02201,1800.0
2.3639E+03,0.012078,-0.004193,0.02201,1800.0
2.3640E+03,0.011493,-0.005613,0.02201,1800.0
2.3641E+03,0.010784,-0.006875,0.02201,1800.0
2.3642E+03,0.009908,-0.008081,0.02201,1800.0
2.3643E+03,0.008857,-0.009229,0.02201,1800.0
2.3644E+03,0.007729,-0.010208,0.02201,1800.0
2.3645E+03,0.006476,-0.011038,0.02201,1800.0
2.3646E+03,0.005173,-0.011715,0.02201,1800.0
2.3647E+03,0.003779,-0.012242,0.02201,1800.0
2.3648E+03,0.002252,-0.012612,0.02201,1800.0
2.3649E+03,0.000738,-0.012780,0.02201,1800.0
2.3650E+03,-0.000753,-0.012774,0.02201,1800.0
2.3651E+03,-0.002214,-0.012608,0.02201,1800.0
2.3652E+03,-0.003532,-0.012294,0.02201,1800.0
2.3653E+03,-0.004982,-0.011774,0.02201,1800.0
2.3654E+03,-0.006352,-0.011111,0.02201,1800.0
2.3655E+03,-0.007587,-0.010297,0.02201,1800.0
