4.1365E+03,-0.002382,0.012981,0.04686,0.0
4.1366E+03,-0.000921,0.013156,0.04686,0.0
4.1367E+03,0.000616,0.013171,0.04686,0.0
4.1368E+03,0.002110,0.013019,0.04686,0.0
4.1369E+03,0.003570,0.012694,0.04686,0.0
4.1370E+03,0.004978,0.012227,0.04686,0.0
4.1371E+03,0.006306,0.011587,0.04686,0.0
4.1372E+03,0.007529,0.010841,0.04686,0.0
4.1373E+03,0.008334,0.010257,0.04686,0.0
4.1374E+03,0.008347,0.010247,0.04686,0.0
4.1844E+03,-0.017107,0.000783,0.04757,1800.0
4.1845E+03,-0.017115,0.000205,0.04757,1800.0
4.1846E+03,-0.017103,-0.000656,0.04757,1800.0
4.1847E+03,-0.016996,-0.001908,0.04757,1800.0
4.1848E+03,-0.016766,-0.003367,0.04757,1800.0
4.1849E+03,-0.016410,-0.004836,0.04757,1800.0
4.1850E+03,-0.015926,-0.006242,0.04757,1800.0
4.1851E+03,-0.015391,-0.007484,0.04757,1800.0
4.1852E+03,-0.014857,-0.008485,0.04757,1800.0
4.1853E+03,-0.014105,-0.009686,0.04757,1800.0
4.1854E+03,-0.013229,-0.010861,0.04757,1800.0
4.1855E+03,-0.012201,-0.012020,0.04757,1800.0
4.1856E+03,-0.011093,-0.013030,0.04757,1800.0
4.1857E+03,-0.010007,-0.013871,0.04757,1800.0
4.1858E+03,-0.008779,-0.014684,0.04757,1800.0
4.1859E+03,-0.007479,-0.015388,0.04757,1800.0
4.1860E+03,-0.006074,-0.015985,0.04757,1800.0
4.1861E+03,-0.004632,-0.016466,0.04757,1800.0
4.1862E+03,-0.003179,-0.016809,0.04757,1800.0
4.1863E+03,-0.001682,-0.017029,0.04757,1800.0
4.1864E+03,-0.000188,-0.017108,0.04757,1800.0
4.1865E+03,0.001300,-0.017069,0.04757,1800.0
4.1866E+03,0.002797,-0.016895,0.04757,1800.0
4.1867E+03,0.004327,-0.016558,0.04757,1800.0
4.1868E+03,0.005711,-0.016128,0.04757,1800.0
4.1869E+03,0.007102,-0.015567,0.04757,1800.0
4.1870E+03,0.008483,-0.014850,0.04757,1800.0
4.1871E+03,0.009736,-0.014058,0.04757,1800.0
4.1872E+03,0.010913,-0.013171,0.04757,1800.0
4.1873E+03,0.012029,-0.012160,0.04757,1800.0
4.1874E+03,0.012956,-0.011178,0.04757,1800.0
4.1875E+03,0.013895,-0.009983,0.04757,1800.0
4.1876E+03,0.014680,-0.008800,0.04757,1800.0
4.1877E+03,0.015156,-0.007959,0.04757,1800.0
4.1878E+03,0.015753,-0.006689,0.04757,1800.0
4.1879E+03,0.016160,-0.005639,0.04757,1800.0
4.1880E+03,0.016561,-0.004303,0.04757,1800.0
4.1881E+03,0.016812,-0.003204,0.04757,1800.0
4.1882E+03,0.017004,-0.001871,0.04757,1800.0
4.1883E+03,0.017102,-0.000394,0.04757,1800.0
4.1884E+03,0.017064,0.001096,0.04757,1800.0
4.1885E+03,0.016905,0.002592,0.04757,1800.0
4.1886E+03,0.016671,0.003888,0.04757,1800.0
4.1887E+03,0.016395,0.004885,0.04757,1800.0
4.1888E+03,0.015952,0.006219,0.04757,1800.0
4.1889E+03,0.015487,0.007306,0.04757,1800.0
4.1890E+03,0.014868,0.008496,0.04757,1800.0
4.1891E+03,0.014395,0.009271,0.04757,1800.0
4.1892E+03,0.013538,0.010450,0.04757,1800.0
4.1893E+03,0.012585,0.011585,0.04757,1800.0
4.1894E+03,0.011538,0.012622,0.04757,1800.0
4.1895E+03,0.010395,0.013588,0.04757,1800.0
4.1896E+03,0.009126,0.014463,0.04757,1800.0
4.1897E+03,0.007794,0.015225,0.04757,1800.0
4.1898E+03,0.006483,0.015832,0.04757,1800.0
4.1899E+03,0.005068,0.016351,0.04757,1800.0
4.1900E+03,0.003640,0.016724,0.04757,1800.0
4.1901E+03,0.002128,0.016986,0.04757,1800.0
4.1902E+03,0.000590,0.017110,0.04757,1800.0
4.1903E+03,-0.000916,0.017094,0.04757,1800.0
4.1904E+03,-0.002445,0.016928,0.04757,1800.0
4.1905E+03,-0.003893,0.016657,0.04757,1800.0
4.1906E+03,-0.005351,0.016247,0.04757,1800.0
4.1907E+03,-0.006784,0.015703,0.04757,1800.0
4.1908E+03,-0.007993,0.015119,0.04757,1800.0
4.1909E+03,-0.009275,0.014376,0.04757,1800.0
4.1910E+03,-0.010504,0.013510,0.04757,1800.0
4.1911E+03,-0.011644,0.012542,0.04757,1800.0
4.1912E+03,-0.012765,0.011407,0.04757,1800.0
4.1913E+03,-0.013716,0.010250,0.04757,0.0
4.1914E+03,-0.014558,0.008997,0.04757,0.0
4.1915E+03,-0.015064,0.008141,0.04757,0.0
4.1916E+03,-0.015618,0.006997,0.04757,0.0
4.1917E+03,-0.016149,0.005629,0.04757,0.0
4.1918E+03,-0.016588,0.004155,0.04757,0.0
4.1919E+03,-0.016892,0.002657,0.04757,0.0
4.1920E+03,-0.017065,0.001361,0.04757,1800.0
4.1921E+03,-0.017108,0.000784,0.04757,1800.0
4.1922E+03,-0.017107,0.000783,0.04757,1800.0
4.1923E+03,-0.016340,0.000982,0.04757,1800.0
4.1924E+03,-0.010977,0.002376,0.04757,1800.0
4.1925E+03,-0.004296,0.004112,0.04757,1800.0
4.1926E+03,0.003092,0.006031,0.04757,1800.0
4.1927E+03,0.006222,0.006844,0.04757,1800.0
4.1928E+03,0.006794,0.006993,0.04757,1800.0
4.1929E+03,0.006807,0.006981,0.04757,1800.0
4.1930E+03,0.007252,0.006481,0.04757,1800.0
4.1931E+03,0.008090,0.005375,0.04757,1800.0
4.1932E+03,0.008827,0.004056,0.04757,1800.0
4.1933E+03,0.009364,0.002617,0.04757,1800.0
4.1934E+03,0.009652,0.001160,0.04757,1800.0
4.1935E+03,0.009735,-0.000300,0.04757,1800.0
4.1936E+03,0.009571,-0.001797,0.04757,1800.0
4.1937E+03,0.009176,-0.003273,0.04757,1800.0
4.1938E+03,0.008543,-0.004650,0.04757,1800.0
4.1939E+03,0.007736,-0.005902,0.04757,1800.0
4.1940E+03,0.006687,-0.007043,0.04757,1800.0
4.1941E+03,0.005540,-0.007984,0.04757,1800.0
4.1942E+03,0.004273,-0.008723,0.04757,1800.0
4.1943E+03,0.003031,-0.009233,0.04757,1800.0
4.1944E+03,0.001579,-0.009605,0.04757,1800.0
4.1945E+03,0.000057,-0.009722,0.04757,1800.0
4.1946E+03,-0.001475,-0.009623,0.04757,1800.0
4.1947E+03,-0.002940,-0.009280,0.04757,1800.0
4.1948E+03,-0.004371,-0.008697,0.04757,1800.0
4.1949E+03,-0.005640,-0.007929,0.04757,1800.0
4.1950E+03,-0.006791,-0.006954,0.04757,1800.0
4.1951E+03,-0.007782,-0.005821,0.04757,1800.0
4.1952E+03,-0.008577,-0.004556,0.04757,1800.0
4.1953E+03,-0.009174,-0.003196,0.04757,1800.0
4.1954E+03,-0.009547,-0.001776,0.04757,1800.0
4.1955E+03,-0.009710,-0.000296,0.04757,1800.0
4.1956E+03,-0.009642,0.001232,0.04757,1800.0
4.1957E+03,-0.009336,0.002704,0.04757,1800.0
4.1958E+03,-0.008826,0.004112,0.04757,1800.0
4.1959E+03,-0.008092,0.005421,0.04757,1800.0
4.1960E+03,-0.007223,0.006518,0.04757,1800.0
4.1961E+03,-0.006162,0.007529,0.04757,1800.0
4.1962E+03,-0.004923,0.008377,0.04757,1800.0
4.1963E+03,-0.003609,0.009026,0.04757,1800.0
4.1964E+03,-0.002134,0.009475,0.04757,0.0
4.1965E+03,-0.000630,0.009689,0.04757,0.0
4.1966E+03,0.000874,0.009672,0.04757,0.0
4.1967E+03,0.002371,0.009425,0.04757,1800.0
4.1968E+03,0.003745,0.008970,0.04757,1800.0
4.1969E+03,0.005094,0.008285,0.04757,1800.0
4.1970E+03,0.006297,0.007439,0.04757,1800.0
4.1971E+03,0.006784,0.007002,0.04757,1800.0
4.1972E+03,0.006794,0.006993,0.04757,1800.0
4.1973E+03,0.007271,0.007517,0.04757,1800.0
4.1974E+03,0.009941,0.010453,0.04757,1800.0
4.1976E+03,0.010616,0.011195,0.04757,1800.0
4.1977E+03,0.010400,0.011386,0.04757,1800.0
4.1978E+03,0.009620,0.012027,0.04757,1800.0
4.1979E+03,0.008412,0.012908,0.04757,1800.0
4.1980E+03,0.007093,0.013679,0.04757,1800.0
4.1981E+03,0.005759,0.014298,0.04757,1800.0
4.1982E+03,0.004319,0.014801,0.04757,1800.0
4.1983E+03,0.002871,0.015151,0.04757,1800.0
4.1984E+03,0.001402,0.015350,0.04757,1800.0
4.1985E+03,-0.000168,0.015407,0.04757,1800.0
4.1986E+03,-0.001639,0.015317,0.04757,1800.0
4.1987E+03,-0.003151,0.015075,0.04757,1800.0
4.1988E+03,-0.004637,0.014692,0.04757,1800.0
4.1989E+03,-0.006038,0.014169,0.04757,1800.0
4.1990E+03,-0.007382,0.013518,0.04757,1800.0
4.1991E+03,-0.008670,0.012727,0.04757,1800.0
4.1992E+03,-0.009891,0.011814,0.04757,1800.0
4.1993E+03,-0.010989,0.010803,0.04757,1800.0
4.1994E+03,-0.012010,0.009669,0.04757,1800.0
4.1995E+03,-0.012804,0.008585,0.04757,1800.0
4.1996E+03,-0.013296,0.007800,0.04757,1800.0
4.1997E+03,-0.013938,0.006565,0.04757,1800.0
4.1998E+03,-0.014513,0.005166,0.04757,1800.0
4.1999E+03,-0.014932,0.003762,0.04757,1800.0
4.2000E+03,-0.015230,0.002303,0.04757,1800.0
4.2001E+03,-0.015378,0.000806,0.04757,1800.0
4.2002E+03,-0.015385,-0.000687,0.04757,1800.0
4.2003E+03,-0.015252,-0.002193,0.04757,1800.0
4.2004E+03,-0.014973,-0.003632,0.04757,1800.0
4.2005E+03,-0.014552,-0.005101,0.04757,1800.0
4.2006E+03,-0.013962,-0.006542,0.04757,1800.0
4.2007E+03,-0.013269,-0.007856,0.04757,1800.0
4.2008E+03,-0.012794,-0.008602,0.04757,1800.0
4.2009E+03,-0.011970,-0.009711,0.04757,1800.0
4.2010E+03,-0.010923,-0.010856,0.04757,1800.0
4.2011E+03,-0.009811,-0.011879,0.04757,1800.0
4.2012E+03,-0.008745,-0.012682,0.04757,1800.0
4.2013E+03,-0.007446,-0.013478,0.04757,1800.0
4.2014E+03,-0.006060,-0.014168,0.04757,1800.0
4.2015E+03,-0.004659,-0.014686,0.04757,1800.0
4.2016E+03,-0.003213,-0.015075,0.04757,1800.0
4.2017E+03,-0.001711,-0.015321,0.04757,1800.0
4.2018E+03,-0.000195,-0.015418,0.04757,1800.0
4.2019E+03,0.001284,-0.015363,0.04757,1800.0
4.2020E+03,0.002802,-0.015149,0.04757,1800.0
4.2021E+03,0.004272,-0.014806,0.04757,1800.0
4.2022E+03,0.005667,-0.014321,0.04757,1800.0
4.2023E+03,0.007007,-0.013713,0.04757,1800.0
4.2024E+03,0.008321,-0.012963,0.04757,1800.0
4.2025E+03,0.009566,-0.012068,0.04757,1800.0
4.2026E+03,0.010698,-0.011086,0.04757,1800.0
4.2027E+03,0.011718,-0.010004,0.04757,1800.0
4.2028E+03,0.012636,-0.008818,0.04757,1800.0
4.2029E+03,0.013418,-0.007613,0.04757,1800.0
4.2030E+03,0.014074,-0.006268,0.04757,1800.0
4.2031E+03,0.014589,-0.004968,0.04757,1800.0
4.2032E+03,0.014904,-0.003940,0.04757,1800.0
4.2033E+03,0.015175,-0.002597,0.04757,1800.0
4.2034E+03,0.015352,-0.001392,0.04757,1800.0
4.2035E+03,0.015398,-0.000170,0.04757,1800.0
4.2036E+03,0.015344,0.001311,0.04757,1800.0
4.2037E+03,0.015138,0.002854,0.04757,0.0
4.2038E+03,0.014846,0.004151,0.04757,0.0
4.2039E+03,0.014543,0.005086,0.04757,0.0
4.2040E+03,0.014005,0.006446,0.04757,1800.0
4.2041E+03,0.013545,0.007369,0.04757,1800.0
4.2042E+03,0.012731,0.008694,0.04757,1800.0
4.2043E+03,0.011827,0.009880,0.04757,1800.0
4.2044E+03,0.010868,0.010929,0.04757,1800.0
4.2045E+03,0.010630,0.011181,0.04757,1800.0
4.2046E+03,0.010616,0.011195,0.04757,1800.0
4.2047E+03,0.009482,0.009938,0.04757,1800.0
4.2048E+03,0.008017,0.008312,0.04757,1800.0
4.2049E+03,0.007951,0.008239,0.04757,1800.0
4.2050E+03,0.008020,0.008168,0.04757,1800.0
4.2051E+03,0.008454,0.007698,0.04757,1800.0
4.2052E+03,0.009411,0.006504,0.04757,1800.0
4.2053E+03,0.010179,0.005233,0.04757,1800.0
4.2054E+03,0.010793,0.003793,0.04757,1800.0
4.2055E+03,0.011183,0.002311,0.04757,1800.0
4.2056E+03,0.011392,0.000862,0.04757,1800.0
4.2057E+03,0.011400,-0.000675,0.04757,1800.0
4.2058E+03,0.011215,-0.002184,0.04757,1800.0
4.2059E+03,0.010825,-0.003621,0.04757,1800.0
4.2060E+03,0.010266,-0.004996,0.04757,1800.0
4.2061E+03,0.009530,-0.006306,0.04757,1800.0
4.2062E+03,0.008598,-0.007534,0.04757,1800.0
4.2063E+03,0.007675,-0.008484,0.04757,1800.0
4.2064E+03,0.006555,-0.009444,0.04757,1800.0
4.2065E+03,0.005177,-0.010212,0.04757,1800.0
4.2066E+03,0.003806,-0.010778,0.04757,1800.0
4.2067E+03,0.002357,-0.011173,0.04757,1800.0
4.2068E+03,0.000866,-0.011387,0.04757,1800.0
4.2069E+03,-0.000640,-0.011403,0.04757,1800.0
4.2070E+03,-0.002124,-0.011225,0.04757,1800.0
4.2071E+03,-0.003557,-0.010847,0.04757,1800.0
4.2072E+03,-0.004928,-0.010302,0.04757,1800.0
4.2073E+03,-0.006235,-0.009567,0.04757,1800.0
4.2074E+03,-0.007484,-0.008644,0.04757,1800.0
4.2075E+03,-0.008516,-0.007629,0.04757,1800.0
4.2076E+03,-0.009448,-0.006443,0.04757,1800.0
4.2077E+03,-0.010260,-0.005076,0.04757,1800.0
4.2078E+03,-0.010806,-0.003744,0.04757,1800.0
4.2079E+03,-0.011184,-0.002314,0.04757,1800.0
4.2080E+03,-0.011391,-0.000806,0.04757,1800.0
4.2081E+03,-0.011411,0.000554,0.04757,1800.0
4.2082E+03,-0.011241,0.002029,0.04757,1800.0
4.2083E+03,-0.010858,0.003504,0.04757,1800.0
4.2084E+03,-0.010295,0.004969,0.04757,1800.0
4.2085E+03,-0.009560,0.006263,0.04757,1800.0
4.2086E+03,-0.008682,0.007444,0.04757,1800.0
4.2087E+03,-0.007617,0.008536,0.04757,1800.0
4.2088E+03,-0.006424,0.009471,0.04757,1800.0
4.2089E+03,-0.005133,0.010222,0.04757,1800.0
4.2090E+03,-0.003732,0.010799,0.04757,1800.0
4.2091E+03,-0.002265,0.011196,0.04757,1800.0
4.2092E+03,-0.000800,0.011392,0.04757,0.0
4.2093E+03,0.000715,0.011397,0.04757,0.0
4.2094E+03,0.002224,0.011201,0.04757,0.0
4.2095E+03,0.003651,0.010813,0.04757,1800.0
4.2096E+03,0.005018,0.010261,0.04757,1800.0
4.2097E+03,0.006320,0.009515,0.04757,1800.0
4.2098E+03,0.007418,0.008716,0.04757,1800.0
4.2099E+03,0.007937,0.008252,0.04757,1800.0
4.2100E+03,0.007951,0.008239,0.04757,1800.0
4.2101E+03,0.007492,0.008736,0.04757,1800.0
4.2102E+03,0.004356,0.012137,0.04757,1800.0
4.2103E+03,0.003256,0.013330,0.04757,1800.0
4.2104E+03,0.003250,0.013337,0.04757,1800.0
4.2105E+03,0.003145,0.013359,0.04757,1800.0
4.2106E+03,0.002341,0.013497,0.04757,1800.0
4.2107E+03,0.000901,0.013673,0.04757,1800.0
4.2108E+03,-0.000588,0.013689,0.04757,1800.0
4.2109E+03,-0.002144,0.013542,0.04757,1800.0
4.2110E+03,-0.003618,0.013228,0.04757,1800.0
4.2111E+03,-0.005019,0.012767,0.04757,1800.0
4.2112E+03,-0.006420,0.012128,0.04757,1800.0
4.2113E+03,-0.007706,0.011337,0.04757,1800.0
4.2114E+03,-0.008894,0.010435,0.04757,1800.0
4.2115E+03,-0.009862,0.009508,0.04757,1800.0
4.2116E+03,-0.010829,0.008391,0.04757,1800.0
4.2117E+03,-0.011688,0.007137,0.04757,1800.0
4.2118E+03,-0.012425,0.005776,0.04757,1800.0
4.2119E+03,-0.012984,0.004393,0.04757,1800.0
4.2120E+03,-0.013351,0.003143,0.04757,1800.0
4.2121E+03,-0.013544,0.002126,0.04757,1800.0
4.2122E+03,-0.013695,0.000593,0.04757,1800.0
4.2123E+03,-0.013694,-0.000719,0.04757,1800.0
4.2124E+03,-0.013595,-0.001812,0.04757,1800.0
4.2125E+03,-0.013440,-0.002723,0.04757,1800.0
4.2126E+03,-0.013100,-0.004035,0.04757,1800.0
4.2127E+03,-0.012579,-0.005424,0.04757,1800.0
4.2128E+03,-0.011876,-0.006813,0.04757,1800.0
4.2129E+03,-0.011048,-0.008104,0.04757,1800.0
4.2130E+03,-0.010105,-0.009250,0.04757,1800.0
4.2131E+03,-0.009018,-0.010317,0.04757,1800.0
4.2132E+03,-0.007946,-0.011173,0.04757,1800.0
4.2133E+03,-0.006701,-0.011967,0.04757,1800.0
4.2134E+03,-0.005318,-0.012646,0.04757,1800.0
4.2135E+03,-0.003910,-0.013154,0.04757,1800.0
4.2136E+03,-0.002459,-0.013485,0.04757,1800.0
4.2137E+03,-0.001016,-0.013669,0.04757,1800.0
4.2138E+03,0.000482,-0.013693,0.04757,1800.0
4.2139E+03,0.001981,-0.013557,0.04757,1800.0
4.2140E+03,0.003472,-0.013252,0.04757,1800.0
4.2141E+03,0.004943,-0.012776,0.04757,1800.0
4.2142E+03,0.006327,-0.012148,0.04757,1800.0
4.2143E+03,0.007602,-0.011402,0.04757,1800.0
4.2144E+03,0.008800,-0.010507,0.04757,1800.0
4.2145E+03,0.009888,-0.009497,0.04757,1800.0
4.2146E+03,0.010923,-0.008301,0.04757,1800.0
4.2147E+03,0.011768,-0.007047,0.04757,1800.0
4.2148E+03,0.012434,-0.005774,0.04757,1800.0
4.2149E+03,0.012988,-0.004389,0.04757,1800.0
4.2150E+03,0.013350,-0.003062,0.04757,1800.0
4.2151E+03,0.013602,-0.001585,0.04757,1800.0
4.2152E+03,0.013696,-0.000087,0.04757,1800.0
4.2153E+03,0.013628,0.001412,0.04757,1800.0
4.2154E+03,0.013391,0.002891,0.04757,1800.0
4.2155E+03,0.012989,0.004381,0.04757,1800.0
4.2156E+03,0.012449,0.005730,0.04757,1800.0
4.2157E+03,0.011708,0.007147,0.04757,0.0
4.2158E+03,0.010864,0.008384,0.04757,0.0
4.2159E+03,0.009894,0.009489,0.04757,0.0
4.2160E+03,0.008772,0.010529,0.04757,0.0
4.2161E+03,0.007563,0.011429,0.04757,0.0
4.2162E+03,0.006271,0.012177,0.04757,1800.0
4.2163E+03,0.004883,0.012799,0.04757,1800.0
4.2164E+03,0.003743,0.013198,0.04757,1800.0
4.2165E+03,0.003250,0.013337,0.04757,1800.0
4.2166E+03,0.003306,0.013300,0.04757,1800.0
4.2167E+03,0.004025,0.012827,0.04757,1800.0
4.2168E+03,0.008786,0.009697,0.04757,1800.0
4.2169E+03,0.009097,0.009493,0.04757,1800.0
4.2170E+03,0.009107,0.009486,0.04757,1800.0
4.2171E+03,0.009238,0.009361,0.04757,1800.0
4.2172E+03,0.010064,0.008442,0.04757,1800.0
4.2173E+03,0.010975,0.007194,0.04757,1800.0
4.2174E+03,0.011737,0.005863,0.04757,1800.0
4.2175E+03,0.012329,0.004488,0.04757,1800.0
4.2176E+03,0.012755,0.003059,0.04757,1800.0
4.2177E+03,0.013026,0.001570,0.04757,1800.0
4.2178E+03,0.013129,0.000068,0.04757,1800.0
4.2179E+03,0.013051,-0.001386,0.04757,1800.0
4.2180E+03,0.012806,-0.002947,0.04757,1800.0
4.2181E+03,0.012389,-0.004402,0.04757,1800.0
4.2182E+03,0.011824,-0.005756,0.04757,1800.0
4.2183E+03,0.011093,-0.007051,0.04757,1800.0
4.2184E+03,0.010277,-0.008166,0.04757,1800.0
4.2185E+03,0.009285,-0.009267,0.04757,1800.0
4.2186E+03,0.008178,-0.010253,0.04757,1800.0
4.2187E+03,0.006944,-0.011131,0.04757,1800.0
4.2188E+03,0.005626,-0.011851,0.04757,1800.0
4.2189E+03,0.004256,-0.012419,0.04757,1800.0
4.2190E+03,0.002800,-0.012829,0.04757,1800.0
4.2191E+03,0.001333,-0.013075,0.04757,1800.0
4.2192E+03,-0.000186,-0.013153,0.04757,1800.0
4.2193E+03,-0.001710,-0.013040,0.04757,1800.0
4.2194E+03,-0.003161,-0.012751,0.04757,1800.0
4.2195E+03,-0.004598,-0.012295,0.04757,1800.0
4.2196E+03,-0.005991,-0.011678,0.04757,1800.0
4.2197E+03,-0.007273,-0.010918,0.04757,1800.0
4.2198E+03,-0.008484,-0.010007,0.04757,1800.0
4.2199E+03,-0.009579,-0.008974,0.04757,1800.0
4.2200E+03,-0.010535,-0.007831,0.04757,1800.0
4.2201E+03,-0.011295,-0.006711,0.04757,1800.0
4.2202E+03,-0.011997,-0.005364,0.04757,1800.0
4.2203E+03,-0.012556,-0.003875,0.04757,1800.0
4.2204E+03,-0.012913,-0.002447,0.04757,1800.0
4.2205E+03,-0.013096,-0.001004,0.04757,1800.0
4.2206E+03,-0.013117,0.000535,0.04757,1800.0
4.2207E+03,-0.012961,0.002071,0.04757,1800.0
4.2208E+03,-0.012653,0.003496,0.04757,1800.0
4.2209E+03,-0.012172,0.004912,0.04757,1800.0
4.2210E+03,-0.011535,0.006280,0.04757,1800.0
4.2211E+03,-0.010725,0.007576,0.04757,1800.0
4.2212E+03,-0.009774,0.008764,0.04757,1800.0
4.2213E+03,-0.008734,0.009803,0.04757,1800.0
4.2214E+03,-0.007552,0.010737,0.04757,1800.0
4.2215E+03,-0.006297,0.011525,0.04757,1800.0
4.2216E+03,-0.004931,0.012174,0.04757,1800.0
4.2217E+03,-0.003446,0.012680,0.04757,1800.0
4.2218E+03,-0.002036,0.012978,0.04757,1800.0
