2.8783E+03,-0.012260,-0.002692,0.03053,0.0
2.8784E+03,-0.012480,-0.001213,0.03053,0.0
2.8785E+03,-0.012525,0.000319,0.03053,0.0
2.8786E+03,-0.012401,0.001819,0.03053,0.0
2.8787E+03,-0.012092,0.003279,0.03053,0.0
2.8788E+03,-0.011617,0.004689,0.03053,0.0
2.8789E+03,-0.010974,0.006035,0.03053,0.0
2.8790E+03,-0.010231,0.007250,0.03053,0.0
2.8791E+03,-0.009717,0.007961,0.03053,0.0
2.8792E+03,-0.009712,0.007968,0.03053,0.0
2.8995E+03,-0.013291,-0.005662,0.03124,1800.0
2.8996E+03,-0.013116,-0.006030,0.03124,1800.0
2.8997E+03,-0.012531,-0.007133,0.03124,1800.0
2.8998E+03,-0.011739,-0.008375,0.03124,1800.0
2.8999E+03,-0.010816,-0.009528,0.03124,1800.0
2.9000E+03,-0.009761,-0.010608,0.03124,1800.0
2.9001E+03,-0.008605,-0.011573,0.03124,1800.0
2.9002E+03,-0.007341,-0.012409,0.03124,1800.0
2.9003E+03,-0.006090,-0.013096,0.03124,1800.0
2.9004E+03,-0.004758,-0.013627,0.03124,1800.0
2.9005E+03,-0.003327,-0.014042,0.03124,1800.0
2.9006E+03,-0.002024,-0.014291,0.03124,1800.0
2.9007E+03,-0.000798,-0.014412,0.03124,1800.0
2.9008E+03,0.000639,-0.014403,0.03124,1800.0
2.9009E+03,0.002144,-0.014258,0.03124,1800.0
2.9010E+03,0.003604,-0.013960,0.03124,1800.0
2.9011E+03,0.005020,-0.013515,0.03124,1800.0
2.9012E+03,0.006384,-0.012932,0.03124,1800.0
2.9013E+03,0.007684,-0.012204,0.03124,1800.0
2.9014E+03,0.008910,-0.011346,0.03124,1800.0
2.9015E+03,0.009862,-0.010535,0.03124,1800.0
2.9016E+03,0.010928,-0.009439,0.03124,1800.0
2.9017E+03,0.011818,-0.008280,0.03124,1800.0
2.9018E+03,0.012627,-0.006986,0.03124,1800.0
2.9019E+03,0.013271,-0.005653,0.03124,1800.0
2.9020E+03,0.013743,-0.004353,0.03124,1800.0
2.9021E+03,0.014126,-0.002873,0.03124,1800.0
2.9022E+03,0.014348,-0.001407,0.03124,1800.0
2.9023E+03,0.014416,0.000059,0.03124,1800.0
2.9024E+03,0.014342,0.001550,0.03124,1800.0
2.9025E+03,0.014095,0.003046,0.03124,1800.0
2.9026E+03,0.013712,0.004489,0.03124,1800.0
2.9027E+03,0.013175,0.005907,0.03124,1800.0
2.9028E+03,0.012443,0.007315,0.03124,1800.0
2.9029E+03,0.011604,0.008582,0.03124,1800.0
2.9030E+03,0.010648,0.009725,0.03124,1800.0
2.9031E+03,0.009633,0.010735,0.03124,1800.0
2.9032E+03,0.008473,0.011664,0.03124,1800.0
2.9033E+03,0.007167,0.012506,0.03124,1800.0
2.9034E+03,0.005789,0.013202,0.03124,1800.0
2.9035E+03,0.004381,0.013735,0.03124,1800.0
2.9036E+03,0.002926,0.014120,0.03124,1800.0
2.9037E+03,0.001576,0.014341,0.03124,1800.0
2.9038E+03,0.000083,0.014431,0.03124,1800.0
2.9039E+03,-0.001288,0.014377,0.03124,1800.0
2.9040E+03,-0.002355,0.014240,0.03124,1800.0
2.9041E+03,-0.003796,0.013923,0.03124,1800.0
2.9042E+03,-0.005237,0.013436,0.03124,1800.0
2.9043E+03,-0.006582,0.012828,0.03124,1800.0
2.9044E+03,-0.007876,0.012079,0.03124,1800.0
2.9045E+03,-0.009071,0.011205,0.03124,1800.0
2.9046E+03,-0.010191,0.010197,0.03124,1800.0
2.9047E+03,-0.011216,0.009063,0.03124,1800.0
2.9048E+03,-0.012082,0.007875,0.03124,1800.0
2.9049E+03,-0.012816,0.006634,0.03124,1800.0
2.9050E+03,-0.013355,0.005489,0.03124,1800.0
2.9051E+03,-0.013802,0.004231,0.03124,0.0
2.9052E+03,-0.014169,0.002752,0.03124,0.0
2.9053E+03,-0.014372,0.001291,0.03124,0.0
2.9054E+03,-0.014419,-0.000291,0.03124,0.0
2.9055E+03,-0.014325,-0.001654,0.03124,0.0
2.9056E+03,-0.014082,-0.003092,0.03124,1800.0
2.9057E+03,-0.013695,-0.004511,0.03124,1800.0
2.9058E+03,-0.013359,-0.005486,0.03124,1800.0
2.9059E+03,-0.013291,-0.005662,0.03124,1800.0
2.9060E+03,-0.013191,-0.005294,0.03124,1800.0
2.9061E+03,-0.012485,-0.002686,0.03124,1800.0
2.9062E+03,-0.010521,0.004561,0.03124,1800.0
2.9063E+03,-0.009629,0.007853,0.03124,1800.0
2.9064E+03,-0.009621,0.007883,0.03124,1800.0
2.9065E+03,-0.009617,0.007887,0.03124,1800.0
2.9066E+03,-0.009003,0.008560,0.03124,1800.0
2.9067E+03,-0.007956,0.009507,0.03124,1800.0
2.9068E+03,-0.006723,0.010421,0.03124,1800.0
2.9069E+03,-0.005379,0.011174,0.03124,1800.0
2.9070E+03,-0.003993,0.011744,0.03124,1800.0
2.9071E+03,-0.002567,0.012133,0.03124,1800.0
2.9072E+03,-0.001219,0.012358,0.03124,1800.0
2.9073E+03,0.000242,0.012422,0.03124,1800.0
2.9074E+03,0.001820,0.012288,0.03124,1800.0
2.9075E+03,0.003216,0.011998,0.03124,1800.0
2.9076E+03,0.004638,0.011517,0.03124,1800.0
2.9077E+03,0.006042,0.010835,0.03124,1800.0
2.9078E+03,0.007336,0.010004,0.03124,1800.0
2.9079E+03,0.008481,0.009057,0.03124,1800.0
2.9080E+03,0.009484,0.007986,0.03124,1800.0
2.9081E+03,0.010368,0.006805,0.03124,1800.0
2.9082E+03,0.011117,0.005501,0.03124,1800.0
2.9083E+03,0.011709,0.004097,0.03124,1800.0
2.9084E+03,0.012123,0.002651,0.03124,1800.0
2.9085E+03,0.012375,0.001122,0.03124,1800.0
2.9086E+03,0.012422,-0.000304,0.03124,1800.0
2.9087E+03,0.012279,-0.001855,0.03124,1800.0
2.9088E+03,0.011959,-0.003352,0.03124,1800.0
2.9089E+03,0.011519,-0.004617,0.03124,1800.0
2.9090E+03,0.010877,-0.005953,0.03124,1800.0
2.9091E+03,0.010095,-0.007209,0.03124,1800.0
2.9092E+03,0.009135,-0.008388,0.03124,1800.0
2.9093E+03,0.008030,-0.009447,0.03124,1800.0
2.9094E+03,0.006845,-0.010348,0.03124,1800.0
2.9095E+03,0.005538,-0.011105,0.03124,1800.0
2.9096E+03,0.004100,-0.011717,0.03124,1800.0
2.9097E+03,0.002680,-0.012128,0.03124,1800.0
2.9098E+03,0.001247,-0.012373,0.03124,1800.0
2.9099E+03,-0.000239,-0.012413,0.03124,1800.0
2.9100E+03,-0.001819,-0.012277,0.03124,1800.0
2.9101E+03,-0.003296,-0.011964,0.03124,1800.0
2.9102E+03,-0.004730,-0.011464,0.03124,1800.0
2.9103E+03,-0.006044,-0.010829,0.03124,1800.0
2.9104E+03,-0.007291,-0.010032,0.03124,1800.0
2.9105E+03,-0.008477,-0.009052,0.03124,1800.0
2.9106E+03,-0.009428,-0.008066,0.03124,1800.0
2.9107E+03,-0.010328,-0.006886,0.03124,1800.0
2.9108E+03,-0.011085,-0.005616,0.03124,1800.0
2.9109E+03,-0.011698,-0.004177,0.03124,1800.0
