3.8940E+03,-0.007585,0.008954,0.04473,0.0
3.8941E+03,-0.006554,0.009756,0.04473,0.0
3.8942E+03,-0.005270,0.010496,0.04473,0.0
3.8943E+03,-0.003827,0.011076,0.04473,0.0
3.8944E+03,-0.002319,0.011495,0.04473,0.0
3.8945E+03,-0.000830,0.011707,0.04473,0.0
3.8946E+03,0.000509,0.011734,0.04473,0.0
3.8949E+03,0.001290,0.011691,0.04473,0.0
3.9284E+03,-0.016932,0.000620,0.04544,1800.0
3.9285E+03,-0.016932,0.000611,0.04544,1800.0
3.9286E+03,-0.016932,0.000546,0.04544,1800.0
3.9287E+03,-0.016914,-0.000742,0.04544,1800.0
3.9288E+03,-0.016763,-0.002306,0.04544,1800.0
3.9289E+03,-0.016505,-0.003734,0.04544,1800.0
3.9290E+03,-0.016107,-0.005178,0.04544,1800.0
3.9291E+03,-0.015569,-0.006611,0.04544,1800.0
3.9292E+03,-0.014908,-0.007992,0.04544,1800.0
3.9293E+03,-0.014148,-0.009273,0.04544,1800.0
3.9294E+03,-0.013285,-0.010479,0.04544,1800.0
3.9295E+03,-0.012292,-0.011618,0.04544,1800.0
3.9296E+03,-0.011221,-0.012672,0.04544,1800.0
3.9297E+03,-0.009999,-0.013663,0.04544,1800.0
3.9298E+03,-0.008756,-0.014489,0.04544,1800.0
3.9299E+03,-0.007498,-0.015178,0.04544,1800.0
3.9300E+03,-0.006112,-0.015784,0.04544,1800.0
3.9301E+03,-0.004805,-0.016224,0.04544,1800.0
3.9302E+03,-0.003329,-0.016582,0.04544,1800.0
3.9303E+03,-0.001845,-0.016817,0.04544,1800.0
3.9304E+03,-0.000328,-0.016913,0.04544,1800.0
3.9305E+03,0.001182,-0.016876,0.04544,1800.0
3.9306E+03,0.002654,-0.016705,0.04544,1800.0
3.9307E+03,0.004143,-0.016407,0.04544,1800.0
3.9308E+03,0.005613,-0.015970,0.04544,1800.0
3.9309E+03,0.006932,-0.015444,0.04544,1800.0
3.9310E+03,0.008323,-0.014746,0.04544,1800.0
3.9311E+03,0.009586,-0.013963,0.04544,1800.0
3.9312E+03,0.010767,-0.013056,0.04544,1800.0
3.9313E+03,0.011909,-0.012015,0.04544,1800.0
3.9314E+03,0.012934,-0.010911,0.04544,1800.0
3.9315E+03,0.013850,-0.009714,0.04544,1800.0
3.9316E+03,0.014653,-0.008446,0.04544,1800.0
3.9317E+03,0.015343,-0.007123,0.04544,1800.0
3.9318E+03,0.015864,-0.005881,0.04544,1800.0
3.9319E+03,0.016328,-0.004452,0.04544,1800.0
3.9320E+03,0.016662,-0.002967,0.04544,1800.0
3.9321E+03,0.016863,-0.001438,0.04544,1800.0
3.9322E+03,0.016934,0.000009,0.04544,1800.0
3.9323E+03,0.016851,0.001563,0.04544,1800.0
3.9324E+03,0.016643,0.003047,0.04544,1800.0
3.9325E+03,0.016320,0.004484,0.04544,1800.0
3.9326E+03,0.015846,0.005922,0.04544,1800.0
3.9327E+03,0.015237,0.007339,0.04544,1800.0
3.9328E+03,0.014524,0.008678,0.04544,1800.0
3.9329E+03,0.013703,0.009918,0.04544,1800.0
3.9330E+03,0.012777,0.011091,0.04544,1800.0
3.9331E+03,0.011738,0.012189,0.04544,1800.0
3.9332E+03,0.010614,0.013186,0.04544,1800.0
3.9333E+03,0.009343,0.014116,0.04544,1800.0
3.9334E+03,0.008086,0.014873,0.04544,1800.0
3.9335E+03,0.006843,0.015479,0.04544,1800.0
3.9336E+03,0.005467,0.016016,0.04544,1800.0
3.9337E+03,0.004016,0.016431,0.04544,1800.0
3.9338E+03,0.002572,0.016719,0.04544,1800.0
3.9339E+03,0.001093,0.016880,0.04544,1800.0
3.9340E+03,-0.000429,0.016914,0.04544,1800.0
3.9341E+03,-0.001922,0.016805,0.04544,1800.0
3.9342E+03,-0.003409,0.016574,0.04544,1800.0
3.9343E+03,-0.004902,0.016205,0.04544,1800.0
3.9344E+03,-0.006332,0.015698,0.04544,1800.0
3.9345E+03,-0.007713,0.015071,0.04544,1800.0
3.9346E+03,-0.009022,0.014332,0.04544,1800.0
3.9347E+03,-0.010264,0.013456,0.04544,1800.0
3.9348E+03,-0.011410,0.012494,0.04544,1800.0
3.9349E+03,-0.012487,0.011416,0.04544,1800.0
3.9350E+03,-0.013457,0.010251,0.04544,0.0
3.9351E+03,-0.014317,0.009004,0.04544,0.0
3.9352E+03,-0.014997,0.007826,0.04544,0.0
3.9353E+03,-0.015636,0.006481,0.04544,0.0
3.9354E+03,-0.016139,0.005100,0.04544,0.0
3.9355E+03,-0.016539,0.003594,0.04544,0.0
3.9356E+03,-0.016801,0.002127,0.04544,1800.0
3.9357E+03,-0.016920,0.000775,0.04544,1800.0
3.9358E+03,-0.016932,0.000627,0.04544,1800.0
3.9359E+03,-0.016932,0.000620,0.04544,1800.0
3.9360E+03,-0.014039,0.001166,0.04544,1800.0
3.9361E+03,-0.007255,0.002447,0.04544,1800.0
3.9362E+03,0.000525,0.003916,0.04544,1800.0
3.9363E+03,0.006079,0.004964,0.04544,1800.0
3.9365E+03,0.008346,0.005392,0.04544,1800.0
3.9366E+03,0.008469,0.005176,0.04544,1800.0
3.9367E+03,0.009004,0.004163,0.04544,1800.0
3.9368E+03,0.009531,0.002761,0.04544,1800.0
3.9369E+03,0.009809,0.001482,0.04544,1800.0
3.9370E+03,0.009898,-0.000040,0.04544,1800.0
3.9371E+03,0.009780,-0.001575,0.04544,1800.0
3.9372E+03,0.009429,-0.003032,0.04544,1800.0
3.9373E+03,0.008864,-0.004401,0.04544,1800.0
3.9374E+03,0.008091,-0.005697,0.04544,1800.0
3.9375E+03,0.007151,-0.006847,0.04544,1800.0
3.9376E+03,0.006066,-0.007823,0.04544,1800.0
3.9377E+03,0.004787,-0.008674,0.04544,1800.0
3.9378E+03,0.003388,-0.009314,0.04544,1800.0
3.9379E+03,0.001953,-0.009735,0.04544,1800.0
3.9380E+03,0.000511,-0.009912,0.04544,1800.0
3.9381E+03,-0.001074,-0.009870,0.04544,1800.0
3.9382E+03,-0.002488,-0.009596,0.04544,1800.0
3.9383E+03,-0.003880,-0.009124,0.04544,1800.0
3.9384E+03,-0.005229,-0.008400,0.04544,1800.0
3.9385E+03,-0.006471,-0.007498,0.04544,1800.0
3.9386E+03,-0.007515,-0.006440,0.04544,1800.0
3.9387E+03,-0.008320,-0.005365,0.04544,1800.0
3.9388E+03,-0.009056,-0.004019,0.04544,1800.0
3.9389E+03,-0.009567,-0.002589,0.04544,1800.0
3.9390E+03,-0.009854,-0.001107,0.04544,1800.0
3.9391E+03,-0.009922,0.000360,0.04544,1800.0
3.9392E+03,-0.009750,0.001871,0.04544,1800.0
3.9393E+03,-0.009379,0.003257,0.04544,1800.0
3.9394E+03,-0.008766,0.004619,0.04544,1800.0
3.9395E+03,-0.007958,0.005896,0.04544,1800.0
3.9396E+03,-0.006972,0.007025,0.04544,1800.0
3.9397E+03,-0.005855,0.008019,0.04544,1800.0
3.9398E+03,-0.004550,0.008822,0.04544,1800.0
3.9399E+03,-0.003123,0.009393,0.04544,1800.0
3.9400E+03,-0.001670,0.009765,0.04544,1800.0
3.9401E+03,-0.000143,0.009907,0.04544,0.0
3.9402E+03,0.001319,0.009831,0.04544,0.0
3.9403E+03,0.002779,0.009523,0.04544,0.0
3.9404E+03,0.004090,0.009048,0.04544,0.0
3.9405E+03,0.005410,0.008300,0.04544,0.0
3.9406E+03,0.006567,0.007418,0.04544,0.0
3.9407E+03,0.007590,0.006363,0.04544,1800.0
3.9408E+03,0.008174,0.005633,0.04544,1800.0
3.9409E+03,0.008346,0.005392,0.04544,1800.0
3.9410E+03,0.007908,0.005302,0.04544,1800.0
3.9411E+03,0.004669,0.004639,0.04544,1800.0
3.9412E+03,-0.002514,0.003168,0.04544,1800.0
3.9413E+03,-0.010031,0.001628,0.04544,1800.0
3.9414E+03,-0.015228,0.000564,0.04544,1800.0
3.9416E+03,-0.015232,0.000563,0.04544,1800.0
3.9417E+03,-0.015232,-0.000104,0.04544,1800.0
3.9418E+03,-0.015144,-0.001504,0.04544,1800.0
3.9419E+03,-0.014926,-0.002961,0.04544,1800.0
3.9420E+03,-0.014573,-0.004388,0.04544,1800.0
3.9421E+03,-0.014112,-0.005676,0.04544,1800.0
3.9422E+03,-0.013471,-0.007076,0.04544,1800.0
3.9423E+03,-0.012704,-0.008377,0.04544,1800.0
3.9424E+03,-0.011821,-0.009585,0.04544,1800.0
3.9425E+03,-0.010816,-0.010724,0.04544,1800.0
3.9426E+03,-0.009758,-0.011695,0.04544,1800.0
3.9427E+03,-0.008555,-0.012601,0.04544,1800.0
3.9428E+03,-0.007213,-0.013403,0.04544,1800.0
3.9429E+03,-0.005825,-0.014062,0.04544,1800.0
3.9430E+03,-0.004420,-0.014560,0.04544,1800.0
3.9431E+03,-0.002954,-0.014923,0.04544,1800.0
3.9432E+03,-0.001449,-0.015142,0.04544,1800.0
3.9433E+03,0.000014,-0.015217,0.04544,1800.0
3.9434E+03,0.001467,-0.015142,0.04544,1800.0
3.9435E+03,0.002973,-0.014923,0.04544,1800.0
3.9436E+03,0.004455,-0.014550,0.04544,1800.0
3.9437E+03,0.005872,-0.014049,0.04544,1800.0
3.9438E+03,0.007154,-0.013445,0.04544,1800.0
3.9439E+03,0.008396,-0.012704,0.04544,1800.0
3.9440E+03,0.009625,-0.011782,0.04544,1800.0
3.9441E+03,0.010745,-0.010776,0.04544,1800.0
3.9442E+03,0.011766,-0.009653,0.04544,1800.0
3.9443E+03,0.012647,-0.008453,0.04544,1800.0
3.9444E+03,0.013427,-0.007149,0.04544,1800.0
3.9445E+03,0.014066,-0.005800,0.04544,1800.0
3.9446E+03,0.014557,-0.004424,0.04544,1800.0
3.9447E+03,0.014938,-0.002928,0.04544,1800.0
3.9448E+03,0.015154,-0.001422,0.04544,1800.0
3.9449E+03,0.015235,0.000110,0.04544,1800.0
3.9450E+03,0.015146,0.001575,0.04544,1800.0
3.9451E+03,0.014924,0.003054,0.04544,1800.0
3.9452E+03,0.014551,0.004473,0.04544,1800.0
3.9453E+03,0.014024,0.005906,0.04544,1800.0
3.9454E+03,0.013337,0.007310,0.04544,1800.0
3.9455E+03,0.012655,0.008447,0.04544,1800.0
3.9456E+03,0.011778,0.009626,0.04544,1800.0
3.9457E+03,0.010740,0.010776,0.04544,1800.0
3.9458E+03,0.009622,0.011791,0.04544,1800.0
3.9459E+03,0.008448,0.012665,0.04544,1800.0
3.9460E+03,0.007102,0.013464,0.04544,1800.0
3.9461E+03,0.005747,0.014113,0.04544,1800.0
3.9462E+03,0.004383,0.014585,0.04544,1800.0
3.9463E+03,0.002844,0.014961,0.04544,1800.0
3.9464E+03,0.001357,0.015158,0.04544,1800.0
3.9465E+03,-0.000161,0.015215,0.04544,1800.0
3.9466E+03,-0.001660,0.015121,0.04544,1800.0
3.9467E+03,-0.003138,0.014883,0.04544,1800.0
3.9468E+03,-0.004603,0.014502,0.04544,1800.0
3.9469E+03,-0.005998,0.013982,0.04544,1800.0
3.9470E+03,-0.007326,0.013333,0.04544,1800.0
3.9471E+03,-0.008650,0.012523,0.04544,1800.0
3.9472E+03,-0.009726,0.011719,0.04544,1800.0
3.9473E+03,-0.010800,0.010750,0.04544,0.0
3.9474E+03,-0.011825,0.009587,0.04544,0.0
3.9475E+03,-0.012712,0.008378,0.04544,0.0
3.9476E+03,-0.013462,0.007093,0.04544,0.0
3.9477E+03,-0.014101,0.005713,0.04544,0.0
3.9478E+03,-0.014601,0.004254,0.04544,0.0
3.9479E+03,-0.014956,0.002801,0.04544,0.0
3.9480E+03,-0.015154,0.001425,0.04544,1800.0
3.9481E+03,-0.015229,0.000601,0.04544,1800.0
3.9482E+03,-0.015232,0.000563,0.04544,1800.0
3.9483E+03,-0.014337,0.000771,0.04544,1800.0
3.9484E+03,-0.009439,0.001912,0.04544,1800.0
3.9485E+03,-0.001583,0.003742,0.04544,1800.0
3.9486E+03,0.005963,0.005499,0.04544,1800.0
3.9487E+03,0.009199,0.006253,0.04544,1800.0
3.9489E+03,0.009732,0.006377,0.04544,1800.0
3.9490E+03,0.010082,0.005771,0.04544,1800.0
3.9491E+03,0.010665,0.004596,0.04544,1800.0
3.9492E+03,0.011159,0.003189,0.04544,1800.0
3.9493E+03,0.011481,0.001727,0.04544,1800.0
3.9494E+03,0.011602,0.000268,0.04544,1800.0
3.9495E+03,0.011555,-0.001297,0.04544,1800.0
3.9496E+03,0.011312,-0.002727,0.04544,1800.0
3.9497E+03,0.010842,-0.004193,0.04544,1800.0
3.9498E+03,0.010228,-0.005509,0.04544,1800.0
3.9499E+03,0.009427,-0.006781,0.04544,1800.0
3.9500E+03,0.008438,-0.007977,0.04544,1800.0
3.9501E+03,0.007359,-0.008977,0.04544,1800.0
3.9502E+03,0.006135,-0.009843,0.04544,1800.0
3.9503E+03,0.004798,-0.010563,0.04544,1800.0
3.9504E+03,0.003418,-0.011100,0.04544,1800.0
3.9505E+03,0.001973,-0.011442,0.04544,1800.0
3.9506E+03,0.000605,-0.011599,0.04544,1800.0
3.9507E+03,-0.000885,-0.011581,0.04544,1800.0
3.9508E+03,-0.002357,-0.011371,0.04544,1800.0
3.9509E+03,-0.003826,-0.010977,0.04544,1800.0
3.9510E+03,-0.005206,-0.010370,0.04544,1800.0
3.9511E+03,-0.006544,-0.009587,0.04544,1800.0
3.9512E+03,-0.007749,-0.008649,0.04544,1800.0
3.9513E+03,-0.008791,-0.007579,0.04544,1800.0
3.9514E+03,-0.009683,-0.006397,0.04544,1800.0
3.9515E+03,-0.010427,-0.005073,0.04544,1800.0
3.9516E+03,-0.011012,-0.003685,0.04544,1800.0
3.9517E+03,-0.011381,-0.002273,0.04544,1800.0
3.9518E+03,-0.011592,-0.000728,0.04544,1800.0
3.9519E+03,-0.011595,0.000771,0.04544,1800.0
3.9520E+03,-0.011413,0.002213,0.04544,1800.0
3.9521E+03,-0.011041,0.003673,0.04544,1800.0
3.9522E+03,-0.010472,0.005035,0.04544,1800.0
3.9523E+03,-0.009729,0.006342,0.04544,1800.0
3.9524E+03,-0.008897,0.007445,0.04544,1800.0
3.9525E+03,-0.007852,0.008547,0.04544,1800.0
3.9526E+03,-0.006681,0.009492,0.04544,1800.0
3.9527E+03,-0.005395,0.010272,0.04544,1800.0
3.9528E+03,-0.004038,0.010883,0.04544,1800.0
3.9529E+03,-0.002612,0.011316,0.04544,1800.0
3.9530E+03,-0.001046,0.011580,0.04544,1800.0
3.9531E+03,0.000425,0.011619,0.04544,0.0
3.9532E+03,0.001936,0.011464,0.04544,0.0
3.9533E+03,0.003356,0.011123,0.04544,0.0
3.9534E+03,0.004788,0.010589,0.04544,0.0
3.9535E+03,0.006075,0.009898,0.04544,0.0
3.9536E+03,0.007282,0.009029,0.04544,0.0
3.9537E+03,0.008370,0.007986,0.04544,0.0
3.9538E+03,0.009286,0.006924,0.04544,1800.0
3.9539E+03,0.009727,0.006384,0.04544,1800.0
3.9540E+03,0.009732,0.006377,0.04544,1800.0
3.9541E+03,0.009055,0.006206,0.04544,1800.0
3.9542E+03,0.004034,0.004939,0.04544,1800.0
3.9543E+03,-0.004033,0.002904,0.04544,1800.0
3.9544E+03,-0.011076,0.001127,0.04544,1800.0
3.9545E+03,-0.013266,0.000574,0.04544,1800.0
3.9546E+03,-0.013532,0.000507,0.04544,1800.0
3.9547E+03,-0.013532,0.000412,0.04544,1800.0
3.9548E+03,-0.013500,-0.000598,0.04544,1800.0
3.9549E+03,-0.013347,-0.002081,0.04544,1800.0
3.9550E+03,-0.013036,-0.003566,0.04544,1800.0
3.9551E+03,-0.012563,-0.004981,0.04544,1800.0
3.9552E+03,-0.011931,-0.006342,0.04544,1800.0
3.9553E+03,-0.011150,-0.007644,0.04544,1800.0
3.9554E+03,-0.010220,-0.008868,0.04544,1800.0
3.9555E+03,-0.009144,-0.009976,0.04544,1800.0
3.9556E+03,-0.007967,-0.010938,0.04544,1800.0
3.9557E+03,-0.006717,-0.011740,0.04544,1800.0
3.9558E+03,-0.005521,-0.012331,0.04544,1800.0
3.9559E+03,-0.004110,-0.012872,0.04544,1800.0
3.9560E+03,-0.002650,-0.013248,0.04544,1800.0
3.9561E+03,-0.001164,-0.013458,0.04544,1800.0
3.9562E+03,0.000318,-0.013509,0.04544,1800.0
3.9563E+03,0.001774,-0.013401,0.04544,1800.0
3.9564E+03,0.003272,-0.013109,0.04544,1800.0
3.9565E+03,0.004783,-0.012647,0.04544,1800.0
3.9566E+03,0.006169,-0.012048,0.04544,1800.0
3.9567E+03,0.007437,-0.011303,0.04544,1800.0
3.9568E+03,0.008622,-0.010422,0.04544,1800.0
3.9569E+03,0.009722,-0.009399,0.04544,1800.0
3.9570E+03,0.010737,-0.008207,0.04544,1800.0
3.9571E+03,0.011562,-0.006985,0.04544,1800.0
3.9572E+03,0.012258,-0.005686,0.04544,1800.0
3.9573E+03,0.012812,-0.004291,0.04544,1800.0
3.9574E+03,0.013209,-0.002808,0.04544,1800.0
3.9575E+03,0.013442,-0.001440,0.04544,1800.0
3.9576E+03,0.013519,0.000025,0.04544,1800.0
3.9577E+03,0.013435,0.001554,0.04544,1800.0
3.9578E+03,0.013184,0.003072,0.04544,1800.0
3.9579E+03,0.012774,0.004449,0.04544,1800.0
3.9580E+03,0.012174,0.005860,0.04544,1800.0
3.9581E+03,0.011437,0.007210,0.04544,1800.0
3.9582E+03,0.010560,0.008434,0.04544,1800.0
3.9583E+03,0.009548,0.009555,0.04544,1800.0
3.9584E+03,0.008430,0.010557,0.04544,1800.0
3.9585E+03,0.007234,0.011414,0.04544,1800.0
3.9586E+03,0.005953,0.012131,0.04544,1800.0
3.9587E+03,0.004580,0.012715,0.04544,1800.0
3.9588E+03,0.003140,0.013146,0.04544,1800.0
3.9589E+03,0.001631,0.013423,0.04544,1800.0
3.9590E+03,0.000095,0.013533,0.04544,1800.0
3.9591E+03,-0.001437,0.013452,0.04544,1800.0
3.9592E+03,-0.002713,0.013242,0.04544,1800.0
3.9593E+03,-0.004141,0.012869,0.04544,1800.0
3.9594E+03,-0.005571,0.012300,0.04544,1800.0
3.9595E+03,-0.006907,0.011616,0.04544,1800.0
3.9596E+03,-0.008133,0.010788,0.04544,1800.0
3.9597E+03,-0.009297,0.009806,0.04544,0.0
3.9598E+03,-0.010339,0.008705,0.04544,0.0
3.9599E+03,-0.011237,0.007516,0.04544,0.0
3.9600E+03,-0.012017,0.006203,0.04544,0.0
3.9601E+03,-0.012648,0.004802,0.04544,0.0
3.9602E+03,-0.013101,0.003413,0.04544,0.0
3.9603E+03,-0.013388,0.001920,0.04544,1800.0
3.9604E+03,-0.013511,0.000749,0.04544,1800.0
3.9605E+03,-0.013532,0.000507,0.04544,1800.0
3.9606E+03,-0.013527,0.000508,0.04544,1800.0
3.9607E+03,-0.009908,0.001521,0.04544,1800.0
3.9608E+03,-0.003364,0.003352,0.04544,1800.0
3.9609E+03,0.004205,0.005470,0.04544,1800.0
3.9610E+03,0.009433,0.006933,0.04544,1800.0
3.9611E+03,0.011092,0.007397,0.04544,1800.0
3.9612E+03,0.011096,0.007391,0.04544,1800.0
3.9613E+03,0.011139,0.007335,0.04544,1800.0
3.9614E+03,0.011860,0.006088,0.04544,1800.0
3.9615E+03,0.012453,0.004751,0.04544,1800.0
3.9616E+03,0.012908,0.003312,0.04544,1800.0
3.9617E+03,0.013194,0.001865,0.04544,1800.0
3.9618E+03,0.013309,0.000385,0.04544,1800.0
3.9619E+03,0.013266,-0.001171,0.04544,1800.0
3.9620E+03,0.013040,-0.002685,0.04544,1800.0
3.9621E+03,0.012649,-0.004125,0.04544,1800.0
3.9622E+03,0.012104,-0.005536,0.04544,1800.0
3.9623E+03,0.011428,-0.006828,0.04544,1800.0
3.9624E+03,0.010591,-0.008091,0.04544,1800.0
3.9625E+03,0.009644,-0.009287,0.04544,1800.0
3.9626E+03,0.008467,-0.010306,0.04544,1800.0
3.9627E+03,0.007444,-0.011054,0.04544,1800.0
3.9628E+03,0.006106,-0.011848,0.04544,1800.0
3.9629E+03,0.004740,-0.012453,0.04544,1800.0
3.9630E+03,0.003351,-0.012886,0.04544,1800.0
3.9631E+03,0.001880,-0.013173,0.04544,1800.0
3.9632E+03,0.000340,-0.013299,0.04544,1800.0
3.9633E+03,-0.001196,-0.013251,0.04544,1800.0
3.9634E+03,-0.002668,-0.013041,0.04544,1800.0
3.9635E+03,-0.004096,-0.012668,0.04544,1800.0
3.9636E+03,-0.005490,-0.012143,0.04544,1800.0
3.9637E+03,-0.006856,-0.011444,0.04544,1800.0
3.9638E+03,-0.008068,-0.010614,0.04544,1800.0
3.9639E+03,-0.009207,-0.009631,0.04544,1800.0
3.9640E+03,-0.010242,-0.008512,0.04544,1800.0
3.9641E+03,-0.011144,-0.007266,0.04544,1800.0
3.9642E+03,-0.011910,-0.005944,0.04544,1800.0
3.9643E+03,-0.012500,-0.004551,0.04544,1800.0
3.9644E+03,-0.012898,-0.003275,0.04544,1800.0
3.9645E+03,-0.013179,-0.001841,0.04544,1800.0
3.9646E+03,-0.013309,-0.000336,0.04544,1800.0
3.9647E+03,-0.013266,0.001216,0.04544,1800.0
3.9648E+03,-0.013064,0.002642,0.04544,1800.0
3.9649E+03,-0.012687,0.004090,0.04544,1800.0
3.9650E+03,-0.012136,0.005501,0.04544,1800.0
3.9651E+03,-0.011418,0.006861,0.04544,1800.0
3.9652E+03,-0.010580,0.008077,0.04544,1800.0
3.9653E+03,-0.009611,0.009208,0.04544,1800.0
3.9654E+03,-0.008481,0.010250,0.04544,1800.0
3.9655E+03,-0.007266,0.011146,0.04544,1800.0
3.9656E+03,-0.005982,0.011882,0.04544,1800.0
3.9657E+03,-0.004594,0.012489,0.04544,1800.0
3.9658E+03,-0.003134,0.012942,0.04544,1800.0
3.9659E+03,-0.001659,0.013215,0.04544,1800.0
3.9660E+03,-0.000186,0.013334,0.04544,1800.0
