1.4813E+03,-0.001504,-0.013007,0.01278,0.0
1.4814E+03,-0.003035,-0.012740,0.01278,0.0
1.4815E+03,-0.004502,-0.012293,0.01278,0.0
1.4816E+03,-0.005850,-0.011711,0.01278,0.0
1.4817E+03,-0.007152,-0.010959,0.01278,0.0
1.4818E+03,-0.008357,-0.010075,0.01278,0.0
1.4819E+03,-0.009448,-0.009059,0.01278,0.0
1.4820E+03,-0.010432,-0.007919,0.01278,0.0
1.4821E+03,-0.011071,-0.007050,0.01278,0.0
1.4822E+03,-0.011121,-0.006979,0.01278,0.0
1.5292E+03,0.006510,0.015811,0.01349,1800.0
1.5293E+03,0.005764,0.016088,0.01349,1800.0
1.5294E+03,0.004454,0.016486,0.01349,1800.0
1.5295E+03,0.002995,0.016811,0.01349,1800.0
1.5296E+03,0.001484,0.017006,0.01349,1800.0
1.5297E+03,-0.000036,0.017074,0.01349,1800.0
1.5298E+03,-0.001540,0.017007,0.01349,1800.0
1.5299E+03,-0.003050,0.016801,0.01349,1800.0
1.5300E+03,-0.004517,0.016467,0.01349,1800.0
1.5301E+03,-0.005933,0.016023,0.01349,1800.0
1.5302E+03,-0.007337,0.015435,0.01349,1800.0
1.5303E+03,-0.008640,0.014742,0.01349,1800.0
1.5304E+03,-0.009880,0.013940,0.01349,1800.0
1.5305E+03,-0.010970,0.013084,0.01349,1800.0
1.5306E+03,-0.012103,0.012039,0.01349,1800.0
1.5307E+03,-0.013102,0.010947,0.01349,1800.0
1.5308E+03,-0.013802,0.010066,0.01349,1800.0
1.5309E+03,-0.014446,0.009094,0.01349,1800.0
1.5310E+03,-0.015192,0.007798,0.01349,1800.0
1.5311E+03,-0.015821,0.006430,0.01349,1800.0
1.5312E+03,-0.016327,0.005008,0.01349,1800.0
1.5313E+03,-0.016709,0.003580,0.01349,1800.0
1.5314E+03,-0.016963,0.002073,0.01349,1800.0
1.5315E+03,-0.017076,0.000508,0.01349,1800.0
1.5316E+03,-0.017053,-0.000926,0.01349,1800.0
1.5317E+03,-0.016905,-0.002418,0.01349,1800.0
1.5318E+03,-0.016618,-0.003939,0.01349,1800.0
1.5319E+03,-0.016206,-0.005371,0.01349,1800.0
1.5320E+03,-0.015666,-0.006777,0.01349,1800.0
1.5321E+03,-0.014993,-0.008166,0.01349,1800.0
1.5322E+03,-0.014334,-0.009303,0.01349,1800.0
1.5323E+03,-0.013644,-0.010293,0.01349,1800.0
1.5324E+03,-0.012951,-0.011146,0.01349,1800.0
1.5325E+03,-0.011894,-0.012268,0.01349,1800.0
1.5326E+03,-0.010750,-0.013282,0.01349,1800.0
1.5327E+03,-0.009601,-0.014134,0.01349,1800.0
1.5328E+03,-0.008281,-0.014940,0.01349,1800.0
1.5329E+03,-0.006891,-0.015622,0.01349,1800.0
1.5330E+03,-0.005517,-0.016156,0.01349,1800.0
1.5331E+03,-0.004092,-0.016581,0.01349,1800.0
1.5332E+03,-0.002582,-0.016877,0.01349,1800.0
1.5333E+03,-0.001070,-0.017037,0.01349,1800.0
1.5334E+03,0.000412,-0.017073,0.01349,1800.0
1.5335E+03,0.001903,-0.016975,0.01349,1800.0
1.5336E+03,0.003377,-0.016745,0.01349,1800.0
1.5337E+03,0.004816,-0.016390,0.01349,1800.0
1.5338E+03,0.006311,-0.015886,0.01349,1800.0
1.5339E+03,0.007694,-0.015260,0.01349,1800.0
1.5340E+03,0.008881,-0.014583,0.01349,1800.0
1.5341E+03,0.010131,-0.013742,0.01349,1800.0
1.5342E+03,0.011296,-0.012809,0.01349,1800.0
1.5343E+03,0.012344,-0.011795,0.01349,1800.0
1.5344E+03,0.013305,-0.010699,0.01349,1800.0
1.5345E+03,0.014209,-0.009466,0.01349,1800.0
1.5346E+03,0.015019,-0.008132,0.01349,1800.0
1.5347E+03,0.015648,-0.006860,0.01349,1800.0
1.5348E+03,0.016070,-0.005801,0.01349,1800.0
1.5349E+03,0.016513,-0.004392,0.01349,1800.0
1.5350E+03,0.016835,-0.002913,0.01349,1800.0
1.5351E+03,0.017019,-0.001437,0.01349,1800.0
1.5352E+03,0.017076,0.000071,0.01349,1800.0
1.5353E+03,0.016997,0.001585,0.01349,1800.0
1.5354E+03,0.016797,0.003079,0.01349,1800.0
1.5355E+03,0.016450,0.004567,0.01349,1800.0
1.5356E+03,0.016046,0.005842,0.01349,1800.0
1.5357E+03,0.015642,0.006855,0.01349,1800.0
1.5358E+03,0.014989,0.008178,0.01349,0.0
1.5359E+03,0.014209,0.009485,0.01349,0.0
1.5360E+03,0.013350,0.010678,0.01349,0.0
1.5361E+03,0.012352,0.011798,0.01349,0.0
1.5362E+03,0.011279,0.012827,0.01349,0.0
1.5363E+03,0.010075,0.013794,0.01349,0.0
1.5364E+03,0.008784,0.014642,0.01349,0.0
1.5365E+03,0.007490,0.015341,0.01349,1800.0
1.5366E+03,0.006709,0.015721,0.01349,1800.0
1.5367E+03,0.006510,0.015811,0.01349,1800.0
1.5368E+03,0.005961,0.015094,0.01349,1800.0
1.5369E+03,0.003561,0.011960,0.01349,1800.0
1.5370E+03,-0.001065,0.005917,0.01349,1800.0
1.5371E+03,-0.005412,0.000239,0.01349,1800.0
1.5372E+03,-0.008826,-0.004220,0.01349,1800.0
1.5374E+03,-0.008828,-0.004223,0.01349,1800.0
1.5375E+03,-0.009055,-0.003673,0.01349,1800.0
1.5376E+03,-0.009431,-0.002447,0.01349,1800.0
1.5377E+03,-0.009697,-0.000939,0.01349,1800.0
1.5378E+03,-0.009730,0.000574,0.01349,1800.0
1.5379E+03,-0.009534,0.002066,0.01349,1800.0
1.5380E+03,-0.009125,0.003488,0.01349,1800.0
1.5381E+03,-0.008495,0.004785,0.01349,1800.0
1.5382E+03,-0.007650,0.006049,0.01349,1800.0
1.5383E+03,-0.006640,0.007169,0.01349,1800.0
1.5384E+03,-0.005441,0.008120,0.01349,1800.0
1.5385E+03,-0.004080,0.008870,0.01349,1800.0
1.5386E+03,-0.002724,0.009370,0.01349,1800.0
1.5387E+03,-0.001271,0.009675,0.01349,1800.0
1.5388E+03,0.000200,0.009742,0.01349,1800.0
1.5389E+03,0.001709,0.009589,0.01349,1800.0
1.5390E+03,0.003183,0.009209,0.01349,1800.0
1.5391E+03,0.004554,0.008609,0.01349,1800.0
1.5392E+03,0.005710,0.007902,0.01349,1800.0
1.5393E+03,0.006883,0.006911,0.01349,1800.0
1.5394E+03,0.007874,0.005777,0.01349,1800.0
1.5395E+03,0.008696,0.004458,0.01349,1800.0
1.5396E+03,0.009281,0.003072,0.01349,1800.0
1.5397E+03,0.009617,0.001652,0.01349,1800.0
1.5398E+03,0.009758,0.000164,0.01349,1800.0
1.5399E+03,0.009658,-0.001297,0.01349,1800.0
1.5400E+03,0.009350,-0.002768,0.01349,1800.0
1.5401E+03,0.008791,-0.004199,0.01349,1800.0
1.5402E+03,0.008044,-0.005493,0.01349,1800.0
1.5403E+03,0.007106,-0.006664,0.01349,1800.0
1.5404E+03,0.005975,-0.007714,0.01349,1800.0
1.5405E+03,0.004736,-0.008524,0.01349,1800.0
1.5406E+03,0.003339,-0.009164,0.01349,1800.0
1.5407E+03,0.001935,-0.009579,0.01349,1800.0
1.5408E+03,0.000403,-0.009762,0.01349,0.0
1.5409E+03,-0.001108,-0.009697,0.01349,0.0
1.5410E+03,-0.002448,-0.009439,0.01349,0.0
1.5411E+03,-0.003858,-0.008948,0.01349,0.0
1.5412E+03,-0.005141,-0.008279,0.01349,0.0
1.5413E+03,-0.006339,-0.007396,0.01349,1800.0
1.5414E+03,-0.007410,-0.006331,0.01349,1800.0
1.5415E+03,-0.008262,-0.005174,0.01349,1800.0
1.5416E+03,-0.008803,-0.004270,0.01349,1800.0
1.5417E+03,-0.008828,-0.004223,0.01349,1800.0
1.5418E+03,-0.009095,-0.004582,0.01349,1800.0
1.5419E+03,-0.011432,-0.007726,0.01349,1800.0
1.5420E+03,-0.012354,-0.008966,0.01349,1800.0
1.5422E+03,-0.012437,-0.009078,0.01349,1800.0
1.5423E+03,-0.012058,-0.009562,0.01349,1800.0
1.5424E+03,-0.011441,-0.010282,0.01349,1800.0
1.5425E+03,-0.010580,-0.011191,0.01349,1800.0
1.5426E+03,-0.009473,-0.012148,0.01349,1800.0
1.5427E+03,-0.008353,-0.012905,0.01349,1800.0
1.5428E+03,-0.007041,-0.013675,0.01349,1800.0
1.5429E+03,-0.005703,-0.014287,0.01349,1800.0
1.5430E+03,-0.004242,-0.014800,0.01349,1800.0
1.5431E+03,-0.002741,-0.015137,0.01349,1800.0
1.5432E+03,-0.001308,-0.015326,0.01349,1800.0
1.5433E+03,0.000218,-0.015374,0.01349,1800.0
1.5434E+03,0.001780,-0.015269,0.01349,1800.0
1.5435E+03,0.003281,-0.015016,0.01349,1800.0
1.5436E+03,0.004724,-0.014627,0.01349,1800.0
1.5437E+03,0.006127,-0.014096,0.01349,1800.0
1.5438E+03,0.007453,-0.013448,0.01349,1800.0
1.5439E+03,0.008708,-0.012668,0.01349,1800.0
1.5440E+03,0.009943,-0.011732,0.01349,1800.0
1.5441E+03,0.011029,-0.010720,0.01349,1800.0
1.5442E+03,0.012037,-0.009581,0.01349,1800.0
1.5443E+03,0.012908,-0.008378,0.01349,1800.0
1.5444E+03,0.013578,-0.007219,0.01349,1800.0
1.5445E+03,0.014029,-0.006308,0.01349,1800.0
1.5446E+03,0.014512,-0.005072,0.01349,1800.0
1.5447E+03,0.014933,-0.003636,0.01349,1800.0
1.5448E+03,0.015217,-0.002172,0.01349,1800.0
1.5449E+03,0.015352,-0.000946,0.01349,1800.0
1.5450E+03,0.015363,0.000265,0.01349,1800.0
1.5451E+03,0.015267,0.001814,0.01349,1800.0
1.5452E+03,0.015011,0.003340,0.01349,1800.0
1.5453E+03,0.014625,0.004785,0.01349,1800.0
1.5454E+03,0.014125,0.006099,0.01349,1800.0
1.5455E+03,0.013708,0.006985,0.01349,1800.0
1.5456E+03,0.013019,0.008191,0.01349,1800.0
1.5457E+03,0.012170,0.009402,0.01349,1800.0
1.5458E+03,0.011137,0.010591,0.01349,1800.0
1.5459E+03,0.010032,0.011650,0.01349,1800.0
1.5460E+03,0.008854,0.012562,0.01349,1800.0
1.5461E+03,0.007739,0.013285,0.01349,1800.0
1.5462E+03,0.006419,0.013973,0.01349,1800.0
1.5463E+03,0.004987,0.014545,0.01349,1800.0
1.5464E+03,0.003553,0.014973,0.01349,1800.0
1.5465E+03,0.002130,0.015238,0.01349,1800.0
1.5466E+03,0.000546,0.015382,0.01349,1800.0
1.5467E+03,-0.000946,0.015351,0.01349,1800.0
1.5468E+03,-0.002469,0.015176,0.01349,1800.0
1.5469E+03,-0.003882,0.014878,0.01349,1800.0
1.5470E+03,-0.005298,0.014431,0.01349,1800.0
1.5471E+03,-0.006695,0.013837,0.01349,1800.0
1.5472E+03,-0.008020,0.013112,0.01349,1800.0
1.5473E+03,-0.009257,0.012272,0.01349,1800.0
1.5474E+03,-0.010414,0.011303,0.01349,1800.0
1.5475E+03,-0.011416,0.010314,0.01349,1800.0
1.5476E+03,-0.012016,0.009604,0.01349,1800.0
1.5477E+03,-0.012861,0.008438,0.01349,1800.0
1.5478E+03,-0.013619,0.007177,0.01349,1800.0
1.5479E+03,-0.014225,0.005840,0.01349,1800.0
1.5480E+03,-0.014732,0.004408,0.01349,1800.0
1.5481E+03,-0.015084,0.002948,0.01349,1800.0
1.5482E+03,-0.015274,0.001804,0.01349,1800.0
1.5483E+03,-0.015359,0.000583,0.01349,0.0
1.5484E+03,-0.015350,-0.000846,0.01349,0.0
1.5485E+03,-0.015235,-0.002144,0.01349,0.0
1.5486E+03,-0.014990,-0.003415,0.01349,0.0
1.5487E+03,-0.014593,-0.004852,0.01349,1800.0
1.5488E+03,-0.014056,-0.006258,0.01349,1800.0
1.5489E+03,-0.013360,-0.007629,0.01349,1800.0
1.5490E+03,-0.012601,-0.008833,0.01349,1800.0
1.5491E+03,-0.012454,-0.009054,0.01349,1800.0
1.5492E+03,-0.012437,-0.009078,0.01349,1800.0
1.5493E+03,-0.011461,-0.007131,0.01349,1800.0
1.5494E+03,-0.010646,-0.005507,0.01349,1800.0
1.5495E+03,-0.010367,-0.004950,0.01349,1800.0
1.5496E+03,-0.010395,-0.004882,0.01349,1800.0
1.5497E+03,-0.010594,-0.004364,0.01349,1800.0
1.5498E+03,-0.011062,-0.002970,0.01349,1800.0
1.5499E+03,-0.011366,-0.001498,0.01349,1800.0
1.5500E+03,-0.011480,0.000034,0.01349,1800.0
1.5501E+03,-0.011365,0.001516,0.01349,1800.0
1.5502E+03,-0.011056,0.003025,0.01349,1800.0
1.5503E+03,-0.010580,0.004404,0.01349,1800.0
1.5504E+03,-0.009902,0.005771,0.01349,1800.0
1.5505E+03,-0.009065,0.006996,0.01349,1800.0
1.5506E+03,-0.008036,0.008142,0.01349,1800.0
1.5507E+03,-0.006906,0.009140,0.01349,1800.0
1.5508E+03,-0.005693,0.009936,0.01349,1800.0
1.5509E+03,-0.004342,0.010602,0.01349,1800.0
1.5510E+03,-0.002913,0.011072,0.01349,1800.0
1.5511E+03,-0.001412,0.011381,0.01349,1800.0
1.5512E+03,0.000134,0.011472,0.01349,1800.0
1.5513E+03,0.001601,0.011361,0.01349,1800.0
1.5514E+03,0.002950,0.011067,0.01349,1800.0
1.5515E+03,0.004388,0.010584,0.01349,1800.0
1.5516E+03,0.005706,0.009932,0.01349,1800.0
1.5517E+03,0.006954,0.009094,0.01349,1800.0
1.5518E+03,0.008088,0.008100,0.01349,1800.0
1.5519E+03,0.009072,0.006983,0.01349,1800.0
1.5520E+03,0.009918,0.005734,0.01349,1800.0
1.5521E+03,0.010594,0.004356,0.01349,1800.0
1.5522E+03,0.011083,0.002902,0.01349,1800.0
1.5523E+03,0.011385,0.001454,0.01349,1800.0
1.5524E+03,0.011484,0.000037,0.01349,1800.0
1.5525E+03,0.011431,-0.001031,0.01349,1800.0
1.5526E+03,0.011192,-0.002469,0.01349,1800.0
1.5527E+03,0.010776,-0.003885,0.01349,1800.0
1.5528E+03,0.010178,-0.005250,0.01349,1800.0
1.5529E+03,0.009417,-0.006516,0.01349,1800.0
1.5530E+03,0.008480,-0.007697,0.01349,1800.0
1.5531E+03,0.007502,-0.008654,0.01349,1800.0
1.5532E+03,0.006302,-0.009557,0.01349,1800.0
1.5533E+03,0.004986,-0.010316,0.01349,1800.0
1.5534E+03,0.003573,-0.010904,0.01349,1800.0
1.5535E+03,0.002158,-0.011264,0.01349,1800.0
1.5536E+03,0.000635,-0.011453,0.01349,1800.0
1.5537E+03,-0.000812,-0.011439,0.01349,0.0
1.5538E+03,-0.002307,-0.011230,0.01349,0.0
1.5539E+03,-0.003756,-0.010819,0.01349,0.0
1.5540E+03,-0.005135,-0.010229,0.01349,0.0
1.5541E+03,-0.006441,-0.009470,0.01349,0.0
1.5542E+03,-0.007623,-0.008544,0.01349,0.0
1.5543E+03,-0.008678,-0.007466,0.01349,0.0
1.5544E+03,-0.009591,-0.006254,0.01349,1800.0
1.5545E+03,-0.010210,-0.005242,0.01349,1800.0
1.5546E+03,-0.010367,-0.004950,0.01349,1800.0
1.5547E+03,-0.010234,-0.004966,0.01349,1800.0
1.5548E+03,-0.008454,-0.005185,0.01349,1800.0
1.5549E+03,-0.001656,-0.006022,0.01349,1800.0
1.5550E+03,0.006257,-0.006995,0.01349,1800.0
1.5551E+03,0.010358,-0.007499,0.01349,1800.0
1.5552E+03,0.011379,-0.007625,0.01349,1800.0
1.5553E+03,0.011381,-0.007622,0.01349,1800.0
1.5554E+03,0.011653,-0.007165,0.01349,1800.0
1.5555E+03,0.012284,-0.005993,0.01349,1800.0
1.5556E+03,0.012868,-0.004624,0.01349,1800.0
1.5557E+03,0.013287,-0.003270,0.01349,1800.0
1.5558E+03,0.013480,-0.002311,0.01349,1800.0
1.5559E+03,0.013664,-0.000808,0.01349,1800.0
1.5560E+03,0.013666,0.000747,0.01349,1800.0
1.5561E+03,0.013511,0.002130,0.01349,1800.0
1.5562E+03,0.013176,0.003673,0.01349,1800.0
1.5563E+03,0.012682,0.005098,0.01349,1800.0
1.5564E+03,0.012052,0.006437,0.01349,1800.0
1.5565E+03,0.011353,0.007613,0.01349,1800.0
1.5566E+03,0.010434,0.008828,0.01349,1800.0
1.5567E+03,0.009432,0.009898,0.01349,1800.0
1.5568E+03,0.008318,0.010857,0.01349,1800.0
1.5569E+03,0.007064,0.011714,0.01349,1800.0
1.5570E+03,0.005655,0.012464,0.01349,1800.0
1.5571E+03,0.004268,0.013010,0.01349,1800.0
1.5572E+03,0.002882,0.013372,0.01349,1800.0
1.5573E+03,0.001410,0.013614,0.01349,1800.0
1.5574E+03,-0.000165,0.013671,0.01349,1800.0
1.5575E+03,-0.001694,0.013561,0.01349,1800.0
1.5576E+03,-0.003181,0.013295,0.01349,1800.0
1.5577E+03,-0.004614,0.012865,0.01349,1800.0
1.5578E+03,-0.005993,0.012283,0.01349,1800.0
1.5579E+03,-0.007323,0.011546,0.01349,1800.0
1.5580E+03,-0.008546,0.010679,0.01349,1800.0
1.5581E+03,-0.009624,0.009714,0.01349,1800.0
1.5582E+03,-0.010529,0.008750,0.01349,1800.0
1.5583E+03,-0.011448,0.007488,0.01349,1800.0
1.5584E+03,-0.012203,0.006162,0.01349,1800.0
1.5585E+03,-0.012810,0.004797,0.01349,1800.0
1.5586E+03,-0.013245,0.003376,0.01349,1800.0
1.5587E+03,-0.013534,0.001883,0.01349,1800.0
1.5588E+03,-0.013662,0.000366,0.01349,1800.0
1.5589E+03,-0.013624,-0.001140,0.01349,1800.0
1.5590E+03,-0.013408,-0.002635,0.01349,1800.0
1.5591E+03,-0.013045,-0.004097,0.01349,1800.0
1.5592E+03,-0.012522,-0.005491,0.01349,1800.0
1.5593E+03,-0.011869,-0.006806,0.01349,1800.0
1.5594E+03,-0.011058,-0.008073,0.01349,1800.0
1.5595E+03,-0.010113,-0.009217,0.01349,1800.0
1.5596E+03,-0.008971,-0.010328,0.01349,1800.0
1.5597E+03,-0.007831,-0.011215,0.01349,1800.0
1.5598E+03,-0.006500,-0.012021,0.01349,1800.0
1.5599E+03,-0.005290,-0.012604,0.01349,1800.0
1.5600E+03,-0.003903,-0.013098,0.01349,1800.0
1.5601E+03,-0.002439,-0.013451,0.01349,1800.0
1.5602E+03,-0.000964,-0.013637,0.01349,1800.0
1.5603E+03,0.000542,-0.013670,0.01349,1800.0
1.5604E+03,0.002095,-0.013518,0.01349,0.0
1.5605E+03,0.003597,-0.013203,0.01349,0.0
1.5606E+03,0.005028,-0.012736,0.01349,0.0
1.5607E+03,0.006363,-0.012107,0.01349,0.0
1.5608E+03,0.007679,-0.011316,0.01349,0.0
1.5609E+03,0.008846,-0.010426,0.01349,0.0
1.5610E+03,0.009918,-0.009401,0.01349,0.0
1.5611E+03,0.010877,-0.008281,0.01349,1800.0
1.5612E+03,0.011331,-0.007691,0.01349,1800.0
1.5613E+03,0.011379,-0.007625,0.01349,1800.0
1.5614E+03,0.010271,-0.007532,0.01349,1800.0
1.5615E+03,0.005636,-0.007144,0.01349,1800.0
1.5616E+03,-0.002280,-0.006482,0.01349,1800.0
1.5617E+03,-0.009077,-0.005913,0.01349,1800.0
1.5618E+03,-0.011624,-0.005700,0.01349,1800.0
1.5619E+03,-0.011907,-0.005676,0.01349,1800.0
1.5620E+03,-0.011909,-0.005671,0.01349,1800.0
1.5621E+03,-0.012268,-0.004793,0.01349,1800.0
1.5622E+03,-0.012699,-0.003450,0.01349,1800.0
1.5623E+03,-0.013012,-0.001973,0.01349,1800.0
1.5624E+03,-0.013141,-0.000436,0.01349,1800.0
1.5625E+03,-0.013108,0.001091,0.01349,1800.0
1.5626E+03,-0.012909,0.002530,0.01349,1800.0
1.5627E+03,-0.012549,0.003951,0.01349,1800.0
1.5628E+03,-0.011992,0.005425,0.01349,1800.0
1.5629E+03,-0.011284,0.006797,0.01349,1800.0
1.5630E+03,-0.010484,0.007986,0.01349,1800.0
1.5631E+03,-0.009478,0.009151,0.01349,1800.0
1.5632E+03,-0.008367,0.010168,0.01349,1800.0
1.5633E+03,-0.007109,0.011074,0.01349,1800.0
1.5634E+03,-0.005944,0.011736,0.01349,1800.0
1.5635E+03,-0.004594,0.012320,0.01349,1800.0
1.5636E+03,-0.003165,0.012762,0.01349,1800.0
1.5637E+03,-0.001690,0.013046,0.01349,1800.0
1.5638E+03,-0.000179,0.013154,0.01349,1800.0
1.5639E+03,0.001363,0.013093,0.01349,1800.0
1.5640E+03,0.002825,0.012872,0.01349,1800.0
1.5641E+03,0.004301,0.012464,0.01349,1800.0
1.5642E+03,0.005634,0.011913,0.01349,1800.0
1.5643E+03,0.006981,0.011151,0.01349,1800.0
1.5644E+03,0.008211,0.010278,0.01349,1800.0
1.5645E+03,0.009334,0.009267,0.01349,1800.0
1.5646E+03,0.010315,0.008151,0.01349,1800.0
1.5647E+03,0.011186,0.006904,0.01349,1800.0
1.5648E+03,0.011917,0.005582,0.01349,1800.0
1.5649E+03,0.012461,0.004217,0.01349,1800.0
1.5650E+03,0.012884,0.002701,0.01349,1800.0
1.5651E+03,0.013127,0.001350,0.01349,1800.0
1.5652E+03,0.013227,0.000609,0.01349,1800.0
1.5653E+03,0.013153,-0.000699,0.01349,1800.0
1.5654E+03,0.012963,-0.002263,0.01349,1800.0
1.5655E+03,0.012636,-0.003679,0.01349,1800.0
1.5656E+03,0.012135,-0.005083,0.01349,1800.0
1.5657E+03,0.011460,-0.006463,0.01349,1800.0
1.5658E+03,0.010636,-0.007751,0.01349,1800.0
1.5659E+03,0.009690,-0.008897,0.01349,1800.0
1.5660E+03,0.008637,-0.009925,0.01349,1800.0
1.5661E+03,0.007457,-0.010835,0.01349,1800.0
1.5662E+03,0.006176,-0.011618,0.01349,1800.0
1.5663E+03,0.004808,-0.012248,0.01349,1800.0
1.5664E+03,0.003336,-0.012745,0.01349,1800.0
1.5665E+03,0.001805,-0.013049,0.01349,1800.0
1.5666E+03,0.000385,-0.013164,0.01349,1800.0
1.5667E+03,-0.001116,-0.013121,0.01349,1800.0
1.5668E+03,-0.002650,-0.012895,0.01349,1800.0
