1.8937E+03,-0.003489,-0.011259,0.01633,0.0
1.8938E+03,-0.004905,-0.010710,0.01633,0.0
1.8939E+03,-0.006208,-0.010015,0.01633,0.0
1.8940E+03,-0.007415,-0.009161,0.01633,0.0
1.8941E+03,-0.008519,-0.008162,0.01633,0.0
1.8942E+03,-0.009495,-0.006998,0.01633,0.0
1.8943E+03,-0.010271,-0.005724,0.01633,0.0
1.8944E+03,-0.010695,-0.005026,0.01633,0.0
1.8946E+03,-0.010707,-0.005006,0.01633,0.0
1.9275E+03,0.013101,-0.010258,0.01704,1800.0
1.9276E+03,0.013149,-0.010192,0.01704,1800.0
1.9277E+03,0.013563,-0.009595,0.01704,1800.0
1.9278E+03,0.014380,-0.008315,0.01704,1800.0
1.9279E+03,0.015073,-0.007003,0.01704,1800.0
1.9280E+03,0.015638,-0.005632,0.01704,1800.0
1.9281E+03,0.016088,-0.004205,0.01704,1800.0
1.9282E+03,0.016414,-0.002688,0.01704,1800.0
1.9283E+03,0.016587,-0.001220,0.01704,1800.0
1.9284E+03,0.016615,0.000268,0.01704,1800.0
1.9285E+03,0.016523,0.001759,0.01704,1800.0
1.9286E+03,0.016284,0.003277,0.01704,1800.0
1.9287E+03,0.015923,0.004739,0.01704,1800.0
1.9288E+03,0.015432,0.006144,0.01704,1800.0
1.9289E+03,0.014825,0.007506,0.01704,1800.0
1.9290E+03,0.014082,0.008815,0.01704,1800.0
1.9291E+03,0.013209,0.010076,0.01704,1800.0
1.9292E+03,0.012251,0.011235,0.01704,1800.0
1.9293E+03,0.011210,0.012277,0.01704,1800.0
1.9294E+03,0.010115,0.013194,0.01704,1800.0
1.9295E+03,0.008859,0.014065,0.01704,1800.0
1.9296E+03,0.007555,0.014801,0.01704,1800.0
1.9297E+03,0.006236,0.015399,0.01704,1800.0
1.9298E+03,0.004773,0.015911,0.01704,1800.0
1.9299E+03,0.003279,0.016286,0.01704,1800.0
1.9300E+03,0.001800,0.016515,0.01704,1800.0
1.9301E+03,0.000326,0.016607,0.01704,1800.0
1.9302E+03,-0.001144,0.016579,0.01704,1800.0
1.9303E+03,-0.002663,0.016401,0.01704,1800.0
1.9304E+03,-0.004184,0.016085,0.01704,1800.0
1.9305E+03,-0.005587,0.015662,0.01704,1800.0
1.9306E+03,-0.007015,0.015078,0.01704,1800.0
1.9307E+03,-0.008327,0.014381,0.01704,1800.0
1.9308E+03,-0.009608,0.013559,0.01704,1800.0
1.9309E+03,-0.010802,0.012630,0.01704,1800.0
1.9310E+03,-0.011855,0.011639,0.01704,1800.0
1.9311E+03,-0.012750,0.010646,0.01704,1800.0
1.9312E+03,-0.013687,0.009415,0.01704,1800.0
1.9313E+03,-0.014488,0.008097,0.01704,1800.0
1.9314E+03,-0.015146,0.006747,0.01704,1800.0
1.9315E+03,-0.015724,0.005393,0.01704,1800.0
1.9316E+03,-0.016143,0.003988,0.01704,1800.0
1.9317E+03,-0.016439,0.002501,0.01704,1800.0
1.9318E+03,-0.016594,0.001045,0.01704,1800.0
1.9319E+03,-0.016619,-0.000494,0.01704,1800.0
1.9320E+03,-0.016488,-0.002025,0.01704,1800.0
1.9321E+03,-0.016243,-0.003496,0.01704,1800.0
1.9322E+03,-0.015846,-0.004986,0.01704,1800.0
1.9323E+03,-0.015319,-0.006423,0.01704,1800.0
1.9324E+03,-0.014670,-0.007786,0.01704,1800.0
1.9325E+03,-0.013906,-0.009090,0.01704,1800.0
1.9326E+03,-0.013051,-0.010286,0.01704,1800.0
1.9327E+03,-0.012104,-0.011384,0.01704,1800.0
1.9328E+03,-0.011006,-0.012463,0.01704,1800.0
1.9329E+03,-0.009959,-0.013323,0.01704,1800.0
1.9330E+03,-0.008684,-0.014165,0.01704,1800.0
1.9331E+03,-0.007375,-0.014893,0.01704,1800.0
1.9332E+03,-0.006014,-0.015494,0.01704,1800.0
1.9333E+03,-0.004602,-0.015960,0.01704,1800.0
1.9334E+03,-0.003128,-0.016312,0.01704,1800.0
1.9335E+03,-0.001622,-0.016536,0.01704,1800.0
1.9336E+03,-0.000092,-0.016609,0.01704,1800.0
1.9337E+03,0.001451,-0.016551,0.01704,1800.0
1.9338E+03,0.002930,-0.016367,0.01704,1800.0
1.9339E+03,0.004364,-0.016039,0.01704,0.0
1.9340E+03,0.005862,-0.015558,0.01704,0.0
1.9341E+03,0.007164,-0.015008,0.01704,0.0
1.9342E+03,0.008503,-0.014292,0.01704,0.0
1.9343E+03,0.009743,-0.013461,0.01704,0.0
1.9344E+03,0.010924,-0.012518,0.01704,0.0
1.9345E+03,0.012047,-0.011432,0.01704,0.0
1.9346E+03,0.012797,-0.010618,0.01704,1800.0
1.9347E+03,0.013101,-0.010258,0.01704,1800.0
1.9348E+03,0.013048,-0.010242,0.01704,1800.0
1.9349E+03,0.011262,-0.009711,0.01704,1800.0
1.9350E+03,0.004706,-0.007762,0.01704,1800.0
1.9351E+03,-0.002773,-0.005539,0.01704,1800.0
1.9352E+03,-0.009226,-0.003621,0.01704,1800.0
1.9353E+03,-0.009606,-0.003508,0.01704,1800.0
1.9354E+03,-0.009625,-0.003502,0.01704,1800.0
1.9355E+03,-0.009728,-0.003184,0.01704,1800.0
1.9356E+03,-0.010009,-0.002014,0.01704,1800.0
1.9357E+03,-0.010191,-0.000551,0.01704,1800.0
1.9358E+03,-0.010159,0.000941,0.01704,1800.0
1.9359E+03,-0.009912,0.002440,0.01704,1800.0
1.9360E+03,-0.009447,0.003866,0.01704,1800.0
1.9361E+03,-0.008792,0.005192,0.01704,1800.0
1.9362E+03,-0.007929,0.006430,0.01704,1800.0
1.9363E+03,-0.007000,0.007466,0.01704,1800.0
1.9364E+03,-0.005867,0.008376,0.01704,1800.0
1.9365E+03,-0.004571,0.009153,0.01704,1800.0
1.9366E+03,-0.003099,0.009728,0.01704,1800.0
1.9367E+03,-0.001644,0.010083,0.01704,1800.0
1.9368E+03,-0.000135,0.010204,0.01704,1800.0
1.9369E+03,0.001370,0.010111,0.01704,1800.0
1.9370E+03,0.002822,0.009806,0.01704,1800.0
1.9371E+03,0.004212,0.009298,0.01704,1800.0
1.9372E+03,0.005523,0.008590,0.01704,1800.0
1.9373E+03,0.006728,0.007684,0.01704,1800.0
1.9374E+03,0.007815,0.006588,0.01704,1800.0
1.9375E+03,0.008698,0.005398,0.01704,1800.0
1.9376E+03,0.009391,0.004054,0.01704,1800.0
1.9377E+03,0.009878,0.002635,0.01704,1800.0
1.9378E+03,0.010153,0.001162,0.01704,1800.0
1.9379E+03,0.010208,-0.000327,0.01704,1800.0
1.9380E+03,0.010051,-0.001785,0.01704,1800.0
1.9381E+03,0.009722,-0.003097,0.01704,1800.0
1.9382E+03,0.009156,-0.004512,0.01704,1800.0
1.9383E+03,0.008401,-0.005798,0.01704,1800.0
1.9384E+03,0.007475,-0.006955,0.01704,1800.0
1.9385E+03,0.006378,-0.007990,0.01704,1800.0
1.9386E+03,0.005110,-0.008856,0.01704,1800.0
1.9387E+03,0.003776,-0.009511,0.01704,1800.0
1.9388E+03,0.002327,-0.009964,0.01704,1800.0
1.9389E+03,0.000787,-0.010179,0.01704,1800.0
1.9390E+03,-0.000727,-0.010192,0.01704,1800.0
1.9391E+03,-0.002149,-0.009989,0.01704,0.0
1.9392E+03,-0.003601,-0.009544,0.01704,0.0
1.9393E+03,-0.005006,-0.008891,0.01704,0.0
1.9394E+03,-0.006247,-0.008070,0.01704,0.0
1.9395E+03,-0.007333,-0.007097,0.01704,0.0
1.9396E+03,-0.008313,-0.005933,0.01704,1800.0
1.9397E+03,-0.009109,-0.004632,0.01704,1800.0
1.9398E+03,-0.009576,-0.003620,0.01704,1800.0
1.9399E+03,-0.009622,-0.003508,0.01704,1800.0
1.9400E+03,-0.009625,-0.003502,0.01704,1800.0
1.9401E+03,-0.009875,-0.000141,0.01704,1800.0
1.9402E+03,-0.010375,0.006599,0.01704,1800.0
1.9403E+03,-0.010627,0.009997,0.01704,1800.0
1.9404E+03,-0.010662,0.010463,0.01704,1800.0
1.9405E+03,-0.010664,0.010461,0.01704,1800.0
1.9406E+03,-0.011045,0.010030,0.01704,1800.0
1.9407E+03,-0.011901,0.008983,0.01704,1800.0
1.9408E+03,-0.012755,0.007729,0.01704,1800.0
1.9409E+03,-0.013487,0.006374,0.01704,1800.0
1.9410E+03,-0.014075,0.004975,0.01704,1800.0
1.9411E+03,-0.014480,0.003627,0.01704,1800.0
1.9412E+03,-0.014704,0.002583,0.01704,1800.0
1.9413E+03,-0.014871,0.001180,0.01704,1800.0
1.9414E+03,-0.014911,-0.000376,0.01704,1800.0
1.9415E+03,-0.014793,-0.001868,0.01704,1800.0
1.9416E+03,-0.014636,-0.002901,0.01704,1800.0
1.9417E+03,-0.014329,-0.004096,0.01704,1800.0
1.9418E+03,-0.013834,-0.005567,0.01704,1800.0
1.9419E+03,-0.013209,-0.006918,0.01704,1800.0
1.9420E+03,-0.012455,-0.008217,0.01704,1800.0
1.9421E+03,-0.011606,-0.009381,0.01704,1800.0
1.9422E+03,-0.010560,-0.010559,0.01704,1800.0
1.9423E+03,-0.009430,-0.011564,0.01704,1800.0
1.9424E+03,-0.008210,-0.012455,0.01704,1800.0
1.9425E+03,-0.006938,-0.013201,0.01704,1800.0
1.9426E+03,-0.005650,-0.013806,0.01704,1800.0
1.9427E+03,-0.004560,-0.014211,0.01704,1800.0
1.9428E+03,-0.003284,-0.014543,0.01704,1800.0
1.9429E+03,-0.002025,-0.014779,0.01704,1800.0
1.9430E+03,-0.000860,-0.014886,0.01704,1800.0
1.9431E+03,0.000610,-0.014899,0.01704,1800.0
1.9432E+03,0.002115,-0.014771,0.01704,1800.0
1.9433E+03,0.003408,-0.014535,0.01704,1800.0
1.9434E+03,0.004876,-0.014106,0.01704,1800.0
1.9435E+03,0.006267,-0.013544,0.01704,1800.0
1.9436E+03,0.007643,-0.012802,0.01704,1800.0
1.9437E+03,0.008906,-0.011960,0.01704,1800.0
1.9438E+03,0.009971,-0.011100,0.01704,1800.0
1.9439E+03,0.010920,-0.010152,0.01704,1800.0
1.9440E+03,0.011831,-0.009076,0.01704,1800.0
1.9441E+03,0.012672,-0.007864,0.01704,1800.0
1.9442E+03,0.013397,-0.006510,0.01704,1800.0
1.9443E+03,0.013996,-0.005074,0.01704,1800.0
1.9444E+03,0.014457,-0.003674,0.01704,1800.0
1.9445E+03,0.014766,-0.002207,0.01704,1800.0
1.9446E+03,0.014904,-0.000741,0.01704,1800.0
1.9447E+03,0.014906,0.000777,0.01704,1800.0
1.9448E+03,0.014823,0.001741,0.01704,1800.0
1.9449E+03,0.014665,0.002769,0.01704,1800.0
1.9450E+03,0.014381,0.003948,0.01704,1800.0
1.9451E+03,0.013908,0.005367,0.01704,1800.0
1.9452E+03,0.013302,0.006739,0.01704,1800.0
1.9453E+03,0.012564,0.008029,0.01704,1800.0
1.9454E+03,0.011688,0.009260,0.01704,1800.0
1.9455E+03,0.010668,0.010428,0.01704,1800.0
1.9456E+03,0.009613,0.011408,0.01704,1800.0
1.9457E+03,0.008435,0.012324,0.01704,1800.0
1.9458E+03,0.007109,0.013121,0.01704,1800.0
1.9459E+03,0.005727,0.013776,0.01704,1800.0
1.9460E+03,0.004298,0.014284,0.01704,1800.0
1.9461E+03,0.002880,0.014632,0.01704,1800.0
1.9462E+03,0.001358,0.014847,0.01704,1800.0
1.9463E+03,-0.000187,0.014906,0.01704,1800.0
1.9464E+03,-0.001454,0.014853,0.01704,1800.0
1.9465E+03,-0.002626,0.014678,0.01704,0.0
1.9466E+03,-0.004011,0.014365,0.01704,0.0
1.9467E+03,-0.005243,0.013974,0.01704,0.0
1.9468E+03,-0.006125,0.013620,0.01704,0.0
1.9469E+03,-0.007491,0.012906,0.01704,1800.0
1.9470E+03,-0.008764,0.012081,0.01704,1800.0
1.9471E+03,-0.009913,0.011144,0.01704,1800.0
1.9472E+03,-0.010515,0.010603,0.01704,1800.0
1.9473E+03,-0.010662,0.010463,0.01704,1800.0
1.9474E+03,-0.010679,0.010017,0.01704,1800.0
1.9475E+03,-0.010826,0.005835,0.01704,1800.0
1.9476E+03,-0.011075,-0.000867,0.01704,1800.0
1.9478E+03,-0.011211,-0.004116,0.01704,1800.0
1.9479E+03,-0.011262,-0.003951,0.01704,1800.0
1.9480E+03,-0.011534,-0.003047,0.01704,1800.0
1.9481E+03,-0.011833,-0.001567,0.01704,1800.0
1.9482E+03,-0.011940,-0.000136,0.01704,1800.0
1.9483E+03,-0.011838,0.001342,0.01704,1800.0
1.9484E+03,-0.011560,0.002885,0.01704,1800.0
1.9485E+03,-0.011146,0.004187,0.01704,1800.0
1.9486E+03,-0.010529,0.005568,0.01704,1800.0
1.9487E+03,-0.009740,0.006867,0.01704,1800.0
1.9488E+03,-0.008803,0.008023,0.01704,1800.0
1.9489E+03,-0.007737,0.009057,0.01704,1800.0
1.9490E+03,-0.006543,0.009967,0.01704,1800.0
1.9491E+03,-0.005282,0.010700,0.01704,1800.0
1.9492E+03,-0.003908,0.011280,0.01704,1800.0
1.9493E+03,-0.002457,0.011675,0.01704,1800.0
1.9494E+03,-0.000872,0.011883,0.01704,1800.0
1.9495E+03,0.000606,0.011902,0.01704,1800.0
1.9496E+03,0.002117,0.011726,0.01704,1800.0
1.9497E+03,0.003558,0.011375,0.01704,1800.0
1.9498E+03,0.004923,0.010848,0.01704,1800.0
1.9499E+03,0.006258,0.010123,0.01704,1800.0
1.9500E+03,0.007497,0.009259,0.01704,1800.0
1.9501E+03,0.008579,0.008272,0.01704,1800.0
1.9502E+03,0.009500,0.007219,0.01704,1800.0
1.9503E+03,0.010321,0.005986,0.01704,1800.0
1.9504E+03,0.010982,0.004652,0.01704,1800.0
1.9505E+03,0.011500,0.003156,0.01704,1800.0
1.9506E+03,0.011805,0.001708,0.01704,1800.0
1.9507E+03,0.011914,0.000238,0.01704,1800.0
1.9508E+03,0.011836,-0.001306,0.01704,1800.0
1.9509E+03,0.011564,-0.002815,0.01704,1800.0
1.9510E+03,0.011135,-0.004251,0.01704,1800.0
1.9511E+03,0.010519,-0.005596,0.01704,1800.0
1.9512E+03,0.009742,-0.006863,0.01704,1800.0
1.9513E+03,0.008783,-0.008052,0.01704,1800.0
1.9514E+03,0.007703,-0.009092,0.01704,1800.0
1.9515E+03,0.006517,-0.009995,0.01704,1800.0
1.9516E+03,0.005205,-0.010744,0.01704,1800.0
1.9517E+03,0.003796,-0.011314,0.01704,1800.0
1.9518E+03,0.002353,-0.011682,0.01704,1800.0
1.9519E+03,0.000874,-0.011883,0.01704,1800.0
1.9520E+03,-0.000453,-0.011902,0.01704,1800.0
1.9521E+03,-0.001983,-0.011741,0.01704,1800.0
