3.7157E+03,-0.009024,0.008062,0.04260,0.0
3.7158E+03,-0.007945,0.009130,0.04260,0.0
3.7159E+03,-0.006863,0.009966,0.04260,0.0
3.7160E+03,-0.005563,0.010753,0.04260,0.0
3.7161E+03,-0.004161,0.011382,0.04260,0.0
3.7162E+03,-0.002751,0.011809,0.04260,0.0
3.7163E+03,-0.001271,0.012057,0.04260,0.0
3.7164E+03,-0.000499,0.012113,0.04260,0.0
3.7166E+03,-0.000373,0.012120,0.04260,0.0
3.7504E+03,-0.016566,-0.000561,0.04331,1800.0
3.7505E+03,-0.016561,-0.000648,0.04331,1800.0
3.7506E+03,-0.016474,-0.001578,0.04331,1800.0
3.7507E+03,-0.016261,-0.003057,0.04331,1800.0
3.7508E+03,-0.015934,-0.004526,0.04331,1800.0
3.7509E+03,-0.015476,-0.005957,0.04331,1800.0
3.7510E+03,-0.014856,-0.007296,0.04331,1800.0
3.7511E+03,-0.014133,-0.008631,0.04331,1800.0
3.7512E+03,-0.013270,-0.009920,0.04331,1800.0
3.7513E+03,-0.012298,-0.011098,0.04331,1800.0
3.7514E+03,-0.011312,-0.012096,0.04331,1800.0
3.7515E+03,-0.010096,-0.013118,0.04331,1800.0
3.7516E+03,-0.008847,-0.013991,0.04331,1800.0
3.7517E+03,-0.007577,-0.014711,0.04331,1800.0
3.7518E+03,-0.006307,-0.015307,0.04331,1800.0
3.7519E+03,-0.005112,-0.015753,0.04331,1800.0
3.7520E+03,-0.003995,-0.016065,0.04331,1800.0
3.7521E+03,-0.002542,-0.016354,0.04331,1800.0
3.7522E+03,-0.001162,-0.016522,0.04331,1800.0
3.7523E+03,-0.000229,-0.016561,0.04331,1800.0
3.7524E+03,0.001285,-0.016518,0.04331,1800.0
3.7525E+03,0.002876,-0.016311,0.04331,1800.0
3.7526E+03,0.004359,-0.015970,0.04331,1800.0
3.7527E+03,0.005743,-0.015528,0.04331,1800.0
3.7528E+03,0.007067,-0.014971,0.04331,1800.0
3.7529E+03,0.008178,-0.014395,0.04331,1800.0
3.7530E+03,0.009299,-0.013689,0.04331,1800.0
3.7531E+03,0.010514,-0.012774,0.04331,1800.0
3.7532E+03,0.011638,-0.011765,0.04331,1800.0
3.7533E+03,0.012648,-0.010680,0.04331,1800.0
3.7534E+03,0.013535,-0.009530,0.04331,1800.0
3.7535E+03,0.014371,-0.008234,0.04331,1800.0
3.7536E+03,0.015081,-0.006862,0.04331,1800.0
3.7537E+03,0.015576,-0.005605,0.04331,1800.0
3.7538E+03,0.016005,-0.004239,0.04331,1800.0
3.7539E+03,0.016306,-0.002862,0.04331,1800.0
3.7540E+03,0.016478,-0.001669,0.04331,1800.0
3.7541E+03,0.016548,-0.000339,0.04331,1800.0
3.7542E+03,0.016501,0.001189,0.04331,1800.0
3.7543E+03,0.016370,0.002492,0.04331,1800.0
3.7544E+03,0.016152,0.003610,0.04331,1800.0
3.7545E+03,0.015764,0.005098,0.04331,1800.0
3.7546E+03,0.015246,0.006557,0.04331,1800.0
3.7547E+03,0.014556,0.007909,0.04331,1800.0
3.7548E+03,0.013804,0.009166,0.04331,1800.0
3.7549E+03,0.012886,0.010398,0.04331,1800.0
3.7550E+03,0.011933,0.011472,0.04331,1800.0
3.7551E+03,0.010828,0.012522,0.04331,1800.0
3.7552E+03,0.009624,0.013468,0.04331,1800.0
3.7553E+03,0.008623,0.014135,0.04331,1800.0
3.7554E+03,0.007631,0.014682,0.04331,1800.0
3.7555E+03,0.006299,0.015306,0.04331,1800.0
3.7556E+03,0.004906,0.015811,0.04331,1800.0
3.7557E+03,0.003455,0.016194,0.04331,1800.0
3.7558E+03,0.001945,0.016443,0.04331,1800.0
3.7559E+03,0.000385,0.016569,0.04331,1800.0
3.7560E+03,-0.000850,0.016549,0.04331,1800.0
3.7561E+03,-0.002000,0.016448,0.04331,1800.0
3.7562E+03,-0.003457,0.016182,0.04331,1800.0
3.7563E+03,-0.004887,0.015812,0.04331,1800.0
3.7564E+03,-0.006013,0.015426,0.04331,1800.0
3.7565E+03,-0.007215,0.014893,0.04331,1800.0
3.7566E+03,-0.008506,0.014201,0.04331,1800.0
3.7567E+03,-0.009721,0.013391,0.04331,1800.0
3.7568E+03,-0.010925,0.012434,0.04331,1800.0
3.7569E+03,-0.012053,0.011358,0.04331,1800.0
3.7570E+03,-0.013026,0.010219,0.04331,0.0
3.7571E+03,-0.013822,0.009125,0.04331,0.0
3.7572E+03,-0.014593,0.007831,0.04331,0.0
3.7573E+03,-0.015220,0.006512,0.04331,0.0
3.7574E+03,-0.015742,0.005101,0.04331,0.0
3.7575E+03,-0.016152,0.003610,0.04331,0.0
3.7576E+03,-0.016411,0.002153,0.04331,0.0
3.7577E+03,-0.016532,0.000674,0.04331,1800.0
3.7578E+03,-0.016566,-0.000367,0.04331,1800.0
3.7579E+03,-0.016566,-0.000561,0.04331,1800.0
3.7580E+03,-0.016162,-0.000296,0.04331,1800.0
3.7581E+03,-0.013823,0.001239,0.04331,1800.0
3.7582E+03,-0.007384,0.005464,0.04331,1800.0
3.7583E+03,-0.000817,0.009774,0.04331,1800.0
3.7584E+03,-0.000089,0.010251,0.04331,1800.0
3.7585E+03,0.000000,0.010310,0.04331,1800.0
3.7586E+03,0.000150,0.010303,0.04331,1800.0
3.7587E+03,0.001239,0.010198,0.04331,1800.0
3.7588E+03,0.002763,0.009885,0.04331,1800.0
3.7589E+03,0.004064,0.009435,0.04331,1800.0
3.7590E+03,0.005386,0.008739,0.04331,1800.0
3.7591E+03,0.006631,0.007863,0.04331,1800.0
3.7592E+03,0.007680,0.006838,0.04331,1800.0
3.7593E+03,0.008569,0.005697,0.04331,1800.0
3.7594E+03,0.009361,0.004300,0.04331,1800.0
3.7595E+03,0.009859,0.002932,0.04331,1800.0
3.7596E+03,0.010190,0.001439,0.04331,1800.0
3.7597E+03,0.010275,-0.000076,0.04331,1800.0
3.7598E+03,0.010154,-0.001540,0.04331,1800.0
3.7599E+03,0.009832,-0.002984,0.04331,1800.0
3.7600E+03,0.009288,-0.004373,0.04331,1800.0
3.7601E+03,0.008558,-0.005682,0.04331,1800.0
3.7602E+03,0.007614,-0.006887,0.04331,1800.0
3.7603E+03,0.006513,-0.007948,0.04331,1800.0
3.7604E+03,0.005335,-0.008796,0.04331,1800.0
3.7605E+03,0.003985,-0.009479,0.04331,1800.0
3.7606E+03,0.002645,-0.009947,0.04331,1800.0
3.7607E+03,0.001209,-0.010218,0.04331,1800.0
3.7608E+03,-0.000269,-0.010276,0.04331,1800.0
3.7609E+03,-0.001761,-0.010125,0.04331,1800.0
3.7610E+03,-0.003272,-0.009735,0.04331,1800.0
3.7611E+03,-0.004663,-0.009147,0.04331,1800.0
3.7612E+03,-0.005923,-0.008388,0.04331,1800.0
3.7613E+03,-0.007073,-0.007449,0.04331,1800.0
3.7614E+03,-0.008082,-0.006345,0.04331,1800.0
3.7615E+03,-0.008921,-0.005106,0.04331,1800.0
3.7616E+03,-0.009571,-0.003755,0.04331,1800.0
3.7617E+03,-0.010042,-0.002271,0.04331,1800.0
3.7618E+03,-0.010263,-0.000786,0.04331,1800.0
3.7619E+03,-0.010266,0.000668,0.04331,1800.0
3.7620E+03,-0.010035,0.002197,0.04331,1800.0
3.7621E+03,-0.009603,0.003652,0.04331,1800.0
3.7622E+03,-0.008977,0.005004,0.04331,1800.0
3.7623E+03,-0.008246,0.006117,0.04331,0.0
3.7624E+03,-0.007262,0.007258,0.04331,0.0
3.7625E+03,-0.006123,0.008255,0.04331,0.0
3.7626E+03,-0.004864,0.009050,0.04331,0.0
3.7627E+03,-0.003446,0.009684,0.04331,1800.0
3.7628E+03,-0.002042,0.010092,0.04331,1800.0
3.7629E+03,-0.000501,0.010283,0.04331,1800.0
3.7630E+03,-0.000044,0.010308,0.04331,1800.0
3.7631E+03,0.000000,0.010310,0.04331,1800.0
3.7632E+03,0.000834,0.010350,0.04331,1800.0
3.7633E+03,0.006910,0.010640,0.04331,1800.0
3.7634E+03,0.009859,0.010781,0.04331,1800.0
3.7635E+03,0.010228,0.010799,0.04331,1800.0
3.7636E+03,0.010227,0.010800,0.04331,1800.0
3.7637E+03,0.009966,0.011029,0.04331,1800.0
3.7638E+03,0.009148,0.011697,0.04331,1800.0
3.7639E+03,0.007899,0.012578,0.04331,1800.0
3.7640E+03,0.006576,0.013322,0.04331,1800.0
3.7641E+03,0.005324,0.013877,0.04331,1800.0
3.7642E+03,0.003924,0.014334,0.04331,1800.0
3.7643E+03,0.002478,0.014644,0.04331,1800.0
3.7644E+03,0.000944,0.014820,0.04331,1800.0
3.7645E+03,-0.000521,0.014833,0.04331,1800.0
3.7646E+03,-0.001708,0.014753,0.04331,1800.0
3.7647E+03,-0.002969,0.014544,0.04331,1800.0
3.7648E+03,-0.004412,0.014177,0.04331,1800.0
3.7649E+03,-0.005785,0.013674,0.04331,1800.0
3.7650E+03,-0.007124,0.013029,0.04331,1800.0
3.7651E+03,-0.008441,0.012233,0.04331,1800.0
3.7652E+03,-0.009635,0.011312,0.04331,1800.0
3.7653E+03,-0.010739,0.010285,0.04331,1800.0
3.7654E+03,-0.011742,0.009107,0.04331,1800.0
3.7655E+03,-0.012485,0.008061,0.04331,1800.0
3.7656E+03,-0.013065,0.007091,0.04331,1800.0
3.7657E+03,-0.013654,0.005820,0.04331,1800.0
3.7658E+03,-0.014137,0.004540,0.04331,1800.0
3.7659E+03,-0.014522,0.003100,0.04331,1800.0
3.7660E+03,-0.014756,0.001643,0.04331,1800.0
3.7661E+03,-0.014855,0.000103,0.04331,1800.0
3.7662E+03,-0.014790,-0.001398,0.04331,1800.0
3.7663E+03,-0.014592,-0.002842,0.04331,1800.0
3.7664E+03,-0.014217,-0.004337,0.04331,1800.0
3.7665E+03,-0.013690,-0.005791,0.04331,1800.0
3.7666E+03,-0.013034,-0.007129,0.04331,1800.0
3.7667E+03,-0.012556,-0.007946,0.04331,1800.0
3.7668E+03,-0.011759,-0.009066,0.04331,1800.0
3.7669E+03,-0.010755,-0.010233,0.04331,1800.0
3.7670E+03,-0.009689,-0.011251,0.04331,1800.0
3.7671E+03,-0.008505,-0.012163,0.04331,1800.0
3.7672E+03,-0.007208,-0.012984,0.04331,1800.0
3.7673E+03,-0.005887,-0.013630,0.04331,1800.0
3.7674E+03,-0.004488,-0.014157,0.04331,1800.0
3.7675E+03,-0.003162,-0.014526,0.04331,1800.0
3.7676E+03,-0.001991,-0.014736,0.04331,1800.0
3.7677E+03,-0.000746,-0.014843,0.04331,1800.0
3.7678E+03,0.000772,-0.014834,0.04331,1800.0
3.7679E+03,0.002271,-0.014673,0.04331,1800.0
3.7680E+03,0.003699,-0.014380,0.04331,1800.0
3.7681E+03,0.005109,-0.013943,0.04331,1800.0
3.7682E+03,0.006522,-0.013333,0.04331,1800.0
3.7683E+03,0.007874,-0.012589,0.04331,1800.0
3.7684E+03,0.009084,-0.011745,0.04331,1800.0
3.7685E+03,0.010199,-0.010787,0.04331,1800.0
3.7686E+03,0.011296,-0.009653,0.04331,1800.0
3.7687E+03,0.012197,-0.008486,0.04331,1800.0
3.7688E+03,0.013000,-0.007214,0.04331,1800.0
3.7689E+03,0.013656,-0.005862,0.04331,1800.0
3.7690E+03,0.014163,-0.004458,0.04331,1800.0
3.7691E+03,0.014545,-0.002991,0.04331,1800.0
3.7692E+03,0.014757,-0.001651,0.04331,1800.0
3.7693E+03,0.014843,-0.000172,0.04331,1800.0
3.7694E+03,0.014784,0.001339,0.04331,0.0
3.7695E+03,0.014572,0.002860,0.04331,0.0
3.7696E+03,0.014211,0.004305,0.04331,0.0
3.7697E+03,0.013712,0.005724,0.04331,0.0
3.7698E+03,0.013065,0.007068,0.04331,1800.0
3.7699E+03,0.012261,0.008412,0.04331,1800.0
3.7700E+03,0.011370,0.009569,0.04331,1800.0
3.7701E+03,0.010430,0.010585,0.04331,1800.0
3.7702E+03,0.010237,0.010790,0.04331,1800.0
3.7703E+03,0.010228,0.010799,0.04331,1800.0
3.7704E+03,0.007424,0.011132,0.04331,1800.0
3.7705E+03,0.002683,0.011694,0.04331,1800.0
3.7707E+03,0.000000,0.012012,0.04331,1800.0
3.7708E+03,0.000248,0.011999,0.04331,1800.0
3.7709E+03,0.001023,0.011947,0.04331,1800.0
3.7710E+03,0.002482,0.011741,0.04331,1800.0
3.7711E+03,0.003961,0.011326,0.04331,1800.0
3.7712E+03,0.005381,0.010709,0.04331,1800.0
3.7713E+03,0.006665,0.009955,0.04331,1800.0
3.7714E+03,0.007848,0.009045,0.04331,1800.0
3.7715E+03,0.008920,0.007996,0.04331,1800.0
3.7716E+03,0.009864,0.006803,0.04331,1800.0
3.7717E+03,0.010630,0.005505,0.04331,1800.0
3.7718E+03,0.011235,0.004129,0.04331,1800.0
3.7719E+03,0.011671,0.002696,0.04331,1800.0
3.7720E+03,0.011918,0.001252,0.04331,1800.0
3.7721E+03,0.011992,-0.000295,0.04331,1800.0
3.7722E+03,0.011865,-0.001747,0.04331,1800.0
3.7723E+03,0.011557,-0.003213,0.04331,1800.0
3.7724E+03,0.011058,-0.004624,0.04331,1800.0
3.7725E+03,0.010378,-0.006005,0.04331,1800.0
3.7726E+03,0.009642,-0.007111,0.04331,1800.0
3.7727E+03,0.008655,-0.008275,0.04331,1800.0
3.7728E+03,0.007539,-0.009299,0.04331,1800.0
3.7729E+03,0.006334,-0.010155,0.04331,1800.0
3.7730E+03,0.004998,-0.010883,0.04331,1800.0
3.7731E+03,0.003546,-0.011445,0.04331,1800.0
3.7732E+03,0.002095,-0.011801,0.04331,1800.0
3.7733E+03,0.000623,-0.011969,0.04331,1800.0
3.7734E+03,-0.000862,-0.011966,0.04331,1800.0
3.7735E+03,-0.002400,-0.011755,0.04331,1800.0
3.7736E+03,-0.003852,-0.011360,0.04331,1800.0
3.7737E+03,-0.005213,-0.010786,0.04331,1800.0
3.7738E+03,-0.006497,-0.010054,0.04331,1800.0
3.7739E+03,-0.007731,-0.009143,0.04331,1800.0
3.7740E+03,-0.008838,-0.008084,0.04331,1800.0
3.7741E+03,-0.009784,-0.006911,0.04331,1800.0
3.7742E+03,-0.010575,-0.005615,0.04331,1800.0
3.7743E+03,-0.011156,-0.004368,0.04331,1800.0
3.7744E+03,-0.011616,-0.002947,0.04331,1800.0
3.7745E+03,-0.011907,-0.001502,0.04331,1800.0
3.7746E+03,-0.012007,-0.000058,0.04331,1800.0
3.7747E+03,-0.011888,0.001487,0.04331,1800.0
3.7748E+03,-0.011596,0.003012,0.04331,1800.0
3.7749E+03,-0.011153,0.004367,0.04331,1800.0
3.7750E+03,-0.010497,0.005765,0.04331,1800.0
3.7751E+03,-0.009677,0.007056,0.04331,1800.0
