4.3932E+03,0.001717,0.012881,0.04899,0.0
4.3933E+03,0.003212,0.012599,0.04899,0.0
4.3934E+03,0.004630,0.012152,0.04899,0.0
4.3935E+03,0.005992,0.011551,0.04899,0.0
4.3936E+03,0.007331,0.010752,0.04899,0.0
4.3936E+03,0.008422,0.009930,0.04899,0.0
4.3937E+03,0.009515,0.008881,0.04899,0.0
4.3938E+03,0.009941,0.008415,0.04899,0.0
4.3940E+03,0.010017,0.008329,0.04899,0.0
4.4408E+03,0.011012,0.013363,0.04970,1800.0
4.4409E+03,0.010653,0.013639,0.04970,1800.0
4.4410E+03,0.009693,0.014318,0.04970,1800.0
4.4411E+03,0.008380,0.015128,0.04970,1800.0
4.4413E+03,0.007036,0.015800,0.04970,1800.0
4.4414E+03,0.005671,0.016341,0.04970,1800.0
4.4415E+03,0.004235,0.016772,0.04970,1800.0
4.4416E+03,0.002706,0.017099,0.04970,1800.0
4.4417E+03,0.001253,0.017261,0.04970,1800.0
4.4418E+03,-0.000329,0.017298,0.04970,1800.0
4.4418E+03,-0.001665,0.017214,0.04970,1800.0
4.4419E+03,-0.003155,0.017002,0.04970,1800.0
4.4420E+03,-0.004601,0.016668,0.04970,1800.0
4.4421E+03,-0.006032,0.016204,0.04970,1800.0
4.4422E+03,-0.007439,0.015615,0.04970,1800.0
4.4423E+03,-0.008749,0.014916,0.04970,1800.0
4.4424E+03,-0.010011,0.014108,0.04970,1800.0
4.4425E+03,-0.011232,0.013158,0.04970,1800.0
4.4426E+03,-0.012288,0.012188,0.04970,1800.0
4.4427E+03,-0.013367,0.011000,0.04970,1800.0
4.4428E+03,-0.014263,0.009790,0.04970,1800.0
4.4430E+03,-0.015058,0.008510,0.04970,1800.0
4.4431E+03,-0.015715,0.007232,0.04970,1800.0
4.4432E+03,-0.016286,0.005808,0.04970,1800.0
4.4433E+03,-0.016723,0.004388,0.04970,1800.0
4.4434E+03,-0.017037,0.002923,0.04970,1800.0
4.4435E+03,-0.017242,0.001409,0.04970,1800.0
4.4435E+03,-0.017292,0.000059,0.04970,1800.0
4.4436E+03,-0.017232,-0.001488,0.04970,1800.0
4.4437E+03,-0.017052,-0.002929,0.04970,1800.0
4.4438E+03,-0.016719,-0.004467,0.04970,1800.0
4.4439E+03,-0.016259,-0.005915,0.04970,1800.0
4.4440E+03,-0.015706,-0.007247,0.04970,1800.0
4.4441E+03,-0.014996,-0.008618,0.04970,1800.0
4.4442E+03,-0.014218,-0.009851,0.04970,1800.0
4.4443E+03,-0.013310,-0.011035,0.04970,1800.0
4.4444E+03,-0.012297,-0.012155,0.04970,1800.0
4.4445E+03,-0.011191,-0.013176,0.04970,1800.0
4.4447E+03,-0.009995,-0.014117,0.04970,1800.0
4.4448E+03,-0.008701,-0.014945,0.04970,1800.0
4.4449E+03,-0.007353,-0.015656,0.04970,1800.0
4.4450E+03,-0.005966,-0.016247,0.04970,1800.0
4.4451E+03,-0.004568,-0.016696,0.04970,1800.0
4.4452E+03,-0.003047,-0.017037,0.04970,1800.0
4.4453E+03,-0.001561,-0.017229,0.04970,1800.0
4.4453E+03,-0.000196,-0.017297,0.04970,1800.0
4.4454E+03,0.001299,-0.017244,0.04970,1800.0
4.4455E+03,0.002808,-0.017060,0.04970,1800.0
4.4456E+03,0.004267,-0.016757,0.04970,1800.0
4.4457E+03,0.005679,-0.016334,0.04970,1800.0
4.4458E+03,0.007098,-0.015772,0.04970,1800.0
4.4459E+03,0.008447,-0.015093,0.04970,1800.0
4.4460E+03,0.009699,-0.014332,0.04970,1800.0
4.4461E+03,0.010975,-0.013381,0.04970,1800.0
4.4462E+03,0.012079,-0.012396,0.04970,1800.0
4.4464E+03,0.013114,-0.011280,0.04970,1800.0
4.4465E+03,0.014021,-0.010132,0.04970,1800.0
4.4466E+03,0.014837,-0.008890,0.04970,1800.0
4.4467E+03,0.015568,-0.007532,0.04970,1800.0
4.4468E+03,0.016154,-0.006156,0.04970,1800.0
4.4469E+03,0.016634,-0.004715,0.04970,1800.0
4.4470E+03,0.016957,-0.003439,0.04970,1800.0
4.4470E+03,0.017123,-0.002476,0.04970,1800.0
4.4471E+03,0.017262,-0.001113,0.04970,1800.0
4.4472E+03,0.017297,0.000401,0.04970,1800.0
4.4473E+03,0.017201,0.001886,0.04970,1800.0
4.4474E+03,0.017055,0.002915,0.04970,1800.0
4.4475E+03,0.016765,0.004260,0.04970,1800.0
4.4476E+03,0.016310,0.005752,0.04970,0.0
4.4477E+03,0.015758,0.007131,0.04970,0.0
4.4478E+03,0.015085,0.008454,0.04970,0.0
4.4479E+03,0.014291,0.009724,0.04970,0.0
4.4480E+03,0.013397,0.010937,0.04970,1800.0
4.4482E+03,0.012384,0.012071,0.04970,1800.0
4.4483E+03,0.011449,0.012980,0.04970,1800.0
4.4484E+03,0.011012,0.013363,0.04970,1800.0
4.4485E+03,0.010987,0.013296,0.04970,1800.0
4.4486E+03,0.010813,0.012821,0.04970,1800.0
4.4487E+03,0.008357,0.006139,0.04970,1800.0
4.4487E+03,0.008053,0.005312,0.04970,1800.0
4.4488E+03,0.008018,0.005217,0.04970,1800.0
4.4489E+03,0.008089,0.005102,0.04970,1800.0
4.4490E+03,0.008535,0.004229,0.04970,1800.0
4.4491E+03,0.009094,0.002827,0.04970,1800.0
4.4492E+03,0.009433,0.001345,0.04970,1800.0
4.4493E+03,0.009524,-0.000141,0.04970,1800.0
4.4494E+03,0.009393,-0.001632,0.04970,1800.0
4.4495E+03,0.009020,-0.003147,0.04970,1800.0
4.4496E+03,0.008438,-0.004475,0.04970,1800.0
4.4497E+03,0.007653,-0.005725,0.04970,1800.0
4.4499E+03,0.006606,-0.006892,0.04970,1800.0
4.4500E+03,0.005485,-0.007810,0.04970,1800.0
4.4501E+03,0.004169,-0.008570,0.04970,1800.0
4.4502E+03,0.002746,-0.009125,0.04970,1800.0
4.4503E+03,0.001258,-0.009441,0.04970,1800.0
4.4504E+03,-0.000220,-0.009526,0.04970,1800.0
4.4505E+03,-0.001676,-0.009381,0.04970,1800.0
4.4505E+03,-0.002974,-0.009051,0.04970,1800.0
4.4506E+03,-0.004363,-0.008496,0.04970,1800.0
4.4507E+03,-0.005701,-0.007654,0.04970,1800.0
4.4508E+03,-0.006843,-0.006679,0.04970,1800.0
4.4509E+03,-0.007780,-0.005537,0.04970,1800.0
4.4510E+03,-0.008537,-0.004267,0.04970,1800.0
4.4511E+03,-0.009104,-0.002829,0.04970,1800.0
4.4512E+03,-0.009433,-0.001402,0.04970,1800.0
4.4513E+03,-0.009527,0.000088,0.04970,1800.0
4.4514E+03,-0.009397,0.001586,0.04970,1800.0
4.4516E+03,-0.009024,0.003044,0.04970,1800.0
4.4517E+03,-0.008417,0.004446,0.04970,1800.0
4.4518E+03,-0.007602,0.005748,0.04970,1800.0
4.4519E+03,-0.006612,0.006890,0.04970,1800.0
4.4520E+03,-0.005479,0.007810,0.04970,1800.0
4.4521E+03,-0.004232,0.008570,0.04970,1800.0
4.4522E+03,-0.002761,0.009146,0.04970,1800.0
4.4522E+03,-0.001526,0.009429,0.04970,1800.0
4.4523E+03,0.000031,0.009533,0.04970,0.0
4.4524E+03,0.001558,0.009402,0.04970,0.0
4.4525E+03,0.003005,0.009038,0.04970,0.0
4.4526E+03,0.004370,0.008468,0.04970,0.0
4.4527E+03,0.005640,0.007681,0.04970,0.0
4.4528E+03,0.006789,0.006692,0.04970,1800.0
4.4529E+03,0.007643,0.005738,0.04970,1800.0
4.4530E+03,0.008018,0.005217,0.04970,1800.0
4.4531E+03,0.007947,0.005210,0.04970,1800.0
4.4533E+03,0.007355,0.005150,0.04970,1800.0
4.4534E+03,0.000520,0.004459,0.04970,1800.0
4.4535E+03,-0.007453,0.003653,0.04970,1800.0
4.4536E+03,-0.013749,0.003017,0.04970,1800.0
4.4537E+03,-0.015350,0.002855,0.04970,1800.0
4.4538E+03,-0.015352,0.002855,0.04970,1800.0
4.4538E+03,-0.015373,0.002717,0.04970,1800.0
4.4539E+03,-0.015459,0.002002,0.04970,1800.0
4.4540E+03,-0.015585,0.000684,0.04970,1800.0
4.4541E+03,-0.015594,-0.000312,0.04970,1800.0
4.4542E+03,-0.015537,-0.001400,0.04970,1800.0
4.4543E+03,-0.015357,-0.002810,0.04970,1800.0
4.4544E+03,-0.014990,-0.004323,0.04970,1800.0
4.4545E+03,-0.014622,-0.005432,0.04970,1800.0
4.4546E+03,-0.014097,-0.006670,0.04970,1800.0
4.4547E+03,-0.013389,-0.007984,0.04970,1800.0
4.4548E+03,-0.012549,-0.009244,0.04970,1800.0
4.4550E+03,-0.011596,-0.010416,0.04970,1800.0
4.4551E+03,-0.010543,-0.011486,0.04970,1800.0
4.4552E+03,-0.009380,-0.012452,0.04970,1800.0
4.4553E+03,-0.008119,-0.013318,0.04970,1800.0
4.4554E+03,-0.006831,-0.014020,0.04970,1800.0
4.4555E+03,-0.005429,-0.014628,0.04970,1800.0
4.4556E+03,-0.003988,-0.015088,0.04970,1800.0
4.4556E+03,-0.002671,-0.015370,0.04970,1800.0
4.4557E+03,-0.001178,-0.015553,0.04970,1800.0
4.4558E+03,0.000326,-0.015592,0.04970,1800.0
4.4559E+03,0.001816,-0.015485,0.04970,1800.0
4.4560E+03,0.003334,-0.015228,0.04970,1800.0
4.4561E+03,0.004763,-0.014825,0.04970,1800.0
4.4562E+03,0.006132,-0.014308,0.04970,1800.0
4.4563E+03,0.007515,-0.013660,0.04970,1800.0
4.4564E+03,0.008820,-0.012866,0.04970,1800.0
4.4565E+03,0.010054,-0.011933,0.04970,1800.0
4.4567E+03,0.011156,-0.010904,0.04970,1800.0
4.4568E+03,0.012185,-0.009755,0.04970,1800.0
4.4569E+03,0.012896,-0.008795,0.04970,1800.0
4.4570E+03,0.013638,-0.007567,0.04970,1800.0
4.4571E+03,0.014075,-0.006742,0.04970,1800.0
4.4572E+03,0.014573,-0.005536,0.04970,1800.0
4.4573E+03,0.014976,-0.004344,0.04970,1800.0
4.4573E+03,0.015257,-0.003209,0.04970,1800.0
4.4574E+03,0.015487,-0.001919,0.04970,1800.0
4.4575E+03,0.015573,-0.000750,0.04970,1800.0
4.4576E+03,0.015585,0.000673,0.04970,1800.0
4.4577E+03,0.015504,0.001725,0.04970,1800.0
4.4578E+03,0.015279,0.003184,0.04970,1800.0
4.4579E+03,0.014885,0.004654,0.04970,1800.0
4.4580E+03,0.014385,0.006031,0.04970,1800.0
4.4581E+03,0.013756,0.007357,0.04970,1800.0
4.4582E+03,0.012982,0.008633,0.04970,1800.0
4.4584E+03,0.012044,0.009894,0.04970,1800.0
4.4585E+03,0.011013,0.011038,0.04970,1800.0
4.4586E+03,0.009906,0.012035,0.04970,1800.0
4.4587E+03,0.008720,0.012926,0.04970,1800.0
4.4588E+03,0.007444,0.013700,0.04970,1800.0
4.4589E+03,0.006055,0.014370,0.04970,1800.0
4.4590E+03,0.004635,0.014899,0.04970,1800.0
4.4590E+03,0.003399,0.015231,0.04970,1800.0
4.4591E+03,0.001924,0.015481,0.04970,1800.0
4.4592E+03,0.000391,0.015595,0.04970,1800.0
4.4593E+03,-0.001098,0.015552,0.04970,1800.0
4.4594E+03,-0.002595,0.015373,0.04970,1800.0
4.4595E+03,-0.004102,0.015040,0.04970,1800.0
4.4596E+03,-0.005531,0.014577,0.04970,1800.0
4.4597E+03,-0.006878,0.013994,0.04970,1800.0
4.4598E+03,-0.008210,0.013251,0.04970,1800.0
4.4599E+03,-0.009489,0.012376,0.04970,1800.0
4.4601E+03,-0.010618,0.011433,0.04970,0.0
4.4602E+03,-0.011655,0.010365,0.04970,0.0
4.4603E+03,-0.012648,0.009153,0.04970,0.0
4.4604E+03,-0.013463,0.007876,0.04970,0.0
4.4605E+03,-0.014097,0.006677,0.04970,0.0
4.4606E+03,-0.014543,0.005644,0.04970,0.0
4.4607E+03,-0.014934,0.004505,0.04970,0.0
4.4607E+03,-0.015209,0.003465,0.04970,1800.0
4.4609E+03,-0.015352,0.002855,0.04970,1800.0
4.4610E+03,-0.013692,0.003129,0.04970,1800.0
4.4611E+03,-0.007871,0.004090,0.04970,1800.0
4.4612E+03,-0.000615,0.005288,0.04970,1800.0
4.4613E+03,0.006999,0.006545,0.04970,1800.0
4.4614E+03,0.008814,0.006844,0.04970,1800.0
4.4615E+03,0.008933,0.006864,0.04970,1800.0
4.4616E+03,0.008969,0.006814,0.04970,1800.0
4.4618E+03,0.009581,0.005872,0.04970,1800.0
4.4619E+03,0.010258,0.004582,0.04970,1800.0
4.4620E+03,0.010768,0.003198,0.04970,1800.0
4.4621E+03,0.011095,0.001746,0.04970,1800.0
4.4622E+03,0.011226,0.000205,0.04970,1800.0
4.4623E+03,0.011157,-0.001338,0.04970,1800.0
4.4624E+03,0.010895,-0.002768,0.04970,1800.0
4.4624E+03,0.010494,-0.004074,0.04970,1800.0
4.4625E+03,0.009839,-0.005462,0.04970,1800.0
4.4626E+03,0.009028,-0.006708,0.04970,1800.0
4.4627E+03,0.008068,-0.007833,0.04970,1800.0
4.4628E+03,0.006943,-0.008839,0.04970,1800.0
4.4629E+03,0.005702,-0.009676,0.04970,1800.0
4.4630E+03,0.004354,-0.010357,0.04970,1800.0
4.4631E+03,0.002892,-0.010854,0.04970,1800.0
4.4632E+03,0.001383,-0.011143,0.04970,1800.0
4.4633E+03,-0.000108,-0.011237,0.04970,1800.0
4.4634E+03,-0.001595,-0.011125,0.04970,1800.0
4.4636E+03,-0.003071,-0.010819,0.04970,1800.0
4.4637E+03,-0.004469,-0.010320,0.04970,1800.0
4.4638E+03,-0.005792,-0.009660,0.04970,1800.0
4.4639E+03,-0.007034,-0.008782,0.04970,1800.0
4.4640E+03,-0.008104,-0.007793,0.04970,1800.0
4.4641E+03,-0.009024,-0.006694,0.04970,1800.0
4.4641E+03,-0.009680,-0.005704,0.04970,1800.0
4.4642E+03,-0.010312,-0.004461,0.04970,1800.0
4.4643E+03,-0.010811,-0.003048,0.04970,1800.0
4.4644E+03,-0.011120,-0.001581,0.04970,1800.0
4.4645E+03,-0.011239,-0.000085,0.04970,1800.0
4.4646E+03,-0.011153,0.001424,0.04970,1800.0
4.4647E+03,-0.010872,0.002888,0.04970,1800.0
4.4648E+03,-0.010381,0.004346,0.04970,1800.0
4.4649E+03,-0.009740,0.005638,0.04970,1800.0
4.4650E+03,-0.008888,0.006902,0.04970,1800.0
4.4651E+03,-0.007859,0.008033,0.04970,1800.0
4.4653E+03,-0.006739,0.008990,0.04970,1800.0
4.4654E+03,-0.005486,0.009801,0.04970,1800.0
4.4655E+03,-0.004129,0.010451,0.04970,1800.0
4.4656E+03,-0.002692,0.010902,0.04970,1800.0
4.4657E+03,-0.001191,0.011167,0.04970,1800.0
4.4658E+03,0.000337,0.011232,0.04970,0.0
4.4658E+03,0.001698,0.011117,0.04970,0.0
4.4659E+03,0.003199,0.010785,0.04970,0.0
4.4660E+03,0.004563,0.010290,0.04970,0.0
4.4661E+03,0.005910,0.009580,0.04970,0.0
4.4662E+03,0.007144,0.008678,0.04970,0.0
4.4663E+03,0.008238,0.007639,0.04970,1800.0
4.4664E+03,0.008808,0.007017,0.04970,1800.0
4.4665E+03,0.008933,0.006864,0.04970,1800.0
4.4666E+03,0.008591,0.006799,0.04970,1800.0
4.4667E+03,0.004873,0.006089,0.04970,1800.0
4.4668E+03,-0.002637,0.004655,0.04970,1800.0
4.4670E+03,-0.009662,0.003313,0.04970,1800.0
4.4672E+03,-0.013680,0.002546,0.04970,1800.0
4.4673E+03,-0.013683,0.002524,0.04970,1800.0
4.4674E+03,-0.013752,0.002067,0.04970,1800.0
4.4675E+03,-0.013854,0.001121,0.04970,1800.0
4.4675E+03,-0.013883,-0.000179,0.04970,1800.0
4.4676E+03,-0.013830,-0.001367,0.04970,1800.0
4.4677E+03,-0.013649,-0.002562,0.04970,1800.0
4.4678E+03,-0.013371,-0.003782,0.04970,1800.0
4.4679E+03,-0.012968,-0.004972,0.04970,1800.0
4.4680E+03,-0.012374,-0.006310,0.04970,1800.0
4.4681E+03,-0.011712,-0.007493,0.04970,1800.0
4.4682E+03,-0.011019,-0.008482,0.04970,1800.0
4.4683E+03,-0.010417,-0.009214,0.04970,1800.0
4.4684E+03,-0.009431,-0.010219,0.04970,1800.0
4.4685E+03,-0.008242,-0.011180,0.04970,1800.0
4.4687E+03,-0.007040,-0.011984,0.04970,1800.0
4.4688E+03,-0.005671,-0.012678,0.04970,1800.0
4.4689E+03,-0.004250,-0.013222,0.04970,1800.0
4.4690E+03,-0.002835,-0.013595,0.04970,1800.0
4.4691E+03,-0.001348,-0.013820,0.04970,1800.0
4.4692E+03,0.000168,-0.013888,0.04970,1800.0
4.4692E+03,0.001465,-0.013808,0.04970,1800.0
4.4693E+03,0.003055,-0.013560,0.04970,1800.0
4.4694E+03,0.004425,-0.013179,0.04970,1800.0
4.4695E+03,0.005852,-0.012613,0.04970,1800.0
4.4696E+03,0.007166,-0.011913,0.04970,1800.0
4.4697E+03,0.008419,-0.011055,0.04970,1800.0
4.4698E+03,0.009562,-0.010079,0.04970,1800.0
4.4699E+03,0.010598,-0.008979,0.04970,1800.0
4.4700E+03,0.011511,-0.007765,0.04970,1800.0
4.4701E+03,0.012293,-0.006451,0.04970,1800.0
4.4702E+03,0.012826,-0.005363,0.04970,1800.0
4.4704E+03,0.013191,-0.004335,0.04970,1800.0
4.4705E+03,0.013601,-0.002839,0.04970,1800.0
4.4706E+03,0.013826,-0.001347,0.04970,1800.0
4.4707E+03,0.013904,0.000172,0.04970,1800.0
4.4708E+03,0.013812,0.001603,0.04970,1800.0
4.4709E+03,0.013546,0.003124,0.04970,1800.0
4.4709E+03,0.013180,0.004391,0.04970,1800.0
4.4710E+03,0.012817,0.005380,0.04970,1800.0
4.4711E+03,0.012237,0.006557,0.04970,1800.0
4.4712E+03,0.011454,0.007854,0.04970,1800.0
4.4713E+03,0.010547,0.009030,0.04970,1800.0
4.4714E+03,0.009530,0.010100,0.04970,1800.0
4.4715E+03,0.008375,0.011085,0.04970,1800.0
4.4716E+03,0.007096,0.011941,0.04970,1800.0
4.4717E+03,0.005773,0.012644,0.04970,1800.0
4.4718E+03,0.004348,0.013213,0.04970,1800.0
4.4719E+03,0.002978,0.013582,0.04970,1800.0
4.4721E+03,0.001443,0.013827,0.04970,1800.0
4.4722E+03,-0.000089,0.013893,0.04970,1800.0
4.4723E+03,-0.001626,0.013793,0.04970,1800.0
4.4724E+03,-0.003069,0.013548,0.04970,1800.0
4.4725E+03,-0.004508,0.013133,0.04970,1800.0
4.4726E+03,-0.005926,0.012558,0.04970,1800.0
4.4726E+03,-0.007117,0.011932,0.04970,1800.0
4.4727E+03,-0.008341,0.011115,0.04970,0.0
4.4728E+03,-0.009531,0.010114,0.04970,0.0
4.4729E+03,-0.010580,0.009025,0.04970,0.0
4.4730E+03,-0.011485,0.007837,0.04970,0.0
4.4731E+03,-0.012086,0.006869,0.04970,0.0
4.4732E+03,-0.012744,0.005531,0.04970,0.0
4.4733E+03,-0.013245,0.004194,0.04970,0.0
4.4734E+03,-0.013550,0.003092,0.04970,1800.0
4.4735E+03,-0.013661,0.002631,0.04970,1800.0
4.4736E+03,-0.013680,0.002546,0.04970,1800.0
4.4738E+03,-0.012232,0.002814,0.04970,1800.0
4.4739E+03,-0.007504,0.003691,0.04970,1800.0
4.4740E+03,0.000117,0.005104,0.04970,1800.0
4.4741E+03,0.006927,0.006367,0.04970,1800.0
4.4743E+03,0.010854,0.007095,0.04970,1800.0
4.4744E+03,0.011209,0.006494,0.04970,1800.0
4.4745E+03,0.011812,0.005273,0.04970,1800.0
4.4746E+03,0.012337,0.003895,0.04970,1800.0
4.4747E+03,0.012708,0.002419,0.04970,1800.0
4.4748E+03,0.012913,0.000888,0.04970,1800.0
4.4749E+03,0.012933,-0.000605,0.04970,1800.0
4.4750E+03,0.012781,-0.002069,0.04970,1800.0
4.4751E+03,0.012465,-0.003498,0.04970,1800.0
4.4752E+03,0.011959,-0.004967,0.04970,1800.0
4.4753E+03,0.011324,-0.006287,0.04970,1800.0
4.4755E+03,0.010498,-0.007581,0.04970,1800.0
4.4756E+03,0.009574,-0.008726,0.04970,1800.0
4.4757E+03,0.008505,-0.009764,0.04970,1800.0
4.4758E+03,0.007274,-0.010709,0.04970,1800.0
4.4759E+03,0.005996,-0.011466,0.04970,1800.0
4.4760E+03,0.004648,-0.012074,0.04970,1800.0
4.4761E+03,0.003190,-0.012532,0.04970,1800.0
4.4761E+03,0.001820,-0.012805,0.04970,1800.0
4.4762E+03,0.000292,-0.012936,0.04970,1800.0
4.4763E+03,-0.001192,-0.012896,0.04970,1800.0
4.4764E+03,-0.002652,-0.012682,0.04970,1800.0
4.4765E+03,-0.004132,-0.012286,0.04970,1800.0
4.4766E+03,-0.005511,-0.011720,0.04970,1800.0
4.4767E+03,-0.006827,-0.011003,0.04970,1800.0
4.4768E+03,-0.008073,-0.010113,0.04970,1800.0
4.4769E+03,-0.009202,-0.009087,0.04970,1800.0
4.4770E+03,-0.010178,-0.007978,0.04970,1800.0
4.4772E+03,-0.011035,-0.006738,0.04970,1800.0
4.4773E+03,-0.011750,-0.005405,0.04970,1800.0
4.4774E+03,-0.012302,-0.004018,0.04970,1800.0
4.4775E+03,-0.012689,-0.002541,0.04970,1800.0
4.4776E+03,-0.012905,-0.001073,0.04970,1800.0
4.4777E+03,-0.012949,0.000448,0.04970,1800.0
4.4778E+03,-0.012807,0.001961,0.04970,1800.0
4.4778E+03,-0.012519,0.003299,0.04970,1800.0
4.4779E+03,-0.012071,0.004664,0.04970,1800.0
4.4780E+03,-0.011444,0.006027,0.04970,1800.0
4.4781E+03,-0.010651,0.007340,0.04970,1800.0
4.4782E+03,-0.009713,0.008550,0.04970,1800.0
4.4783E+03,-0.008678,0.009609,0.04970,1800.0
4.4784E+03,-0.007543,0.010524,0.04970,1800.0
4.4785E+03,-0.006257,0.011330,0.04970,1800.0
4.4786E+03,-0.004874,0.011989,0.04970,1800.0
4.4787E+03,-0.003470,0.012472,0.04970,1800.0
4.4789E+03,-0.001988,0.012802,0.04970,1800.0
4.4790E+03,-0.000516,0.012947,0.04970,1800.0
