2.8800E+02,0.008219,-0.009033,0.00284,0.0
2.8810E+02,0.007034,-0.009996,0.00284,0.0
2.8820E+02,0.005792,-0.010766,0.00284,0.0
2.8831E+02,0.004436,-0.011403,0.00284,0.0
2.8841E+02,0.003035,-0.011860,0.00284,0.0
2.8851E+02,0.001523,-0.012146,0.00284,0.0
2.8861E+02,-0.000040,-0.012243,0.00284,0.0
2.8871E+02,-0.001496,-0.012146,0.00284,0.0
2.8881E+02,-0.002065,-0.012074,0.00284,0.0
2.8890E+02,-0.002170,-0.012056,0.00284,0.0
3.3520E+02,0.002387,-0.017809,0.00355,1800.0
3.3530E+02,0.002391,-0.017808,0.00355,1800.0
3.3540E+02,0.003394,-0.017632,0.00355,1800.0
3.3550E+02,0.004730,-0.017312,0.00355,1800.0
3.3560E+02,0.006133,-0.016860,0.00355,1800.0
3.3570E+02,0.007544,-0.016281,0.00355,1800.0
3.3580E+02,0.008907,-0.015582,0.00355,1800.0
3.3590E+02,0.010176,-0.014784,0.00355,1800.0
3.3600E+02,0.011360,-0.013893,0.00355,1800.0
3.3610E+02,0.012518,-0.012869,0.00355,1800.0
3.3620E+02,0.013546,-0.011798,0.00355,1800.0
3.3631E+02,0.014504,-0.010592,0.00355,1800.0
3.3641E+02,0.015354,-0.009297,0.00355,1800.0
3.3651E+02,0.016058,-0.008023,0.00355,1800.0
3.3661E+02,0.016675,-0.006655,0.00355,1800.0
3.3671E+02,0.017167,-0.005224,0.00355,1800.0
3.3681E+02,0.017489,-0.004034,0.00355,1800.0
3.3690E+02,0.017697,-0.002958,0.00355,1800.0
3.3700E+02,0.017880,-0.001535,0.00355,1800.0
3.3710E+02,0.017945,-0.000044,0.00355,1800.0
3.3720E+02,0.017895,0.001403,0.00355,1800.0
3.3730E+02,0.017734,0.002850,0.00355,1800.0
3.3740E+02,0.017545,0.003868,0.00355,1800.0
3.3750E+02,0.017166,0.005275,0.00355,1800.0
3.3760E+02,0.016675,0.006645,0.00355,1800.0
3.3770E+02,0.016049,0.008030,0.00355,1800.0
3.3780E+02,0.015305,0.009376,0.00355,1800.0
3.3790E+02,0.014446,0.010645,0.00355,1800.0
3.3800E+02,0.013507,0.011807,0.00355,1800.0
3.3811E+02,0.012507,0.012900,0.00355,1800.0
3.3821E+02,0.011400,0.013916,0.00355,1800.0
3.3831E+02,0.010166,0.014796,0.00355,1800.0
3.3841E+02,0.008887,0.015593,0.00355,1800.0
3.3851E+02,0.007518,0.016302,0.00355,1800.0
3.3861E+02,0.006146,0.016880,0.00355,1800.0
3.3870E+02,0.004868,0.017288,0.00355,1800.0
3.3880E+02,0.003407,0.017622,0.00355,1800.0
3.3890E+02,0.001878,0.017846,0.00355,1800.0
3.3900E+02,0.000424,0.017943,0.00355,1800.0
3.3910E+02,-0.001094,0.017904,0.00355,1800.0
3.3920E+02,-0.002623,0.017756,0.00355,1800.0
3.3930E+02,-0.004074,0.017473,0.00355,1800.0
3.3940E+02,-0.005541,0.017069,0.00355,1800.0
3.3950E+02,-0.006943,0.016558,0.00355,1800.0
3.3960E+02,-0.008259,0.015940,0.00355,1800.0
3.3970E+02,-0.009584,0.015182,0.00355,1800.0
3.3981E+02,-0.010866,0.014301,0.00355,1800.0
3.3991E+02,-0.012050,0.013317,0.00355,1800.0
3.4001E+02,-0.013116,0.012252,0.00355,1800.0
3.4011E+02,-0.014051,0.011167,0.00355,1800.0
3.4021E+02,-0.014930,0.009954,0.00355,1800.0
3.4031E+02,-0.015728,0.008642,0.00355,1800.0
3.4040E+02,-0.016350,0.007393,0.00355,1800.0
3.4050E+02,-0.016917,0.005970,0.00355,1800.0
3.4060E+02,-0.017366,0.004545,0.00355,1800.0
3.4070E+02,-0.017691,0.003084,0.00355,1800.0
3.4080E+02,-0.017884,0.001619,0.00355,1800.0
3.4090E+02,-0.017957,0.000201,0.00355,1800.0
3.4100E+02,-0.017901,-0.001403,0.00355,1800.0
3.4110E+02,-0.017724,-0.002864,0.00355,1800.0
3.4120E+02,-0.017409,-0.004367,0.00355,1800.0
3.4130E+02,-0.016978,-0.005811,0.00355,1800.0
3.4140E+02,-0.016423,-0.007224,0.00355,1800.0
3.4151E+02,-0.015780,-0.008548,0.00355,1800.0
3.4161E+02,-0.015013,-0.009828,0.00355,1800.0
3.4171E+02,-0.014114,-0.011077,0.00355,1800.0
3.4181E+02,-0.013125,-0.012236,0.00355,1800.0
3.4191E+02,-0.012055,-0.013303,0.00355,1800.0
3.4201E+02,-0.010938,-0.014241,0.00355,1800.0
3.4210E+02,-0.009822,-0.015032,0.00355,1800.0
3.4220E+02,-0.008488,-0.015818,0.00355,1800.0
3.4230E+02,-0.007117,-0.016481,0.00355,0.0
3.4240E+02,-0.005700,-0.017025,0.00355,0.0
3.4250E+02,-0.004310,-0.017424,0.00355,0.0
3.4260E+02,-0.002850,-0.017714,0.00355,0.0
3.4270E+02,-0.001344,-0.017893,0.00355,1800.0
3.4280E+02,0.000180,-0.017946,0.00355,1800.0
3.4290E+02,0.001578,-0.017888,0.00355,1800.0
3.4300E+02,0.002387,-0.017809,0.00355,1800.0
3.4310E+02,0.002386,-0.017807,0.00355,1800.0
3.4320E+02,0.002252,-0.017545,0.00355,1800.0
3.4331E+02,-0.000595,-0.011957,0.00355,1800.0
3.4341E+02,-0.002124,-0.008956,0.00355,1800.0
3.4361E+02,-0.002300,-0.008611,0.00355,1800.0
3.4371E+02,-0.002875,-0.008422,0.00355,1800.0
3.4381E+02,-0.004004,-0.007914,0.00355,1800.0
3.4390E+02,-0.005166,-0.007215,0.00355,1800.0
3.4400E+02,-0.006319,-0.006224,0.00355,1800.0
3.4410E+02,-0.007294,-0.005059,0.00355,1800.0
3.4420E+02,-0.008046,-0.003769,0.00355,1800.0
3.4430E+02,-0.008585,-0.002342,0.00355,1800.0
3.4440E+02,-0.008858,-0.000868,0.00355,1800.0
3.4450E+02,-0.008889,0.000580,0.00355,1800.0
3.4460E+02,-0.008643,0.002076,0.00355,1800.0
3.4470E+02,-0.008146,0.003548,0.00355,1800.0
3.4480E+02,-0.007452,0.004824,0.00355,1800.0
3.4490E+02,-0.006511,0.006013,0.00355,1800.0
3.4501E+02,-0.005407,0.007034,0.00355,1800.0
3.4511E+02,-0.004163,0.007831,0.00355,1800.0
3.4521E+02,-0.002782,0.008427,0.00355,1800.0
3.4531E+02,-0.001306,0.008785,0.00355,1800.0
3.4541E+02,0.000208,0.008882,0.00355,1800.0
3.4551E+02,0.001734,0.008717,0.00355,1800.0
3.4560E+02,0.002973,0.008400,0.00355,1800.0
3.4570E+02,0.004321,0.007765,0.00355,1800.0
3.4580E+02,0.005603,0.006893,0.00355,1800.0
3.4590E+02,0.006656,0.005876,0.00355,1800.0
3.4600E+02,0.007540,0.004678,0.00355,1800.0
3.4610E+02,0.008221,0.003316,0.00355,1800.0
3.4620E+02,0.008683,0.001870,0.00355,1800.0
3.4630E+02,0.008864,0.000367,0.00355,1800.0
3.4640E+02,0.008793,-0.001163,0.00355,1800.0
3.4650E+02,0.008486,-0.002628,0.00355,1800.0
3.4660E+02,0.007943,-0.003975,0.00355,1800.0
3.4671E+02,0.007151,-0.005293,0.00355,0.0
3.4681E+02,0.006149,-0.006439,0.00355,0.0
3.4691E+02,0.004998,-0.007361,0.00355,0.0
3.4701E+02,0.003707,-0.008074,0.00355,0.0
3.4711E+02,0.002295,-0.008578,0.00355,0.0
3.4721E+02,0.000785,-0.008836,0.00355,1800.0
3.4730E+02,-0.000600,-0.008841,0.00355,1800.0
3.4740E+02,-0.001855,-0.008709,0.00355,1800.0
3.4750E+02,-0.002300,-0.008611,0.00355,1800.0
3.4760E+02,-0.002345,-0.008623,0.00355,1800.0
3.4770E+02,-0.003812,-0.009029,0.00355,1800.0
3.4780E+02,-0.009977,-0.010732,0.00355,1800.0
3.4810E+02,-0.011771,-0.011228,0.00355,1800.0
3.4820E+02,-0.011291,-0.011699,0.00355,1800.0
3.4830E+02,-0.010279,-0.012577,0.00355,1800.0
3.4840E+02,-0.009056,-0.013483,0.00355,1800.0
3.4851E+02,-0.007797,-0.014251,0.00355,1800.0
3.4861E+02,-0.006420,-0.014915,0.00355,1800.0
3.4871E+02,-0.004982,-0.015460,0.00355,1800.0
3.4881E+02,-0.003563,-0.015850,0.00355,1800.0
3.4891E+02,-0.002077,-0.016117,0.00355,1800.0
3.4901E+02,-0.000563,-0.016239,0.00355,1800.0
3.4910E+02,0.000827,-0.016246,0.00355,1800.0
3.4920E+02,0.002252,-0.016101,0.00355,1800.0
3.4930E+02,0.003696,-0.015822,0.00355,1800.0
3.4940E+02,0.005179,-0.015399,0.00355,1800.0
3.4950E+02,0.006628,-0.014828,0.00355,1800.0
3.4960E+02,0.007938,-0.014174,0.00355,1800.0
3.4970E+02,0.009190,-0.013392,0.00355,1800.0
3.4980E+02,0.010421,-0.012456,0.00355,1800.0
3.4990E+02,0.011559,-0.011412,0.00355,1800.0
3.5000E+02,0.012568,-0.010298,0.00355,1800.0
3.5010E+02,0.013431,-0.009146,0.00355,1800.0
3.5021E+02,0.014258,-0.007820,0.00355,1800.0
3.5031E+02,0.014911,-0.006476,0.00355,1800.0
3.5041E+02,0.015445,-0.005065,0.00355,1800.0
3.5051E+02,0.015711,-0.004163,0.00355,1800.0
3.5061E+02,0.016011,-0.002762,0.00355,1800.0
3.5071E+02,0.016193,-0.001292,0.00355,1800.0
3.5080E+02,0.016237,0.000056,0.00355,1800.0
3.5090E+02,0.016165,0.001559,0.00355,1800.0
3.5100E+02,0.015962,0.003017,0.00355,1800.0
3.5110E+02,0.015615,0.004479,0.00355,1800.0
3.5120E+02,0.015165,0.005851,0.00355,1800.0
3.5130E+02,0.014677,0.006990,0.00355,1800.0
3.5140E+02,0.014008,0.008251,0.00355,1800.0
3.5150E+02,0.013157,0.009542,0.00355,1800.0
3.5160E+02,0.012205,0.010734,0.00355,1800.0
3.5170E+02,0.011204,0.011766,0.00355,1800.0
3.5180E+02,0.010068,0.012749,0.00355,1800.0
3.5191E+02,0.008856,0.013620,0.00355,1800.0
3.5201E+02,0.007516,0.014394,0.00355,1800.0
3.5211E+02,0.006114,0.015051,0.00355,1800.0
3.5221E+02,0.004701,0.015547,0.00355,1800.0
3.5231E+02,0.003262,0.015916,0.00355,1800.0
3.5241E+02,0.001826,0.016149,0.00355,1800.0
3.5251E+02,0.000344,0.016250,0.00355,1800.0
3.5260E+02,-0.001031,0.016222,0.00355,1800.0
3.5270E+02,-0.002589,0.016052,0.00355,1800.0
3.5280E+02,-0.004087,0.015726,0.00355,1800.0
3.5290E+02,-0.005468,0.015301,0.00355,1800.0
3.5300E+02,-0.006832,0.014736,0.00355,1800.0
3.5310E+02,-0.008197,0.014016,0.00355,1800.0
3.5320E+02,-0.009495,0.013181,0.00355,1800.0
3.5330E+02,-0.010680,0.012236,0.00355,1800.0
3.5340E+02,-0.011764,0.011203,0.00355,1800.0
3.5350E+02,-0.012721,0.010114,0.00355,1800.0
3.5360E+02,-0.013599,0.008892,0.00355,1800.0
3.5371E+02,-0.014363,0.007609,0.00355,1800.0
3.5381E+02,-0.015016,0.006243,0.00355,1800.0
3.5391E+02,-0.015515,0.004845,0.00355,1800.0
3.5401E+02,-0.015806,0.003778,0.00355,1800.0
3.5411E+02,-0.016071,0.002373,0.00355,1800.0
3.5421E+02,-0.016205,0.001244,0.00355,1800.0
3.5430E+02,-0.016243,0.000116,0.00355,1800.0
3.5440E+02,-0.016217,-0.001128,0.00355,1800.0
3.5450E+02,-0.016086,-0.002298,0.00355,0.0
3.5460E+02,-0.015846,-0.003604,0.00355,0.0
3.5470E+02,-0.015537,-0.004743,0.00355,0.0
3.5480E+02,-0.015038,-0.006165,0.00355,0.0
3.5490E+02,-0.014457,-0.007452,0.00355,1800.0
3.5500E+02,-0.013657,-0.008817,0.00355,1800.0
3.5510E+02,-0.012784,-0.010037,0.00355,1800.0
3.5520E+02,-0.011999,-0.010967,0.00355,1800.0
3.5530E+02,-0.011771,-0.011228,0.00355,1800.0
3.5541E+02,-0.011766,-0.011228,0.00355,1800.0
3.5551E+02,-0.009034,-0.010935,0.00355,1800.0
3.5561E+02,-0.004680,-0.010470,0.00355,1800.0
3.5581E+02,-0.002715,-0.010260,0.00355,1800.0
3.5591E+02,-0.002956,-0.010181,0.00355,1800.0
3.5600E+02,-0.003964,-0.009841,0.00355,1800.0
3.5610E+02,-0.005257,-0.009214,0.00355,1800.0
3.5620E+02,-0.006513,-0.008354,0.00355,1800.0
3.5630E+02,-0.007625,-0.007334,0.00355,1800.0
3.5640E+02,-0.008600,-0.006168,0.00355,1800.0
3.5650E+02,-0.009375,-0.004923,0.00355,1800.0
3.5660E+02,-0.009962,-0.003562,0.00355,1800.0
3.5670E+02,-0.010366,-0.002081,0.00355,1800.0
3.5680E+02,-0.010561,-0.000585,0.00355,1800.0
3.5690E+02,-0.010543,0.000880,0.00355,1800.0
3.5700E+02,-0.010314,0.002376,0.00355,1800.0
3.5711E+02,-0.009869,0.003849,0.00355,1800.0
3.5721E+02,-0.009231,0.005201,0.00355,1800.0
3.5731E+02,-0.008381,0.006506,0.00355,1800.0
3.5741E+02,-0.007433,0.007563,0.00355,1800.0
3.5751E+02,-0.006293,0.008523,0.00355,1800.0
3.5761E+02,-0.004981,0.009338,0.00355,1800.0
3.5770E+02,-0.003764,0.009885,0.00355,1800.0
3.5780E+02,-0.002330,0.010321,0.00355,1800.0
3.5790E+02,-0.000817,0.010547,0.00355,1800.0
3.5800E+02,0.000703,0.010555,0.00355,1800.0
3.5810E+02,0.002176,0.010355,0.00355,1800.0
3.5820E+02,0.003584,0.009962,0.00355,1800.0
3.5830E+02,0.004998,0.009345,0.00355,1800.0
3.5840E+02,0.006283,0.008536,0.00355,1800.0
3.5850E+02,0.007453,0.007528,0.00355,1800.0
3.5860E+02,0.008402,0.006463,0.00355,1800.0
3.5870E+02,0.009228,0.005199,0.00355,1800.0
3.5880E+02,0.009867,0.003815,0.00355,1800.0
3.5891E+02,0.010300,0.002390,0.00355,1800.0
3.5901E+02,0.010541,0.000918,0.00355,1800.0
3.5911E+02,0.010563,-0.000586,0.00355,1800.0
3.5921E+02,0.010374,-0.002084,0.00355,1800.0
3.5931E+02,0.009961,-0.003554,0.00355,1800.0
3.5941E+02,0.009357,-0.004943,0.00355,1800.0
3.5950E+02,0.008680,-0.006097,0.00355,1800.0
3.5960E+02,0.007689,-0.007306,0.00355,0.0
3.5970E+02,0.006623,-0.008268,0.00355,0.0
3.5980E+02,0.005382,-0.009114,0.00355,0.0
3.5990E+02,0.004012,-0.009797,0.00355,0.0
3.6000E+02,0.002610,-0.010259,0.00355,0.0
3.6010E+02,0.001121,-0.010508,0.00355,0.0
3.6020E+02,-0.000385,-0.010573,0.00355,0.0
3.6030E+02,-0.001806,-0.010426,0.00355,1800.0
3.6040E+02,-0.002681,-0.010267,0.00355,1800.0
3.6050E+02,-0.002715,-0.010260,0.00355,1800.0
3.6061E+02,-0.002374,-0.009439,0.00355,1800.0
3.6071E+02,-0.000561,-0.005073,0.00355,1800.0
3.6081E+02,0.002497,0.002291,0.00355,1800.0
3.6091E+02,0.005559,0.009667,0.00355,1800.0
3.6101E+02,0.006687,0.012384,0.00355,1800.0
3.6120E+02,0.006877,0.012841,0.00355,1800.0
3.6130E+02,0.006338,0.013104,0.00355,1800.0
3.6140E+02,0.005164,0.013593,0.00355,1800.0
3.6150E+02,0.003696,0.014061,0.00355,1800.0
3.6160E+02,0.002224,0.014375,0.00355,1800.0
3.6170E+02,0.000773,0.014525,0.00355,1800.0
3.6180E+02,-0.000759,0.014533,0.00355,1800.0
3.6190E+02,-0.002250,0.014391,0.00355,1800.0
3.6200E+02,-0.003746,0.014068,0.00355,1800.0
3.6210E+02,-0.005207,0.013594,0.00355,1800.0
3.6220E+02,-0.006531,0.013001,0.00355,1800.0
3.6231E+02,-0.007854,0.012242,0.00355,1800.0
3.6241E+02,-0.009070,0.011363,0.00355,1800.0
3.6251E+02,-0.010193,0.010363,0.00355,1800.0
3.6261E+02,-0.011228,0.009234,0.00355,1800.0
3.6271E+02,-0.012126,0.008026,0.00355,1800.0
3.6281E+02,-0.012869,0.006770,0.00355,1800.0
3.6290E+02,-0.013452,0.005564,0.00355,1800.0
3.6300E+02,-0.013950,0.004146,0.00355,1800.0
3.6310E+02,-0.014315,0.002668,0.00355,1800.0
3.6320E+02,-0.014502,0.001146,0.00355,1800.0
3.6330E+02,-0.014546,-0.000374,0.00355,1800.0
3.6340E+02,-0.014424,-0.001840,0.00355,1800.0
3.6350E+02,-0.014142,-0.003365,0.00355,1800.0
3.6360E+02,-0.013731,-0.004781,0.00355,1800.0
3.6370E+02,-0.013173,-0.006145,0.00355,1800.0
3.6380E+02,-0.012455,-0.007499,0.00355,1800.0
3.6390E+02,-0.011601,-0.008770,0.00355,1800.0
3.6400E+02,-0.010624,-0.009934,0.00355,1800.0
3.6411E+02,-0.009572,-0.010961,0.00355,1800.0
3.6421E+02,-0.008384,-0.011897,0.00355,1800.0
3.6431E+02,-0.007099,-0.012713,0.00355,1800.0
3.6441E+02,-0.005729,-0.013383,0.00355,1800.0
3.6451E+02,-0.004303,-0.013897,0.00355,1800.0
3.6461E+02,-0.002837,-0.014268,0.00355,1800.0
3.6470E+02,-0.001511,-0.014464,0.00355,1800.0
3.6480E+02,0.000003,-0.014540,0.00355,1800.0
3.6490E+02,0.001515,-0.014462,0.00355,1800.0
3.6500E+02,0.002984,-0.014234,0.00355,1800.0
3.6510E+02,0.004413,-0.013861,0.00355,1800.0
3.6520E+02,0.005801,-0.013334,0.00355,1800.0
3.6530E+02,0.007162,-0.012675,0.00355,1800.0
3.6540E+02,0.008049,-0.012129,0.00355,1800.0
3.6550E+02,0.009182,-0.011299,0.00355,1800.0
3.6560E+02,0.010302,-0.010276,0.00355,1800.0
3.6570E+02,0.011316,-0.009144,0.00355,1800.0
3.6581E+02,0.012214,-0.007891,0.00355,1800.0
3.6591E+02,0.012977,-0.006556,0.00355,1800.0
3.6601E+02,0.013491,-0.005457,0.00355,1800.0
3.6611E+02,0.013874,-0.004353,0.00355,1800.0
3.6621E+02,0.014226,-0.002988,0.00355,1800.0
3.6631E+02,0.014466,-0.001497,0.00355,1800.0
3.6640E+02,0.014547,-0.000182,0.00355,1800.0
3.6650E+02,0.014494,0.001348,0.00355,1800.0
3.6660E+02,0.014271,0.002872,0.00355,1800.0
3.6670E+02,0.013905,0.004286,0.00355,0.0
3.6680E+02,0.013358,0.005763,0.00355,0.0
3.6690E+02,0.012686,0.007106,0.00355,0.0
3.6700E+02,0.011889,0.008381,0.00355,0.0
3.6710E+02,0.010965,0.009543,0.00355,0.0
3.6720E+02,0.009927,0.010626,0.00355,0.0
3.6730E+02,0.008789,0.011586,0.00355,0.0
3.6740E+02,0.007731,0.012327,0.00355,1800.0
3.6751E+02,0.007028,0.012754,0.00355,1800.0
3.6761E+02,0.006877,0.012841,0.00355,1800.0
3.6771E+02,0.006762,0.012557,0.00355,1800.0
3.6781E+02,0.005839,0.010274,0.00355,1800.0
3.6791E+02,0.002898,0.003000,0.00355,1800.0
3.6801E+02,-0.000057,-0.004309,0.00355,1800.0
3.6810E+02,-0.002274,-0.009792,0.00355,1800.0
3.6820E+02,-0.003127,-0.011901,0.00355,1800.0
3.6830E+02,-0.003130,-0.011909,0.00355,1800.0
3.6840E+02,-0.003448,-0.011811,0.00355,1800.0
3.6850E+02,-0.004408,-0.011462,0.00355,1800.0
3.6860E+02,-0.005794,-0.010830,0.00355,1800.0
3.6870E+02,-0.007096,-0.010034,0.00355,1800.0
3.6880E+02,-0.008211,-0.009153,0.00355,1800.0
3.6890E+02,-0.009260,-0.008094,0.00355,1800.0
3.6900E+02,-0.010218,-0.006854,0.00355,1800.0
3.6910E+02,-0.010998,-0.005512,0.00355,1800.0
3.6921E+02,-0.011568,-0.004170,0.00355,1800.0
3.6931E+02,-0.011990,-0.002726,0.00355,1800.0
3.6941E+02,-0.012224,-0.001238,0.00355,1800.0
3.6951E+02,-0.012286,0.000247,0.00355,1800.0
3.6961E+02,-0.012157,0.001761,0.00355,1800.0
3.6971E+02,-0.011843,0.003255,0.00355,1800.0
3.6981E+02,-0.011368,0.004655,0.00355,1800.0
3.6990E+02,-0.010806,0.005852,0.00355,1800.0
3.7000E+02,-0.009979,0.007178,0.00355,1800.0
3.7010E+02,-0.009039,0.008343,0.00355,1800.0
3.7020E+02,-0.007990,0.009346,0.00355,1800.0
3.7030E+02,-0.006778,0.010251,0.00355,1800.0
3.7040E+02,-0.005430,0.011025,0.00355,1800.0
3.7050E+02,-0.004011,0.011614,0.00355,1800.0
3.7060E+02,-0.002555,0.012016,0.00355,1800.0
3.7070E+02,-0.001094,0.012242,0.00355,1800.0
3.7080E+02,0.000390,0.012282,0.00355,1800.0
3.7090E+02,0.001908,0.012137,0.00355,1800.0
3.7101E+02,0.003381,0.011814,0.00355,1800.0
3.7111E+02,0.004765,0.011328,0.00355,1800.0
3.7121E+02,0.006152,0.010646,0.00355,1800.0
3.7131E+02,0.007383,0.009837,0.00355,1800.0
3.7141E+02,0.008562,0.008831,0.00355,1800.0
3.7151E+02,0.009569,0.007716,0.00355,1800.0
3.7160E+02,0.010337,0.006634,0.00355,1800.0
3.7170E+02,0.011070,0.005331,0.00355,1800.0
3.7180E+02,0.011622,0.003923,0.00355,1800.0
3.7190E+02,0.012021,0.002451,0.00355,1800.0
3.7200E+02,0.012256,0.000948,0.00355,1800.0
3.7210E+02,0.012282,-0.000540,0.00355,1800.0
3.7220E+02,0.012136,-0.002000,0.00355,1800.0
3.7230E+02,0.011795,-0.003490,0.00355,1800.0
3.7240E+02,0.011277,-0.004917,0.00355,1800.0
3.7250E+02,0.010577,-0.006284,0.00355,1800.0
3.7260E+02,0.009783,-0.007447,0.00355,1800.0
3.7270E+02,0.008780,-0.008594,0.00355,1800.0
3.7281E+02,0.007626,-0.009627,0.00355,1800.0
