6.2821E+02,0.005178,-0.011353,0.00568,0.0
6.2831E+02,0.003793,-0.011885,0.00568,0.0
6.2840E+02,0.002552,-0.012204,0.00568,0.0
6.2850E+02,0.001061,-0.012419,0.00568,0.0
6.2860E+02,-0.000477,-0.012455,0.00568,0.0
6.2870E+02,-0.001968,-0.012311,0.00568,0.0
6.2880E+02,-0.003414,-0.011987,0.00568,0.0
6.2890E+02,-0.004621,-0.011576,0.00568,0.0
6.2910E+02,-0.005126,-0.011403,0.00568,0.0
6.7600E+02,0.005007,-0.016995,0.00639,1800.0
6.7610E+02,0.005109,-0.016963,0.00639,1800.0
6.7620E+02,0.006224,-0.016569,0.00639,1800.0
6.7630E+02,0.007591,-0.015987,0.00639,1800.0
6.7640E+02,0.008940,-0.015276,0.00639,1800.0
6.7650E+02,0.010219,-0.014445,0.00639,1800.0
6.7660E+02,0.011425,-0.013512,0.00639,1800.0
6.7670E+02,0.012534,-0.012499,0.00639,1800.0
6.7681E+02,0.013520,-0.011427,0.00639,1800.0
6.7691E+02,0.014442,-0.010238,0.00639,1800.0
6.7701E+02,0.015280,-0.008947,0.00639,1800.0
6.7711E+02,0.016007,-0.007593,0.00639,1800.0
6.7721E+02,0.016599,-0.006164,0.00639,1800.0
6.7731E+02,0.017044,-0.004778,0.00639,1800.0
6.7741E+02,0.017329,-0.003617,0.00639,1800.0
6.7750E+02,0.017506,-0.002620,0.00639,1800.0
6.7760E+02,0.017637,-0.001491,0.00639,1800.0
6.7770E+02,0.017691,-0.000216,0.00639,1800.0
6.7780E+02,0.017658,0.001148,0.00639,1800.0
6.7790E+02,0.017541,0.002378,0.00639,1800.0
6.7800E+02,0.017367,0.003439,0.00639,1800.0
6.7810E+02,0.017121,0.004506,0.00639,1800.0
6.7820E+02,0.016673,0.005979,0.00639,1800.0
6.7830E+02,0.016105,0.007381,0.00639,1800.0
6.7840E+02,0.015448,0.008658,0.00639,1800.0
6.7850E+02,0.014623,0.009966,0.00639,1800.0
6.7861E+02,0.013733,0.011165,0.00639,1800.0
6.7871E+02,0.012731,0.012293,0.00639,1800.0
6.7881E+02,0.011661,0.013314,0.00639,1800.0
6.7891E+02,0.010509,0.014235,0.00639,1800.0
6.7901E+02,0.009261,0.015080,0.00639,1800.0
6.7911E+02,0.007927,0.015826,0.00639,1800.0
6.7920E+02,0.006640,0.016416,0.00639,1800.0
6.7930E+02,0.005305,0.016899,0.00639,1800.0
6.7940E+02,0.003837,0.017295,0.00639,1800.0
6.7950E+02,0.002350,0.017552,0.00639,1800.0
6.7960E+02,0.000815,0.017683,0.00639,1800.0
6.7970E+02,-0.000732,0.017684,0.00639,1800.0
6.7980E+02,-0.002193,0.017564,0.00639,1800.0
6.7990E+02,-0.003668,0.017313,0.00639,1800.0
6.8000E+02,-0.005126,0.016939,0.00639,1800.0
6.8010E+02,-0.006533,0.016444,0.00639,1800.0
6.8020E+02,-0.007904,0.015835,0.00639,1800.0
6.8031E+02,-0.009217,0.015115,0.00639,1800.0
6.8041E+02,-0.010476,0.014270,0.00639,1800.0
6.8051E+02,-0.011670,0.013307,0.00639,1800.0
6.8061E+02,-0.012714,0.012252,0.00639,1800.0
6.8071E+02,-0.013788,0.011106,0.00639,1800.0
6.8081E+02,-0.014671,0.009911,0.00639,1800.0
6.8090E+02,-0.015384,0.008745,0.00639,1800.0
6.8100E+02,-0.016057,0.007438,0.00639,1800.0
6.8110E+02,-0.016625,0.006066,0.00639,1800.0
6.8120E+02,-0.017078,0.004620,0.00639,1800.0
6.8130E+02,-0.017414,0.003141,0.00639,1800.0
6.8140E+02,-0.017627,0.001617,0.00639,1800.0
6.8150E+02,-0.017701,0.000093,0.00639,1800.0
6.8160E+02,-0.017649,-0.001407,0.00639,1800.0
6.8170E+02,-0.017474,-0.002883,0.00639,1800.0
6.8180E+02,-0.017176,-0.004337,0.00639,1800.0
6.8190E+02,-0.016725,-0.005812,0.00639,1800.0
6.8201E+02,-0.016185,-0.007169,0.00639,1800.0
6.8211E+02,-0.015501,-0.008534,0.00639,1800.0
6.8221E+02,-0.014720,-0.009831,0.00639,1800.0
6.8231E+02,-0.013819,-0.011053,0.00639,1800.0
6.8241E+02,-0.012835,-0.012182,0.00639,1800.0
6.8251E+02,-0.011762,-0.013221,0.00639,1800.0
6.8260E+02,-0.010700,-0.014102,0.00639,1800.0
6.8270E+02,-0.009451,-0.014972,0.00639,1800.0
6.8280E+02,-0.008179,-0.015711,0.00639,1800.0
6.8290E+02,-0.006844,-0.016338,0.00639,0.0
6.8300E+02,-0.005348,-0.016885,0.00639,0.0
6.8310E+02,-0.003949,-0.017259,0.00639,0.0
6.8320E+02,-0.002453,-0.017529,0.00639,0.0
6.8330E+02,-0.000928,-0.017673,0.00639,0.0
6.8340E+02,0.000541,-0.017692,0.00639,0.0
6.8350E+02,0.002050,-0.017577,0.00639,1800.0
6.8360E+02,0.003582,-0.017330,0.00639,1800.0
6.8370E+02,0.004672,-0.017089,0.00639,1800.0
6.8381E+02,0.005007,-0.016995,0.00639,1800.0
6.8391E+02,0.004822,-0.016818,0.00639,1800.0
6.8401E+02,0.003171,-0.015238,0.00639,1800.0
6.8411E+02,-0.002143,-0.010151,0.00639,1800.0
6.8421E+02,-0.004189,-0.008194,0.00639,1800.0
6.8431E+02,-0.004302,-0.008085,0.00639,1800.0
6.8440E+02,-0.004306,-0.008083,0.00639,1800.0
6.8450E+02,-0.005016,-0.007633,0.00639,1800.0
6.8460E+02,-0.006100,-0.006775,0.00639,1800.0
6.8470E+02,-0.007128,-0.005688,0.00639,1800.0
6.8480E+02,-0.007981,-0.004435,0.00639,1800.0
6.8490E+02,-0.008593,-0.003072,0.00639,1800.0
6.8500E+02,-0.008995,-0.001609,0.00639,1800.0
6.8510E+02,-0.009147,-0.000110,0.00639,1800.0
6.8520E+02,-0.009061,0.001317,0.00639,1800.0
6.8530E+02,-0.008719,0.002805,0.00639,1800.0
6.8540E+02,-0.008111,0.004211,0.00639,1800.0
6.8551E+02,-0.007275,0.005508,0.00639,1800.0
6.8561E+02,-0.006293,0.006609,0.00639,1800.0
6.8571E+02,-0.005115,0.007550,0.00639,1800.0
6.8581E+02,-0.003791,0.008299,0.00639,1800.0
6.8591E+02,-0.002394,0.008798,0.00639,1800.0
6.8601E+02,-0.000954,0.009076,0.00639,1800.0
6.8611E+02,0.000547,0.009107,0.00639,1800.0
6.8620E+02,0.001927,0.008928,0.00639,1800.0
6.8630E+02,0.003403,0.008488,0.00639,1800.0
6.8640E+02,0.004698,0.007856,0.00639,1800.0
6.8650E+02,0.005923,0.006966,0.00639,1800.0
6.8660E+02,0.006993,0.005874,0.00639,1800.0
6.8670E+02,0.007876,0.004615,0.00639,1800.0
6.8680E+02,0.008525,0.003244,0.00639,1800.0
6.8690E+02,0.008940,0.001812,0.00639,1800.0
6.8700E+02,0.009119,0.000339,0.00639,1800.0
6.8710E+02,0.009044,-0.001167,0.00639,1800.0
6.8720E+02,0.008733,-0.002655,0.00639,1800.0
6.8731E+02,0.008196,-0.004035,0.00639,1800.0
6.8741E+02,0.007457,-0.005269,0.00639,1800.0
6.8751E+02,0.006445,-0.006492,0.00639,0.0
6.8761E+02,0.005323,-0.007445,0.00639,0.0
6.8771E+02,0.004010,-0.008223,0.00639,0.0
6.8781E+02,0.002666,-0.008737,0.00639,0.0
6.8790E+02,0.001330,-0.009026,0.00639,0.0
6.8800E+02,-0.000145,-0.009124,0.00639,0.0
6.8810E+02,-0.001669,-0.008958,0.00639,0.0
6.8820E+02,-0.003159,-0.008555,0.00639,1800.0
6.8830E+02,-0.004148,-0.008162,0.00639,1800.0
6.8840E+02,-0.004302,-0.008085,0.00639,1800.0
6.8850E+02,-0.004102,-0.007597,0.00639,1800.0
6.8860E+02,-0.002934,-0.004750,0.00639,1800.0
6.8870E+02,0.000020,0.002450,0.00639,1800.0
6.8880E+02,0.003042,0.009816,0.00639,1800.0
6.8890E+02,0.004964,0.014500,0.00639,1800.0
6.8911E+02,0.005227,0.015142,0.00639,1800.0
6.8921E+02,0.004834,0.015267,0.00639,1800.0
6.8931E+02,0.003655,0.015567,0.00639,1800.0
6.8941E+02,0.002216,0.015845,0.00639,1800.0
6.8951E+02,0.000756,0.015975,0.00639,1800.0
6.8960E+02,-0.000633,0.015987,0.00639,1800.0
6.8970E+02,-0.002154,0.015859,0.00639,1800.0
6.8980E+02,-0.003663,0.015589,0.00639,1800.0
6.8990E+02,-0.005047,0.015198,0.00639,1800.0
6.9000E+02,-0.006447,0.014648,0.00639,1800.0
6.9010E+02,-0.007813,0.013969,0.00639,1800.0
6.9020E+02,-0.009128,0.013133,0.00639,1800.0
6.9030E+02,-0.010287,0.012257,0.00639,1800.0
6.9040E+02,-0.011381,0.011238,0.00639,1800.0
6.9050E+02,-0.012388,0.010113,0.00639,1800.0
6.9060E+02,-0.013288,0.008899,0.00639,1800.0
6.9071E+02,-0.014077,0.007592,0.00639,1800.0
6.9081E+02,-0.014729,0.006250,0.00639,1800.0
6.9091E+02,-0.015253,0.004845,0.00639,1800.0
6.9101E+02,-0.015650,0.003343,0.00639,1800.0
6.9111E+02,-0.015895,0.001924,0.00639,1800.0
6.9121E+02,-0.016005,0.000359,0.00639,1800.0
6.9130E+02,-0.015970,-0.000937,0.00639,1800.0
6.9140E+02,-0.015811,-0.002438,0.00639,1800.0
6.9150E+02,-0.015490,-0.003964,0.00639,1800.0
6.9160E+02,-0.015050,-0.005417,0.00639,1800.0
6.9170E+02,-0.014477,-0.006795,0.00639,1800.0
6.9180E+02,-0.013764,-0.008143,0.00639,1800.0
6.9190E+02,-0.012943,-0.009406,0.00639,1800.0
6.9200E+02,-0.012035,-0.010547,0.00639,1800.0
6.9210E+02,-0.010980,-0.011648,0.00639,1800.0
6.9220E+02,-0.009885,-0.012599,0.00639,1800.0
6.9230E+02,-0.008646,-0.013472,0.00639,1800.0
6.9241E+02,-0.007332,-0.014230,0.00639,1800.0
6.9251E+02,-0.005894,-0.014872,0.00639,1800.0
6.9261E+02,-0.004503,-0.015353,0.00639,1800.0
6.9271E+02,-0.003045,-0.015704,0.00639,1800.0
6.9281E+02,-0.001534,-0.015918,0.00639,1800.0
6.9291E+02,-0.000031,-0.016000,0.00639,1800.0
6.9300E+02,0.001316,-0.015943,0.00639,1800.0
6.9310E+02,0.002827,-0.015750,0.00639,1800.0
6.9320E+02,0.004293,-0.015418,0.00639,1800.0
6.9330E+02,0.005744,-0.014944,0.00639,1800.0
6.9340E+02,0.007053,-0.014372,0.00639,1800.0
6.9350E+02,0.008372,-0.013646,0.00639,1800.0
6.9360E+02,0.009650,-0.012764,0.00639,1800.0
6.9370E+02,0.010793,-0.011815,0.00639,1800.0
6.9380E+02,0.011845,-0.010749,0.00639,1800.0
6.9390E+02,0.012826,-0.009548,0.00639,1800.0
6.9400E+02,0.013690,-0.008275,0.00639,1800.0
6.9410E+02,0.014391,-0.006980,0.00639,1800.0
6.9421E+02,0.014970,-0.005632,0.00639,1800.0
6.9431E+02,0.015410,-0.004350,0.00639,1800.0
6.9441E+02,0.015648,-0.003352,0.00639,1800.0
6.9451E+02,0.015897,-0.001861,0.00639,1800.0
6.9461E+02,0.015999,-0.000437,0.00639,1800.0
6.9471E+02,0.015967,0.001106,0.00639,1800.0
6.9480E+02,0.015803,0.002455,0.00639,1800.0
6.9490E+02,0.015496,0.003971,0.00639,1800.0
6.9500E+02,0.015063,0.005386,0.00639,1800.0
6.9510E+02,0.014484,0.006779,0.00639,1800.0
6.9520E+02,0.013756,0.008149,0.00639,1800.0
6.9530E+02,0.012922,0.009429,0.00639,0.0
6.9540E+02,0.011998,0.010581,0.00639,0.0
6.9550E+02,0.010982,0.011636,0.00639,0.0
6.9560E+02,0.009821,0.012635,0.00639,0.0
6.9570E+02,0.008563,0.013532,0.00639,0.0
6.9580E+02,0.007303,0.014254,0.00639,0.0
6.9591E+02,0.005890,0.014885,0.00639,1800.0
6.9601E+02,0.005326,0.015105,0.00639,1800.0
6.9611E+02,0.005227,0.015142,0.00639,1800.0
6.9621E+02,0.004931,0.014433,0.00639,1800.0
6.9631E+02,0.002923,0.009622,0.00639,1800.0
6.9640E+02,0.000167,0.003017,0.00639,1800.0
6.9650E+02,-0.002787,-0.004062,0.00639,1800.0
6.9660E+02,-0.004911,-0.009150,0.00639,1800.0
6.9670E+02,-0.005094,-0.009590,0.00639,1800.0
6.9680E+02,-0.005102,-0.009585,0.00639,1800.0
6.9690E+02,-0.005211,-0.009525,0.00639,1800.0
6.9700E+02,-0.006456,-0.008723,0.00639,1800.0
6.9710E+02,-0.007589,-0.007736,0.00639,1800.0
6.9720E+02,-0.008591,-0.006587,0.00639,1800.0
6.9731E+02,-0.009411,-0.005357,0.00639,1800.0
6.9741E+02,-0.010062,-0.004002,0.00639,1800.0
6.9751E+02,-0.010524,-0.002562,0.00639,1800.0
6.9761E+02,-0.010772,-0.001065,0.00639,1800.0
6.9771E+02,-0.010818,0.000419,0.00639,1800.0
6.9781E+02,-0.010674,0.001868,0.00639,1800.0
6.9790E+02,-0.010348,0.003240,0.00639,1800.0
6.9800E+02,-0.009839,0.004611,0.00639,1800.0
6.9810E+02,-0.009092,0.005929,0.00639,1800.0
6.9820E+02,-0.008170,0.007122,0.00639,1800.0
6.9830E+02,-0.007075,0.008207,0.00639,1800.0
6.9840E+02,-0.005901,0.009081,0.00639,1800.0
6.9850E+02,-0.004588,0.009812,0.00639,1800.0
6.9860E+02,-0.003202,0.010346,0.00639,1800.0
6.9870E+02,-0.001704,0.010685,0.00639,1800.0
6.9880E+02,-0.000173,0.010828,0.00639,1800.0
6.9890E+02,0.001297,0.010753,0.00639,1800.0
6.9901E+02,0.002776,0.010481,0.00639,1800.0
6.9911E+02,0.004153,0.010010,0.00639,1800.0
6.9921E+02,0.005530,0.009329,0.00639,1800.0
6.9931E+02,0.006822,0.008448,0.00639,1800.0
6.9941E+02,0.007873,0.007468,0.00639,1800.0
6.9951E+02,0.008849,0.006268,0.00639,1800.0
6.9960E+02,0.009552,0.005100,0.00639,1800.0
6.9970E+02,0.010169,0.003708,0.00639,1800.0
6.9980E+02,0.010581,0.002303,0.00639,1800.0
6.9990E+02,0.010795,0.000846,0.00639,1800.0
7.0000E+02,0.010807,-0.000703,0.00639,1800.0
7.0010E+02,0.010610,-0.002187,0.00639,1800.0
7.0020E+02,0.010229,-0.003581,0.00639,1800.0
7.0030E+02,0.009626,-0.005009,0.00639,1800.0
7.0040E+02,0.008841,-0.006300,0.00639,1800.0
7.0050E+02,0.007874,-0.007475,0.00639,1800.0
7.0060E+02,0.006774,-0.008460,0.00639,1800.0
7.0071E+02,0.005560,-0.009300,0.00639,1800.0
7.0081E+02,0.004201,-0.009984,0.00639,0.0
7.0091E+02,0.002772,-0.010467,0.00639,0.0
7.0101E+02,0.001286,-0.010747,0.00639,0.0
7.0111E+02,-0.000226,-0.010825,0.00639,0.0
7.0121E+02,-0.001736,-0.010686,0.00639,1800.0
7.0130E+02,-0.003080,-0.010392,0.00639,1800.0
7.0140E+02,-0.004416,-0.009917,0.00639,1800.0
7.0160E+02,-0.005094,-0.009590,0.00639,1800.0
7.0170E+02,-0.004775,-0.009734,0.00639,1800.0
7.0180E+02,0.000901,-0.012297,0.00639,1800.0
7.0190E+02,0.003647,-0.013537,0.00639,1800.0
7.0200E+02,0.004067,-0.013727,0.00639,1800.0
7.0210E+02,0.004070,-0.013726,0.00639,1800.0
7.0220E+02,0.004634,-0.013527,0.00639,1800.0
7.0230E+02,0.005847,-0.013048,0.00639,1800.0
7.0241E+02,0.007152,-0.012376,0.00639,1800.0
7.0251E+02,0.008429,-0.011547,0.00639,1800.0
7.0261E+02,0.009608,-0.010597,0.00639,1800.0
7.0271E+02,0.010674,-0.009536,0.00639,1800.0
7.0281E+02,0.011249,-0.008850,0.00639,1800.0
7.0291E+02,0.012081,-0.007660,0.00639,1800.0
7.0300E+02,0.012752,-0.006464,0.00639,1800.0
7.0310E+02,0.013364,-0.005062,0.00639,1800.0
7.0320E+02,0.013815,-0.003663,0.00639,1800.0
7.0330E+02,0.014117,-0.002224,0.00639,1800.0
7.0340E+02,0.014265,-0.000692,0.00639,1800.0
7.0350E+02,0.014268,0.000835,0.00639,1800.0
7.0360E+02,0.014136,0.002189,0.00639,1800.0
7.0370E+02,0.013906,0.003350,0.00639,1800.0
7.0380E+02,0.013500,0.004716,0.00639,1800.0
7.0390E+02,0.012922,0.006150,0.00639,1800.0
7.0400E+02,0.012192,0.007488,0.00639,1800.0
7.0411E+02,0.011380,0.008665,0.00639,1800.0
7.0421E+02,0.010764,0.009426,0.00639,1800.0
7.0431E+02,0.009821,0.010390,0.00639,1800.0
7.0441E+02,0.008655,0.011372,0.00639,1800.0
7.0451E+02,0.007392,0.012230,0.00639,1800.0
7.0461E+02,0.006062,0.012941,0.00639,1800.0
7.0470E+02,0.004825,0.013459,0.00639,1800.0
7.0480E+02,0.003393,0.013892,0.00639,1800.0
7.0490E+02,0.001900,0.014177,0.00639,1800.0
7.0500E+02,0.000433,0.014306,0.00639,1800.0
7.0510E+02,-0.001182,0.014263,0.00639,1800.0
7.0520E+02,-0.002602,0.014065,0.00639,1800.0
7.0530E+02,-0.004121,0.013694,0.00639,1800.0
7.0540E+02,-0.005514,0.013188,0.00639,1800.0
7.0550E+02,-0.006848,0.012549,0.00639,1800.0
7.0560E+02,-0.008134,0.011752,0.00639,1800.0
7.0570E+02,-0.009341,0.010814,0.00639,1800.0
7.0581E+02,-0.010437,0.009760,0.00639,1800.0
7.0591E+02,-0.011398,0.008634,0.00639,1800.0
7.0601E+02,-0.012212,0.007421,0.00639,1800.0
7.0611E+02,-0.012959,0.006051,0.00639,1800.0
7.0621E+02,-0.013527,0.004647,0.00639,1800.0
7.0631E+02,-0.013947,0.003205,0.00639,1800.0
7.0640E+02,-0.014185,0.001834,0.00639,1800.0
7.0650E+02,-0.014291,0.000378,0.00639,1800.0
7.0660E+02,-0.014248,-0.001110,0.00639,1800.0
7.0670E+02,-0.014044,-0.002640,0.00639,1800.0
7.0680E+02,-0.013695,-0.004085,0.00639,1800.0
7.0690E+02,-0.013203,-0.005466,0.00639,1800.0
7.0700E+02,-0.012555,-0.006835,0.00639,1800.0
7.0710E+02,-0.011762,-0.008121,0.00639,1800.0
7.0720E+02,-0.010836,-0.009332,0.00639,1800.0
7.0730E+02,-0.009786,-0.010432,0.00639,1800.0
7.0740E+02,-0.008648,-0.011406,0.00639,1800.0
7.0751E+02,-0.007404,-0.012249,0.00639,0.0
7.0761E+02,-0.006033,-0.012969,0.00639,0.0
7.0771E+02,-0.004668,-0.013514,0.00639,0.0
7.0781E+02,-0.003217,-0.013930,0.00639,0.0
7.0791E+02,-0.001702,-0.014191,0.00639,0.0
7.0801E+02,-0.000209,-0.014290,0.00639,0.0
7.0810E+02,0.001107,-0.014253,0.00639,1800.0
7.0820E+02,0.002571,-0.014062,0.00639,1800.0
7.0830E+02,0.003811,-0.013800,0.00639,1800.0
7.0840E+02,0.004067,-0.013727,0.00639,1800.0
7.0850E+02,0.003997,-0.013708,0.00639,1800.0
7.0860E+02,0.002041,-0.013191,0.00639,1800.0
7.0870E+02,-0.004660,-0.011419,0.00639,1800.0
7.0880E+02,-0.005823,-0.011112,0.00639,1800.0
7.0890E+02,-0.005886,-0.011095,0.00639,1800.0
7.0900E+02,-0.006071,-0.010992,0.00639,1800.0
7.0911E+02,-0.006984,-0.010406,0.00639,1800.0
7.0921E+02,-0.008191,-0.009489,0.00639,1800.0
7.0931E+02,-0.009270,-0.008440,0.00639,1800.0
7.0941E+02,-0.010223,-0.007253,0.00639,1800.0
7.0951E+02,-0.011043,-0.005935,0.00639,1800.0
7.0960E+02,-0.011606,-0.004770,0.00639,1800.0
7.0970E+02,-0.012118,-0.003298,0.00639,1800.0
7.0980E+02,-0.012420,-0.001780,0.00639,1800.0
7.0990E+02,-0.012532,-0.000334,0.00639,1800.0
7.1000E+02,-0.012475,0.001183,0.00639,1800.0
7.1010E+02,-0.012235,0.002703,0.00639,1800.0
7.1020E+02,-0.011834,0.004138,0.00639,1800.0
7.1030E+02,-0.011241,0.005527,0.00639,1800.0
7.1041E+02,-0.010504,0.006830,0.00639,1800.0
7.1051E+02,-0.009623,0.008023,0.00639,1800.0
7.1061E+02,-0.008602,0.009122,0.00639,1800.0
7.1071E+02,-0.007482,0.010065,0.00639,1800.0
7.1081E+02,-0.006213,0.010902,0.00639,1800.0
7.1090E+02,-0.004926,0.011551,0.00639,1800.0
7.1100E+02,-0.003505,0.012049,0.00639,1800.0
7.1110E+02,-0.002085,0.012372,0.00639,1800.0
7.1120E+02,-0.000542,0.012533,0.00639,1800.0
7.1130E+02,0.000963,0.012500,0.00639,1800.0
7.1140E+02,0.002421,0.012298,0.00639,1800.0
7.1150E+02,0.003892,0.011907,0.00639,1800.0
7.1160E+02,0.005290,0.011358,0.00639,1800.0
7.1171E+02,0.006607,0.010641,0.00639,1800.0
7.1181E+02,0.007875,0.009754,0.00639,1800.0
7.1191E+02,0.008954,0.008776,0.00639,1800.0
7.1201E+02,0.009971,0.007614,0.00639,1800.0
7.1211E+02,0.010806,0.006381,0.00639,1800.0
7.1220E+02,0.011426,0.005161,0.00639,1800.0
7.1230E+02,0.011965,0.003746,0.00639,1800.0
7.1240E+02,0.012331,0.002248,0.00639,1800.0
7.1250E+02,0.012514,0.000780,0.00639,1800.0
7.1260E+02,0.012519,-0.000684,0.00639,1800.0
7.1270E+02,0.012342,-0.002204,0.00639,1800.0
7.1280E+02,0.011975,-0.003710,0.00639,1800.0
7.1290E+02,0.011461,-0.005081,0.00639,1800.0
7.1300E+02,0.010780,-0.006391,0.00639,1800.0
7.1311E+02,0.009903,-0.007714,0.00639,1800.0
7.1321E+02,0.008924,-0.008826,0.00639,1800.0
7.1331E+02,0.007788,-0.009850,0.00639,1800.0
7.1341E+02,0.006618,-0.010662,0.00639,1800.0
7.1351E+02,0.005283,-0.011369,0.00639,1800.0
