5.5116E+03,0.009068,0.008156,0.05822,0.0
5.5117E+03,0.009988,0.007019,0.05822,0.0
5.5118E+03,0.010808,0.005694,0.05822,0.0
5.5119E+03,0.011435,0.004313,0.05822,0.0
5.5120E+03,0.011837,0.002885,0.05822,0.0
5.5120E+03,0.012089,0.001546,0.05822,0.0
5.5121E+03,0.012190,0.000075,0.05822,0.0
5.5122E+03,0.012168,-0.001031,0.05822,0.0
5.5124E+03,0.012143,-0.001443,0.05822,0.0
5.5600E+03,-0.018023,-0.001889,0.05893,1800.0
5.5601E+03,-0.018022,-0.001906,0.05893,1800.0
5.5602E+03,-0.017932,-0.002534,0.05893,1800.0
5.5603E+03,-0.017677,-0.003897,0.05893,1800.0
5.5604E+03,-0.017280,-0.005378,0.05893,1800.0
5.5605E+03,-0.016774,-0.006804,0.05893,1800.0
5.5606E+03,-0.016152,-0.008181,0.05893,1800.0
5.5607E+03,-0.015445,-0.009474,0.05893,1800.0
5.5609E+03,-0.014781,-0.010479,0.05893,1800.0
5.5610E+03,-0.013952,-0.011547,0.05893,1800.0
5.5611E+03,-0.012912,-0.012686,0.05893,1800.0
5.5612E+03,-0.011776,-0.013746,0.05893,1800.0
5.5613E+03,-0.010629,-0.014657,0.05893,1800.0
5.5614E+03,-0.009375,-0.015482,0.05893,1800.0
5.5615E+03,-0.008088,-0.016190,0.05893,1800.0
5.5615E+03,-0.006893,-0.016734,0.05893,1800.0
5.5616E+03,-0.005443,-0.017268,0.05893,1800.0
5.5617E+03,-0.003976,-0.017665,0.05893,1800.0
5.5618E+03,-0.002422,-0.017947,0.05893,1800.0
5.5619E+03,-0.000908,-0.018089,0.05893,1800.0
5.5620E+03,0.000548,-0.018103,0.05893,1800.0
5.5621E+03,0.002094,-0.017989,0.05893,1800.0
5.5622E+03,0.003584,-0.017748,0.05893,1800.0
5.5623E+03,0.005050,-0.017379,0.05893,1800.0
5.5624E+03,0.006459,-0.016905,0.05893,1800.0
5.5625E+03,0.007802,-0.016336,0.05893,1800.0
5.5627E+03,0.009106,-0.015647,0.05893,1800.0
5.5628E+03,0.010373,-0.014829,0.05893,1800.0
5.5629E+03,0.011583,-0.013905,0.05893,1800.0
5.5630E+03,0.012727,-0.012876,0.05893,1800.0
5.5631E+03,0.013763,-0.011776,0.05893,1800.0
5.5632E+03,0.014662,-0.010633,0.05893,1800.0
5.5632E+03,0.015454,-0.009435,0.05893,1800.0
5.5633E+03,0.016177,-0.008127,0.05893,1800.0
5.5634E+03,0.016798,-0.006748,0.05893,1800.0
5.5635E+03,0.017299,-0.005327,0.05893,1800.0
5.5636E+03,0.017676,-0.003866,0.05893,1800.0
5.5637E+03,0.017938,-0.002385,0.05893,1800.0
5.5638E+03,0.018080,-0.000912,0.05893,1800.0
5.5639E+03,0.018094,0.000571,0.05893,1800.0
5.5640E+03,0.017979,0.002094,0.05893,1800.0
5.5641E+03,0.017749,0.003558,0.05893,1800.0
5.5642E+03,0.017406,0.005010,0.05893,1800.0
5.5644E+03,0.016987,0.006301,0.05893,1800.0
5.5645E+03,0.016497,0.007487,0.05893,1800.0
5.5646E+03,0.015851,0.008753,0.05893,1800.0
5.5647E+03,0.015040,0.010067,0.05893,1800.0
5.5648E+03,0.014123,0.011316,0.05893,1800.0
5.5649E+03,0.013135,0.012453,0.05893,1800.0
5.5649E+03,0.012200,0.013379,0.05893,1800.0
5.5650E+03,0.011045,0.014334,0.05893,1800.0
5.5651E+03,0.009760,0.015242,0.05893,1800.0
5.5652E+03,0.008482,0.016001,0.05893,1800.0
5.5653E+03,0.007192,0.016622,0.05893,1800.0
5.5654E+03,0.005705,0.017192,0.05893,1800.0
5.5655E+03,0.004330,0.017583,0.05893,1800.0
5.5656E+03,0.002819,0.017886,0.05893,1800.0
5.5657E+03,0.001300,0.018060,0.05893,1800.0
5.5658E+03,-0.000231,0.018098,0.05893,1800.0
5.5659E+03,-0.001697,0.018018,0.05893,1800.0
5.5661E+03,-0.003152,0.017821,0.05893,1800.0
5.5662E+03,-0.004656,0.017486,0.05893,1800.0
5.5663E+03,-0.006108,0.017042,0.05893,1800.0
5.5664E+03,-0.007455,0.016493,0.05893,1800.0
5.5665E+03,-0.008833,0.015802,0.05893,1800.0
5.5666E+03,-0.010088,0.015038,0.05893,1800.0
5.5667E+03,-0.011381,0.014095,0.05893,1800.0
5.5667E+03,-0.012397,0.013197,0.05893,1800.0
5.5668E+03,-0.013391,0.012180,0.05893,1800.0
5.5669E+03,-0.014339,0.011044,0.05893,1800.0
5.5670E+03,-0.015075,0.010030,0.05893,1800.0
5.5671E+03,-0.015788,0.008852,0.05893,1800.0
5.5672E+03,-0.016477,0.007489,0.05893,0.0
5.5673E+03,-0.017048,0.006067,0.05893,0.0
5.5674E+03,-0.017494,0.004642,0.05893,0.0
5.5675E+03,-0.017810,0.003246,0.05893,0.0
5.5676E+03,-0.018019,0.001876,0.05893,0.0
5.5678E+03,-0.018100,0.000743,0.05893,0.0
5.5679E+03,-0.018106,-0.000751,0.05893,1800.0
5.5680E+03,-0.018033,-0.001770,0.05893,1800.0
5.5681E+03,-0.018023,-0.001888,0.05893,1800.0
5.5682E+03,-0.018023,-0.001889,0.05893,1800.0
5.5683E+03,-0.014582,-0.001807,0.05893,1800.0
5.5684E+03,-0.007758,-0.001643,0.05893,1800.0
5.5684E+03,-0.000725,-0.001474,0.05893,1800.0
5.5685E+03,0.005614,-0.001322,0.05893,1800.0
5.5687E+03,0.008665,-0.001249,0.05893,1800.0
5.5688E+03,0.008649,-0.001326,0.05893,1800.0
5.5689E+03,0.008460,-0.002257,0.05893,1800.0
5.5690E+03,0.007906,-0.003727,0.05893,1800.0
5.5691E+03,0.007134,-0.005033,0.05893,1800.0
5.5692E+03,0.006206,-0.006131,0.05893,1800.0
5.5693E+03,0.005077,-0.007096,0.05893,1800.0
5.5694E+03,0.003778,-0.007853,0.05893,1800.0
5.5696E+03,0.002380,-0.008379,0.05893,1800.0
5.5697E+03,0.000907,-0.008669,0.05893,1800.0
5.5698E+03,-0.000599,-0.008692,0.05893,1800.0
5.5699E+03,-0.002087,-0.008465,0.05893,1800.0
5.5700E+03,-0.003540,-0.007975,0.05893,1800.0
5.5701E+03,-0.004885,-0.007239,0.05893,1800.0
5.5701E+03,-0.005938,-0.006432,0.05893,1800.0
5.5702E+03,-0.006924,-0.005320,0.05893,1800.0
5.5703E+03,-0.007740,-0.004036,0.05893,1800.0
5.5704E+03,-0.008311,-0.002628,0.05893,1800.0
5.5705E+03,-0.008639,-0.001205,0.05893,1800.0
5.5706E+03,-0.008709,0.000271,0.05893,1800.0
5.5707E+03,-0.008528,0.001791,0.05893,1800.0
5.5708E+03,-0.008102,0.003233,0.05893,1800.0
5.5709E+03,-0.007447,0.004538,0.05893,1800.0
5.5710E+03,-0.006549,0.005758,0.05893,1800.0
5.5711E+03,-0.005431,0.006838,0.05893,1800.0
5.5713E+03,-0.004220,0.007660,0.05893,1800.0
5.5714E+03,-0.002824,0.008278,0.05893,1800.0
5.5715E+03,-0.001371,0.008644,0.05893,1800.0
5.5716E+03,0.000141,0.008729,0.05893,1800.0
5.5717E+03,0.001622,0.008570,0.05893,1800.0
5.5718E+03,0.003068,0.008156,0.05893,1800.0
5.5719E+03,0.004406,0.007523,0.05893,0.0
5.5719E+03,0.005505,0.006754,0.05893,0.0
5.5720E+03,0.006602,0.005689,0.05893,0.0
5.5721E+03,0.007501,0.004456,0.05893,0.0
5.5722E+03,0.008150,0.003125,0.05893,0.0
5.5723E+03,0.008561,0.001739,0.05893,1800.0
5.5724E+03,0.008744,0.000246,0.05893,1800.0
5.5725E+03,0.008678,-0.001092,0.05893,1800.0
5.5726E+03,0.008666,-0.001243,0.05893,1800.0
5.5727E+03,0.008665,-0.001249,0.05893,1800.0
5.5728E+03,0.006397,-0.003920,0.05893,1800.0
5.5730E+03,0.001955,-0.009152,0.05893,1800.0
5.5731E+03,-0.002205,-0.014052,0.05893,1800.0
5.5733E+03,-0.003834,-0.015970,0.05893,1800.0
5.5734E+03,-0.003653,-0.016006,0.05893,1800.0
5.5735E+03,-0.002854,-0.016151,0.05893,1800.0
5.5736E+03,-0.001422,-0.016346,0.05893,1800.0
5.5736E+03,-0.000060,-0.016410,0.05893,1800.0
5.5737E+03,0.001454,-0.016343,0.05893,1800.0
5.5738E+03,0.002943,-0.016143,0.05893,1800.0
5.5739E+03,0.004401,-0.015797,0.05893,1800.0
5.5740E+03,0.005840,-0.015323,0.05893,1800.0
5.5741E+03,0.007214,-0.014723,0.05893,1800.0
5.5742E+03,0.008540,-0.013994,0.05893,1800.0
5.5743E+03,0.009817,-0.013133,0.05893,1800.0
5.5744E+03,0.011003,-0.012163,0.05893,1800.0
5.5745E+03,0.012061,-0.011114,0.05893,1800.0
5.5746E+03,0.013007,-0.009998,0.05893,1800.0
5.5748E+03,0.013890,-0.008745,0.05893,1800.0
5.5749E+03,0.014604,-0.007488,0.05893,1800.0
5.5750E+03,0.015251,-0.006055,0.05893,1800.0
5.5751E+03,0.015737,-0.004631,0.05893,1800.0
5.5752E+03,0.016082,-0.003211,0.05893,1800.0
5.5753E+03,0.016311,-0.001702,0.05893,1800.0
5.5753E+03,0.016392,-0.000327,0.05893,1800.0
5.5754E+03,0.016352,0.001179,0.05893,1800.0
5.5755E+03,0.016177,0.002668,0.05893,1800.0
5.5756E+03,0.015866,0.004148,0.05893,1800.0
5.5757E+03,0.015417,0.005602,0.05893,1800.0
5.5758E+03,0.014846,0.006986,0.05893,1800.0
5.5759E+03,0.014138,0.008332,0.05893,1800.0
5.5760E+03,0.013321,0.009581,0.05893,1800.0
5.5761E+03,0.012377,0.010767,0.05893,1800.0
5.5762E+03,0.011322,0.011867,0.05893,1800.0
5.5763E+03,0.010191,0.012847,0.05893,1800.0
5.5765E+03,0.008952,0.013736,0.05893,1800.0
5.5766E+03,0.007643,0.014505,0.05893,1800.0
5.5767E+03,0.006305,0.015135,0.05893,1800.0
5.5768E+03,0.004898,0.015650,0.05893,1800.0
5.5769E+03,0.003432,0.016036,0.05893,1800.0
5.5770E+03,0.002002,0.016280,0.05893,1800.0
5.5771E+03,0.000467,0.016402,0.05893,1800.0
5.5771E+03,-0.000893,0.016389,0.05893,1800.0
5.5772E+03,-0.002431,0.016228,0.05893,1800.0
5.5773E+03,-0.003872,0.015940,0.05893,1800.0
5.5774E+03,-0.005309,0.015517,0.05893,1800.0
5.5775E+03,-0.006589,0.015021,0.05893,1800.0
5.5776E+03,-0.007691,0.014496,0.05893,1800.0
5.5777E+03,-0.008860,0.013796,0.05893,1800.0
5.5778E+03,-0.010091,0.012922,0.05893,1800.0
5.5779E+03,-0.011203,0.011973,0.05893,1800.0
5.5780E+03,-0.012265,0.010893,0.05893,1800.0
5.5781E+03,-0.013207,0.009725,0.05893,1800.0
5.5783E+03,-0.014001,0.008568,0.05893,1800.0
5.5784E+03,-0.014446,0.007790,0.05893,1800.0
5.5785E+03,-0.015105,0.006435,0.05893,1800.0
5.5786E+03,-0.015612,0.005034,0.05893,1800.0
5.5787E+03,-0.016010,0.003555,0.05893,1800.0
5.5788E+03,-0.016269,0.002038,0.05893,1800.0
5.5788E+03,-0.016379,0.000718,0.05893,1800.0
5.5789E+03,-0.016378,-0.000757,0.05893,1800.0
5.5790E+03,-0.016240,-0.002282,0.05893,1800.0
5.5791E+03,-0.015956,-0.003786,0.05893,1800.0
5.5792E+03,-0.015547,-0.005224,0.05893,1800.0
5.5793E+03,-0.015025,-0.006602,0.05893,1800.0
5.5794E+03,-0.014354,-0.007954,0.05893,1800.0
5.5795E+03,-0.013584,-0.009211,0.05893,1800.0
5.5796E+03,-0.012649,-0.010446,0.05893,0.0
5.5797E+03,-0.011632,-0.011564,0.05893,0.0
5.5798E+03,-0.010550,-0.012608,0.05893,0.0
5.5800E+03,-0.009330,-0.013510,0.05893,0.0
5.5801E+03,-0.008043,-0.014286,0.05893,0.0
5.5802E+03,-0.007000,-0.014863,0.05893,0.0
5.5803E+03,-0.005933,-0.015314,0.05893,1800.0
5.5804E+03,-0.004647,-0.015742,0.05893,1800.0
5.5805E+03,-0.003834,-0.015970,0.05893,1800.0
5.5806E+03,-0.003828,-0.015964,0.05893,1800.0
5.5806E+03,-0.003781,-0.015917,0.05893,1800.0
5.5807E+03,0.000308,-0.011369,0.05893,1800.0
5.5808E+03,0.005688,-0.006189,0.05893,1800.0
5.5809E+03,0.009483,-0.002422,0.05893,1800.0
5.5811E+03,0.010338,-0.001552,0.05893,1800.0
5.5812E+03,0.010230,-0.002080,0.05893,1800.0
5.5813E+03,0.009882,-0.003307,0.05893,1800.0
5.5814E+03,0.009292,-0.004721,0.05893,1800.0
5.5815E+03,0.008542,-0.005977,0.05893,1800.0
5.5816E+03,0.007636,-0.007122,0.05893,1800.0
5.5818E+03,0.006494,-0.008181,0.05893,1800.0
5.5819E+03,0.005211,-0.009052,0.05893,1800.0
5.5820E+03,0.003937,-0.009669,0.05893,1800.0
5.5821E+03,0.002448,-0.010149,0.05893,1800.0
5.5822E+03,0.000999,-0.010385,0.05893,1800.0
5.5823E+03,-0.000498,-0.010408,0.05893,1800.0
5.5824E+03,-0.002014,-0.010225,0.05893,1800.0
5.5824E+03,-0.003306,-0.009871,0.05893,1800.0
5.5825E+03,-0.004668,-0.009288,0.05893,1800.0
5.5826E+03,-0.005990,-0.008530,0.05893,1800.0
5.5827E+03,-0.007162,-0.007589,0.05893,1800.0
5.5828E+03,-0.008191,-0.006476,0.05893,1800.0
5.5829E+03,-0.009037,-0.005249,0.05893,1800.0
5.5830E+03,-0.009708,-0.003845,0.05893,1800.0
5.5831E+03,-0.010141,-0.002472,0.05893,1800.0
5.5832E+03,-0.010395,-0.000933,0.05893,1800.0
5.5833E+03,-0.010410,0.000564,0.05893,1800.0
5.5835E+03,-0.010227,0.002004,0.05893,1800.0
5.5836E+03,-0.009837,0.003433,0.05893,1800.0
5.5837E+03,-0.009238,0.004827,0.05893,1800.0
5.5838E+03,-0.008466,0.006120,0.05893,1800.0
5.5839E+03,-0.007529,0.007272,0.05893,1800.0
5.5840E+03,-0.006355,0.008269,0.05893,1800.0
5.5841E+03,-0.005071,0.009129,0.05893,1800.0
5.5841E+03,-0.003836,0.009716,0.05893,1800.0
5.5842E+03,-0.002407,0.010157,0.05893,1800.0
5.5843E+03,-0.000923,0.010391,0.05893,1800.0
5.5844E+03,0.000598,0.010414,0.05893,1800.0
5.5845E+03,0.002001,0.010240,0.05893,1800.0
5.5846E+03,0.003480,0.009813,0.05893,1800.0
5.5847E+03,0.004902,0.009194,0.05893,1800.0
5.5848E+03,0.006171,0.008404,0.05893,1800.0
5.5849E+03,0.007306,0.007446,0.05893,0.0
5.5850E+03,0.008267,0.006344,0.05893,0.0
5.5851E+03,0.009138,0.005044,0.05893,0.0
5.5853E+03,0.009754,0.003749,0.05893,0.0
5.5854E+03,0.010193,0.002311,0.05893,0.0
5.5855E+03,0.010408,0.000756,0.05893,1800.0
5.5856E+03,0.010412,-0.000700,0.05893,1800.0
5.5857E+03,0.010355,-0.001406,0.05893,1800.0
5.5858E+03,0.010338,-0.001552,0.05893,1800.0
5.5858E+03,0.009787,-0.001777,0.05893,1800.0
5.5859E+03,0.005897,-0.003366,0.05893,1800.0
5.5860E+03,-0.001161,-0.006248,0.05893,1800.0
5.5861E+03,-0.007689,-0.008914,0.05893,1800.0
5.5863E+03,-0.010678,-0.010135,0.05893,1800.0
5.5864E+03,-0.010674,-0.010139,0.05893,1800.0
5.5865E+03,-0.009899,-0.010891,0.05893,1800.0
5.5866E+03,-0.008718,-0.011839,0.05893,1800.0
5.5867E+03,-0.007447,-0.012671,0.05893,1800.0
5.5868E+03,-0.006107,-0.013370,0.05893,1800.0
5.5869E+03,-0.004707,-0.013918,0.05893,1800.0
5.5871E+03,-0.003266,-0.014325,0.05893,1800.0
5.5872E+03,-0.001781,-0.014587,0.05893,1800.0
5.5873E+03,-0.000589,-0.014696,0.05893,1800.0
5.5874E+03,0.000395,-0.014694,0.05893,1800.0
5.5875E+03,0.001818,-0.014586,0.05893,1800.0
5.5876E+03,0.003362,-0.014315,0.05893,1800.0
5.5877E+03,0.004833,-0.013895,0.05893,1800.0
5.5877E+03,0.006096,-0.013378,0.05893,1800.0
5.5878E+03,0.007469,-0.012664,0.05893,1800.0
5.5879E+03,0.008728,-0.011827,0.05893,1800.0
5.5880E+03,0.009887,-0.010873,0.05893,1800.0
5.5881E+03,0.010908,-0.009848,0.05893,1800.0
5.5882E+03,0.011846,-0.008691,0.05893,1800.0
5.5883E+03,0.012694,-0.007404,0.05893,1800.0
5.5884E+03,0.013387,-0.006065,0.05893,1800.0
5.5885E+03,0.013933,-0.004686,0.05893,1800.0
5.5886E+03,0.014331,-0.003253,0.05893,1800.0
5.5888E+03,0.014609,-0.001683,0.05893,1800.0
5.5889E+03,0.014713,-0.000201,0.05893,1800.0
5.5890E+03,0.014653,0.001241,0.05893,1800.0
5.5891E+03,0.014440,0.002766,0.05893,1800.0
5.5892E+03,0.014089,0.004190,0.05893,1800.0
5.5893E+03,0.013586,0.005602,0.05893,1800.0
5.5894E+03,0.012935,0.006976,0.05893,1800.0
5.5894E+03,0.012238,0.008132,0.05893,1800.0
5.5895E+03,0.011345,0.009344,0.05893,1800.0
5.5896E+03,0.010303,0.010479,0.05893,1800.0
5.5897E+03,0.009178,0.011489,0.05893,1800.0
5.5898E+03,0.007958,0.012364,0.05893,1800.0
5.5899E+03,0.006650,0.013124,0.05893,1800.0
5.5900E+03,0.005233,0.013749,0.05893,1800.0
5.5901E+03,0.003786,0.014207,0.05893,1800.0
5.5902E+03,0.002374,0.014509,0.05893,1800.0
5.5903E+03,0.000839,0.014670,0.05893,1800.0
5.5904E+03,-0.000161,0.014709,0.05893,1800.0
5.5906E+03,-0.001371,0.014629,0.05893,1800.0
5.5907E+03,-0.002854,0.014411,0.05893,1800.0
5.5908E+03,-0.004303,0.014050,0.05893,1800.0
5.5909E+03,-0.005731,0.013537,0.05893,1800.0
5.5910E+03,-0.007060,0.012892,0.05893,1800.0
5.5911E+03,-0.008375,0.012090,0.05893,1800.0
5.5911E+03,-0.009461,0.011262,0.05893,1800.0
5.5912E+03,-0.010573,0.010234,0.05893,1800.0
5.5913E+03,-0.011551,0.009092,0.05893,1800.0
5.5914E+03,-0.012412,0.007870,0.05893,1800.0
5.5915E+03,-0.013155,0.006552,0.05893,1800.0
5.5916E+03,-0.013751,0.005175,0.05893,1800.0
5.5917E+03,-0.014209,0.003734,0.05893,1800.0
5.5918E+03,-0.014517,0.002276,0.05893,1800.0
5.5919E+03,-0.014672,0.000812,0.05893,1800.0
5.5920E+03,-0.014698,-0.000572,0.05893,0.0
5.5921E+03,-0.014615,-0.001597,0.05893,0.0
5.5923E+03,-0.014393,-0.003031,0.05893,0.0
5.5924E+03,-0.014011,-0.004488,0.05893,0.0
5.5925E+03,-0.013439,-0.005965,0.05893,0.0
5.5926E+03,-0.012751,-0.007327,0.05893,0.0
5.5927E+03,-0.011951,-0.008558,0.05893,0.0
5.5928E+03,-0.011055,-0.009688,0.05893,1800.0
5.5929E+03,-0.010696,-0.010114,0.05893,1800.0
5.5929E+03,-0.010678,-0.010135,0.05893,1800.0
5.5930E+03,-0.009395,-0.009646,0.05893,1800.0
5.5931E+03,-0.004890,-0.007927,0.05893,1800.0
5.5932E+03,0.002050,-0.005280,0.05893,1800.0
5.5933E+03,0.008742,-0.002727,0.05893,1800.0
5.5936E+03,0.012081,-0.001453,0.05893,1800.0
5.5937E+03,0.011915,-0.002361,0.05893,1800.0
5.5938E+03,0.011546,-0.003727,0.05893,1800.0
5.5940E+03,0.010987,-0.005143,0.05893,1800.0
5.5941E+03,0.010262,-0.006474,0.05893,1800.0
5.5942E+03,0.009396,-0.007669,0.05893,1800.0
5.5943E+03,0.008380,-0.008769,0.05893,1800.0
5.5944E+03,0.007190,-0.009766,0.05893,1800.0
5.5945E+03,0.005915,-0.010591,0.05893,1800.0
5.5946E+03,0.004610,-0.011225,0.05893,1800.0
5.5946E+03,0.003373,-0.011668,0.05893,1800.0
5.5947E+03,0.001840,-0.011994,0.05893,1800.0
5.5948E+03,0.000286,-0.012132,0.05893,1800.0
5.5949E+03,-0.001148,-0.012085,0.05893,1800.0
5.5950E+03,-0.002647,-0.011834,0.05893,1800.0
5.5951E+03,-0.004134,-0.011405,0.05893,1800.0
5.5952E+03,-0.005512,-0.010812,0.05893,1800.0
5.5953E+03,-0.006787,-0.010053,0.05893,1800.0
5.5954E+03,-0.007991,-0.009121,0.05893,1800.0
5.5955E+03,-0.009064,-0.008065,0.05893,1800.0
5.5956E+03,-0.009953,-0.006930,0.05893,1800.0
5.5958E+03,-0.010786,-0.005566,0.05893,1800.0
5.5959E+03,-0.011397,-0.004205,0.05893,1800.0
5.5960E+03,-0.011811,-0.002817,0.05893,1800.0
5.5961E+03,-0.012072,-0.001291,0.05893,1800.0
5.5962E+03,-0.012140,0.000159,0.05893,1800.0
5.5963E+03,-0.012018,0.001671,0.05893,1800.0
5.5963E+03,-0.011748,0.003025,0.05893,1800.0
5.5964E+03,-0.011276,0.004473,0.05893,1800.0
5.5965E+03,-0.010643,0.005822,0.05893,1800.0
5.5966E+03,-0.009875,0.007048,0.05893,1800.0
5.5967E+03,-0.008918,0.008219,0.05893,1800.0
5.5968E+03,-0.007786,0.009313,0.05893,1800.0
5.5969E+03,-0.006660,0.010159,0.05893,1800.0
5.5970E+03,-0.005298,0.010925,0.05893,1800.0
5.5971E+03,-0.003916,0.011492,0.05893,1800.0
5.5972E+03,-0.002413,0.011897,0.05893,1800.0
5.5973E+03,-0.000913,0.012101,0.05893,1800.0
5.5975E+03,0.000587,0.012120,0.05893,1800.0
5.5976E+03,0.002087,0.011956,0.05893,1800.0
5.5977E+03,0.003486,0.011621,0.05893,1800.0
5.5978E+03,0.004688,0.011205,0.05893,1800.0
5.5979E+03,0.005786,0.010675,0.05893,1800.0
5.5980E+03,0.007016,0.009907,0.05893,1800.0
