2.9444E+03,-0.012254,-0.000805,0.03195,0.0
2.9445E+03,-0.012261,0.000721,0.03195,0.0
2.9446E+03,-0.012093,0.002157,0.03195,0.0
2.9447E+03,-0.011740,0.003665,0.03195,0.0
2.9448E+03,-0.011219,0.005036,0.03195,0.0
2.9449E+03,-0.010480,0.006423,0.03195,0.0
2.9450E+03,-0.009634,0.007641,0.03195,0.0
2.9451E+03,-0.008876,0.008520,0.03195,0.0
2.9453E+03,-0.008707,0.008707,0.03195,0.0
2.9662E+03,-0.012348,0.007964,0.03266,1800.0
2.9663E+03,-0.012470,0.007764,0.03266,1800.0
2.9664E+03,-0.012941,0.006898,0.03266,1800.0
2.9665E+03,-0.013575,0.005566,0.03266,1800.0
2.9666E+03,-0.014068,0.004174,0.03266,1800.0
2.9667E+03,-0.014420,0.002712,0.03266,1800.0
2.9668E+03,-0.014636,0.001197,0.03266,1800.0
2.9669E+03,-0.014687,-0.000259,0.03266,1800.0
2.9670E+03,-0.014576,-0.001779,0.03266,1800.0
2.9671E+03,-0.014310,-0.003300,0.03266,1800.0
2.9672E+03,-0.013875,-0.004757,0.03266,1800.0
2.9673E+03,-0.013331,-0.006130,0.03266,1800.0
2.9674E+03,-0.012621,-0.007476,0.03266,1800.0
2.9675E+03,-0.011786,-0.008734,0.03266,1800.0
2.9676E+03,-0.010925,-0.009786,0.03266,1800.0
2.9677E+03,-0.009874,-0.010874,0.03266,1800.0
2.9678E+03,-0.008741,-0.011845,0.03266,1800.0
2.9679E+03,-0.007425,-0.012664,0.03266,1800.0
2.9680E+03,-0.006155,-0.013338,0.03266,1800.0
2.9681E+03,-0.004740,-0.013897,0.03266,1800.0
2.9682E+03,-0.003269,-0.014317,0.03266,1800.0
2.9683E+03,-0.001775,-0.014571,0.03266,1800.0
2.9684E+03,-0.000321,-0.014666,0.03266,1800.0
2.9685E+03,0.001165,-0.014628,0.03266,1800.0
2.9686E+03,0.002706,-0.014417,0.03266,1800.0
2.9687E+03,0.004156,-0.014047,0.03266,1800.0
2.9688E+03,0.005587,-0.013536,0.03266,1800.0
2.9689E+03,0.006995,-0.012895,0.03266,1800.0
2.9690E+03,0.008247,-0.012132,0.03266,1800.0
2.9691E+03,0.009332,-0.011342,0.03266,1800.0
2.9692E+03,0.010047,-0.010698,0.03266,1800.0
2.9693E+03,0.011126,-0.009592,0.03266,1800.0
2.9694E+03,0.011912,-0.008580,0.03266,1800.0
2.9695E+03,0.012759,-0.007252,0.03266,1800.0
2.9696E+03,0.013438,-0.005899,0.03266,1800.0
2.9697E+03,0.013963,-0.004489,0.03266,1800.0
2.9698E+03,0.014334,-0.003137,0.03266,1800.0
2.9699E+03,0.014546,-0.002000,0.03266,1800.0
2.9700E+03,0.014648,-0.000970,0.03266,1800.0
2.9701E+03,0.014677,0.000216,0.03266,1800.0
2.9702E+03,0.014615,0.001469,0.03266,1800.0
2.9703E+03,0.014486,0.002448,0.03266,1800.0
2.9704E+03,0.014247,0.003591,0.03266,1800.0
2.9705E+03,0.013805,0.005016,0.03266,1800.0
2.9706E+03,0.013214,0.006397,0.03266,1800.0
2.9707E+03,0.012503,0.007702,0.03266,1800.0
2.9708E+03,0.011599,0.008979,0.03266,1800.0
2.9709E+03,0.010596,0.010147,0.03266,1800.0
2.9710E+03,0.009738,0.010993,0.03266,1800.0
2.9711E+03,0.008931,0.011647,0.03266,1800.0
2.9712E+03,0.007790,0.012435,0.03266,1800.0
2.9713E+03,0.006492,0.013156,0.03266,1800.0
2.9714E+03,0.005065,0.013778,0.03266,1800.0
2.9715E+03,0.003639,0.014225,0.03266,1800.0
2.9716E+03,0.002139,0.014532,0.03266,1800.0
2.9717E+03,0.000634,0.014679,0.03266,1800.0
2.9718E+03,-0.000870,0.014650,0.03266,1800.0
2.9719E+03,-0.002318,0.014490,0.03266,1800.0
2.9720E+03,-0.003817,0.014165,0.03266,1800.0
2.9721E+03,-0.005266,0.013687,0.03266,0.0
2.9722E+03,-0.006636,0.013080,0.03266,0.0
2.9723E+03,-0.007924,0.012348,0.03266,0.0
2.9724E+03,-0.009146,0.011466,0.03266,1800.0
2.9725E+03,-0.010300,0.010453,0.03266,1800.0
2.9726E+03,-0.011302,0.009363,0.03266,1800.0
2.9727E+03,-0.012124,0.008289,0.03266,1800.0
2.9728E+03,-0.012330,0.007990,0.03266,1800.0
2.9729E+03,-0.012348,0.007964,0.03266,1800.0
2.9730E+03,-0.011091,0.008184,0.03266,1800.0
2.9731E+03,-0.009233,0.008510,0.03266,1800.0
2.9732E+03,-0.008618,0.008618,0.03266,1800.0
2.9733E+03,-0.008605,0.008630,0.03266,1800.0
2.9734E+03,-0.008110,0.009067,0.03266,1800.0
2.9735E+03,-0.007029,0.009911,0.03266,1800.0
2.9736E+03,-0.005687,0.010739,0.03266,1800.0
2.9737E+03,-0.004316,0.011370,0.03266,1800.0
2.9738E+03,-0.002939,0.011805,0.03266,1800.0
2.9739E+03,-0.001385,0.012096,0.03266,1800.0
2.9740E+03,0.000127,0.012181,0.03266,1800.0
2.9741E+03,0.001623,0.012057,0.03266,1800.0
2.9742E+03,0.003031,0.011780,0.03266,1800.0
2.9743E+03,0.004450,0.011313,0.03266,1800.0
2.9744E+03,0.005866,0.010641,0.03266,1800.0
2.9745E+03,0.007145,0.009830,0.03266,1800.0
2.9746E+03,0.008193,0.008983,0.03266,1800.0
2.9747E+03,0.009233,0.007898,0.03266,1800.0
2.9748E+03,0.010132,0.006719,0.03266,1800.0
2.9749E+03,0.010904,0.005403,0.03266,1800.0
2.9750E+03,0.011465,0.004078,0.03266,1800.0
2.9751E+03,0.011886,0.002628,0.03266,1800.0
2.9752E+03,0.012119,0.001075,0.03266,1800.0
2.9753E+03,0.012149,-0.000455,0.03266,1800.0
2.9754E+03,0.012005,-0.001960,0.03266,1800.0
2.9755E+03,0.011678,-0.003388,0.03266,1800.0
2.9756E+03,0.011178,-0.004759,0.03266,1800.0
2.9757E+03,0.010505,-0.006105,0.03266,1800.0
2.9758E+03,0.009648,-0.007386,0.03266,1800.0
2.9759E+03,0.008666,-0.008520,0.03266,1800.0
2.9760E+03,0.007584,-0.009500,0.03266,1800.0
2.9761E+03,0.006329,-0.010386,0.03266,1800.0
2.9762E+03,0.004967,-0.011106,0.03266,1800.0
2.9763E+03,0.003722,-0.011597,0.03266,1800.0
2.9764E+03,0.002230,-0.011960,0.03266,1800.0
2.9765E+03,0.000728,-0.012135,0.03266,1800.0
2.9766E+03,-0.000757,-0.012132,0.03266,1800.0
2.9767E+03,-0.002195,-0.011960,0.03266,1800.0
2.9768E+03,-0.003640,-0.011590,0.03266,1800.0
2.9769E+03,-0.005050,-0.011052,0.03266,1800.0
2.9770E+03,-0.006372,-0.010352,0.03266,1800.0
2.9771E+03,-0.007601,-0.009479,0.03266,1800.0
2.9772E+03,-0.008734,-0.008453,0.03266,1800.0
2.9773E+03,-0.009750,-0.007277,0.03266,1800.0
2.9774E+03,-0.010556,-0.006058,0.03266,1800.0
2.9775E+03,-0.011237,-0.004695,0.03266,1800.0
2.9776E+03,-0.011727,-0.003228,0.03266,1800.0
2.9777E+03,-0.012039,-0.001743,0.03266,1800.0
