4.6528E+03,0.002806,0.012521,0.05112,0.0
4.6529E+03,0.004270,0.012117,0.05112,0.0
4.6530E+03,0.005695,0.011491,0.05112,0.0
4.6531E+03,0.007003,0.010733,0.05112,0.0
4.6532E+03,0.008190,0.009862,0.05112,0.0
4.6532E+03,0.009152,0.008961,0.05112,0.0
4.6533E+03,0.010156,0.007808,0.05112,0.0
4.6534E+03,0.010836,0.006881,0.05112,0.0
4.6536E+03,0.011052,0.006538,0.05112,0.0
4.7013E+03,0.016345,0.006261,0.05183,1800.0
4.7013E+03,0.016245,0.006498,0.05183,1800.0
4.7014E+03,0.015895,0.007272,0.05183,1800.0
4.7015E+03,0.015305,0.008464,0.05183,1800.0
4.7016E+03,0.014789,0.009334,0.05183,1800.0
4.7017E+03,0.013954,0.010552,0.05183,1800.0
4.7018E+03,0.012960,0.011752,0.05183,1800.0
4.7019E+03,0.011944,0.012775,0.05183,1800.0
4.7020E+03,0.010788,0.013756,0.05183,1800.0
4.7021E+03,0.009537,0.014652,0.05183,1800.0
4.7022E+03,0.008248,0.015415,0.05183,1800.0
4.7023E+03,0.006896,0.016060,0.05183,1800.0
4.7025E+03,0.005473,0.016598,0.05183,1800.0
4.7026E+03,0.004017,0.017014,0.05183,1800.0
4.7027E+03,0.002544,0.017294,0.05183,1800.0
4.7028E+03,0.001056,0.017458,0.05183,1800.0
4.7029E+03,-0.000375,0.017487,0.05183,1800.0
4.7030E+03,-0.001896,0.017390,0.05183,1800.0
4.7030E+03,-0.003234,0.017191,0.05183,1800.0
4.7031E+03,-0.004780,0.016820,0.05183,1800.0
4.7032E+03,-0.006190,0.016351,0.05183,1800.0
4.7033E+03,-0.007591,0.015740,0.05183,1800.0
4.7034E+03,-0.008937,0.015023,0.05183,1800.0
4.7035E+03,-0.010163,0.014223,0.05183,1800.0
4.7036E+03,-0.011329,0.013309,0.05183,1800.0
4.7037E+03,-0.012457,0.012257,0.05183,1800.0
4.7038E+03,-0.013483,0.011137,0.05183,1800.0
4.7039E+03,-0.014363,0.009984,0.05183,1800.0
4.7040E+03,-0.015167,0.008700,0.05183,1800.0
4.7042E+03,-0.015832,0.007332,0.05183,1800.0
4.7043E+03,-0.016444,0.005945,0.05183,1800.0
4.7044E+03,-0.016897,0.004513,0.05183,1800.0
4.7045E+03,-0.017215,0.003025,0.05183,1800.0
4.7046E+03,-0.017407,0.001567,0.05183,1800.0
4.7047E+03,-0.017479,0.000052,0.05183,1800.0
4.7047E+03,-0.017428,-0.001327,0.05183,1800.0
4.7048E+03,-0.017247,-0.002828,0.05183,1800.0
4.7049E+03,-0.016939,-0.004299,0.05183,1800.0
4.7050E+03,-0.016521,-0.005727,0.05183,1800.0
4.7051E+03,-0.015995,-0.007081,0.05183,1800.0
4.7052E+03,-0.015317,-0.008446,0.05183,1800.0
4.7053E+03,-0.014488,-0.009794,0.05183,1800.0
4.7054E+03,-0.013641,-0.010950,0.05183,1800.0
4.7055E+03,-0.012641,-0.012080,0.05183,1800.0
4.7056E+03,-0.011530,-0.013138,0.05183,1800.0
4.7057E+03,-0.010350,-0.014083,0.05183,1800.0
4.7059E+03,-0.009124,-0.014911,0.05183,1800.0
4.7060E+03,-0.007808,-0.015638,0.05183,1800.0
4.7061E+03,-0.006400,-0.016264,0.05183,1800.0
4.7062E+03,-0.004973,-0.016760,0.05183,1800.0
4.7063E+03,-0.003542,-0.017119,0.05183,1800.0
4.7064E+03,-0.002003,-0.017377,0.05183,1800.0
4.7064E+03,-0.000652,-0.017484,0.05183,1800.0
4.7065E+03,0.000892,-0.017467,0.05183,1800.0
4.7066E+03,0.002382,-0.017321,0.05183,1800.0
4.7067E+03,0.003852,-0.017055,0.05183,1800.0
4.7068E+03,0.005241,-0.016679,0.05183,1800.0
4.7069E+03,0.006645,-0.016165,0.05183,1800.0
4.7070E+03,0.008055,-0.015510,0.05183,1800.0
4.7071E+03,0.009378,-0.014750,0.05183,1800.0
4.7072E+03,0.010606,-0.013899,0.05183,1800.0
4.7073E+03,0.011768,-0.012925,0.05183,1800.0
4.7074E+03,0.012836,-0.011874,0.05183,1800.0
4.7076E+03,0.013782,-0.010767,0.05183,1800.0
4.7077E+03,0.014700,-0.009485,0.05183,1800.0
4.7078E+03,0.015151,-0.008751,0.05183,1800.0
4.7079E+03,0.015827,-0.007435,0.05183,1800.0
4.7080E+03,0.016383,-0.006098,0.05183,1800.0
4.7081E+03,0.016807,-0.004804,0.05183,1800.0
4.7082E+03,0.017098,-0.003646,0.05183,1800.0
4.7082E+03,0.017274,-0.002704,0.05183,0.0
4.7083E+03,0.017410,-0.001509,0.05183,0.0
4.7084E+03,0.017476,-0.000007,0.05183,0.0
4.7085E+03,0.017420,0.001490,0.05183,0.0
4.7086E+03,0.017242,0.002948,0.05183,1800.0
4.7087E+03,0.017069,0.003866,0.05183,1800.0
4.7088E+03,0.016797,0.004900,0.05183,1800.0
4.7089E+03,0.016404,0.006085,0.05183,1800.0
4.7090E+03,0.016346,0.006257,0.05183,1800.0
4.7091E+03,0.016345,0.006261,0.05183,1800.0
4.7093E+03,0.013112,0.004952,0.05183,1800.0
4.7094E+03,0.009919,0.003660,0.05183,1800.0
4.7095E+03,0.008814,0.003213,0.05183,1800.0
4.7096E+03,0.008815,0.003210,0.05183,1800.0
4.7097E+03,0.008947,0.002731,0.05183,1800.0
4.7098E+03,0.009232,0.001446,0.05183,1800.0
4.7099E+03,0.009355,-0.000041,0.05183,1800.0
4.7099E+03,0.009260,-0.001405,0.05183,1800.0
4.7100E+03,0.008919,-0.002851,0.05183,1800.0
4.7101E+03,0.008330,-0.004250,0.05183,1800.0
4.7102E+03,0.007580,-0.005474,0.05183,1800.0
4.7103E+03,0.006585,-0.006624,0.05183,1800.0
4.7104E+03,0.005416,-0.007605,0.05183,1800.0
4.7105E+03,0.004118,-0.008378,0.05183,1800.0
4.7106E+03,0.002747,-0.008929,0.05183,1800.0
4.7107E+03,0.001333,-0.009250,0.05183,1800.0
4.7108E+03,-0.000185,-0.009341,0.05183,1800.0
4.7110E+03,-0.001727,-0.009189,0.05183,1800.0
4.7111E+03,-0.003147,-0.008819,0.05183,1800.0
4.7112E+03,-0.004569,-0.008180,0.05183,1800.0
4.7113E+03,-0.005774,-0.007366,0.05183,1800.0
4.7114E+03,-0.006917,-0.006302,0.05183,1800.0
4.7115E+03,-0.007829,-0.005112,0.05183,1800.0
4.7116E+03,-0.008528,-0.003826,0.05183,1800.0
4.7116E+03,-0.008983,-0.002546,0.05183,1800.0
4.7117E+03,-0.009278,-0.001067,0.05183,1800.0
4.7118E+03,-0.009337,0.000405,0.05183,1800.0
4.7119E+03,-0.009154,0.001884,0.05183,1800.0
4.7120E+03,-0.008726,0.003367,0.05183,1800.0
4.7121E+03,-0.008083,0.004716,0.05183,1800.0
4.7122E+03,-0.007241,0.005951,0.05183,1800.0
4.7123E+03,-0.006180,0.007041,0.05183,1800.0
4.7124E+03,-0.004943,0.007952,0.05183,1800.0
4.7125E+03,-0.003661,0.008610,0.05183,1800.0
4.7127E+03,-0.002228,0.009077,0.05183,1800.0
4.7128E+03,-0.000723,0.009316,0.05183,1800.0
4.7129E+03,0.000791,0.009304,0.05183,0.0
4.7130E+03,0.002264,0.009064,0.05183,0.0
4.7131E+03,0.003636,0.008586,0.05183,0.0
4.7132E+03,0.004954,0.007873,0.05183,0.0
4.7133E+03,0.006233,0.006974,0.05183,1800.0
4.7133E+03,0.007150,0.006063,0.05183,1800.0
4.7134E+03,0.008034,0.004823,0.05183,1800.0
4.7135E+03,0.008675,0.003525,0.05183,1800.0
4.7136E+03,0.008804,0.003238,0.05183,1800.0
4.7137E+03,0.008814,0.003213,0.05183,1800.0
4.7138E+03,0.011025,0.002710,0.05183,1800.0
4.7139E+03,0.014190,0.001989,0.05183,1800.0
4.7141E+03,0.015707,0.001644,0.05183,1800.0
4.7142E+03,0.015681,0.001873,0.05183,1800.0
4.7143E+03,0.015544,0.002727,0.05183,1800.0
4.7145E+03,0.015206,0.004221,0.05183,1800.0
4.7146E+03,0.014763,0.005619,0.05183,1800.0
4.7147E+03,0.014348,0.006602,0.05183,1800.0
4.7148E+03,0.013639,0.007958,0.05183,1800.0
4.7149E+03,0.012817,0.009218,0.05183,1800.0
4.7150E+03,0.011872,0.010403,0.05183,1800.0
4.7150E+03,0.010937,0.011368,0.05183,1800.0
4.7151E+03,0.009806,0.012358,0.05183,1800.0
4.7152E+03,0.008594,0.013235,0.05183,1800.0
4.7153E+03,0.007318,0.013979,0.05183,1800.0
4.7154E+03,0.005946,0.014611,0.05183,1800.0
4.7155E+03,0.004477,0.015138,0.05183,1800.0
4.7156E+03,0.003001,0.015497,0.05183,1800.0
4.7157E+03,0.001560,0.015718,0.05183,1800.0
4.7158E+03,0.000056,0.015791,0.05183,1800.0
4.7159E+03,-0.001452,0.015722,0.05183,1800.0
4.7160E+03,-0.002940,0.015507,0.05183,1800.0
4.7162E+03,-0.004420,0.015146,0.05183,1800.0
4.7163E+03,-0.005826,0.014663,0.05183,1800.0
4.7164E+03,-0.007219,0.014026,0.05183,1800.0
4.7165E+03,-0.008543,0.013262,0.05183,1800.0
4.7166E+03,-0.009772,0.012390,0.05183,1800.0
4.7167E+03,-0.010912,0.011395,0.05183,1800.0
4.7167E+03,-0.011838,0.010441,0.05183,1800.0
4.7168E+03,-0.012746,0.009319,0.05183,1800.0
4.7169E+03,-0.013599,0.008035,0.05183,1800.0
4.7170E+03,-0.014297,0.006693,0.05183,1800.0
4.7171E+03,-0.014747,0.005579,0.05183,1800.0
4.7172E+03,-0.015180,0.004303,0.05183,1800.0
4.7173E+03,-0.015514,0.002872,0.05183,1800.0
4.7174E+03,-0.015698,0.001577,0.05183,1800.0
4.7175E+03,-0.015775,0.000352,0.05183,1800.0
4.7176E+03,-0.015766,-0.000782,0.05183,1800.0
4.7177E+03,-0.015654,-0.001952,0.05183,1800.0
4.7179E+03,-0.015408,-0.003411,0.05183,1800.0
4.7180E+03,-0.015026,-0.004829,0.05183,1800.0
4.7181E+03,-0.014639,-0.005908,0.05183,1800.0
4.7182E+03,-0.014010,-0.007297,0.05183,1800.0
4.7183E+03,-0.013260,-0.008569,0.05183,1800.0
4.7184E+03,-0.012423,-0.009747,0.05183,1800.0
4.7185E+03,-0.011429,-0.010886,0.05183,1800.0
4.7185E+03,-0.010435,-0.011832,0.05183,1800.0
4.7186E+03,-0.009245,-0.012782,0.05183,1800.0
4.7187E+03,-0.007964,-0.013618,0.05183,1800.0
4.7188E+03,-0.006632,-0.014316,0.05183,1800.0
4.7189E+03,-0.005276,-0.014877,0.05183,1800.0
4.7190E+03,-0.003823,-0.015312,0.05183,1800.0
4.7191E+03,-0.002318,-0.015617,0.05183,1800.0
4.7192E+03,-0.000830,-0.015770,0.05183,1800.0
4.7193E+03,0.000638,-0.015781,0.05183,1800.0
4.7194E+03,0.002123,-0.015648,0.05183,1800.0
4.7196E+03,0.003605,-0.015369,0.05183,1800.0
4.7197E+03,0.005083,-0.014939,0.05183,1800.0
4.7198E+03,0.006468,-0.014394,0.05183,1800.0
4.7199E+03,0.007804,-0.013710,0.05183,1800.0
4.7200E+03,0.009074,-0.012908,0.05183,1800.0
4.7201E+03,0.010275,-0.011966,0.05183,1800.0
4.7202E+03,0.011390,-0.010922,0.05183,1800.0
4.7202E+03,0.012264,-0.009934,0.05183,1800.0
4.7203E+03,0.013171,-0.008716,0.05183,1800.0
4.7204E+03,0.013926,-0.007449,0.05183,0.0
4.7205E+03,0.014527,-0.006191,0.05183,0.0
4.7206E+03,0.014972,-0.005007,0.05183,0.0
4.7207E+03,0.015359,-0.003588,0.05183,0.0
4.7208E+03,0.015625,-0.002202,0.05183,1800.0
4.7209E+03,0.015746,-0.001017,0.05183,1800.0
4.7210E+03,0.015770,0.000345,0.05183,1800.0
4.7211E+03,0.015736,0.001369,0.05183,1800.0
4.7212E+03,0.015707,0.001644,0.05183,1800.0
4.7214E+03,0.015305,0.001807,0.05183,1800.0
4.7215E+03,0.013466,0.002555,0.05183,1800.0
4.7218E+03,0.010412,0.003797,0.05183,1800.0
4.7219E+03,0.010674,0.002934,0.05183,1800.0
4.7219E+03,0.010924,0.001669,0.05183,1800.0
4.7220E+03,0.011043,0.000128,0.05183,1800.0
4.7221E+03,0.010959,-0.001362,0.05183,1800.0
4.7222E+03,0.010681,-0.002806,0.05183,1800.0
4.7223E+03,0.010209,-0.004233,0.05183,1800.0
4.7224E+03,0.009534,-0.005581,0.05183,1800.0
4.7225E+03,0.008691,-0.006828,0.05183,1800.0
4.7226E+03,0.007678,-0.007962,0.05183,1800.0
4.7227E+03,0.006533,-0.008937,0.05183,1800.0
4.7228E+03,0.005276,-0.009731,0.05183,1800.0
4.7229E+03,0.003873,-0.010371,0.05183,1800.0
4.7231E+03,0.002430,-0.010784,0.05183,1800.0
4.7232E+03,0.000935,-0.011013,0.05183,1800.0
4.7233E+03,-0.000577,-0.011031,0.05183,1800.0
4.7234E+03,-0.002097,-0.010845,0.05183,1800.0
4.7235E+03,-0.003539,-0.010462,0.05183,1800.0
4.7236E+03,-0.004923,-0.009893,0.05183,1800.0
4.7237E+03,-0.006217,-0.009140,0.05183,1800.0
4.7237E+03,-0.007249,-0.008343,0.05183,1800.0
4.7238E+03,-0.008373,-0.007230,0.05183,1800.0
4.7239E+03,-0.009252,-0.006087,0.05183,1800.0
4.7240E+03,-0.010003,-0.004738,0.05183,1800.0
4.7241E+03,-0.010538,-0.003359,0.05183,1800.0
4.7242E+03,-0.010888,-0.001898,0.05183,1800.0
4.7243E+03,-0.011045,-0.000413,0.05183,1800.0
4.7244E+03,-0.010994,0.001120,0.05183,1800.0
4.7245E+03,-0.010749,0.002592,0.05183,1800.0
4.7246E+03,-0.010287,0.004022,0.05183,1800.0
4.7248E+03,-0.009617,0.005423,0.05183,1800.0
4.7249E+03,-0.008794,0.006695,0.05183,1800.0
4.7250E+03,-0.007831,0.007798,0.05183,1800.0
4.7251E+03,-0.006721,0.008793,0.05183,1800.0
4.7252E+03,-0.005411,0.009656,0.05183,1800.0
4.7253E+03,-0.004053,0.010301,0.05183,1800.0
4.7254E+03,-0.002710,0.010733,0.05183,1800.0
4.7254E+03,-0.001315,0.010966,0.05183,1800.0
4.7255E+03,0.000205,0.011042,0.05183,1800.0
4.7256E+03,0.001684,0.010923,0.05183,1800.0
4.7257E+03,0.003157,0.010586,0.05183,0.0
4.7258E+03,0.004567,0.010057,0.05183,0.0
4.7259E+03,0.005870,0.009352,0.05183,0.0
4.7260E+03,0.007116,0.008471,0.05183,0.0
4.7261E+03,0.008172,0.007454,0.05183,1800.0
4.7262E+03,0.009099,0.006299,0.05183,1800.0
4.7263E+03,0.009885,0.004995,0.05183,1800.0
4.7264E+03,0.010360,0.003917,0.05183,1800.0
4.7267E+03,0.010412,0.003797,0.05183,1800.0
4.7268E+03,0.009222,0.007457,0.05183,1800.0
4.7269E+03,0.008182,0.010652,0.05183,1800.0
4.7271E+03,0.007835,0.011720,0.05183,1800.0
4.7271E+03,0.007541,0.011897,0.05183,1800.0
4.7272E+03,0.006500,0.012493,0.05183,1800.0
4.7273E+03,0.005102,0.013133,0.05183,1800.0
4.7274E+03,0.003660,0.013614,0.05183,1800.0
4.7275E+03,0.002240,0.013912,0.05183,1800.0
4.7276E+03,0.000692,0.014068,0.05183,1800.0
4.7277E+03,-0.000833,0.014053,0.05183,1800.0
4.7278E+03,-0.002326,0.013885,0.05183,1800.0
4.7279E+03,-0.003758,0.013561,0.05183,1800.0
4.7280E+03,-0.005167,0.013093,0.05183,1800.0
4.7281E+03,-0.006560,0.012446,0.05183,1800.0
4.7283E+03,-0.007878,0.011666,0.05183,1800.0
4.7284E+03,-0.009071,0.010765,0.05183,1800.0
4.7285E+03,-0.010184,0.009726,0.05183,1800.0
4.7286E+03,-0.011153,0.008599,0.05183,1800.0
4.7287E+03,-0.012020,0.007361,0.05183,1800.0
4.7288E+03,-0.012726,0.006052,0.05183,1800.0
4.7289E+03,-0.013309,0.004603,0.05183,1800.0
4.7289E+03,-0.013572,0.003793,0.05183,1800.0
4.7290E+03,-0.013834,0.002600,0.05183,1800.0
4.7291E+03,-0.014007,0.001447,0.05183,1800.0
4.7292E+03,-0.014066,0.000184,0.05183,1800.0
4.7293E+03,-0.014028,-0.001211,0.05183,1800.0
4.7294E+03,-0.013867,-0.002419,0.05183,1800.0
4.7295E+03,-0.013635,-0.003554,0.05183,1800.0
4.7296E+03,-0.013338,-0.004517,0.05183,1800.0
4.7297E+03,-0.012819,-0.005845,0.05183,1800.0
4.7298E+03,-0.012241,-0.006980,0.05183,1800.0
4.7300E+03,-0.011513,-0.008126,0.05183,1800.0
4.7301E+03,-0.010545,-0.009324,0.05183,1800.0
4.7302E+03,-0.009466,-0.010423,0.05183,1800.0
4.7303E+03,-0.008343,-0.011338,0.05183,1800.0
4.7304E+03,-0.007093,-0.012154,0.05183,1800.0
4.7305E+03,-0.005717,-0.012860,0.05183,1800.0
4.7306E+03,-0.004322,-0.013397,0.05183,1800.0
4.7306E+03,-0.003062,-0.013741,0.05183,1800.0
4.7307E+03,-0.001557,-0.013998,0.05183,1800.0
4.7308E+03,0.000013,-0.014088,0.05183,1800.0
4.7309E+03,0.001509,-0.014015,0.05183,1800.0
4.7310E+03,0.002956,-0.013779,0.05183,1800.0
4.7311E+03,0.004397,-0.013385,0.05183,1800.0
4.7312E+03,0.005771,-0.012842,0.05183,1800.0
4.7313E+03,0.007133,-0.012133,0.05183,1800.0
4.7314E+03,0.008403,-0.011294,0.05183,1800.0
4.7315E+03,0.009561,-0.010324,0.05183,1800.0
4.7316E+03,0.010607,-0.009246,0.05183,1800.0
4.7318E+03,0.011532,-0.008067,0.05183,1800.0
4.7319E+03,0.012332,-0.006791,0.05183,1800.0
4.7320E+03,0.012961,-0.005511,0.05183,1800.0
4.7321E+03,0.013399,-0.004349,0.05183,1800.0
4.7322E+03,0.013733,-0.003164,0.05183,1800.0
4.7323E+03,0.013986,-0.001679,0.05183,1800.0
4.7323E+03,0.014078,-0.000371,0.05183,1800.0
4.7324E+03,0.014025,0.001162,0.05183,1800.0
4.7325E+03,0.013841,0.002577,0.05183,1800.0
4.7326E+03,0.013570,0.003771,0.05183,1800.0
4.7327E+03,0.013257,0.004759,0.05183,0.0
4.7328E+03,0.012797,0.005854,0.05183,0.0
4.7329E+03,0.012110,0.007180,0.05183,0.0
4.7330E+03,0.011370,0.008317,0.05183,0.0
4.7331E+03,0.010687,0.009175,0.05183,1800.0
4.7332E+03,0.009822,0.010105,0.05183,1800.0
4.7333E+03,0.008625,0.011149,0.05183,1800.0
4.7335E+03,0.007915,0.011663,0.05183,1800.0
4.7336E+03,0.007835,0.011720,0.05183,1800.0
4.7337E+03,0.007928,0.011557,0.05183,1800.0
4.7338E+03,0.010446,0.007131,0.05183,1800.0
4.7339E+03,0.011861,0.004643,0.05183,1800.0
4.7340E+03,0.012011,0.004380,0.05183,1800.0
4.7340E+03,0.012033,0.004310,0.05183,1800.0
4.7341E+03,0.012201,0.003713,0.05183,1800.0
4.7342E+03,0.012551,0.002281,0.05183,1800.0
4.7343E+03,0.012738,0.000769,0.05183,1800.0
4.7344E+03,0.012743,-0.000795,0.05183,1800.0
4.7345E+03,0.012574,-0.002205,0.05183,1800.0
4.7346E+03,0.012216,-0.003682,0.05183,1800.0
4.7347E+03,0.011681,-0.005123,0.05183,1800.0
4.7348E+03,0.011008,-0.006443,0.05183,1800.0
4.7349E+03,0.010156,-0.007700,0.05183,1800.0
4.7350E+03,0.009177,-0.008853,0.05183,1800.0
4.7352E+03,0.008064,-0.009870,0.05183,1800.0
4.7353E+03,0.006823,-0.010769,0.05183,1800.0
4.7354E+03,0.005516,-0.011505,0.05183,1800.0
4.7355E+03,0.004156,-0.012058,0.05183,1800.0
4.7356E+03,0.002663,-0.012495,0.05183,1800.0
4.7357E+03,0.001244,-0.012722,0.05183,1800.0
4.7357E+03,-0.000167,-0.012765,0.05183,1800.0
4.7358E+03,-0.001689,-0.012644,0.05183,1800.0
4.7359E+03,-0.003124,-0.012366,0.05183,1800.0
4.7360E+03,-0.004563,-0.011905,0.05183,1800.0
4.7361E+03,-0.005957,-0.011276,0.05183,1800.0
4.7362E+03,-0.007258,-0.010494,0.05183,1800.0
4.7363E+03,-0.008439,-0.009562,0.05183,1800.0
4.7364E+03,-0.009486,-0.008529,0.05183,1800.0
4.7365E+03,-0.010391,-0.007395,0.05183,1800.0
4.7366E+03,-0.011197,-0.006116,0.05183,1800.0
4.7367E+03,-0.011840,-0.004757,0.05183,1800.0
4.7369E+03,-0.012345,-0.003272,0.05183,1800.0
4.7370E+03,-0.012640,-0.001810,0.05183,1800.0
4.7371E+03,-0.012758,-0.000278,0.05183,1800.0
4.7372E+03,-0.012702,0.001204,0.05183,1800.0
4.7373E+03,-0.012464,0.002663,0.05183,1800.0
4.7374E+03,-0.012077,0.004099,0.05183,1800.0
4.7375E+03,-0.011507,0.005475,0.05183,1800.0
4.7375E+03,-0.010866,0.006661,0.05183,1800.0
4.7376E+03,-0.010000,0.007912,0.05183,1800.0
4.7377E+03,-0.008993,0.009056,0.05183,1800.0
4.7378E+03,-0.007896,0.010032,0.05183,1800.0
4.7379E+03,-0.006635,0.010921,0.05183,1800.0
4.7380E+03,-0.005289,0.011624,0.05183,1800.0
4.7381E+03,-0.003853,0.012165,0.05183,1800.0
4.7382E+03,-0.002412,0.012528,0.05183,1800.0
4.7383E+03,-0.000943,0.012716,0.05183,1800.0
4.7384E+03,0.000563,0.012743,0.05183,1800.0
4.7386E+03,0.002055,0.012590,0.05183,1800.0
4.7387E+03,0.003538,0.012250,0.05183,1800.0
