3.7291E+02,0.006366,-0.010501,0.00355,0.0
3.7301E+02,0.005073,-0.011187,0.00355,0.0
3.7311E+02,0.003706,-0.011710,0.00355,0.0
3.7321E+02,0.002232,-0.012084,0.00355,0.0
3.7331E+02,0.000715,-0.012275,0.00355,0.0
3.7340E+02,-0.000635,-0.012283,0.00355,0.0
3.7350E+02,-0.002132,-0.012122,0.00355,0.0
3.7380E+02,-0.003130,-0.011909,0.00355,0.0
4.1951E+02,0.003369,-0.017622,0.00426,1800.0
4.1961E+02,0.003396,-0.017580,0.00426,1800.0
4.1971E+02,0.003399,-0.017579,0.00426,1800.0
4.1981E+02,0.004006,-0.017437,0.00426,1800.0
4.1991E+02,0.005331,-0.017072,0.00426,1800.0
4.2001E+02,0.006738,-0.016568,0.00426,1800.0
4.2010E+02,0.007934,-0.016035,0.00426,1800.0
4.2020E+02,0.009279,-0.015306,0.00426,1800.0
4.2030E+02,0.010496,-0.014502,0.00426,1800.0
4.2040E+02,0.011681,-0.013552,0.00426,1800.0
4.2050E+02,0.012797,-0.012494,0.00426,1800.0
4.2060E+02,0.013812,-0.011365,0.00426,1800.0
4.2070E+02,0.014734,-0.010138,0.00426,1800.0
4.2080E+02,0.015514,-0.008897,0.00426,1800.0
4.2090E+02,0.016187,-0.007588,0.00426,1800.0
4.2100E+02,0.016776,-0.006185,0.00426,1800.0
4.2110E+02,0.017215,-0.004878,0.00426,1800.0
4.2120E+02,0.017469,-0.003879,0.00426,1800.0
4.2131E+02,0.017643,-0.002935,0.00426,1800.0
4.2141E+02,0.017838,-0.001426,0.00426,1800.0
4.2151E+02,0.017900,0.000095,0.00426,1800.0
4.2161E+02,0.017814,0.001633,0.00426,1800.0
4.2171E+02,0.017625,0.003045,0.00426,1800.0
4.2181E+02,0.017429,0.004047,0.00426,1800.0
4.2190E+02,0.017194,0.004939,0.00426,1800.0
4.2200E+02,0.016770,0.006195,0.00426,1800.0
4.2210E+02,0.016171,0.007625,0.00426,1800.0
4.2220E+02,0.015461,0.008988,0.00426,1800.0
4.2230E+02,0.014657,0.010255,0.00426,1800.0
4.2240E+02,0.013748,0.011440,0.00426,1800.0
4.2250E+02,0.012769,0.012535,0.00426,1800.0
4.2260E+02,0.011685,0.013560,0.00426,1800.0
4.2270E+02,0.010466,0.014521,0.00426,1800.0
4.2280E+02,0.009179,0.015356,0.00426,1800.0
4.2290E+02,0.007915,0.016041,0.00426,1800.0
4.2301E+02,0.006535,0.016650,0.00426,1800.0
4.2311E+02,0.005102,0.017136,0.00426,1800.0
4.2321E+02,0.003639,0.017510,0.00426,1800.0
4.2331E+02,0.002136,0.017751,0.00426,1800.0
4.2341E+02,0.000648,0.017874,0.00426,1800.0
4.2351E+02,-0.000850,0.017863,0.00426,1800.0
4.2360E+02,-0.002256,0.017749,0.00426,1800.0
4.2370E+02,-0.003686,0.017511,0.00426,1800.0
4.2380E+02,-0.005121,0.017153,0.00426,1800.0
4.2390E+02,-0.006600,0.016631,0.00426,1800.0
4.2400E+02,-0.007990,0.016001,0.00426,1800.0
4.2410E+02,-0.009294,0.015280,0.00426,1800.0
4.2420E+02,-0.010526,0.014462,0.00426,1800.0
4.2430E+02,-0.011707,0.013519,0.00426,1800.0
4.2440E+02,-0.012815,0.012468,0.00426,1800.0
4.2450E+02,-0.013834,0.011327,0.00426,1800.0
4.2460E+02,-0.014742,0.010132,0.00426,1800.0
4.2470E+02,-0.015518,0.008902,0.00426,1800.0
4.2481E+02,-0.016204,0.007582,0.00426,1800.0
4.2491E+02,-0.016800,0.006158,0.00426,1800.0
4.2501E+02,-0.017268,0.004706,0.00426,1800.0
4.2511E+02,-0.017610,0.003202,0.00426,1800.0
4.2521E+02,-0.017797,0.001774,0.00426,1800.0
4.2531E+02,-0.017881,0.000260,0.00426,1800.0
4.2540E+02,-0.017846,-0.001113,0.00426,1800.0
4.2550E+02,-0.017689,-0.002622,0.00426,1800.0
4.2560E+02,-0.017399,-0.004119,0.00426,1800.0
4.2570E+02,-0.016996,-0.005559,0.00426,1800.0
4.2580E+02,-0.016498,-0.006909,0.00426,1800.0
4.2590E+02,-0.015858,-0.008277,0.00426,1800.0
4.2600E+02,-0.015077,-0.009638,0.00426,1800.0
4.2610E+02,-0.014200,-0.010888,0.00426,1800.0
4.2620E+02,-0.013294,-0.011981,0.00426,1800.0
4.2630E+02,-0.012243,-0.013051,0.00426,1800.0
4.2640E+02,-0.011065,-0.014053,0.00426,1800.0
4.2651E+02,-0.009806,-0.014954,0.00426,1800.0
4.2661E+02,-0.008501,-0.015729,0.00426,1800.0
4.2671E+02,-0.007200,-0.016380,0.00426,0.0
4.2681E+02,-0.005827,-0.016907,0.00426,0.0
4.2691E+02,-0.004372,-0.017338,0.00426,0.0
4.2701E+02,-0.002896,-0.017648,0.00426,0.0
4.2710E+02,-0.001532,-0.017831,0.00426,0.0
4.2720E+02,0.000018,-0.017899,0.00426,1800.0
4.2730E+02,0.001494,-0.017835,0.00426,1800.0
4.2740E+02,0.002887,-0.017643,0.00426,1800.0
4.2750E+02,0.003327,-0.017588,0.00426,1800.0
4.2760E+02,0.003396,-0.017580,0.00426,1800.0
4.2770E+02,0.002189,-0.016063,0.00426,1800.0
4.2780E+02,-0.001461,-0.011475,0.00426,1800.0
4.2790E+02,-0.006092,-0.005655,0.00426,1800.0
4.2800E+02,-0.008585,-0.002521,0.00426,1800.0
4.2810E+02,-0.008623,-0.002473,0.00426,1800.0
4.2820E+02,-0.008660,-0.002326,0.00426,1800.0
4.2831E+02,-0.008812,-0.001590,0.00426,1800.0
4.2841E+02,-0.008967,-0.000151,0.00426,1800.0
4.2851E+02,-0.008863,0.001337,0.00426,1800.0
4.2861E+02,-0.008506,0.002831,0.00426,1800.0
4.2871E+02,-0.007907,0.004187,0.00426,1800.0
4.2881E+02,-0.007075,0.005464,0.00426,1800.0
4.2890E+02,-0.006146,0.006479,0.00426,1800.0
4.2900E+02,-0.004987,0.007408,0.00426,1800.0
4.2910E+02,-0.003712,0.008131,0.00426,1800.0
4.2920E+02,-0.002298,0.008640,0.00426,1800.0
4.2930E+02,-0.000802,0.008904,0.00426,1800.0
4.2940E+02,0.000711,0.008916,0.00426,1800.0
4.2950E+02,0.002182,0.008692,0.00426,1800.0
4.2960E+02,0.003576,0.008216,0.00426,1800.0
4.2970E+02,0.004933,0.007486,0.00426,1800.0
4.2980E+02,0.006087,0.006567,0.00426,1800.0
4.2990E+02,0.007103,0.005440,0.00426,1800.0
4.3001E+02,0.007910,0.004157,0.00426,1800.0
4.3011E+02,0.008493,0.002750,0.00426,1800.0
4.3021E+02,0.008844,0.001307,0.00426,1800.0
4.3031E+02,0.008931,-0.000161,0.00426,1800.0
4.3041E+02,0.008791,-0.001638,0.00426,1800.0
4.3051E+02,0.008386,-0.003085,0.00426,1800.0
4.3060E+02,0.007830,-0.004344,0.00426,1800.0
4.3070E+02,0.006999,-0.005596,0.00426,1800.0
4.3080E+02,0.005941,-0.006717,0.00426,1800.0
4.3090E+02,0.004788,-0.007566,0.00426,1800.0
4.3100E+02,0.003378,-0.008281,0.00426,1800.0
4.3110E+02,0.001923,-0.008733,0.00426,1800.0
4.3120E+02,0.000476,-0.008927,0.00426,1800.0
4.3130E+02,-0.001045,-0.008863,0.00426,0.0
4.3140E+02,-0.002518,-0.008575,0.00426,0.0
4.3150E+02,-0.003884,-0.008052,0.00426,0.0
4.3160E+02,-0.005185,-0.007276,0.00426,0.0
4.3170E+02,-0.006354,-0.006286,0.00426,0.0
4.3181E+02,-0.007334,-0.005119,0.00426,0.0
4.3191E+02,-0.008096,-0.003842,0.00426,1800.0
4.3201E+02,-0.008586,-0.002596,0.00426,1800.0
4.3211E+02,-0.008620,-0.002483,0.00426,1800.0
4.3221E+02,-0.008623,-0.002473,0.00426,1800.0
4.3231E+02,-0.006083,-0.000526,0.00426,1800.0
4.3240E+02,-0.001360,0.003096,0.00426,1800.0
4.3250E+02,0.004850,0.007857,0.00426,1800.0
4.3260E+02,0.009123,0.011134,0.00426,1800.0
4.3280E+02,0.010593,0.012261,0.00426,1800.0
4.3290E+02,0.010431,0.012391,0.00426,1800.0
4.3300E+02,0.009682,0.012982,0.00426,1800.0
4.3310E+02,0.008517,0.013779,0.00426,1800.0
4.3320E+02,0.007132,0.014536,0.00426,1800.0
4.3330E+02,0.005774,0.015131,0.00426,1800.0
4.3340E+02,0.004310,0.015596,0.00426,1800.0
4.3351E+02,0.002858,0.015928,0.00426,1800.0
4.3361E+02,0.001371,0.016127,0.00426,1800.0
4.3371E+02,-0.000152,0.016179,0.00426,1800.0
4.3381E+02,-0.001652,0.016095,0.00426,1800.0
4.3391E+02,-0.003142,0.015875,0.00426,1800.0
4.3401E+02,-0.004626,0.015509,0.00426,1800.0
4.3410E+02,-0.005876,0.015087,0.00426,1800.0
4.3420E+02,-0.007178,0.014522,0.00426,1800.0
4.3430E+02,-0.008610,0.013714,0.00426,1800.0
4.3440E+02,-0.009837,0.012868,0.00426,1800.0
4.3450E+02,-0.010993,0.011879,0.00426,1800.0
4.3460E+02,-0.012002,0.010855,0.00426,1800.0
4.3470E+02,-0.012969,0.009676,0.00426,1800.0
4.3480E+02,-0.013806,0.008438,0.00426,1800.0
4.3490E+02,-0.014514,0.007147,0.00426,1800.0
4.3500E+02,-0.015126,0.005736,0.00426,1800.0
4.3510E+02,-0.015614,0.004248,0.00426,1800.0
4.3520E+02,-0.015924,0.002942,0.00426,1800.0
4.3531E+02,-0.016066,0.002013,0.00426,1800.0
4.3541E+02,-0.016159,0.001026,0.00426,1800.0
4.3551E+02,-0.016192,-0.000480,0.00426,1800.0
4.3561E+02,-0.016124,-0.001571,0.00426,1800.0
4.3571E+02,-0.015986,-0.002603,0.00426,1800.0
4.3581E+02,-0.015714,-0.003882,0.00426,1800.0
4.3590E+02,-0.015338,-0.005151,0.00426,1800.0
4.3600E+02,-0.014780,-0.006581,0.00426,1800.0
4.3610E+02,-0.014091,-0.007945,0.00426,1800.0
4.3620E+02,-0.013306,-0.009212,0.00426,1800.0
4.3630E+02,-0.012410,-0.010384,0.00426,1800.0
4.3640E+02,-0.011383,-0.011509,0.00426,1800.0
4.3650E+02,-0.010316,-0.012476,0.00426,1800.0
4.3660E+02,-0.009076,-0.013416,0.00426,1800.0
4.3670E+02,-0.007807,-0.014181,0.00426,1800.0
4.3680E+02,-0.006404,-0.014872,0.00426,1800.0
4.3690E+02,-0.005039,-0.015388,0.00426,1800.0
4.3701E+02,-0.003602,-0.015775,0.00426,1800.0
4.3711E+02,-0.002087,-0.016042,0.00426,1800.0
4.3721E+02,-0.000578,-0.016175,0.00426,1800.0
4.3731E+02,0.000922,-0.016152,0.00426,1800.0
4.3741E+02,0.002443,-0.015995,0.00426,1800.0
4.3751E+02,0.003918,-0.015703,0.00426,1800.0
4.3760E+02,0.005170,-0.015341,0.00426,1800.0
4.3770E+02,0.006595,-0.014798,0.00426,1800.0
4.3780E+02,0.007914,-0.014135,0.00426,1800.0
4.3790E+02,0.009189,-0.013331,0.00426,1800.0
4.3800E+02,0.010398,-0.012406,0.00426,1800.0
4.3810E+02,0.011518,-0.011366,0.00426,1800.0
4.3820E+02,0.012548,-0.010216,0.00426,1800.0
4.3830E+02,0.013426,-0.009032,0.00426,1800.0
4.3840E+02,0.014191,-0.007766,0.00426,1800.0
4.3850E+02,0.014863,-0.006401,0.00426,1800.0
4.3860E+02,0.015395,-0.004977,0.00426,1800.0
4.3871E+02,0.015798,-0.003504,0.00426,1800.0
4.3881E+02,0.016066,-0.002004,0.00426,1800.0
4.3891E+02,0.016181,-0.000495,0.00426,1800.0
4.3901E+02,0.016168,0.000969,0.00426,1800.0
4.3911E+02,0.016006,0.002449,0.00426,0.0
4.3921E+02,0.015695,0.003954,0.00426,0.0
4.3930E+02,0.015320,0.005224,0.00426,0.0
4.3940E+02,0.014755,0.006636,0.00426,0.0
4.3950E+02,0.014087,0.007958,0.00426,0.0
4.3960E+02,0.013297,0.009217,0.00426,0.0
4.3970E+02,0.012360,0.010442,0.00426,0.0
4.3980E+02,0.011376,0.011515,0.00426,1800.0
4.3990E+02,0.010604,0.012251,0.00426,1800.0
4.4010E+02,0.010593,0.012261,0.00426,1800.0
4.4020E+02,0.008060,0.008122,0.00426,1800.0
4.4030E+02,0.003959,0.001422,0.00426,1800.0
4.4040E+02,-0.000213,-0.005395,0.00426,1800.0
4.4051E+02,-0.002583,-0.009268,0.00426,1800.0
4.4061E+02,-0.003153,-0.010198,0.00426,1800.0
4.4071E+02,-0.003156,-0.010197,0.00426,1800.0
4.4081E+02,-0.003753,-0.009968,0.00426,1800.0
4.4091E+02,-0.004956,-0.009419,0.00426,1800.0
4.4101E+02,-0.006203,-0.008644,0.00426,1800.0
4.4110E+02,-0.007285,-0.007777,0.00426,1800.0
4.4120E+02,-0.008311,-0.006704,0.00426,1800.0
4.4130E+02,-0.009181,-0.005439,0.00426,1800.0
4.4140E+02,-0.009842,-0.004080,0.00426,1800.0
4.4150E+02,-0.010310,-0.002675,0.00426,1800.0
4.4160E+02,-0.010583,-0.001181,0.00426,1800.0
4.4170E+02,-0.010640,0.000353,0.00426,1800.0
4.4180E+02,-0.010481,0.001819,0.00426,1800.0
4.4190E+02,-0.010133,0.003240,0.00426,1800.0
4.4200E+02,-0.009572,0.004643,0.00426,1800.0
4.4210E+02,-0.008810,0.005975,0.00426,1800.0
4.4221E+02,-0.007868,0.007171,0.00426,1800.0
4.4231E+02,-0.006777,0.008218,0.00426,1800.0
4.4241E+02,-0.005545,0.009099,0.00426,1800.0
4.4251E+02,-0.004233,0.009799,0.00426,1800.0
4.4261E+02,-0.002844,0.010283,0.00426,1800.0
4.4271E+02,-0.001348,0.010567,0.00426,1800.0
4.4280E+02,-0.000049,0.010642,0.00426,1800.0
4.4290E+02,0.001460,0.010538,0.00426,1800.0
4.4300E+02,0.002968,0.010217,0.00426,1800.0
4.4310E+02,0.004386,0.009691,0.00426,1800.0
4.4320E+02,0.005721,0.008968,0.00426,1800.0
4.4330E+02,0.006958,0.008056,0.00426,1800.0
4.4340E+02,0.008031,0.007003,0.00426,1800.0
4.4350E+02,0.008930,0.005834,0.00426,1800.0
4.4360E+02,0.009648,0.004529,0.00426,1800.0
4.4370E+02,0.010164,0.003113,0.00426,1800.0
4.4380E+02,0.010528,0.001637,0.00426,1800.0
4.4391E+02,0.010655,0.000202,0.00426,1800.0
4.4401E+02,0.010562,-0.001306,0.00426,1800.0
4.4411E+02,0.010257,-0.002798,0.00426,1800.0
4.4421E+02,0.009773,-0.004231,0.00426,1800.0
4.4431E+02,0.009066,-0.005573,0.00426,1800.0
4.4441E+02,0.008182,-0.006801,0.00426,1800.0
4.4450E+02,0.007257,-0.007789,0.00426,0.0
4.4460E+02,0.006090,-0.008745,0.00426,0.0
4.4470E+02,0.004797,-0.009523,0.00426,0.0
4.4480E+02,0.003482,-0.010094,0.00426,0.0
4.4490E+02,0.002000,-0.010469,0.00426,1800.0
4.4500E+02,0.000507,-0.010635,0.00426,1800.0
4.4510E+02,-0.001025,-0.010599,0.00426,1800.0
4.4520E+02,-0.002473,-0.010359,0.00426,1800.0
4.4530E+02,-0.003073,-0.010221,0.00426,1800.0
4.4540E+02,-0.003153,-0.010198,0.00426,1800.0
4.4550E+02,-0.002009,-0.010975,0.00426,1800.0
4.4560E+02,0.000710,-0.012822,0.00426,1800.0
4.4581E+02,0.002789,-0.014234,0.00426,1800.0
4.4591E+02,0.002886,-0.014211,0.00426,1800.0
4.4601E+02,0.003726,-0.014010,0.00426,1800.0
4.4611E+02,0.005097,-0.013571,0.00426,1800.0
4.4621E+02,0.006495,-0.012954,0.00426,1800.0
4.4630E+02,0.007701,-0.012260,0.00426,1800.0
4.4640E+02,0.008959,-0.011374,0.00426,1800.0
4.4650E+02,0.010069,-0.010405,0.00426,1800.0
4.4660E+02,0.011068,-0.009327,0.00426,1800.0
4.4670E+02,0.011984,-0.008123,0.00426,1800.0
4.4680E+02,0.012773,-0.006819,0.00426,1800.0
4.4690E+02,0.013420,-0.005452,0.00426,1800.0
4.4700E+02,0.013904,-0.004087,0.00426,1800.0
4.4710E+02,0.014260,-0.002599,0.00426,1800.0
4.4720E+02,0.014408,-0.001571,0.00426,1800.0
4.4730E+02,0.014487,-0.000073,0.00426,1800.0
4.4741E+02,0.014423,0.001345,0.00426,1800.0
4.4751E+02,0.014201,0.002833,0.00426,1800.0
4.4761E+02,0.013828,0.004283,0.00426,1800.0
4.4771E+02,0.013302,0.005704,0.00426,1800.0
4.4781E+02,0.012663,0.007020,0.00426,1800.0
4.4791E+02,0.012044,0.008057,0.00426,1800.0
4.4800E+02,0.011450,0.008864,0.00426,1800.0
4.4810E+02,0.010422,0.010067,0.00426,1800.0
4.4820E+02,0.009383,0.011047,0.00426,1800.0
4.4830E+02,0.008157,0.011984,0.00426,1800.0
4.4840E+02,0.006835,0.012783,0.00426,1800.0
4.4850E+02,0.005557,0.013379,0.00426,1800.0
4.4860E+02,0.004088,0.013894,0.00426,1800.0
4.4870E+02,0.002584,0.014247,0.00426,1800.0
4.4880E+02,0.001089,0.014434,0.00426,1800.0
4.4890E+02,-0.000381,0.014475,0.00426,1800.0
4.4900E+02,-0.001868,0.014356,0.00426,1800.0
4.4910E+02,-0.003347,0.014089,0.00426,1800.0
4.4921E+02,-0.004755,0.013682,0.00426,1800.0
4.4931E+02,-0.006167,0.013106,0.00426,1800.0
4.4941E+02,-0.007492,0.012409,0.00426,1800.0
4.4951E+02,-0.008769,0.011545,0.00426,1800.0
4.4961E+02,-0.009935,0.010556,0.00426,1800.0
4.4971E+02,-0.010945,0.009493,0.00426,1800.0
4.4980E+02,-0.011768,0.008431,0.00426,1800.0
4.4990E+02,-0.012594,0.007149,0.00426,1800.0
4.5000E+02,-0.013281,0.005759,0.00426,1800.0
4.5010E+02,-0.013807,0.004343,0.00426,1800.0
4.5020E+02,-0.014183,0.002903,0.00426,1800.0
4.5030E+02,-0.014421,0.001399,0.00426,1800.0
4.5040E+02,-0.014482,-0.000097,0.00426,1800.0
4.5050E+02,-0.014403,-0.001537,0.00426,1800.0
4.5060E+02,-0.014174,-0.003027,0.00426,1800.0
4.5070E+02,-0.013762,-0.004572,0.00426,1800.0
4.5080E+02,-0.013235,-0.005898,0.00426,1800.0
4.5091E+02,-0.012532,-0.007254,0.00426,1800.0
4.5101E+02,-0.011705,-0.008526,0.00426,1800.0
4.5111E+02,-0.010924,-0.009516,0.00426,1800.0
4.5121E+02,-0.010132,-0.010361,0.00426,1800.0
4.5131E+02,-0.009107,-0.011254,0.00426,1800.0
4.5140E+02,-0.007987,-0.012076,0.00426,0.0
4.5150E+02,-0.006675,-0.012856,0.00426,0.0
4.5160E+02,-0.005343,-0.013465,0.00426,0.0
4.5170E+02,-0.003886,-0.013962,0.00426,0.0
4.5180E+02,-0.002426,-0.014298,0.00426,1800.0
4.5190E+02,-0.000875,-0.014464,0.00426,1800.0
4.5200E+02,0.000554,-0.014480,0.00426,1800.0
4.5210E+02,0.002036,-0.014337,0.00426,1800.0
4.5220E+02,0.002698,-0.014249,0.00426,1800.0
4.5230E+02,0.002789,-0.014234,0.00426,1800.0
4.5240E+02,0.002011,-0.013943,0.00426,1800.0
4.5250E+02,-0.000929,-0.012843,0.00426,1800.0
4.5271E+02,-0.003672,-0.011817,0.00426,1800.0
4.5281E+02,-0.003878,-0.011742,0.00426,1800.0
4.5291E+02,-0.004872,-0.011365,0.00426,1800.0
4.5301E+02,-0.006168,-0.010725,0.00426,1800.0
4.5311E+02,-0.007409,-0.009909,0.00426,1800.0
4.5320E+02,-0.008476,-0.008983,0.00426,1800.0
4.5330E+02,-0.009508,-0.007885,0.00426,1800.0
4.5340E+02,-0.010372,-0.006701,0.00426,1800.0
4.5350E+02,-0.011104,-0.005386,0.00426,1800.0
4.5360E+02,-0.011673,-0.004001,0.00426,1800.0
4.5370E+02,-0.012072,-0.002563,0.00426,1800.0
4.5380E+02,-0.012302,-0.001033,0.00426,1800.0
4.5390E+02,-0.012343,0.000503,0.00426,1800.0
4.5400E+02,-0.012205,0.001934,0.00426,1800.0
4.5410E+02,-0.011874,0.003454,0.00426,1800.0
4.5420E+02,-0.011366,0.004867,0.00426,1800.0
4.5431E+02,-0.010708,0.006181,0.00426,1800.0
4.5441E+02,-0.009901,0.007404,0.00426,1800.0
4.5451E+02,-0.008894,0.008579,0.00426,1800.0
4.5461E+02,-0.007761,0.009605,0.00426,1800.0
4.5471E+02,-0.006520,0.010482,0.00426,1800.0
4.5481E+02,-0.005169,0.011208,0.00426,1800.0
4.5490E+02,-0.003921,0.011710,0.00426,1800.0
4.5500E+02,-0.002527,0.012088,0.00426,1800.0
4.5510E+02,-0.001014,0.012312,0.00426,1800.0
4.5520E+02,0.000510,0.012351,0.00426,1800.0
4.5530E+02,0.001973,0.012199,0.00426,1800.0
4.5540E+02,0.003421,0.011873,0.00426,1800.0
4.5550E+02,0.004846,0.011364,0.00426,1800.0
4.5560E+02,0.006210,0.010676,0.00426,1800.0
4.5570E+02,0.007464,0.009842,0.00426,1800.0
4.5580E+02,0.008609,0.008853,0.00426,1800.0
4.5590E+02,0.009638,0.007714,0.00426,1800.0
4.5600E+02,0.010502,0.006501,0.00426,1800.0
4.5611E+02,0.011196,0.005226,0.00426,1800.0
4.5621E+02,0.011750,0.003814,0.00426,1800.0
4.5631E+02,0.012129,0.002341,0.00426,1800.0
4.5641E+02,0.012328,0.000847,0.00426,1800.0
4.5651E+02,0.012346,-0.000671,0.00426,1800.0
4.5661E+02,0.012155,-0.002185,0.00426,1800.0
4.5670E+02,0.011852,-0.003472,0.00426,1800.0
4.5680E+02,0.011334,-0.004888,0.00426,1800.0
4.5690E+02,0.010655,-0.006236,0.00426,1800.0
4.5700E+02,0.009805,-0.007500,0.00426,1800.0
4.5710E+02,0.008805,-0.008653,0.00426,1800.0
4.5720E+02,0.007691,-0.009660,0.00426,1800.0
