1.6520E+03,0.006749,0.011367,0.01420,0.0
1.6521E+03,0.007984,0.010533,0.01420,0.0
1.6522E+03,0.009152,0.009527,0.01420,0.0
1.6523E+03,0.010178,0.008420,0.01420,0.0
1.6524E+03,0.011066,0.007223,0.01420,0.0
1.6525E+03,0.011815,0.005919,0.01420,0.0
1.6526E+03,0.012421,0.004538,0.01420,0.0
1.6527E+03,0.012849,0.003206,0.01420,0.0
1.6528E+03,0.012907,0.003006,0.01420,0.0
1.6529E+03,0.012910,0.002996,0.01420,0.0
1.6992E+03,0.015825,-0.006142,0.01491,1800.0
1.6993E+03,0.015867,-0.006021,0.01491,1800.0
1.6994E+03,0.016163,-0.005135,0.01491,1800.0
1.6995E+03,0.016561,-0.003701,0.01491,1800.0
1.6996E+03,0.016815,-0.002150,0.01491,1800.0
1.6997E+03,0.016942,-0.000676,0.01491,1800.0
1.6998E+03,0.016937,0.000794,0.01491,1800.0
1.6999E+03,0.016811,0.002153,0.01491,1800.0
1.7000E+03,0.016540,0.003676,0.01491,1800.0
1.7001E+03,0.016147,0.005155,0.01491,1800.0
1.7002E+03,0.015642,0.006538,0.01491,1800.0
1.7003E+03,0.015009,0.007874,0.01491,1800.0
1.7004E+03,0.014225,0.009224,0.01491,1800.0
1.7005E+03,0.013393,0.010408,0.01491,1800.0
1.7006E+03,0.012362,0.011621,0.01491,1800.0
1.7007E+03,0.011289,0.012654,0.01491,1800.0
1.7008E+03,0.010119,0.013609,0.01491,1800.0
1.7009E+03,0.008882,0.014444,0.01491,1800.0
1.7010E+03,0.007557,0.015170,0.01491,1800.0
1.7011E+03,0.006193,0.015776,0.01491,1800.0
1.7012E+03,0.004802,0.016257,0.01491,1800.0
1.7013E+03,0.003320,0.016617,0.01491,1800.0
1.7014E+03,0.001783,0.016852,0.01491,1800.0
1.7015E+03,0.000291,0.016951,0.01491,1800.0
1.7016E+03,-0.001161,0.016920,0.01491,1800.0
1.7017E+03,-0.002521,0.016772,0.01491,1800.0
1.7018E+03,-0.003957,0.016465,0.01491,1800.0
1.7019E+03,-0.005435,0.016061,0.01491,1800.0
1.7020E+03,-0.006851,0.015515,0.01491,1800.0
1.7021E+03,-0.008171,0.014849,0.01491,1800.0
1.7022E+03,-0.009460,0.014060,0.01491,1800.0
1.7023E+03,-0.010689,0.013159,0.01491,1800.0
1.7024E+03,-0.011838,0.012124,0.01491,1800.0
1.7025E+03,-0.012877,0.011017,0.01491,1800.0
1.7026E+03,-0.013777,0.009877,0.01491,1800.0
1.7027E+03,-0.014587,0.008641,0.01491,1800.0
1.7028E+03,-0.015306,0.007302,0.01491,1800.0
1.7029E+03,-0.015919,0.005844,0.01491,1800.0
1.7030E+03,-0.016370,0.004462,0.01491,1800.0
1.7031E+03,-0.016693,0.003006,0.01491,1800.0
1.7032E+03,-0.016887,0.001531,0.01491,1800.0
1.7033E+03,-0.016950,-0.000017,0.01491,1800.0
1.7034E+03,-0.016896,-0.001387,0.01491,1800.0
1.7035E+03,-0.016702,-0.002869,0.01491,1800.0
1.7036E+03,-0.016378,-0.004347,0.01491,1800.0
1.7037E+03,-0.015927,-0.005808,0.01491,1800.0
1.7038E+03,-0.015356,-0.007185,0.01491,1800.0
1.7039E+03,-0.014666,-0.008503,0.01491,1800.0
1.7040E+03,-0.013837,-0.009807,0.01491,1800.0
1.7041E+03,-0.012901,-0.011026,0.01491,1800.0
1.7042E+03,-0.011912,-0.012074,0.01491,1800.0
1.7043E+03,-0.010755,-0.013102,0.01491,1800.0
1.7044E+03,-0.009577,-0.013996,0.01491,1800.0
1.7045E+03,-0.008321,-0.014767,0.01491,1800.0
1.7046E+03,-0.006976,-0.015446,0.01491,1800.0
1.7047E+03,-0.005582,-0.016000,0.01491,1800.0
1.7048E+03,-0.004150,-0.016432,0.01491,1800.0
1.7049E+03,-0.002677,-0.016738,0.01491,1800.0
1.7050E+03,-0.001182,-0.016906,0.01491,1800.0
1.7051E+03,0.000170,-0.016957,0.01491,1800.0
1.7052E+03,0.001709,-0.016883,0.01491,1800.0
1.7053E+03,0.003232,-0.016650,0.01491,1800.0
1.7054E+03,0.004639,-0.016311,0.01491,1800.0
1.7055E+03,0.006105,-0.015824,0.01491,1800.0
1.7056E+03,0.007519,-0.015192,0.01491,1800.0
1.7057E+03,0.008840,-0.014456,0.01491,1800.0
1.7058E+03,0.010094,-0.013618,0.01491,0.0
1.7059E+03,0.011257,-0.012670,0.01491,0.0
1.7060E+03,0.012326,-0.011632,0.01491,0.0
1.7061E+03,0.013293,-0.010510,0.01491,0.0
1.7062E+03,0.014167,-0.009313,0.01491,0.0
1.7063E+03,0.014954,-0.007999,0.01491,0.0
1.7064E+03,0.015570,-0.006734,0.01491,1800.0
1.7065E+03,0.015822,-0.006148,0.01491,1800.0
1.7066E+03,0.015825,-0.006142,0.01491,1800.0
1.7067E+03,0.015235,-0.006053,0.01491,1800.0
1.7068E+03,0.009621,-0.005208,0.01491,1800.0
1.7069E+03,0.002098,-0.004076,0.01491,1800.0
1.7070E+03,-0.005279,-0.002965,0.01491,1800.0
1.7071E+03,-0.009317,-0.002357,0.01491,1800.0
1.7072E+03,-0.009632,-0.002310,0.01491,1800.0
1.7073E+03,-0.009662,-0.002156,0.01491,1800.0
1.7074E+03,-0.009764,-0.001516,0.01491,1800.0
1.7075E+03,-0.009890,-0.000071,0.01491,1800.0
1.7076E+03,-0.009776,0.001518,0.01491,1800.0
1.7077E+03,-0.009441,0.002948,0.01491,1800.0
1.7078E+03,-0.008848,0.004373,0.01491,1800.0
1.7079E+03,-0.008102,0.005653,0.01491,1800.0
1.7080E+03,-0.007175,0.006789,0.01491,1800.0
1.7081E+03,-0.006026,0.007808,0.01491,1800.0
1.7082E+03,-0.004801,0.008634,0.01491,1800.0
1.7083E+03,-0.003429,0.009247,0.01491,1800.0
1.7084E+03,-0.001947,0.009678,0.01491,1800.0
1.7085E+03,-0.000481,0.009860,0.01491,1800.0
1.7086E+03,0.000842,0.009850,0.01491,1800.0
1.7087E+03,0.002258,0.009645,0.01491,1800.0
1.7088E+03,0.003781,0.009135,0.01491,1800.0
1.7089E+03,0.005129,0.008460,0.01491,1800.0
1.7090E+03,0.006320,0.007595,0.01491,1800.0
1.7091E+03,0.007409,0.006534,0.01491,1800.0
1.7092E+03,0.008310,0.005321,0.01491,1800.0
1.7093E+03,0.009013,0.004024,0.01491,1800.0
1.7094E+03,0.009514,0.002584,0.01491,1800.0
1.7095E+03,0.009809,0.001093,0.01491,1800.0
1.7096E+03,0.009869,-0.000364,0.01491,1800.0
1.7097E+03,0.009688,-0.001879,0.01491,1800.0
1.7098E+03,0.009296,-0.003375,0.01491,1800.0
1.7099E+03,0.008697,-0.004706,0.01491,1800.0
1.7100E+03,0.007894,-0.005962,0.01491,1800.0
1.7101E+03,0.006918,-0.007066,0.01491,1800.0
1.7102E+03,0.005694,-0.008076,0.01491,1800.0
1.7103E+03,0.004611,-0.008763,0.01491,1800.0
1.7104E+03,0.003192,-0.009350,0.01491,1800.0
1.7105E+03,0.001716,-0.009720,0.01491,1800.0
1.7106E+03,0.000254,-0.009863,0.01491,1800.0
1.7107E+03,-0.001273,-0.009785,0.01491,1800.0
1.7108E+03,-0.002761,-0.009484,0.01491,0.0
1.7109E+03,-0.004135,-0.008970,0.01491,0.0
1.7110E+03,-0.005471,-0.008245,0.01491,0.0
1.7111E+03,-0.006679,-0.007301,0.01491,0.0
1.7112E+03,-0.007696,-0.006232,0.01491,0.0
1.7113E+03,-0.008534,-0.004964,0.01491,0.0
1.7114E+03,-0.009182,-0.003660,0.01491,0.0
1.7115E+03,-0.009549,-0.002589,0.01491,1800.0
1.7116E+03,-0.009632,-0.002310,0.01491,1800.0
1.7117E+03,-0.009604,-0.002309,0.01491,1800.0
1.7118E+03,-0.006224,-0.002147,0.01491,1800.0
1.7119E+03,0.000782,-0.001811,0.01491,1800.0
1.7120E+03,0.007533,-0.001487,0.01491,1800.0
1.7121E+03,0.014544,-0.001151,0.01491,1800.0
1.7122E+03,0.015232,-0.001118,0.01491,1800.0
1.7123E+03,0.015232,-0.001117,0.01491,1800.0
1.7124E+03,0.015237,-0.000996,0.01491,1800.0
1.7125E+03,0.015248,0.000349,0.01491,1800.0
1.7126E+03,0.015146,0.001815,0.01491,1800.0
1.7127E+03,0.014891,0.003267,0.01491,1800.0
1.7128E+03,0.014485,0.004752,0.01491,1800.0
1.7129E+03,0.013925,0.006201,0.01491,1800.0
1.7130E+03,0.013242,0.007550,0.01491,1800.0
1.7131E+03,0.012458,0.008797,0.01491,1800.0
1.7132E+03,0.011550,0.009956,0.01491,1800.0
1.7133E+03,0.010496,0.011070,0.01491,1800.0
1.7134E+03,0.009343,0.012068,0.01491,1800.0
1.7135E+03,0.008132,0.012917,0.01491,1800.0
1.7136E+03,0.006853,0.013645,0.01491,1800.0
1.7137E+03,0.005559,0.014197,0.01491,1800.0
1.7138E+03,0.004141,0.014680,0.01491,1800.0
1.7139E+03,0.002704,0.015008,0.01491,1800.0
1.7140E+03,0.001169,0.015198,0.01491,1800.0
1.7141E+03,-0.000380,0.015245,0.01491,1800.0
1.7142E+03,-0.001852,0.015132,0.01491,1800.0
1.7143E+03,-0.003282,0.014896,0.01491,1800.0
1.7144E+03,-0.004717,0.014505,0.01491,1800.0
1.7145E+03,-0.006182,0.013947,0.01491,1800.0
1.7146E+03,-0.007517,0.013287,0.01491,1800.0
1.7147E+03,-0.008818,0.012453,0.01491,1800.0
1.7148E+03,-0.010005,0.011526,0.01491,1800.0
1.7149E+03,-0.011042,0.010522,0.01491,1800.0
1.7150E+03,-0.012010,0.009399,0.01491,1800.0
1.7151E+03,-0.012909,0.008111,0.01491,1800.0
1.7152E+03,-0.013653,0.006782,0.01491,1800.0
1.7153E+03,-0.014252,0.005410,0.01491,1800.0
1.7154E+03,-0.014722,0.003963,0.01491,1800.0
1.7155E+03,-0.015019,0.002640,0.01491,1800.0
1.7156E+03,-0.015212,0.001167,0.01491,1800.0
1.7157E+03,-0.015259,-0.000352,0.01491,1800.0
1.7158E+03,-0.015160,-0.001814,0.01491,1800.0
1.7159E+03,-0.014903,-0.003278,0.01491,1800.0
1.7160E+03,-0.014507,-0.004728,0.01491,1800.0
1.7161E+03,-0.013940,-0.006180,0.01491,1800.0
1.7162E+03,-0.013273,-0.007506,0.01491,1800.0
1.7163E+03,-0.012479,-0.008764,0.01491,1800.0
1.7164E+03,-0.011518,-0.009982,0.01491,1800.0
1.7165E+03,-0.010467,-0.011090,0.01491,1800.0
1.7166E+03,-0.009345,-0.012047,0.01491,1800.0
1.7167E+03,-0.008100,-0.012923,0.01491,1800.0
1.7168E+03,-0.006762,-0.013674,0.01491,1800.0
1.7169E+03,-0.005411,-0.014266,0.01491,1800.0
1.7170E+03,-0.003987,-0.014727,0.01491,1800.0
1.7171E+03,-0.002497,-0.015051,0.01491,1800.0
1.7172E+03,-0.001226,-0.015210,0.01491,1800.0
1.7173E+03,0.000316,-0.015241,0.01491,1800.0
1.7174E+03,0.001873,-0.015131,0.01491,1800.0
1.7175E+03,0.003324,-0.014882,0.01491,1800.0
1.7176E+03,0.004747,-0.014487,0.01491,1800.0
1.7177E+03,0.006186,-0.013937,0.01491,1800.0
1.7178E+03,0.007528,-0.013262,0.01491,1800.0
1.7179E+03,0.008792,-0.012465,0.01491,1800.0
1.7180E+03,0.009955,-0.011560,0.01491,1800.0
1.7181E+03,0.011049,-0.010530,0.01491,0.0
1.7182E+03,0.012058,-0.009360,0.01491,0.0
1.7183E+03,0.012899,-0.008146,0.01491,0.0
1.7184E+03,0.013635,-0.006845,0.01491,0.0
1.7185E+03,0.014232,-0.005480,0.01491,0.0
1.7186E+03,0.014719,-0.003970,0.01491,0.0
1.7187E+03,0.015044,-0.002482,0.01491,0.0
1.7188E+03,0.015190,-0.001494,0.01491,1800.0
1.7189E+03,0.015232,-0.001118,0.01491,1800.0
1.7190E+03,0.014981,-0.001134,0.01491,1800.0
1.7191E+03,0.013164,-0.001248,0.01491,1800.0
1.7192E+03,0.005518,-0.001726,0.01491,1800.0
1.7193E+03,-0.002039,-0.002199,0.01491,1800.0
1.7194E+03,-0.009620,-0.002674,0.01491,1800.0
1.7195E+03,-0.011163,-0.002770,0.01491,1800.0
1.7196E+03,-0.011267,-0.002777,0.01491,1800.0
1.7197E+03,-0.011304,-0.002645,0.01491,1800.0
1.7198E+03,-0.011461,-0.001676,0.01491,1800.0
1.7199E+03,-0.011567,-0.000193,0.01491,1800.0
1.7200E+03,-0.011497,0.001286,0.01491,1800.0
1.7201E+03,-0.011252,0.002749,0.01491,1800.0
1.7202E+03,-0.010813,0.004171,0.01491,1800.0
1.7203E+03,-0.010172,0.005535,0.01491,1800.0
1.7204E+03,-0.009343,0.006855,0.01491,1800.0
1.7205E+03,-0.008416,0.007981,0.01491,1800.0
1.7206E+03,-0.007340,0.008989,0.01491,1800.0
1.7207E+03,-0.006200,0.009783,0.01491,1800.0
1.7208E+03,-0.004889,0.010487,0.01491,1800.0
1.7209E+03,-0.003492,0.011030,0.01491,1800.0
1.7210E+03,-0.001992,0.011401,0.01491,1800.0
1.7211E+03,-0.000497,0.011567,0.01491,1800.0
1.7212E+03,0.000957,0.011534,0.01491,1800.0
1.7213E+03,0.002464,0.011305,0.01491,1800.0
1.7214E+03,0.003959,0.010894,0.01491,1800.0
1.7215E+03,0.005286,0.010321,0.01491,1800.0
1.7216E+03,0.006573,0.009545,0.01491,1800.0
1.7217E+03,0.007813,0.008561,0.01491,1800.0
1.7218E+03,0.008817,0.007527,0.01491,1800.0
1.7219E+03,0.009697,0.006336,0.01491,1800.0
1.7220E+03,0.010458,0.004956,0.01491,1800.0
1.7221E+03,0.011019,0.003540,0.01491,1800.0
1.7222E+03,0.011383,0.002099,0.01491,1800.0
1.7223E+03,0.011564,0.000632,0.01491,1800.0
1.7224E+03,0.011551,-0.000716,0.01491,1800.0
1.7225E+03,0.011363,-0.002236,0.01491,1800.0
1.7226E+03,0.010991,-0.003672,0.01491,1800.0
1.7227E+03,0.010442,-0.005048,0.01491,1800.0
1.7228E+03,0.009710,-0.006347,0.01491,1800.0
1.7229E+03,0.008803,-0.007540,0.01491,1800.0
1.7230E+03,0.007745,-0.008611,0.01491,1800.0
1.7231E+03,0.006517,-0.009577,0.01491,1800.0
1.7232E+03,0.005228,-0.010327,0.01491,1800.0
1.7233E+03,0.003866,-0.010907,0.01491,1800.0
1.7234E+03,0.002430,-0.011310,0.01491,1800.0
1.7235E+03,0.000952,-0.011539,0.01491,1800.0
1.7236E+03,-0.000570,-0.011558,0.01491,1800.0
1.7237E+03,-0.002117,-0.011380,0.01491,1800.0
1.7238E+03,-0.003588,-0.011015,0.01491,1800.0
1.7239E+03,-0.004912,-0.010493,0.01491,0.0
1.7240E+03,-0.006301,-0.009746,0.01491,0.0
1.7241E+03,-0.007389,-0.008916,0.01491,0.0
1.7242E+03,-0.008430,-0.007939,0.01491,0.0
1.7243E+03,-0.009412,-0.006735,0.01491,0.0
1.7244E+03,-0.010222,-0.005431,0.01491,0.0
1.7245E+03,-0.010823,-0.004101,0.01491,1800.0
1.7246E+03,-0.011165,-0.003130,0.01491,1800.0
1.7247E+03,-0.011267,-0.002777,0.01491,1800.0
1.7248E+03,-0.010940,-0.002753,0.01491,1800.0
1.7249E+03,-0.008452,-0.002574,0.01491,1800.0
1.7250E+03,-0.000931,-0.002033,0.01491,1800.0
1.7251E+03,0.007130,-0.001452,0.01491,1800.0
1.7252E+03,0.013120,-0.001021,0.01491,1800.0
1.7253E+03,0.013528,-0.000992,0.01491,1800.0
1.7254E+03,0.013535,-0.000991,0.01491,1800.0
1.7255E+03,0.013553,-0.000516,0.01491,1800.0
1.7256E+03,0.013526,0.000703,0.01491,1800.0
1.7257E+03,0.013365,0.002180,0.01491,1800.0
1.7258E+03,0.013040,0.003649,0.01491,1800.0
1.7259E+03,0.012604,0.004954,0.01491,1800.0
1.7260E+03,0.011969,0.006350,0.01491,1800.0
1.7261E+03,0.011175,0.007679,0.01491,1800.0
1.7262E+03,0.010299,0.008818,0.01491,1800.0
1.7263E+03,0.009283,0.009897,0.01491,1800.0
1.7264E+03,0.008100,0.010868,0.01491,1800.0
1.7265E+03,0.006812,0.011716,0.01491,1800.0
1.7266E+03,0.005474,0.012394,0.01491,1800.0
1.7267E+03,0.004043,0.012926,0.01491,1800.0
1.7268E+03,0.002648,0.013287,0.01491,1800.0
1.7269E+03,0.001158,0.013491,0.01491,1800.0
1.7270E+03,-0.000412,0.013538,0.01491,1800.0
1.7271E+03,-0.001932,0.013406,0.01491,1800.0
1.7272E+03,-0.003388,0.013115,0.01491,1800.0
1.7273E+03,-0.004783,0.012686,0.01491,1800.0
1.7274E+03,-0.006150,0.012078,0.01491,1800.0
1.7275E+03,-0.007457,0.011335,0.01491,1800.0
1.7276E+03,-0.008532,0.010533,0.01491,1800.0
1.7277E+03,-0.009686,0.009464,0.01491,1800.0
1.7278E+03,-0.010668,0.008354,0.01491,1800.0
1.7279E+03,-0.011526,0.007112,0.01491,1800.0
1.7280E+03,-0.012251,0.005762,0.01491,1800.0
1.7281E+03,-0.012812,0.004394,0.01491,1800.0
1.7282E+03,-0.013213,0.002990,0.01491,1800.0
1.7283E+03,-0.013459,0.001471,0.01491,1800.0
1.7284E+03,-0.013550,-0.000079,0.01491,1800.0
1.7285E+03,-0.013481,-0.001531,0.01491,1800.0
1.7286E+03,-0.013220,-0.002999,0.01491,1800.0
1.7287E+03,-0.012783,-0.004535,0.01491,1800.0
1.7288E+03,-0.012232,-0.005842,0.01491,1800.0
1.7289E+03,-0.011462,-0.007213,0.01491,1800.0
1.7290E+03,-0.010614,-0.008430,0.01491,1800.0
1.7291E+03,-0.009639,-0.009514,0.01491,1800.0
1.7292E+03,-0.008505,-0.010534,0.01491,1800.0
1.7293E+03,-0.007399,-0.011346,0.01491,1800.0
1.7294E+03,-0.006104,-0.012089,0.01491,1800.0
1.7295E+03,-0.004718,-0.012705,0.01491,1800.0
1.7296E+03,-0.003299,-0.013148,0.01491,1800.0
1.7297E+03,-0.001812,-0.013436,0.01491,1800.0
1.7298E+03,-0.000324,-0.013558,0.01491,1800.0
1.7299E+03,0.001248,-0.013504,0.01491,1800.0
1.7300E+03,0.002688,-0.013281,0.01491,1800.0
1.7301E+03,0.004167,-0.012892,0.01491,1800.0
1.7302E+03,0.005573,-0.012348,0.01491,1800.0
1.7303E+03,0.006877,-0.011669,0.01491,1800.0
1.7304E+03,0.008109,-0.010840,0.01491,1800.0
1.7305E+03,0.009270,-0.009873,0.01491,0.0
1.7306E+03,0.010325,-0.008768,0.01491,0.0
1.7307E+03,0.011243,-0.007559,0.01491,0.0
1.7308E+03,0.011998,-0.006304,0.01491,0.0
1.7309E+03,0.012622,-0.004935,0.01491,0.0
1.7310E+03,0.013074,-0.003580,0.01491,0.0
1.7311E+03,0.013388,-0.002140,0.01491,0.0
1.7312E+03,0.013504,-0.001270,0.01491,1800.0
1.7313E+03,0.013535,-0.000991,0.01491,1800.0
1.7314E+03,0.013429,-0.001000,0.01491,1800.0
1.7315E+03,0.009323,-0.001350,0.01491,1800.0
1.7316E+03,0.002147,-0.001962,0.01491,1800.0
1.7317E+03,-0.005665,-0.002627,0.01491,1800.0
1.7318E+03,-0.011796,-0.003150,0.01491,1800.0
1.7319E+03,-0.012902,-0.003244,0.01491,1800.0
1.7320E+03,-0.012903,-0.003241,0.01491,1800.0
1.7321E+03,-0.012915,-0.003190,0.01491,1800.0
1.7322E+03,-0.013153,-0.001954,0.01491,1800.0
1.7323E+03,-0.013288,-0.000450,0.01491,1800.0
1.7324E+03,-0.013241,0.001112,0.01491,1800.0
1.7325E+03,-0.013043,0.002562,0.01491,1800.0
1.7326E+03,-0.012671,0.004003,0.01491,1800.0
1.7327E+03,-0.012169,0.005300,0.01491,1800.0
1.7328E+03,-0.011497,0.006643,0.01491,1800.0
1.7329E+03,-0.010698,0.007861,0.01491,1800.0
1.7330E+03,-0.009723,0.009045,0.01491,1800.0
1.7331E+03,-0.008663,0.010068,0.01491,1800.0
1.7332E+03,-0.007401,0.011036,0.01491,1800.0
1.7333E+03,-0.006143,0.011795,0.01491,1800.0
1.7334E+03,-0.004777,0.012409,0.01491,1800.0
1.7335E+03,-0.003381,0.012848,0.01491,1800.0
1.7336E+03,-0.001944,0.013159,0.01491,1800.0
1.7337E+03,-0.000391,0.013284,0.01491,1800.0
1.7338E+03,0.001119,0.013233,0.01491,1800.0
1.7339E+03,0.002600,0.013017,0.01491,1800.0
1.7340E+03,0.004055,0.012637,0.01491,1800.0
1.7341E+03,0.005476,0.012093,0.01491,1800.0
1.7342E+03,0.006860,0.011364,0.01491,1800.0
1.7343E+03,0.008087,0.010537,0.01491,1800.0
1.7344E+03,0.009098,0.009693,0.01491,1800.0
1.7345E+03,0.010184,0.008556,0.01491,1800.0
1.7346E+03,0.011068,0.007371,0.01491,1800.0
1.7347E+03,0.011832,0.006051,0.01491,1800.0
1.7348E+03,0.012427,0.004704,0.01491,1800.0
1.7349E+03,0.012866,0.003311,0.01491,1800.0
1.7350E+03,0.013148,0.001802,0.01491,1800.0
1.7351E+03,0.013271,0.000288,0.01491,1800.0
1.7352E+03,0.013222,-0.001181,0.01491,1800.0
1.7353E+03,0.012994,-0.002695,0.01491,1800.0
1.7354E+03,0.012610,-0.004203,0.01491,1800.0
1.7355E+03,0.012099,-0.005573,0.01491,1800.0
1.7356E+03,0.011385,-0.006879,0.01491,1800.0
1.7357E+03,0.010555,-0.008096,0.01491,1800.0
1.7358E+03,0.009518,-0.009294,0.01491,1800.0
1.7359E+03,0.008407,-0.010294,0.01491,1800.0
1.7360E+03,0.007173,-0.011178,0.01491,1800.0
1.7361E+03,0.006018,-0.011836,0.01491,1800.0
1.7362E+03,0.004678,-0.012424,0.01491,1800.0
1.7363E+03,0.003214,-0.012873,0.01491,1800.0
1.7364E+03,0.001689,-0.013169,0.01491,1800.0
1.7365E+03,0.000211,-0.013276,0.01491,1800.0
1.7366E+03,-0.001287,-0.013224,0.01491,1800.0
1.7367E+03,-0.002776,-0.012997,0.01491,1800.0
1.7368E+03,-0.004279,-0.012598,0.01491,1800.0
