2.6815E+03,-0.009687,-0.006802,0.02627,0.0
2.6816E+03,-0.010478,-0.005503,0.02627,0.0
2.6817E+03,-0.011090,-0.004155,0.02627,0.0
2.6818E+03,-0.011516,-0.002751,0.02627,0.0
2.6819E+03,-0.011777,-0.001242,0.02627,0.0
2.6820E+03,-0.011855,0.000270,0.02627,0.0
2.6821E+03,-0.011730,0.001713,0.02627,0.0
2.6822E+03,-0.011442,0.003136,0.02627,0.0
2.6823E+03,-0.011333,0.003529,0.02627,0.0
2.6825E+03,-0.011323,0.003564,0.02627,0.0
2.7029E+03,-0.010212,0.010827,0.02698,1800.0
2.7030E+03,-0.010274,0.010766,0.02698,1800.0
2.7031E+03,-0.010659,0.010366,0.02698,1800.0
2.7032E+03,-0.011642,0.009263,0.02698,1800.0
2.7033E+03,-0.012535,0.008014,0.02698,1800.0
2.7034E+03,-0.013208,0.006819,0.02698,1800.0
2.7035E+03,-0.013820,0.005454,0.02698,1800.0
2.7036E+03,-0.014291,0.004093,0.02698,1800.0
2.7037E+03,-0.014589,0.002890,0.02698,1800.0
2.7038E+03,-0.014774,0.001572,0.02698,1800.0
2.7039E+03,-0.014856,0.000060,0.02698,1800.0
2.7040E+03,-0.014792,-0.001444,0.02698,1800.0
2.7041E+03,-0.014606,-0.002827,0.02698,1800.0
2.7042E+03,-0.014368,-0.003841,0.02698,1800.0
2.7043E+03,-0.013907,-0.005263,0.02698,1800.0
2.7044E+03,-0.013285,-0.006688,0.02698,1800.0
2.7045E+03,-0.012554,-0.007973,0.02698,1800.0
2.7046E+03,-0.011684,-0.009193,0.02698,1800.0
2.7047E+03,-0.010673,-0.010346,0.02698,1800.0
2.7048E+03,-0.009570,-0.011368,0.02698,1800.0
2.7049E+03,-0.008376,-0.012268,0.02698,1800.0
2.7050E+03,-0.007136,-0.013036,0.02698,1800.0
2.7051E+03,-0.005936,-0.013626,0.02698,1800.0
2.7052E+03,-0.004447,-0.014179,0.02698,1800.0
2.7053E+03,-0.003007,-0.014563,0.02698,1800.0
2.7054E+03,-0.001570,-0.014793,0.02698,1800.0
2.7055E+03,-0.000039,-0.014875,0.02698,1800.0
2.7056E+03,0.001478,-0.014804,0.02698,1800.0
2.7057E+03,0.002936,-0.014576,0.02698,1800.0
2.7058E+03,0.004416,-0.014190,0.02698,1800.0
2.7059E+03,0.005846,-0.013663,0.02698,1800.0
2.7060E+03,0.007205,-0.012997,0.02698,1800.0
2.7061E+03,0.008468,-0.012203,0.02698,1800.0
2.7062E+03,0.009656,-0.011290,0.02698,1800.0
2.7063E+03,0.010750,-0.010263,0.02698,1800.0
2.7064E+03,0.011729,-0.009124,0.02698,1800.0
2.7065E+03,0.012632,-0.007838,0.02698,1800.0
2.7066E+03,0.013309,-0.006652,0.02698,1800.0
2.7067E+03,0.013912,-0.005257,0.02698,1800.0
2.7068E+03,0.014376,-0.003823,0.02698,1800.0
2.7069E+03,0.014627,-0.002705,0.02698,1800.0
2.7070E+03,0.014800,-0.001358,0.02698,1800.0
2.7071E+03,0.014856,0.000129,0.02698,1800.0
2.7072E+03,0.014775,0.001585,0.02698,1800.0
2.7073E+03,0.014608,0.002779,0.02698,1800.0
2.7074E+03,0.014312,0.003994,0.02698,1800.0
2.7075E+03,0.013818,0.005465,0.02698,1800.0
2.7076E+03,0.013192,0.006848,0.02698,1800.0
2.7077E+03,0.012436,0.008148,0.02698,1800.0
2.7078E+03,0.011529,0.009390,0.02698,1800.0
2.7079E+03,0.010547,0.010492,0.02698,1800.0
2.7080E+03,0.009582,0.011372,0.02698,1800.0
2.7081E+03,0.008374,0.012274,0.02698,1800.0
2.7082E+03,0.007063,0.013072,0.02698,1800.0
2.7083E+03,0.005668,0.013735,0.02698,1800.0
2.7084E+03,0.004238,0.014242,0.02698,1800.0
2.7085E+03,0.002766,0.014598,0.02698,1800.0
2.7086E+03,0.001277,0.014809,0.02698,1800.0
2.7087E+03,-0.000192,0.014858,0.02698,0.0
2.7088E+03,-0.001679,0.014769,0.02698,0.0
2.7089E+03,-0.003154,0.014539,0.02698,0.0
2.7090E+03,-0.004638,0.014129,0.02698,0.0
2.7091E+03,-0.006099,0.013571,0.02698,1800.0
2.7092E+03,-0.007378,0.012918,0.02698,1800.0
2.7093E+03,-0.008677,0.012064,0.02698,1800.0
2.7094E+03,-0.009807,0.011170,0.02698,1800.0
2.7095E+03,-0.010171,0.010863,0.02698,1800.0
2.7096E+03,-0.010212,0.010827,0.02698,1800.0
2.7097E+03,-0.010451,0.009185,0.02698,1800.0
2.7098E+03,-0.010910,0.006021,0.02698,1800.0
2.7099E+03,-0.011138,0.004452,0.02698,1800.0
2.7100E+03,-0.011133,0.004464,0.02698,1800.0
2.7101E+03,-0.011044,0.004654,0.02698,1800.0
2.7102E+03,-0.010389,0.005974,0.02698,1800.0
2.7103E+03,-0.009546,0.007233,0.02698,1800.0
2.7104E+03,-0.008577,0.008361,0.02698,1800.0
2.7105E+03,-0.007448,0.009357,0.02698,1800.0
2.7106E+03,-0.006207,0.010231,0.02698,1800.0
2.7107E+03,-0.004862,0.010929,0.02698,1800.0
2.7108E+03,-0.003434,0.011460,0.02698,1800.0
2.7109E+03,-0.001950,0.011802,0.02698,1800.0
2.7110E+03,-0.000485,0.011957,0.02698,1800.0
2.7111E+03,0.000945,0.011925,0.02698,1800.0
2.7112E+03,0.002289,0.011739,0.02698,1800.0
2.7113E+03,0.003818,0.011362,0.02698,1800.0
2.7114E+03,0.005209,0.010792,0.02698,1800.0
2.7115E+03,0.006552,0.010029,0.02698,1800.0
2.7116E+03,0.007718,0.009150,0.02698,1800.0
2.7117E+03,0.008784,0.008122,0.02698,1800.0
2.7118E+03,0.009730,0.006957,0.02698,1800.0
2.7119E+03,0.010521,0.005687,0.02698,1800.0
2.7120E+03,0.011153,0.004339,0.02698,1800.0
2.7121E+03,0.011608,0.002913,0.02698,1800.0
2.7122E+03,0.011877,0.001404,0.02698,1800.0
2.7123E+03,0.011975,-0.000149,0.02698,1800.0
2.7124E+03,0.011872,-0.001596,0.02698,1800.0
2.7125E+03,0.011571,-0.003116,0.02698,1800.0
2.7126E+03,0.011124,-0.004478,0.02698,1800.0
2.7127E+03,0.010457,-0.005836,0.02698,1800.0
2.7128E+03,0.009597,-0.007157,0.02698,1800.0
2.7129E+03,0.008750,-0.008167,0.02698,1800.0
2.7130E+03,0.007629,-0.009206,0.02698,1800.0
2.7131E+03,0.006385,-0.010115,0.02698,1800.0
2.7132E+03,0.005088,-0.010835,0.02698,1800.0
2.7133E+03,0.003707,-0.011378,0.02698,1800.0
2.7134E+03,0.002240,-0.011756,0.02698,1800.0
2.7135E+03,0.000726,-0.011953,0.02698,1800.0
2.7136E+03,-0.000728,-0.011961,0.02698,1800.0
2.7137E+03,-0.002201,-0.011787,0.02698,1800.0
2.7138E+03,-0.003615,-0.011426,0.02698,1800.0
2.7139E+03,-0.005037,-0.010862,0.02698,1800.0
2.7140E+03,-0.006411,-0.010101,0.02698,1800.0
2.7141E+03,-0.007638,-0.009204,0.02698,1800.0
2.7142E+03,-0.008722,-0.008194,0.02698,1800.0
2.7143E+03,-0.009669,-0.007040,0.02698,1800.0
