1.1392E+03,0.001266,-0.012811,0.00994,0.0
1.1393E+03,-0.000278,-0.012858,0.00994,0.0
1.1394E+03,-0.001697,-0.012741,0.00994,0.0
1.1395E+03,-0.003175,-0.012447,0.00994,0.0
1.1396E+03,-0.004661,-0.011967,0.00994,0.0
1.1397E+03,-0.006048,-0.011335,0.00994,0.0
1.1398E+03,-0.007294,-0.010579,0.00994,0.0
1.1399E+03,-0.008405,-0.009723,0.00994,0.0
1.1400E+03,-0.009048,-0.009164,0.00994,0.0
1.1401E+03,-0.009060,-0.009154,0.00994,0.0
1.1865E+03,-0.008408,-0.015173,0.01065,1800.0
1.1866E+03,-0.008194,-0.015284,0.01065,1800.0
1.1867E+03,-0.007355,-0.015682,0.01065,1800.0
1.1868E+03,-0.005983,-0.016262,0.01065,1800.0
1.1869E+03,-0.004547,-0.016724,0.01065,1800.0
1.1870E+03,-0.003220,-0.017040,0.01065,1800.0
1.1871E+03,-0.001756,-0.017246,0.01065,1800.0
1.1872E+03,-0.000219,-0.017334,0.01065,1800.0
1.1873E+03,0.001346,-0.017277,0.01065,1800.0
1.1874E+03,0.002798,-0.017100,0.01065,1800.0
1.1875E+03,0.004244,-0.016796,0.01065,1800.0
1.1876E+03,0.005714,-0.016353,0.01065,1800.0
1.1877E+03,0.007136,-0.015782,0.01065,1800.0
1.1878E+03,0.008472,-0.015115,0.01065,1800.0
1.1879E+03,0.009736,-0.014326,0.01065,1800.0
1.1880E+03,0.010955,-0.013423,0.01065,1800.0
1.1881E+03,0.012070,-0.012443,0.01065,1800.0
1.1882E+03,0.013153,-0.011291,0.01065,1800.0
1.1883E+03,0.014057,-0.010147,0.01065,1800.0
1.1884E+03,0.014911,-0.008844,0.01065,1800.0
1.1885E+03,0.015430,-0.007898,0.01065,1800.0
1.1886E+03,0.015954,-0.006772,0.01065,1800.0
1.1887E+03,0.016450,-0.005437,0.01065,1800.0
1.1888E+03,0.016766,-0.004412,0.01065,1800.0
1.1889E+03,0.017021,-0.003225,0.01065,1800.0
1.1890E+03,0.017226,-0.001961,0.01065,1800.0
1.1891E+03,0.017305,-0.000911,0.01065,1800.0
1.1892E+03,0.017321,0.000582,0.01065,1800.0
1.1893E+03,0.017241,0.001785,0.01065,1800.0
1.1894E+03,0.017076,0.002995,0.01065,1800.0
1.1895E+03,0.016845,0.004098,0.01065,1800.0
1.1896E+03,0.016484,0.005348,0.01065,1800.0
1.1897E+03,0.016009,0.006632,0.01065,1800.0
1.1898E+03,0.015557,0.007637,0.01065,1800.0
1.1899E+03,0.014938,0.008772,0.01065,1800.0
1.1900E+03,0.014126,0.010027,0.01065,1800.0
1.1901E+03,0.013189,0.011232,0.01065,1800.0
1.1902E+03,0.012155,0.012342,0.01065,1800.0
1.1903E+03,0.011037,0.013355,0.01065,1800.0
1.1904E+03,0.009851,0.014256,0.01065,1800.0
1.1905E+03,0.008698,0.015001,0.01065,1800.0
1.1906E+03,0.007365,0.015694,0.01065,1800.0
1.1907E+03,0.005968,0.016275,0.01065,1800.0
1.1908E+03,0.004595,0.016714,0.01065,1800.0
1.1909E+03,0.003080,0.017050,0.01065,1800.0
1.1910E+03,0.001620,0.017249,0.01065,1800.0
1.1911E+03,0.000151,0.017321,0.01065,1800.0
1.1912E+03,-0.001369,0.017272,0.01065,1800.0
1.1913E+03,-0.002892,0.017081,0.01065,1800.0
1.1914E+03,-0.004365,0.016766,0.01065,1800.0
1.1915E+03,-0.005785,0.016335,0.01065,1800.0
1.1916E+03,-0.007189,0.015771,0.01065,1800.0
1.1917E+03,-0.008513,0.015108,0.01065,1800.0
1.1918E+03,-0.009818,0.014290,0.01065,1800.0
1.1919E+03,-0.011021,0.013377,0.01065,1800.0
1.1920E+03,-0.012173,0.012342,0.01065,1800.0
1.1921E+03,-0.013183,0.011244,0.01065,1800.0
1.1922E+03,-0.014011,0.010186,0.01065,1800.0
1.1923E+03,-0.014850,0.008914,0.01065,1800.0
1.1924E+03,-0.015510,0.007730,0.01065,1800.0
1.1925E+03,-0.016027,0.006589,0.01065,1800.0
1.1926E+03,-0.016499,0.005333,0.01065,1800.0
1.1927E+03,-0.016814,0.004208,0.01065,1800.0
1.1928E+03,-0.017109,0.002788,0.01065,1800.0
1.1929E+03,-0.017292,0.001239,0.01065,1800.0
1.1930E+03,-0.017331,-0.000254,0.01065,1800.0
1.1931E+03,-0.017249,-0.001709,0.01065,1800.0
1.1932E+03,-0.017018,-0.003243,0.01065,1800.0
1.1933E+03,-0.016734,-0.004502,0.01065,1800.0
1.1934E+03,-0.016337,-0.005759,0.01065,1800.0
1.1935E+03,-0.015897,-0.006895,0.01065,1800.0
1.1936E+03,-0.015335,-0.008052,0.01065,0.0
1.1937E+03,-0.014601,-0.009322,0.01065,0.0
1.1938E+03,-0.013737,-0.010562,0.01065,0.0
1.1939E+03,-0.012864,-0.011618,0.01065,0.0
1.1940E+03,-0.011788,-0.012716,0.01065,1800.0
1.1941E+03,-0.010704,-0.013644,0.01065,1800.0
1.1942E+03,-0.009397,-0.014567,0.01065,1800.0
1.1943E+03,-0.008589,-0.015065,0.01065,1800.0
1.1944E+03,-0.008408,-0.015173,0.01065,1800.0
1.1945E+03,-0.008384,-0.015031,0.01065,1800.0
1.1946E+03,-0.007722,-0.011069,0.01065,1800.0
1.1947E+03,-0.007087,-0.007271,0.01065,1800.0
1.1948E+03,-0.006959,-0.006505,0.01065,1800.0
1.1949E+03,-0.007028,-0.006428,0.01065,1800.0
1.1950E+03,-0.007392,-0.005974,0.01065,1800.0
1.1951E+03,-0.008242,-0.004753,0.01065,1800.0
1.1952E+03,-0.008862,-0.003453,0.01065,1800.0
1.1953E+03,-0.009317,-0.002024,0.01065,1800.0
1.1954E+03,-0.009500,-0.000543,0.01065,1800.0
1.1955E+03,-0.009466,0.000978,0.01065,1800.0
1.1956E+03,-0.009196,0.002357,0.01065,1800.0
1.1957E+03,-0.008710,0.003772,0.01065,1800.0
1.1958E+03,-0.008026,0.005074,0.01065,1800.0
1.1959E+03,-0.007130,0.006274,0.01065,1800.0
1.1960E+03,-0.006052,0.007315,0.01065,1800.0
1.1961E+03,-0.004836,0.008179,0.01065,1800.0
1.1962E+03,-0.003464,0.008856,0.01065,1800.0
1.1963E+03,-0.002030,0.009297,0.01065,1800.0
1.1964E+03,-0.000541,0.009507,0.01065,1800.0
1.1965E+03,0.000986,0.009473,0.01065,1800.0
1.1966E+03,0.002458,0.009189,0.01065,1800.0
1.1967E+03,0.003885,0.008681,0.01065,1800.0
1.1968E+03,0.005186,0.007958,0.01065,1800.0
1.1969E+03,0.006373,0.007037,0.01065,1800.0
1.1970E+03,0.007391,0.005965,0.01065,1800.0
1.1971E+03,0.008228,0.004735,0.01065,1800.0
1.1972E+03,0.008887,0.003348,0.01065,1800.0
1.1973E+03,0.009316,0.001872,0.01065,1800.0
1.1974E+03,0.009492,0.000528,0.01065,1800.0
1.1975E+03,0.009468,-0.000987,0.01065,1800.0
1.1976E+03,0.009196,-0.002464,0.01065,1800.0
1.1977E+03,0.008696,-0.003877,0.01065,1800.0
1.1978E+03,0.007978,-0.005165,0.01065,1800.0
1.1979E+03,0.007042,-0.006378,0.01065,1800.0
1.1980E+03,0.005973,-0.007386,0.01065,1800.0
1.1981E+03,0.004751,-0.008220,0.01065,1800.0
1.1982E+03,0.003394,-0.008865,0.01065,1800.0
1.1983E+03,0.001938,-0.009299,0.01065,0.0
1.1984E+03,0.000451,-0.009493,0.01065,0.0
1.1985E+03,-0.001031,-0.009438,0.01065,0.0
1.1986E+03,-0.002574,-0.009158,0.01065,0.0
1.1987E+03,-0.003955,-0.008653,0.01065,1800.0
1.1988E+03,-0.005261,-0.007945,0.01065,1800.0
1.1989E+03,-0.006409,-0.007038,0.01065,1800.0
1.1990E+03,-0.006881,-0.006583,0.01065,1800.0
1.1991E+03,-0.006959,-0.006505,0.01065,1800.0
1.1992E+03,-0.006560,-0.006696,0.01065,1800.0
1.1993E+03,-0.002482,-0.008643,0.01065,1800.0
1.1994E+03,0.004014,-0.011746,0.01065,1800.0
1.1995E+03,0.007762,-0.013536,0.01065,1800.0
1.1996E+03,0.007806,-0.013557,0.01065,1800.0
1.1997E+03,0.007811,-0.013554,0.01065,1800.0
1.1998E+03,0.007976,-0.013449,0.01065,1800.0
1.1999E+03,0.009083,-0.012738,0.01065,1800.0
1.2000E+03,0.010259,-0.011801,0.01065,1800.0
1.2001E+03,0.011301,-0.010796,0.01065,1800.0
1.2002E+03,0.012301,-0.009631,0.01065,1800.0
1.2003E+03,0.013182,-0.008385,0.01065,1800.0
1.2004E+03,0.013913,-0.007098,0.01065,1800.0
1.2005E+03,0.014535,-0.005713,0.01065,1800.0
1.2006E+03,0.015031,-0.004257,0.01065,1800.0
1.2007E+03,0.015364,-0.002817,0.01065,1800.0
1.2008E+03,0.015561,-0.001353,0.01065,1800.0
1.2009E+03,0.015633,0.000063,0.01065,1800.0
1.2010E+03,0.015555,0.001555,0.01065,1800.0
1.2011E+03,0.015351,0.002975,0.01065,1800.0
1.2012E+03,0.014992,0.004430,0.01065,1800.0
1.2013E+03,0.014598,0.005593,0.01065,1800.0
1.2014E+03,0.014036,0.006861,0.01065,1800.0
1.2015E+03,0.013320,0.008161,0.01065,1800.0
1.2016E+03,0.012483,0.009394,0.01065,1800.0
1.2017E+03,0.011519,0.010547,0.01065,1800.0
1.2018E+03,0.010451,0.011613,0.01065,1800.0
1.2019E+03,0.009263,0.012575,0.01065,1800.0
1.2020E+03,0.007961,0.013446,0.01065,1800.0
1.2021E+03,0.006642,0.014155,0.01065,1800.0
1.2022E+03,0.005315,0.014701,0.01065,1800.0
1.2023E+03,0.003839,0.015163,0.01065,1800.0
1.2024E+03,0.002361,0.015457,0.01065,1800.0
1.2025E+03,0.000861,0.015606,0.01065,1800.0
1.2026E+03,-0.000484,0.015616,0.01065,1800.0
1.2027E+03,-0.002012,0.015492,0.01065,1800.0
1.2028E+03,-0.003475,0.015231,0.01065,1800.0
1.2029E+03,-0.004883,0.014837,0.01065,1800.0
1.2030E+03,-0.006311,0.014289,0.01065,1800.0
1.2031E+03,-0.007693,0.013599,0.01065,1800.0
1.2032E+03,-0.008934,0.012826,0.01065,1800.0
1.2033E+03,-0.010119,0.011914,0.01065,1800.0
1.2034E+03,-0.011235,0.010887,0.01065,1800.0
1.2035E+03,-0.012208,0.009772,0.01065,1800.0
1.2036E+03,-0.013102,0.008520,0.01065,1800.0
1.2037E+03,-0.013875,0.007178,0.01065,1800.0
1.2038E+03,-0.014469,0.005900,0.01065,1800.0
1.2039E+03,-0.014850,0.004872,0.01065,1800.0
1.2040E+03,-0.015163,0.003765,0.01065,1800.0
1.2041E+03,-0.015424,0.002508,0.01065,1800.0
1.2042E+03,-0.015580,0.001115,0.01065,1800.0
1.2043E+03,-0.015621,-0.000381,0.01065,1800.0
1.2044E+03,-0.015542,-0.001682,0.01065,1800.0
1.2045E+03,-0.015308,-0.003179,0.01065,1800.0
1.2046E+03,-0.014928,-0.004655,0.01065,1800.0
1.2047E+03,-0.014629,-0.005516,0.01065,1800.0
1.2048E+03,-0.014069,-0.006810,0.01065,1800.0
1.2049E+03,-0.013328,-0.008154,0.01065,1800.0
1.2050E+03,-0.012471,-0.009406,0.01065,1800.0
1.2051E+03,-0.011508,-0.010561,0.01065,1800.0
1.2052E+03,-0.010446,-0.011615,0.01065,1800.0
1.2053E+03,-0.009281,-0.012563,0.01065,1800.0
1.2054E+03,-0.008039,-0.013400,0.01065,1800.0
1.2055E+03,-0.006712,-0.014106,0.01065,1800.0
1.2056E+03,-0.005280,-0.014716,0.01065,1800.0
1.2057E+03,-0.003845,-0.015158,0.01065,1800.0
1.2058E+03,-0.002443,-0.015465,0.01065,0.0
1.2059E+03,-0.000894,-0.015617,0.01065,0.0
1.2060E+03,0.000575,-0.015618,0.01065,0.0
1.2061E+03,0.001997,-0.015495,0.01065,0.0
1.2062E+03,0.003446,-0.015239,0.01065,0.0
1.2063E+03,0.004853,-0.014846,0.01065,0.0
1.2064E+03,0.006304,-0.014293,0.01065,1800.0
1.2065E+03,0.007411,-0.013773,0.01065,1800.0
1.2066E+03,0.007806,-0.013557,0.01065,1800.0
1.2067E+03,0.007662,-0.013504,0.01065,1800.0
1.2068E+03,0.006300,-0.013001,0.01065,1800.0
1.2069E+03,-0.000708,-0.010416,0.01065,1800.0
1.2070E+03,-0.007353,-0.007964,0.01065,1800.0
1.2071E+03,-0.008184,-0.007658,0.01065,1800.0
1.2072E+03,-0.008221,-0.007644,0.01065,1800.0
1.2073E+03,-0.008374,-0.007473,0.01065,1800.0
1.2074E+03,-0.009074,-0.006569,0.01065,1800.0
1.2075E+03,-0.009873,-0.005306,0.01065,1800.0
1.2076E+03,-0.010480,-0.003948,0.01065,1800.0
1.2077E+03,-0.010910,-0.002507,0.01065,1800.0
1.2078E+03,-0.011159,-0.001176,0.01065,1800.0
1.2079E+03,-0.011210,0.000323,0.01065,1800.0
1.2080E+03,-0.011067,0.001847,0.01065,1800.0
1.2081E+03,-0.010729,0.003296,0.01065,1800.0
1.2082E+03,-0.010207,0.004684,0.01065,1800.0
1.2083E+03,-0.009430,0.006050,0.01065,1800.0
1.2084E+03,-0.008521,0.007274,0.01065,1800.0
1.2085E+03,-0.007506,0.008319,0.01065,1800.0
1.2086E+03,-0.006325,0.009246,0.01065,1800.0
1.2087E+03,-0.004991,0.010025,0.01065,1800.0
1.2088E+03,-0.003623,0.010600,0.01065,1800.0
1.2089E+03,-0.002218,0.010981,0.01065,1800.0
1.2090E+03,-0.000714,0.011183,0.01065,1800.0
1.2091E+03,0.000779,0.011183,0.01065,1800.0
1.2092E+03,0.002322,0.010979,0.01065,1800.0
1.2093E+03,0.003709,0.010610,0.01065,1800.0
1.2094E+03,0.005183,0.009954,0.01065,1800.0
1.2095E+03,0.006317,0.009254,0.01065,1800.0
1.2096E+03,0.007511,0.008312,0.01065,1800.0
1.2097E+03,0.008564,0.007226,0.01065,1800.0
1.2098E+03,0.009427,0.006051,0.01065,1800.0
1.2099E+03,0.010123,0.004789,0.01065,1800.0
1.2100E+03,0.010678,0.003379,0.01065,1800.0
1.2101E+03,0.011053,0.001850,0.01065,1800.0
1.2102E+03,0.011200,0.000432,0.01065,1800.0
1.2103E+03,0.011168,-0.001104,0.01065,1800.0
1.2104E+03,0.010928,-0.002601,0.01065,1800.0
1.2105E+03,0.010466,-0.004046,0.01065,1800.0
1.2106E+03,0.009830,-0.005403,0.01065,1800.0
1.2107E+03,0.009027,-0.006645,0.01065,1800.0
1.2108E+03,0.008066,-0.007784,0.01065,1800.0
1.2109E+03,0.006931,-0.008796,0.01065,1800.0
1.2110E+03,0.005650,-0.009670,0.01065,1800.0
1.2111E+03,0.004331,-0.010336,0.01065,1800.0
1.2112E+03,0.002934,-0.010809,0.01065,1800.0
1.2113E+03,0.001581,-0.011091,0.01065,0.0
1.2114E+03,0.000094,-0.011213,0.01065,0.0
1.2115E+03,-0.001480,-0.011136,0.01065,0.0
1.2116E+03,-0.002936,-0.010832,0.01065,0.0
1.2117E+03,-0.004356,-0.010341,0.01065,0.0
1.2118E+03,-0.005709,-0.009654,0.01065,0.0
1.2119E+03,-0.006901,-0.008833,0.01065,0.0
1.2120E+03,-0.007873,-0.007977,0.01065,1800.0
1.2121E+03,-0.008219,-0.007646,0.01065,1800.0
1.2122E+03,-0.008221,-0.007644,0.01065,1800.0
1.2123E+03,-0.006766,-0.005909,0.01065,1800.0
1.2124E+03,-0.002779,-0.001155,0.01065,1800.0
1.2125E+03,0.002138,0.004709,0.01065,1800.0
1.2126E+03,0.006726,0.010180,0.01065,1800.0
1.2129E+03,0.007852,0.011523,0.01065,1800.0
1.2130E+03,0.007168,0.011953,0.01065,1800.0
1.2131E+03,0.005971,0.012575,0.01065,1800.0
1.2132E+03,0.004602,0.013138,0.01065,1800.0
1.2133E+03,0.003123,0.013558,0.01065,1800.0
1.2134E+03,0.001639,0.013824,0.01065,1800.0
1.2135E+03,0.000168,0.013919,0.01065,1800.0
1.2136E+03,-0.001367,0.013860,0.01065,1800.0
1.2137E+03,-0.002819,0.013637,0.01065,1800.0
1.2138E+03,-0.004354,0.013233,0.01065,1800.0
1.2139E+03,-0.005712,0.012713,0.01065,1800.0
1.2140E+03,-0.007082,0.012005,0.01065,1800.0
1.2141E+03,-0.008273,0.011144,0.01065,1800.0
1.2142E+03,-0.009465,0.010194,0.01065,1800.0
1.2143E+03,-0.010507,0.009127,0.01065,1800.0
1.2144E+03,-0.011443,0.007928,0.01065,1800.0
1.2145E+03,-0.012220,0.006662,0.01065,1800.0
1.2146E+03,-0.012864,0.005308,0.01065,1800.0
1.2147E+03,-0.013373,0.003856,0.01065,1800.0
1.2148E+03,-0.013679,0.002623,0.01065,1800.0
1.2149E+03,-0.013854,0.001487,0.01065,1800.0
1.2150E+03,-0.013931,0.000101,0.01065,1800.0
1.2151E+03,-0.013873,-0.001362,0.01065,1800.0
1.2152E+03,-0.013738,-0.002359,0.01065,1800.0
1.2153E+03,-0.013390,-0.003821,0.01065,1800.0
1.2154E+03,-0.012917,-0.005208,0.01065,1800.0
1.2155E+03,-0.012242,-0.006616,0.01065,1800.0
1.2156E+03,-0.011463,-0.007896,0.01065,1800.0
1.2157E+03,-0.010571,-0.009053,0.01065,1800.0
1.2158E+03,-0.009545,-0.010134,0.01065,1800.0
1.2159E+03,-0.008363,-0.011121,0.01065,1800.0
1.2160E+03,-0.007064,-0.012002,0.01065,1800.0
1.2161E+03,-0.005733,-0.012691,0.01065,1800.0
1.2162E+03,-0.004391,-0.013220,0.01065,1800.0
1.2163E+03,-0.002967,-0.013618,0.01065,1800.0
1.2164E+03,-0.001371,-0.013871,0.01065,1800.0
1.2165E+03,-0.000049,-0.013924,0.01065,1800.0
1.2166E+03,0.001416,-0.013851,0.01065,1800.0
1.2167E+03,0.002915,-0.013609,0.01065,1800.0
1.2168E+03,0.004376,-0.013212,0.01065,1800.0
1.2169E+03,0.005765,-0.012672,0.01065,1800.0
1.2170E+03,0.007109,-0.011966,0.01065,1800.0
1.2171E+03,0.008375,-0.011124,0.01065,1800.0
1.2172E+03,0.009493,-0.010183,0.01065,1800.0
1.2173E+03,0.010541,-0.009108,0.01065,1800.0
1.2174E+03,0.011459,-0.007939,0.01065,1800.0
1.2175E+03,0.012269,-0.006607,0.01065,1800.0
1.2176E+03,0.012666,-0.005814,0.01065,1800.0
1.2177E+03,0.013197,-0.004449,0.01065,1800.0
1.2178E+03,0.013583,-0.003030,0.01065,1800.0
1.2179E+03,0.013832,-0.001515,0.01065,1800.0
1.2180E+03,0.013916,-0.000025,0.01065,1800.0
1.2181E+03,0.013876,0.001193,0.01065,1800.0
1.2182E+03,0.013741,0.002224,0.01065,1800.0
1.2183E+03,0.013477,0.003524,0.01065,0.0
1.2184E+03,0.013118,0.004692,0.01065,0.0
1.2185E+03,0.012557,0.006043,0.01065,0.0
1.2186E+03,0.011816,0.007390,0.01065,0.0
1.2187E+03,0.011282,0.008182,0.01065,0.0
1.2188E+03,0.010418,0.009322,0.01065,0.0
1.2189E+03,0.009330,0.010354,0.01065,0.0
1.2190E+03,0.008237,0.011229,0.01065,1800.0
1.2191E+03,0.007864,0.011515,0.01065,1800.0
1.2192E+03,0.007852,0.011523,0.01065,1800.0
1.2193E+03,0.006447,0.009877,0.01065,1800.0
1.2194E+03,0.002735,0.005529,0.01065,1800.0
1.2195E+03,-0.002318,-0.000389,0.01065,1800.0
1.2196E+03,-0.006896,-0.005753,0.01065,1800.0
1.2199E+03,-0.009483,-0.008783,0.01065,1800.0
1.2200E+03,-0.009998,-0.008197,0.01065,1800.0
1.2201E+03,-0.010795,-0.007080,0.01065,1800.0
1.2202E+03,-0.011538,-0.005787,0.01065,1800.0
1.2203E+03,-0.012137,-0.004371,0.01065,1800.0
1.2204E+03,-0.012570,-0.002899,0.01065,1800.0
1.2205E+03,-0.012826,-0.001443,0.01065,1800.0
1.2206E+03,-0.012908,0.000040,0.01065,1800.0
1.2207E+03,-0.012824,0.001551,0.01065,1800.0
1.2208E+03,-0.012558,0.003049,0.01065,1800.0
1.2209E+03,-0.012109,0.004524,0.01065,1800.0
1.2210E+03,-0.011516,0.005874,0.01065,1800.0
1.2211E+03,-0.010763,0.007133,0.01065,1800.0
1.2212E+03,-0.009826,0.008366,0.01065,1800.0
1.2213E+03,-0.008790,0.009450,0.01065,1800.0
1.2214E+03,-0.007665,0.010384,0.01065,1800.0
1.2215E+03,-0.006372,0.011216,0.01065,1800.0
1.2216E+03,-0.005007,0.011898,0.01065,1800.0
1.2217E+03,-0.003756,0.012350,0.01065,1800.0
1.2218E+03,-0.002311,0.012705,0.01065,1800.0
1.2219E+03,-0.000818,0.012894,0.01065,1800.0
1.2220E+03,0.000709,0.012898,0.01065,1800.0
1.2221E+03,0.002212,0.012732,0.01065,1800.0
1.2222E+03,0.003704,0.012374,0.01065,1800.0
1.2223E+03,0.005107,0.011859,0.01065,1800.0
1.2224E+03,0.006471,0.011178,0.01065,1800.0
1.2225E+03,0.007742,0.010336,0.01065,1800.0
1.2226E+03,0.008847,0.009408,0.01065,1800.0
1.2227E+03,0.009849,0.008339,0.01065,1800.0
1.2228E+03,0.010761,0.007123,0.01065,1800.0
1.2229E+03,0.011525,0.005800,0.01065,1800.0
1.2230E+03,0.012129,0.004410,0.01065,1800.0
1.2231E+03,0.012562,0.003000,0.01065,1800.0
1.2232E+03,0.012842,0.001499,0.01065,1800.0
1.2233E+03,0.012935,-0.000031,0.01065,1800.0
1.2234E+03,0.012853,-0.001330,0.01065,1800.0
1.2235E+03,0.012594,-0.002842,0.01065,1800.0
1.2236E+03,0.012175,-0.004291,0.01065,1800.0
1.2237E+03,0.011585,-0.005679,0.01065,1800.0
1.2238E+03,0.010841,-0.006992,0.01065,1800.0
1.2239E+03,0.009960,-0.008208,0.01065,1800.0
1.2240E+03,0.008930,-0.009322,0.01065,1800.0
1.2241E+03,0.007765,-0.010316,0.01065,1800.0
1.2242E+03,0.006512,-0.011159,0.01065,1800.0
1.2243E+03,0.005208,-0.011821,0.01065,1800.0
1.2244E+03,0.003751,-0.012362,0.01065,1800.0
1.2245E+03,0.002317,-0.012711,0.01065,1800.0
