2.5432E+03,-0.009830,-0.008776,0.02414,0.0
2.5433E+03,-0.010777,-0.007598,0.02414,0.0
2.5434E+03,-0.011572,-0.006320,0.02414,0.0
2.5435E+03,-0.012202,-0.004972,0.02414,0.0
2.5436E+03,-0.012683,-0.003527,0.02414,0.0
2.5437E+03,-0.013013,-0.002053,0.02414,0.0
2.5438E+03,-0.013158,-0.000533,0.02414,0.0
2.5439E+03,-0.013130,0.000958,0.02414,0.0
2.5440E+03,-0.013044,0.001931,0.02414,0.0
2.5442E+03,-0.013010,0.002161,0.02414,0.0
2.5780E+03,-0.011512,0.010019,0.02485,1800.0
2.5781E+03,-0.011609,0.009899,0.02485,1800.0
2.5782E+03,-0.012162,0.009200,0.02485,1800.0
2.5783E+03,-0.013007,0.007970,0.02485,1800.0
2.5784E+03,-0.013740,0.006608,0.02485,1800.0
2.5785E+03,-0.014342,0.005175,0.02485,1800.0
2.5786E+03,-0.014779,0.003725,0.02485,1800.0
2.5787E+03,-0.015041,0.002434,0.02485,1800.0
2.5788E+03,-0.015205,0.000939,0.02485,1800.0
2.5789E+03,-0.015224,-0.000582,0.02485,1800.0
2.5790E+03,-0.015097,-0.002059,0.02485,1800.0
2.5791E+03,-0.014826,-0.003529,0.02485,1800.0
2.5792E+03,-0.014387,-0.005030,0.02485,1800.0
2.5793E+03,-0.013853,-0.006359,0.02485,1800.0
2.5794E+03,-0.013161,-0.007698,0.02485,1800.0
2.5795E+03,-0.012309,-0.009015,0.02485,1800.0
2.5796E+03,-0.011359,-0.010172,0.02485,1800.0
2.5797E+03,-0.010313,-0.011225,0.02485,1800.0
2.5798E+03,-0.009146,-0.012190,0.02485,1800.0
2.5799E+03,-0.007863,-0.013051,0.02485,1800.0
2.5800E+03,-0.006554,-0.013754,0.02485,1800.0
2.5801E+03,-0.005180,-0.014324,0.02485,1800.0
2.5802E+03,-0.003754,-0.014768,0.02485,1800.0
2.5803E+03,-0.002278,-0.015060,0.02485,1800.0
2.5804E+03,-0.000723,-0.015221,0.02485,1800.0
2.5805E+03,0.000639,-0.015243,0.02485,1800.0
2.5806E+03,0.002153,-0.015105,0.02485,1800.0
2.5807E+03,0.003586,-0.014824,0.02485,1800.0
2.5808E+03,0.005059,-0.014382,0.02485,1800.0
2.5809E+03,0.006451,-0.013807,0.02485,1800.0
2.5810E+03,0.007790,-0.013091,0.02485,1800.0
2.5811E+03,0.009030,-0.012272,0.02485,1800.0
2.5812E+03,0.010192,-0.011321,0.02485,1800.0
2.5813E+03,0.011248,-0.010274,0.02485,1800.0
2.5814E+03,0.012191,-0.009136,0.02485,1800.0
2.5815E+03,0.013049,-0.007873,0.02485,1800.0
2.5816E+03,0.013767,-0.006547,0.02485,1800.0
2.5817E+03,0.014332,-0.005195,0.02485,1800.0
2.5818E+03,0.014790,-0.003735,0.02485,1800.0
2.5819E+03,0.015090,-0.002214,0.02485,1800.0
2.5820E+03,0.015226,-0.000740,0.02485,1800.0
2.5821E+03,0.015222,0.000797,0.02485,1800.0
2.5822E+03,0.015079,0.002169,0.02485,1800.0
2.5823E+03,0.014791,0.003637,0.02485,1800.0
2.5824E+03,0.014376,0.005049,0.02485,1800.0
2.5825E+03,0.013806,0.006445,0.02485,1800.0
2.5826E+03,0.013098,0.007788,0.02485,1800.0
2.5827E+03,0.012287,0.009012,0.02485,1800.0
2.5828E+03,0.011320,0.010210,0.02485,1800.0
2.5829E+03,0.010275,0.011269,0.02485,1800.0
2.5830E+03,0.009135,0.012211,0.02485,1800.0
2.5831E+03,0.007882,0.013055,0.02485,1800.0
2.5832E+03,0.006511,0.013782,0.02485,1800.0
2.5833E+03,0.005113,0.014353,0.02485,1800.0
2.5834E+03,0.003658,0.014790,0.02485,1800.0
2.5835E+03,0.002193,0.015080,0.02485,1800.0
2.5836E+03,0.000696,0.015217,0.02485,1800.0
2.5837E+03,-0.000827,0.015212,0.02485,1800.0
2.5838E+03,-0.002298,0.015069,0.02485,0.0
2.5839E+03,-0.003571,0.014816,0.02485,0.0
2.5840E+03,-0.005032,0.014390,0.02485,0.0
2.5841E+03,-0.006426,0.013841,0.02485,0.0
2.5842E+03,-0.007773,0.013119,0.02485,1800.0
2.5843E+03,-0.009025,0.012287,0.02485,1800.0
2.5844E+03,-0.010213,0.011313,0.02485,1800.0
2.5845E+03,-0.011188,0.010357,0.02485,1800.0
2.5846E+03,-0.011496,0.010036,0.02485,1800.0
2.5847E+03,-0.011512,0.010019,0.02485,1800.0
2.5848E+03,-0.011470,0.007615,0.02485,1800.0
2.5849E+03,-0.011402,0.003730,0.02485,1800.0
2.5850E+03,-0.011378,0.002368,0.02485,1800.0
2.5851E+03,-0.011374,0.002384,0.02485,1800.0
2.5852E+03,-0.011309,0.002618,0.02485,1800.0
2.5853E+03,-0.010942,0.003881,0.02485,1800.0
2.5854E+03,-0.010327,0.005317,0.02485,1800.0
2.5855E+03,-0.009524,0.006623,0.02485,1800.0
2.5856E+03,-0.008657,0.007701,0.02485,1800.0
2.5857E+03,-0.007607,0.008752,0.02485,1800.0
2.5858E+03,-0.006438,0.009630,0.02485,1800.0
2.5859E+03,-0.005160,0.010377,0.02485,1800.0
2.5860E+03,-0.003754,0.010957,0.02485,1800.0
2.5861E+03,-0.002271,0.011367,0.02485,1800.0
2.5862E+03,-0.000778,0.011576,0.02485,1800.0
2.5863E+03,0.000748,0.011574,0.02485,1800.0
2.5864E+03,0.002169,0.011404,0.02485,1800.0
2.5865E+03,0.003665,0.011019,0.02485,1800.0
2.5866E+03,0.005067,0.010440,0.02485,1800.0
2.5867E+03,0.006395,0.009672,0.02485,1800.0
2.5868E+03,0.007592,0.008759,0.02485,1800.0
2.5869E+03,0.008666,0.007696,0.02485,1800.0
2.5870E+03,0.009589,0.006502,0.02485,1800.0
2.5871E+03,0.010349,0.005214,0.02485,1800.0
2.5872E+03,0.010927,0.003852,0.02485,1800.0
2.5873E+03,0.011335,0.002423,0.02485,1800.0
2.5874E+03,0.011546,0.001082,0.02485,1800.0
2.5875E+03,0.011598,-0.000416,0.02485,1800.0
2.5876E+03,0.011465,-0.001836,0.02485,1800.0
2.5877E+03,0.011114,-0.003362,0.02485,1800.0
2.5878E+03,0.010558,-0.004803,0.02485,1800.0
2.5879E+03,0.009875,-0.006090,0.02485,1800.0
2.5880E+03,0.008989,-0.007312,0.02485,1800.0
2.5881E+03,0.007962,-0.008413,0.02485,1800.0
2.5882E+03,0.006785,-0.009389,0.02485,1800.0
2.5883E+03,0.005509,-0.010195,0.02485,1800.0
2.5884E+03,0.004146,-0.010816,0.02485,1800.0
2.5885E+03,0.002672,-0.011283,0.02485,1800.0
2.5886E+03,0.001216,-0.011533,0.02485,1800.0
2.5887E+03,-0.000188,-0.011604,0.02485,1800.0
2.5888E+03,-0.001733,-0.011479,0.02485,1800.0
2.5889E+03,-0.003216,-0.011161,0.02485,1800.0
2.5890E+03,-0.004668,-0.010607,0.02485,1800.0
2.5891E+03,-0.005856,-0.010009,0.02485,1800.0
2.5892E+03,-0.007127,-0.009134,0.02485,1800.0
2.5893E+03,-0.008241,-0.008142,0.02485,1800.0
2.5894E+03,-0.009210,-0.007027,0.02485,0.0
2.5895E+03,-0.010056,-0.005759,0.02485,0.0
2.5896E+03,-0.010726,-0.004389,0.02485,0.0
2.5897E+03,-0.011210,-0.002978,0.02485,0.0
2.5898E+03,-0.011495,-0.001547,0.02485,0.0
2.5899E+03,-0.011614,-0.000023,0.02485,0.0
2.5900E+03,-0.011512,0.001480,0.02485,1800.0
2.5901E+03,-0.011388,0.002304,0.02485,1800.0
2.5902E+03,-0.011378,0.002368,0.02485,1800.0
2.5903E+03,-0.011104,0.002302,0.02485,1800.0
2.5904E+03,-0.006154,0.001114,0.02485,1800.0
2.5905E+03,0.001294,-0.000675,0.02485,1800.0
2.5906E+03,0.008590,-0.002426,0.02485,1800.0
2.5907E+03,0.012594,-0.003388,0.02485,1800.0
2.5908E+03,0.013095,-0.003508,0.02485,1800.0
2.5909E+03,0.013099,-0.003495,0.02485,1800.0
2.5910E+03,0.013144,-0.003288,0.02485,1800.0
2.5911E+03,0.013419,-0.001914,0.02485,1800.0
2.5912E+03,0.013540,-0.000372,0.02485,1800.0
2.5913E+03,0.013489,0.001160,0.02485,1800.0
2.5914E+03,0.013280,0.002637,0.02485,1800.0
2.5915E+03,0.012890,0.004126,0.02485,1800.0
2.5916E+03,0.012364,0.005509,0.02485,1800.0
2.5917E+03,0.011679,0.006834,0.02485,1800.0
2.5918E+03,0.010832,0.008107,0.02485,1800.0
2.5919E+03,0.009875,0.009250,0.02485,1800.0
2.5920E+03,0.008834,0.010257,0.02485,1800.0
2.5921E+03,0.007613,0.011193,0.02485,1800.0
2.5922E+03,0.006279,0.011999,0.02485,1800.0
2.5923E+03,0.004961,0.012608,0.02485,1800.0
2.5924E+03,0.003508,0.013094,0.02485,1800.0
2.5925E+03,0.002177,0.013365,0.02485,1800.0
2.5926E+03,0.000645,0.013519,0.02485,1800.0
2.5927E+03,-0.000813,0.013509,0.02485,1800.0
2.5928E+03,-0.002287,0.013332,0.02485,1800.0
2.5929E+03,-0.003786,0.012988,0.02485,1800.0
2.5930E+03,-0.005202,0.012492,0.02485,1800.0
2.5931E+03,-0.006514,0.011852,0.02485,1800.0
2.5932E+03,-0.007788,0.011024,0.02485,1800.0
2.5933E+03,-0.008994,0.010123,0.02485,1800.0
2.5934E+03,-0.010121,0.009014,0.02485,1800.0
2.5935E+03,-0.011060,0.007827,0.02485,1800.0
2.5936E+03,-0.011791,0.006573,0.02485,1800.0
2.5937E+03,-0.012484,0.005228,0.02485,1800.0
2.5938E+03,-0.012980,0.003841,0.02485,1800.0
2.5939E+03,-0.013323,0.002370,0.02485,1800.0
2.5940E+03,-0.013507,0.000861,0.02485,1800.0
2.5941E+03,-0.013514,-0.000654,0.02485,1800.0
2.5942E+03,-0.013380,-0.002024,0.02485,1800.0
2.5943E+03,-0.013077,-0.003504,0.02485,1800.0
2.5944E+03,-0.012629,-0.004876,0.02485,1800.0
2.5945E+03,-0.012004,-0.006276,0.02485,1800.0
2.5946E+03,-0.011210,-0.007612,0.02485,1800.0
2.5947E+03,-0.010305,-0.008801,0.02485,1800.0
2.5948E+03,-0.009249,-0.009898,0.02485,1800.0
2.5949E+03,-0.008150,-0.010817,0.02485,1800.0
2.5950E+03,-0.006903,-0.011641,0.02485,1800.0
2.5951E+03,-0.005518,-0.012352,0.02485,1800.0
2.5952E+03,-0.004092,-0.012899,0.02485,1800.0
2.5953E+03,-0.002639,-0.013269,0.02485,1800.0
2.5954E+03,-0.001143,-0.013488,0.02485,1800.0
2.5955E+03,0.000336,-0.013532,0.02485,1800.0
2.5956E+03,0.001791,-0.013417,0.02485,1800.0
2.5957E+03,0.003325,-0.013133,0.02485,1800.0
2.5958E+03,0.004712,-0.012708,0.02485,1800.0
2.5959E+03,0.005983,-0.012147,0.02485,0.0
2.5960E+03,0.007332,-0.011382,0.02485,0.0
2.5961E+03,0.008443,-0.010581,0.02485,0.0
2.5962E+03,0.009297,-0.009851,0.02485,0.0
2.5963E+03,0.010220,-0.008868,0.02485,0.0
2.5964E+03,0.011154,-0.007651,0.02485,0.0
2.5965E+03,0.011944,-0.006373,0.02485,0.0
2.5966E+03,0.012567,-0.005013,0.02485,1800.0
2.5967E+03,0.013010,-0.003803,0.02485,1800.0
2.5968E+03,0.013095,-0.003508,0.02485,1800.0
2.5969E+03,0.012959,-0.003476,0.02485,1800.0
2.5970E+03,0.011502,-0.003129,0.02485,1800.0
2.5971E+03,0.003803,-0.001295,0.02485,1800.0
2.5972E+03,-0.003974,0.000557,0.02485,1800.0
2.5973E+03,-0.010945,0.002217,0.02485,1800.0
2.5974E+03,-0.012888,0.002680,0.02485,1800.0
2.5975E+03,-0.013043,0.002717,0.02485,1800.0
2.5976E+03,-0.012988,0.002939,0.02485,1800.0
2.5977E+03,-0.012752,0.003755,0.02485,1800.0
2.5978E+03,-0.012252,0.005163,0.02485,1800.0
2.5979E+03,-0.011582,0.006538,0.02485,1800.0
2.5980E+03,-0.010786,0.007793,0.02485,1800.0
2.5981E+03,-0.009809,0.008995,0.02485,1800.0
2.5982E+03,-0.008744,0.010025,0.02485,1800.0
2.5983E+03,-0.007577,0.010939,0.02485,1800.0
2.5984E+03,-0.006286,0.011724,0.02485,1800.0
2.5985E+03,-0.004889,0.012362,0.02485,1800.0
2.5986E+03,-0.003464,0.012829,0.02485,1800.0
2.5987E+03,-0.002037,0.013146,0.02485,1800.0
2.5988E+03,-0.000557,0.013281,0.02485,1800.0
2.5989E+03,0.000984,0.013252,0.02485,1800.0
2.5990E+03,0.002482,0.013061,0.02485,1800.0
2.5991E+03,0.003880,0.012722,0.02485,1800.0
2.5992E+03,0.005309,0.012201,0.02485,1800.0
2.5993E+03,0.006566,0.011576,0.02485,1800.0
2.5994E+03,0.007784,0.010785,0.02485,1800.0
2.5995E+03,0.008958,0.009826,0.02485,1800.0
2.5996E+03,0.010038,0.008721,0.02485,1800.0
2.5997E+03,0.010961,0.007516,0.02485,1800.0
2.5998E+03,0.011731,0.006245,0.02485,1800.0
2.5999E+03,0.012361,0.004883,0.02485,1800.0
2.6000E+03,0.012835,0.003468,0.02485,1800.0
2.6001E+03,0.013142,0.002024,0.02485,1800.0
2.6002E+03,0.013285,0.000468,0.02485,1800.0
2.6003E+03,0.013256,-0.001072,0.02485,1800.0
2.6004E+03,0.013064,-0.002521,0.02485,1800.0
2.6005E+03,0.012701,-0.004009,0.02485,1800.0
2.6006E+03,0.012158,-0.005405,0.02485,1800.0
2.6007E+03,0.011473,-0.006720,0.02485,1800.0
2.6008E+03,0.010649,-0.007967,0.02485,1800.0
2.6009E+03,0.009687,-0.009117,0.02485,1800.0
2.6010E+03,0.008555,-0.010166,0.02485,1800.0
2.6011E+03,0.007500,-0.010975,0.02485,1800.0
2.6012E+03,0.006227,-0.011736,0.02485,1800.0
2.6013E+03,0.004804,-0.012401,0.02485,1800.0
2.6014E+03,0.003418,-0.012852,0.02485,1800.0
2.6015E+03,0.001920,-0.013163,0.02485,1800.0
2.6016E+03,0.000386,-0.013304,0.02485,1800.0
2.6017E+03,-0.001116,-0.013266,0.02485,1800.0
2.6018E+03,-0.002532,-0.013065,0.02485,1800.0
2.6019E+03,-0.004012,-0.012676,0.02485,1800.0
2.6020E+03,-0.005437,-0.012133,0.02485,1800.0
2.6021E+03,-0.006794,-0.011420,0.02485,1800.0
2.6022E+03,-0.008020,-0.010608,0.02485,1800.0
2.6023E+03,-0.009160,-0.009619,0.02485,1800.0
2.6024E+03,-0.010209,-0.008508,0.02485,1800.0
