1.8220E+03,-0.003552,-0.012902,0.01562,0.0
1.8221E+03,-0.004996,-0.012404,0.01562,0.0
1.8222E+03,-0.006287,-0.011803,0.01562,0.0
1.8223E+03,-0.007613,-0.010980,0.01562,0.0
1.8224E+03,-0.008818,-0.010041,0.01562,0.0
1.8225E+03,-0.009879,-0.009006,0.01562,0.0
1.8226E+03,-0.010814,-0.007859,0.01562,0.0
1.8227E+03,-0.011553,-0.006726,0.01562,0.0
1.8228E+03,-0.012077,-0.005790,0.01562,0.0
1.8229E+03,-0.012143,-0.005651,0.01562,0.0
1.8693E+03,-0.000922,-0.016739,0.01633,1800.0
1.8694E+03,-0.000845,-0.016740,0.01633,1800.0
1.8695E+03,-0.000285,-0.016739,0.01633,1800.0
1.8696E+03,0.001222,-0.016698,0.01633,1800.0
1.8697E+03,0.002763,-0.016524,0.01633,1800.0
1.8698E+03,0.004169,-0.016231,0.01633,1800.0
1.8699E+03,0.005643,-0.015770,0.01633,1800.0
1.8700E+03,0.007035,-0.015200,0.01633,1800.0
1.8701E+03,0.008346,-0.014517,0.01633,1800.0
1.8702E+03,0.009366,-0.013889,0.01633,1800.0
1.8703E+03,0.010375,-0.013144,0.01633,1800.0
1.8704E+03,0.011437,-0.012215,0.01633,1800.0
1.8705E+03,0.012496,-0.011131,0.01633,1800.0
1.8706E+03,0.013480,-0.009923,0.01633,1800.0
1.8707E+03,0.014319,-0.008671,0.01633,1800.0
1.8708E+03,0.015022,-0.007389,0.01633,1800.0
1.8709E+03,0.015573,-0.006166,0.01633,1800.0
1.8710E+03,0.016067,-0.004762,0.01633,1800.0
1.8711E+03,0.016423,-0.003272,0.01633,1800.0
1.8712E+03,0.016651,-0.001786,0.01633,1800.0
1.8713E+03,0.016741,-0.000298,0.01633,1800.0
1.8714E+03,0.016689,0.001260,0.01633,1800.0
1.8715E+03,0.016505,0.002767,0.01633,1800.0
1.8716E+03,0.016198,0.004230,0.01633,1800.0
1.8717E+03,0.015739,0.005686,0.01633,1800.0
1.8718E+03,0.015160,0.007096,0.01633,1800.0
1.8719E+03,0.014472,0.008416,0.01633,1800.0
1.8720E+03,0.013666,0.009682,0.01633,1800.0
1.8721E+03,0.012776,0.010827,0.01633,1800.0
1.8722E+03,0.011716,0.011977,0.01633,1800.0
1.8723E+03,0.010611,0.012975,0.01633,1800.0
1.8724E+03,0.009733,0.013641,0.01633,1800.0
1.8725E+03,0.008643,0.014344,0.01633,1800.0
1.8726E+03,0.007508,0.014958,0.01633,1800.0
1.8727E+03,0.006148,0.015564,0.01633,1800.0
1.8728E+03,0.004714,0.016060,0.01633,1800.0
1.8729E+03,0.003227,0.016426,0.01633,1800.0
1.8730E+03,0.001734,0.016647,0.01633,1800.0
1.8731E+03,0.000244,0.016742,0.01633,1800.0
1.8732E+03,-0.001268,0.016702,0.01633,1800.0
1.8733E+03,-0.002809,0.016513,0.01633,1800.0
1.8734E+03,-0.004208,0.016214,0.01633,1800.0
1.8735E+03,-0.005726,0.015742,0.01633,1800.0
1.8736E+03,-0.007130,0.015147,0.01633,1800.0
1.8737E+03,-0.008442,0.014457,0.01633,1800.0
1.8738E+03,-0.009682,0.013656,0.01633,1800.0
1.8739E+03,-0.010866,0.012729,0.01633,1800.0
1.8740E+03,-0.011988,0.011675,0.01633,1800.0
1.8741E+03,-0.012988,0.010567,0.01633,1800.0
1.8742E+03,-0.013864,0.009377,0.01633,1800.0
1.8743E+03,-0.014679,0.008046,0.01633,1800.0
1.8744E+03,-0.015273,0.006874,0.01633,1800.0
1.8745E+03,-0.015824,0.005518,0.01633,1800.0
1.8746E+03,-0.016264,0.003990,0.01633,1800.0
1.8747E+03,-0.016550,0.002542,0.01633,1800.0
1.8748E+03,-0.016713,0.001044,0.01633,1800.0
1.8749E+03,-0.016738,-0.000442,0.01633,1800.0
1.8750E+03,-0.016621,-0.001946,0.01633,1800.0
1.8751E+03,-0.016379,-0.003447,0.01633,1800.0
1.8752E+03,-0.016004,-0.004906,0.01633,1800.0
1.8753E+03,-0.015499,-0.006314,0.01633,1800.0
1.8754E+03,-0.014880,-0.007676,0.01633,1800.0
1.8755E+03,-0.014138,-0.008982,0.01633,1800.0
1.8756E+03,-0.013277,-0.010208,0.01633,1800.0
1.8757E+03,-0.012321,-0.011349,0.01633,1800.0
1.8758E+03,-0.011224,-0.012441,0.01633,0.0
1.8759E+03,-0.010026,-0.013413,0.01633,0.0
1.8760E+03,-0.008761,-0.014263,0.01633,0.0
1.8761E+03,-0.007591,-0.014920,0.01633,0.0
1.8762E+03,-0.006248,-0.015532,0.01633,0.0
1.8763E+03,-0.004854,-0.016015,0.01633,0.0
1.8764E+03,-0.003384,-0.016389,0.01633,1800.0
1.8765E+03,-0.001930,-0.016636,0.01633,1800.0
1.8766E+03,-0.000933,-0.016738,0.01633,1800.0
1.8767E+03,-0.000922,-0.016739,0.01633,1800.0
1.8768E+03,-0.001165,-0.016373,0.01633,1800.0
1.8769E+03,-0.003908,-0.012231,0.01633,1800.0
1.8770E+03,-0.008064,-0.005957,0.01633,1800.0
1.8771E+03,-0.009011,-0.004529,0.01633,1800.0
1.8772E+03,-0.009155,-0.004311,0.01633,1800.0
1.8773E+03,-0.009174,-0.004265,0.01633,1800.0
1.8774E+03,-0.009494,-0.003391,0.01633,1800.0
1.8775E+03,-0.009879,-0.001997,0.01633,1800.0
1.8776E+03,-0.010073,-0.000526,0.01633,1800.0
1.8777E+03,-0.010032,0.000978,0.01633,1800.0
1.8778E+03,-0.009812,0.002369,0.01633,1800.0
1.8779E+03,-0.009375,0.003765,0.01633,1800.0
1.8780E+03,-0.008738,0.005083,0.01633,1800.0
1.8781E+03,-0.007835,0.006382,0.01633,1800.0
1.8782E+03,-0.006811,0.007442,0.01633,1800.0
1.8783E+03,-0.005608,0.008383,0.01633,1800.0
1.8784E+03,-0.004327,0.009107,0.01633,1800.0
1.8785E+03,-0.002928,0.009646,0.01633,1800.0
1.8786E+03,-0.001434,0.009976,0.01633,1800.0
1.8787E+03,0.000081,0.010081,0.01633,1800.0
1.8788E+03,0.001564,0.009959,0.01633,1800.0
1.8789E+03,0.003018,0.009621,0.01633,1800.0
1.8790E+03,0.004430,0.009061,0.01633,1800.0
1.8791E+03,0.005674,0.008294,0.01633,1800.0
1.8792E+03,0.006911,0.007372,0.01633,1800.0
1.8793E+03,0.007915,0.006299,0.01633,1800.0
1.8794E+03,0.008760,0.005017,0.01633,1800.0
1.8795E+03,0.009346,0.003792,0.01633,1800.0
1.8796E+03,0.009801,0.002374,0.01633,1800.0
1.8797E+03,0.010037,0.000909,0.01633,1800.0
1.8798E+03,0.010068,-0.000569,0.01633,1800.0
1.8799E+03,0.009861,-0.002065,0.01633,1800.0
1.8800E+03,0.009448,-0.003541,0.01633,1800.0
1.8801E+03,0.008826,-0.004887,0.01633,1800.0
1.8802E+03,0.007990,-0.006168,0.01633,1800.0
1.8803E+03,0.006975,-0.007320,0.01633,1800.0
1.8804E+03,0.005913,-0.008265,0.01633,1800.0
1.8805E+03,0.004585,-0.009007,0.01633,1800.0
1.8806E+03,0.003130,-0.009589,0.01633,1800.0
1.8807E+03,0.001720,-0.009954,0.01633,1800.0
1.8808E+03,0.000244,-0.010089,0.01633,1800.0
1.8809E+03,-0.001317,-0.009988,0.01633,0.0
1.8810E+03,-0.002817,-0.009682,0.01633,0.0
1.8811E+03,-0.004221,-0.009150,0.01633,0.0
1.8812E+03,-0.005546,-0.008416,0.01633,0.0
1.8813E+03,-0.006631,-0.007614,0.01633,1800.0
1.8814E+03,-0.007671,-0.006561,0.01633,1800.0
1.8815E+03,-0.008564,-0.005386,0.01633,1800.0
1.8816E+03,-0.009090,-0.004430,0.01633,1800.0
1.8817E+03,-0.009155,-0.004311,0.01633,1800.0
1.8818E+03,-0.009149,-0.004318,0.01633,1800.0
1.8819E+03,-0.006257,-0.007607,0.01633,1800.0
1.8820E+03,-0.001910,-0.012550,0.01633,1800.0
1.8821E+03,0.000263,-0.015021,0.01633,1800.0
1.8822E+03,0.000297,-0.015060,0.01633,1800.0
1.8823E+03,0.000541,-0.015047,0.01633,1800.0
1.8824E+03,0.001352,-0.014980,0.01633,1800.0
1.8825E+03,0.002781,-0.014790,0.01633,1800.0
1.8826E+03,0.004243,-0.014432,0.01633,1800.0
1.8827E+03,0.005754,-0.013917,0.01633,1800.0
1.8828E+03,0.006996,-0.013328,0.01633,1800.0
1.8829E+03,0.008368,-0.012505,0.01633,1800.0
1.8830E+03,0.009418,-0.011723,0.01633,1800.0
1.8831E+03,0.010574,-0.010688,0.01633,1800.0
1.8832E+03,0.011604,-0.009557,0.01633,1800.0
1.8833E+03,0.012501,-0.008351,0.01633,1800.0
1.8834E+03,0.013283,-0.007047,0.01633,1800.0
1.8835E+03,0.013921,-0.005689,0.01633,1800.0
1.8836E+03,0.014417,-0.004288,0.01633,1800.0
1.8837E+03,0.014783,-0.002800,0.01633,1800.0
1.8838E+03,0.014990,-0.001329,0.01633,1800.0
1.8839E+03,0.015053,0.000183,0.01633,1800.0
1.8840E+03,0.014948,0.001709,0.01633,1800.0
1.8841E+03,0.014713,0.003144,0.01633,1800.0
1.8842E+03,0.014334,0.004554,0.01633,1800.0
1.8843E+03,0.013783,0.006001,0.01633,1800.0
1.8844E+03,0.013116,0.007352,0.01633,1800.0
1.8845E+03,0.012335,0.008600,0.01633,1800.0
1.8846E+03,0.011389,0.009809,0.01633,1800.0
1.8847E+03,0.010425,0.010840,0.01633,1800.0
1.8848E+03,0.009305,0.011821,0.01633,1800.0
1.8849E+03,0.008124,0.012666,0.01633,1800.0
1.8850E+03,0.006764,0.013456,0.01633,1800.0
1.8851E+03,0.005454,0.014024,0.01633,1800.0
1.8852E+03,0.004026,0.014498,0.01633,1800.0
1.8853E+03,0.002568,0.014819,0.01633,1800.0
1.8854E+03,0.001095,0.014998,0.01633,1800.0
1.8855E+03,-0.000451,0.015022,0.01633,1800.0
1.8856E+03,-0.002001,0.014898,0.01633,1800.0
1.8857E+03,-0.003502,0.014623,0.01633,1800.0
1.8858E+03,-0.004923,0.014207,0.01633,1800.0
1.8859E+03,-0.006295,0.013650,0.01633,1800.0
1.8860E+03,-0.007676,0.012936,0.01633,1800.0
1.8861E+03,-0.008940,0.012106,0.01633,1800.0
1.8862E+03,-0.010120,0.011146,0.01633,1800.0
1.8863E+03,-0.011174,0.010081,0.01633,1800.0
1.8864E+03,-0.012029,0.009039,0.01633,1800.0
1.8865E+03,-0.012843,0.007817,0.01633,1800.0
1.8866E+03,-0.013557,0.006511,0.01633,1800.0
1.8867E+03,-0.014131,0.005131,0.01633,1800.0
1.8868E+03,-0.014572,0.003708,0.01633,1800.0
1.8869E+03,-0.014868,0.002211,0.01633,1800.0
1.8870E+03,-0.015024,0.000658,0.01633,1800.0
1.8871E+03,-0.015022,-0.000863,0.01633,1800.0
1.8872E+03,-0.014860,-0.002361,0.01633,1800.0
1.8873E+03,-0.014561,-0.003829,0.01633,1800.0
1.8874E+03,-0.014127,-0.005196,0.01633,1800.0
1.8875E+03,-0.013541,-0.006567,0.01633,1800.0
1.8876E+03,-0.012767,-0.007947,0.01633,1800.0
1.8877E+03,-0.011913,-0.009175,0.01633,1800.0
1.8878E+03,-0.010971,-0.010292,0.01633,1800.0
1.8879E+03,-0.009853,-0.011351,0.01633,1800.0
1.8880E+03,-0.008675,-0.012282,0.01633,0.0
1.8881E+03,-0.007543,-0.013007,0.01633,0.0
1.8882E+03,-0.006147,-0.013723,0.01633,0.0
1.8883E+03,-0.004748,-0.014276,0.01633,0.0
1.8884E+03,-0.003317,-0.014673,0.01633,1800.0
1.8885E+03,-0.001865,-0.014944,0.01633,1800.0
1.8886E+03,-0.000388,-0.015044,0.01633,1800.0
1.8887E+03,0.000189,-0.015058,0.01633,1800.0
1.8888E+03,0.000297,-0.015060,0.01633,1800.0
1.8889E+03,-0.000591,-0.014248,0.01633,1800.0
1.8890E+03,-0.004549,-0.010632,0.01633,1800.0
1.8891E+03,-0.008976,-0.006587,0.01633,1800.0
1.8893E+03,-0.010707,-0.005006,0.01633,1800.0
1.8894E+03,-0.010814,-0.004745,0.01633,1800.0
1.8895E+03,-0.011225,-0.003646,0.01633,1800.0
1.8896E+03,-0.011595,-0.002194,0.01633,1800.0
1.8897E+03,-0.011782,-0.000703,0.01633,1800.0
1.8898E+03,-0.011776,0.000658,0.01633,1800.0
1.8899E+03,-0.011592,0.002202,0.01633,1800.0
1.8900E+03,-0.011218,0.003653,0.01633,1800.0
1.8901E+03,-0.010641,0.005063,0.01633,1800.0
1.8902E+03,-0.009899,0.006384,0.01633,1800.0
1.8903E+03,-0.009032,0.007572,0.01633,1800.0
1.8904E+03,-0.008026,0.008633,0.01633,1800.0
1.8905E+03,-0.006854,0.009593,0.01633,1800.0
1.8906E+03,-0.005521,0.010415,0.01633,1800.0
1.8907E+03,-0.004153,0.011042,0.01633,1800.0
1.8908E+03,-0.002758,0.011481,0.01633,1800.0
1.8909E+03,-0.001293,0.011746,0.01633,1800.0
1.8910E+03,0.000275,0.011794,0.01633,1800.0
1.8911E+03,0.001762,0.011656,0.01633,1800.0
1.8912E+03,0.003225,0.011342,0.01633,1800.0
1.8913E+03,0.004629,0.010848,0.01633,1800.0
1.8914E+03,0.005942,0.010179,0.01633,1800.0
1.8915E+03,0.007072,0.009423,0.01633,1800.0
1.8916E+03,0.008248,0.008415,0.01633,1800.0
1.8917E+03,0.009261,0.007306,0.01633,1800.0
1.8918E+03,0.010091,0.006131,0.01633,1800.0
1.8919E+03,0.010783,0.004802,0.01633,1800.0
1.8920E+03,0.011335,0.003303,0.01633,1800.0
1.8921E+03,0.011655,0.001819,0.01633,1800.0
1.8922E+03,0.011799,0.000405,0.01633,1800.0
1.8923E+03,0.011733,-0.001161,0.01633,1800.0
1.8924E+03,0.011486,-0.002626,0.01633,1800.0
1.8925E+03,0.011079,-0.004022,0.01633,1800.0
1.8926E+03,0.010479,-0.005384,0.01633,1800.0
1.8927E+03,0.009688,-0.006715,0.01633,1800.0
1.8928E+03,0.008727,-0.007924,0.01633,1800.0
1.8929E+03,0.007663,-0.008955,0.01633,1800.0
1.8930E+03,0.006481,-0.009845,0.01633,1800.0
1.8931E+03,0.005193,-0.010610,0.01633,1800.0
1.8932E+03,0.003760,-0.011201,0.01633,1800.0
1.8933E+03,0.002483,-0.011531,0.01633,1800.0
1.8934E+03,0.000952,-0.011753,0.01633,1800.0
1.8935E+03,-0.000532,-0.011774,0.01633,1800.0
1.8936E+03,-0.001998,-0.011625,0.01633,1800.0
