3.4184E+03,-0.011706,0.005014,0.03905,0.0
3.4185E+03,-0.011061,0.006329,0.03905,0.0
3.4186E+03,-0.010237,0.007592,0.03905,0.0
3.4187E+03,-0.009243,0.008781,0.03905,0.0
3.4188E+03,-0.008111,0.009837,0.03905,0.0
3.4189E+03,-0.006918,0.010692,0.03905,0.0
3.4190E+03,-0.005594,0.011435,0.03905,0.0
3.4191E+03,-0.004388,0.011963,0.03905,0.0
3.4192E+03,-0.003952,0.012130,0.03905,0.0
3.4193E+03,-0.003950,0.012131,0.03905,0.0
3.4529E+03,0.015765,0.002420,0.03976,1800.0
3.4530E+03,0.015722,0.002647,0.03976,1800.0
3.4531E+03,0.015513,0.003581,0.03976,1800.0
3.4532E+03,0.015105,0.005040,0.03976,1800.0
3.4533E+03,0.014560,0.006457,0.03976,1800.0
3.4534E+03,0.013874,0.007833,0.03976,1800.0
3.4535E+03,0.013064,0.009120,0.03976,1800.0
3.4536E+03,0.012148,0.010319,0.03976,1800.0
3.4537E+03,0.011501,0.011040,0.03976,1800.0
3.4538E+03,0.010505,0.011980,0.03976,1800.0
3.4539E+03,0.009627,0.012693,0.03976,1800.0
3.4540E+03,0.008587,0.013417,0.03976,1800.0
3.4541E+03,0.007377,0.014115,0.03976,1800.0
3.4542E+03,0.006032,0.014738,0.03976,1800.0
3.4543E+03,0.004611,0.015240,0.03976,1800.0
3.4544E+03,0.003288,0.015581,0.03976,1800.0
3.4545E+03,0.001770,0.015834,0.03976,1800.0
3.4546E+03,0.000298,0.015936,0.03976,1800.0
3.4547E+03,-0.001130,0.015902,0.03976,1800.0
3.4548E+03,-0.002179,0.015793,0.03976,1800.0
3.4549E+03,-0.003654,0.015507,0.03976,1800.0
3.4550E+03,-0.005065,0.015102,0.03976,1800.0
3.4551E+03,-0.006144,0.014704,0.03976,1800.0
3.4552E+03,-0.007365,0.014122,0.03976,1800.0
3.4553E+03,-0.008611,0.013396,0.03976,1800.0
3.4554E+03,-0.009799,0.012550,0.03976,1800.0
3.4555E+03,-0.010945,0.011565,0.03976,1800.0
3.4556E+03,-0.012017,0.010446,0.03976,1800.0
3.4557E+03,-0.012978,0.009246,0.03976,1800.0
3.4558E+03,-0.013788,0.007985,0.03976,1800.0
3.4559E+03,-0.014443,0.006718,0.03976,1800.0
3.4560E+03,-0.015034,0.005296,0.03976,1800.0
3.4561E+03,-0.015424,0.003992,0.03976,1800.0
3.4562E+03,-0.015733,0.002487,0.03976,1800.0
3.4563E+03,-0.015897,0.001021,0.03976,1800.0
3.4564E+03,-0.015916,-0.000488,0.03976,1800.0
3.4565E+03,-0.015797,-0.002004,0.03976,1800.0
3.4566E+03,-0.015544,-0.003472,0.03976,1800.0
3.4567E+03,-0.015141,-0.004922,0.03976,1800.0
3.4568E+03,-0.014609,-0.006341,0.03976,1800.0
3.4569E+03,-0.013974,-0.007645,0.03976,1800.0
3.4570E+03,-0.013191,-0.008940,0.03976,1800.0
3.4571E+03,-0.012255,-0.010191,0.03976,1800.0
3.4572E+03,-0.011224,-0.011322,0.03976,1800.0
3.4573E+03,-0.010076,-0.012345,0.03976,1800.0
3.4574E+03,-0.008931,-0.013195,0.03976,1800.0
3.4575E+03,-0.007619,-0.013979,0.03976,1800.0
3.4576E+03,-0.006522,-0.014538,0.03976,1800.0
3.4577E+03,-0.005333,-0.015004,0.03976,1800.0
3.4578E+03,-0.003953,-0.015422,0.03976,1800.0
3.4579E+03,-0.002660,-0.015704,0.03976,1800.0
3.4580E+03,-0.001321,-0.015879,0.03976,1800.0
3.4581E+03,-0.000245,-0.015929,0.03976,1800.0
3.4582E+03,0.001292,-0.015887,0.03976,1800.0
3.4583E+03,0.002786,-0.015699,0.03976,1800.0
3.4584E+03,0.004265,-0.015358,0.03976,1800.0
3.4585E+03,0.005651,-0.014898,0.03976,1800.0
3.4586E+03,0.007003,-0.014308,0.03976,1800.0
3.4587E+03,0.008340,-0.013563,0.03976,1800.0
3.4588E+03,0.009293,-0.012942,0.03976,1800.0
3.4589E+03,0.010298,-0.012139,0.03976,1800.0
3.4590E+03,0.011235,-0.011303,0.03976,1800.0
3.4591E+03,0.011997,-0.010476,0.03976,1800.0
3.4592E+03,0.012882,-0.009346,0.03976,1800.0
3.4593E+03,0.013661,-0.008108,0.03976,1800.0
3.4594E+03,0.014400,-0.006832,0.03976,0.0
3.4595E+03,0.014993,-0.005422,0.03976,0.0
3.4596E+03,0.015401,-0.004068,0.03976,0.0
3.4597E+03,0.015712,-0.002647,0.03976,0.0
3.4598E+03,0.015878,-0.001268,0.03976,0.0
3.4599E+03,0.015931,-0.000094,0.03976,0.0
3.4600E+03,0.015901,0.000970,0.03976,1800.0
3.4601E+03,0.015824,0.001908,0.03976,1800.0
3.4602E+03,0.015765,0.002420,0.03976,1800.0
3.4603E+03,0.015748,0.002427,0.03976,1800.0
3.4604E+03,0.014216,0.003101,0.03976,1800.0
3.4605E+03,0.008120,0.005781,0.03976,1800.0
3.4606E+03,0.001096,0.008870,0.03976,1800.0
3.4607E+03,-0.002628,0.010508,0.03976,1800.0
3.4609E+03,-0.002772,0.010571,0.03976,1800.0
3.4610E+03,-0.002024,0.010724,0.03976,1800.0
3.4611E+03,-0.000672,0.010883,0.03976,1800.0
3.4612E+03,0.000817,0.010871,0.03976,1800.0
3.4613E+03,0.002132,0.010684,0.03976,1800.0
3.4614E+03,0.003606,0.010284,0.03976,1800.0
3.4615E+03,0.004999,0.009695,0.03976,1800.0
3.4616E+03,0.006238,0.008952,0.03976,1800.0
3.4617E+03,0.007421,0.008003,0.03976,1800.0
3.4618E+03,0.008490,0.006889,0.03976,1800.0
3.4619E+03,0.009351,0.005633,0.03976,1800.0
3.4620E+03,0.010034,0.004278,0.03976,1800.0
3.4621E+03,0.010535,0.002833,0.03976,1800.0
3.4622E+03,0.010809,0.001383,0.03976,1800.0
3.4623E+03,0.010896,-0.000071,0.03976,1800.0
3.4624E+03,0.010780,-0.001575,0.03976,1800.0
3.4625E+03,0.010467,-0.003055,0.03976,1800.0
3.4626E+03,0.009938,-0.004467,0.03976,1800.0
3.4627E+03,0.009217,-0.005834,0.03976,1800.0
3.4628E+03,0.008346,-0.007029,0.03976,1800.0
3.4629E+03,0.007347,-0.008067,0.03976,1800.0
3.4630E+03,0.006132,-0.009034,0.03976,1800.0
3.4631E+03,0.004960,-0.009720,0.03976,1800.0
3.4632E+03,0.003538,-0.010315,0.03976,1800.0
3.4633E+03,0.002058,-0.010702,0.03976,1800.0
3.4634E+03,0.000608,-0.010888,0.03976,1800.0
3.4635E+03,-0.000876,-0.010863,0.03976,1800.0
3.4636E+03,-0.002378,-0.010630,0.03976,1800.0
3.4637E+03,-0.003838,-0.010214,0.03976,1800.0
3.4638E+03,-0.005187,-0.009591,0.03976,1800.0
3.4639E+03,-0.006411,-0.008819,0.03976,1800.0
3.4640E+03,-0.007602,-0.007821,0.03976,1800.0
3.4641E+03,-0.008638,-0.006684,0.03976,1800.0
3.4642E+03,-0.009462,-0.005454,0.03976,1800.0
3.4643E+03,-0.010106,-0.004133,0.03976,1800.0
3.4644E+03,-0.010583,-0.002662,0.03976,1800.0
3.4645E+03,-0.010838,-0.001163,0.03976,1800.0
3.4646E+03,-0.010895,0.000292,0.03976,1800.0
3.4647E+03,-0.010747,0.001791,0.03976,1800.0
3.4648E+03,-0.010436,0.003137,0.03976,0.0
3.4649E+03,-0.009898,0.004563,0.03976,0.0
3.4650E+03,-0.009187,0.005884,0.03976,0.0
3.4651E+03,-0.008355,0.007042,0.03976,0.0
3.4652E+03,-0.007328,0.008162,0.03976,0.0
3.4653E+03,-0.006055,0.009097,0.03976,1800.0
3.4654E+03,-0.004789,0.009813,0.03976,1800.0
3.4655E+03,-0.003374,0.010372,0.03976,1800.0
3.4656E+03,-0.002852,0.010548,0.03976,1800.0
3.4657E+03,-0.002772,0.010571,0.03976,1800.0
3.4658E+03,-0.001520,0.010226,0.03976,1800.0
3.4659E+03,0.003381,0.008878,0.03976,1800.0
3.4660E+03,0.009569,0.007176,0.03976,1800.0
3.4662E+03,0.012782,0.006292,0.03976,1800.0
3.4663E+03,0.012780,0.006297,0.03976,1800.0
3.4664E+03,0.012693,0.006452,0.03976,1800.0
3.4665E+03,0.012001,0.007663,0.03976,1800.0
3.4666E+03,0.011244,0.008718,0.03976,1800.0
3.4667E+03,0.010219,0.009897,0.03976,1800.0
3.4668E+03,0.009484,0.010615,0.03976,1800.0
3.4669E+03,0.008458,0.011430,0.03976,1800.0
3.4670E+03,0.007450,0.012126,0.03976,1800.0
3.4671E+03,0.006321,0.012737,0.03976,1800.0
3.4672E+03,0.004947,0.013336,0.03976,1800.0
3.4673E+03,0.003544,0.013775,0.03976,1800.0
3.4674E+03,0.002051,0.014080,0.03976,1800.0
3.4675E+03,0.000548,0.014223,0.03976,1800.0
3.4676E+03,-0.000929,0.014209,0.03976,1800.0
3.4677E+03,-0.002453,0.014024,0.03976,1800.0
3.4678E+03,-0.003855,0.013672,0.03976,1800.0
3.4679E+03,-0.005321,0.013190,0.03976,1800.0
3.4680E+03,-0.006719,0.012530,0.03976,1800.0
3.4681E+03,-0.008017,0.011749,0.03976,1800.0
3.4682E+03,-0.009231,0.010811,0.03976,1800.0
3.4683E+03,-0.010220,0.009897,0.03976,1800.0
3.4684E+03,-0.011174,0.008799,0.03976,1800.0
3.4685E+03,-0.012054,0.007549,0.03976,1800.0
3.4686E+03,-0.012787,0.006251,0.03976,1800.0
3.4687E+03,-0.013386,0.004831,0.03976,1800.0
3.4688E+03,-0.013822,0.003434,0.03976,1800.0
3.4689E+03,-0.014104,0.001933,0.03976,1800.0
3.4690E+03,-0.014227,0.000424,0.03976,1800.0
3.4691E+03,-0.014187,-0.001096,0.03976,1800.0
3.4692E+03,-0.013986,-0.002580,0.03976,1800.0
3.4693E+03,-0.013636,-0.004048,0.03976,1800.0
3.4694E+03,-0.013121,-0.005474,0.03976,1800.0
3.4695E+03,-0.012460,-0.006845,0.03976,1800.0
3.4696E+03,-0.011684,-0.008112,0.03976,1800.0
3.4697E+03,-0.010788,-0.009269,0.03976,1800.0
3.4698E+03,-0.009730,-0.010385,0.03976,1800.0
3.4699E+03,-0.008612,-0.011331,0.03976,1800.0
3.4700E+03,-0.007487,-0.012111,0.03976,1800.0
3.4701E+03,-0.006144,-0.012841,0.03976,1800.0
3.4702E+03,-0.004787,-0.013397,0.03976,1800.0
3.4703E+03,-0.003315,-0.013833,0.03976,1800.0
3.4704E+03,-0.001816,-0.014103,0.03976,1800.0
3.4705E+03,-0.000286,-0.014216,0.03976,1800.0
3.4706E+03,0.001204,-0.014172,0.03976,1800.0
3.4707E+03,0.002642,-0.013973,0.03976,1800.0
3.4708E+03,0.004102,-0.013622,0.03976,1800.0
3.4709E+03,0.005563,-0.013096,0.03976,1800.0
3.4710E+03,0.006939,-0.012434,0.03976,1800.0
3.4711E+03,0.007815,-0.011890,0.03976,1800.0
3.4712E+03,0.008898,-0.011050,0.03976,1800.0
3.4713E+03,0.010041,-0.010079,0.03976,1800.0
3.4714E+03,0.011086,-0.008925,0.03976,1800.0
3.4715E+03,0.011942,-0.007727,0.03976,1800.0
3.4716E+03,0.012712,-0.006376,0.03976,1800.0
3.4717E+03,0.013309,-0.005016,0.03976,1800.0
3.4718E+03,0.013712,-0.003766,0.03976,1800.0
3.4719E+03,0.014026,-0.002416,0.03976,0.0
3.4720E+03,0.014170,-0.001248,0.03976,0.0
3.4721E+03,0.014232,0.000162,0.03976,0.0
3.4722E+03,0.014142,0.001647,0.03976,0.0
3.4723E+03,0.013995,0.002624,0.03976,1800.0
3.4724E+03,0.013640,0.004088,0.03976,1800.0
3.4725E+03,0.013106,0.005546,0.03976,1800.0
3.4726E+03,0.012844,0.006157,0.03976,1800.0
3.4727E+03,0.012782,0.006292,0.03976,1800.0
3.4728E+03,0.012139,0.006530,0.03976,1800.0
3.4729E+03,0.007719,0.008166,0.03976,1800.0
3.4730E+03,0.001056,0.010633,0.03976,1800.0
3.4731E+03,-0.003151,0.012190,0.03976,1800.0
3.4732E+03,-0.003214,0.012213,0.03976,1800.0
3.4733E+03,-0.003145,0.012230,0.03976,1800.0
3.4734E+03,-0.002575,0.012352,0.03976,1800.0
3.4735E+03,-0.001206,0.012569,0.03976,1800.0
3.4736E+03,0.000232,0.012606,0.03976,1800.0
3.4737E+03,0.001729,0.012488,0.03976,1800.0
3.4738E+03,0.003220,0.012184,0.03976,1800.0
3.4739E+03,0.004663,0.011708,0.03976,1800.0
3.4740E+03,0.006029,0.011066,0.03976,1800.0
3.4741E+03,0.007308,0.010273,0.03976,1800.0
3.4742E+03,0.008480,0.009323,0.03976,1800.0
3.4743E+03,0.009525,0.008255,0.03976,1800.0
3.4744E+03,0.010424,0.007089,0.03976,1800.0
3.4745E+03,0.011203,0.005799,0.03976,1800.0
3.4746E+03,0.011832,0.004415,0.03976,1800.0
3.4747E+03,0.012283,0.002919,0.03976,1800.0
3.4748E+03,0.012549,0.001424,0.03976,1800.0
3.4749E+03,0.012617,-0.000003,0.03976,1800.0
3.4750E+03,0.012507,-0.001523,0.03976,1800.0
3.4751E+03,0.012242,-0.002994,0.03976,1800.0
3.4752E+03,0.011803,-0.004420,0.03976,1800.0
3.4753E+03,0.011241,-0.005685,0.03976,1800.0
3.4754E+03,0.010477,-0.007016,0.03976,1800.0
3.4755E+03,0.009579,-0.008203,0.03976,1800.0
3.4756E+03,0.008523,-0.009299,0.03976,1800.0
3.4757E+03,0.007411,-0.010211,0.03976,1800.0
3.4758E+03,0.006132,-0.011026,0.03976,1800.0
3.4759E+03,0.004794,-0.011676,0.03976,1800.0
3.4760E+03,0.003322,-0.012170,0.03976,1800.0
3.4761E+03,0.001868,-0.012471,0.03976,1800.0
3.4762E+03,0.000375,-0.012599,0.03976,1800.0
3.4763E+03,-0.001149,-0.012552,0.03976,1800.0
3.4764E+03,-0.002660,-0.012314,0.03976,1800.0
3.4765E+03,-0.004107,-0.011911,0.03976,1800.0
3.4766E+03,-0.005460,-0.011362,0.03976,1800.0
3.4767E+03,-0.006742,-0.010652,0.03976,1800.0
3.4768E+03,-0.008028,-0.009739,0.03976,1800.0
3.4769E+03,-0.009129,-0.008717,0.03976,1800.0
3.4770E+03,-0.010026,-0.007662,0.03976,1800.0
3.4771E+03,-0.010869,-0.006407,0.03976,1800.0
3.4772E+03,-0.011516,-0.005127,0.03976,1800.0
3.4773E+03,-0.012058,-0.003668,0.03976,1800.0
3.4774E+03,-0.012416,-0.002178,0.03976,1800.0
3.4775E+03,-0.012583,-0.000728,0.03976,1800.0
3.4776E+03,-0.012586,0.000751,0.03976,1800.0
3.4777E+03,-0.012394,0.002274,0.03976,1800.0
3.4778E+03,-0.012039,0.003738,0.03976,1800.0
