2.0707E+03,-0.004539,-0.011301,0.01846,0.0
2.0708E+03,-0.005857,-0.010667,0.01846,0.0
2.0709E+03,-0.007163,-0.009837,0.01846,0.0
2.0710E+03,-0.008341,-0.008865,0.01846,0.0
2.0711E+03,-0.009338,-0.007791,0.01846,0.0
2.0712E+03,-0.010212,-0.006602,0.01846,0.0
2.0713E+03,-0.010945,-0.005290,0.01846,0.0
2.0714E+03,-0.011506,-0.003954,0.01846,0.0
2.0715E+03,-0.011808,-0.003027,0.01846,0.0
2.0716E+03,-0.011816,-0.002998,0.01846,0.0
2.1053E+03,-0.006529,0.014889,0.01917,1800.0
2.1054E+03,-0.006611,0.014852,0.01917,1800.0
2.1055E+03,-0.007115,0.014608,0.01917,1800.0
2.1056E+03,-0.008256,0.014000,0.01917,1800.0
2.1057E+03,-0.009508,0.013179,0.01917,1800.0
2.1058E+03,-0.010722,0.012203,0.01917,1800.0
2.1059E+03,-0.011805,0.011154,0.01917,1800.0
2.1060E+03,-0.012784,0.010015,0.01917,1800.0
2.1061E+03,-0.013664,0.008768,0.01917,1800.0
2.1062E+03,-0.014413,0.007471,0.01917,1800.0
2.1063E+03,-0.015026,0.006154,0.01917,1800.0
2.1064E+03,-0.015531,0.004735,0.01917,1800.0
2.1065E+03,-0.015921,0.003201,0.01917,1800.0
2.1066E+03,-0.016160,0.001718,0.01917,1800.0
2.1067E+03,-0.016251,0.000267,0.01917,1800.0
2.1068E+03,-0.016206,-0.001252,0.01917,1800.0
2.1069E+03,-0.016020,-0.002740,0.01917,1800.0
2.1070E+03,-0.015692,-0.004210,0.01917,1800.0
2.1071E+03,-0.015205,-0.005704,0.01917,1800.0
2.1072E+03,-0.014608,-0.007095,0.01917,1800.0
2.1073E+03,-0.013992,-0.008243,0.01917,1800.0
2.1074E+03,-0.013190,-0.009466,0.01917,1800.0
2.1075E+03,-0.012235,-0.010677,0.01917,1800.0
2.1076E+03,-0.011166,-0.011798,0.01917,1800.0
2.1077E+03,-0.010063,-0.012750,0.01917,1800.0
2.1078E+03,-0.008817,-0.013652,0.01917,1800.0
2.1079E+03,-0.007516,-0.014411,0.01917,1800.0
2.1080E+03,-0.006108,-0.015056,0.01917,1800.0
2.1081E+03,-0.004709,-0.015554,0.01917,1800.0
2.1082E+03,-0.003244,-0.015913,0.01917,1800.0
2.1083E+03,-0.001788,-0.016139,0.01917,1800.0
2.1084E+03,-0.000322,-0.016238,0.01917,1800.0
2.1085E+03,0.001168,-0.016186,0.01917,1800.0
2.1086E+03,0.002710,-0.015999,0.01917,1800.0
2.1087E+03,0.004216,-0.015680,0.01917,1800.0
2.1088E+03,0.005646,-0.015227,0.01917,1800.0
2.1089E+03,0.007046,-0.014634,0.01917,1800.0
2.1090E+03,0.008187,-0.014042,0.01917,1800.0
2.1091E+03,0.009456,-0.013217,0.01917,1800.0
2.1092E+03,0.010656,-0.012264,0.01917,1800.0
2.1093E+03,0.011723,-0.011246,0.01917,1800.0
2.1094E+03,0.012715,-0.010101,0.01917,1800.0
2.1095E+03,0.013589,-0.008884,0.01917,1800.0
2.1096E+03,0.014372,-0.007564,0.01917,1800.0
2.1097E+03,0.015009,-0.006194,0.01917,1800.0
2.1098E+03,0.015518,-0.004774,0.01917,1800.0
2.1099E+03,0.015903,-0.003303,0.01917,1800.0
2.1100E+03,0.016134,-0.001848,0.01917,1800.0
2.1101E+03,0.016242,-0.000284,0.01917,1800.0
2.1102E+03,0.016209,0.001194,0.01917,1800.0
2.1103E+03,0.016042,0.002637,0.01917,1800.0
2.1104E+03,0.015716,0.004124,0.01917,1800.0
2.1105E+03,0.015252,0.005603,0.01917,1800.0
2.1106E+03,0.014661,0.006986,0.01917,1800.0
2.1107E+03,0.014034,0.008167,0.01917,1800.0
2.1108E+03,0.013220,0.009427,0.01917,1800.0
2.1109E+03,0.012277,0.010629,0.01917,1800.0
2.1110E+03,0.011229,0.011723,0.01917,1800.0
2.1111E+03,0.010105,0.012711,0.01917,1800.0
2.1112E+03,0.008868,0.013610,0.01917,1800.0
2.1113E+03,0.007592,0.014361,0.01917,1800.0
2.1114E+03,0.006256,0.015006,0.01917,1800.0
2.1115E+03,0.004859,0.015515,0.01917,0.0
2.1116E+03,0.003311,0.015904,0.01917,0.0
2.1117E+03,0.001875,0.016139,0.01917,0.0
2.1118E+03,0.000395,0.016238,0.01917,0.0
2.1119E+03,-0.001096,0.016198,0.01917,0.0
2.1120E+03,-0.002606,0.016025,0.01917,0.0
2.1121E+03,-0.004108,0.015707,0.01917,1800.0
2.1122E+03,-0.005538,0.015263,0.01917,1800.0
2.1123E+03,-0.006433,0.014928,0.01917,1800.0
2.1124E+03,-0.006529,0.014889,0.01917,1800.0
2.1125E+03,-0.006574,0.014688,0.01917,1800.0
2.1126E+03,-0.007343,0.011262,0.01917,1800.0
2.1127E+03,-0.009031,0.003743,0.01917,1800.0
2.1128E+03,-0.010163,-0.001300,0.01917,1800.0
2.1130E+03,-0.010378,-0.002259,0.01917,1800.0
2.1131E+03,-0.010466,-0.001723,0.01917,1800.0
2.1132E+03,-0.010577,-0.000445,0.01917,1800.0
2.1133E+03,-0.010527,0.001050,0.01917,1800.0
2.1134E+03,-0.010274,0.002540,0.01917,1800.0
2.1135E+03,-0.009803,0.004003,0.01917,1800.0
2.1136E+03,-0.009154,0.005335,0.01917,1800.0
2.1137E+03,-0.008334,0.006552,0.01917,1800.0
2.1138E+03,-0.007319,0.007667,0.01917,1800.0
2.1139E+03,-0.006190,0.008609,0.01917,1800.0
2.1140E+03,-0.004899,0.009398,0.01917,1800.0
2.1141E+03,-0.003530,0.009990,0.01917,1800.0
2.1142E+03,-0.002197,0.010351,0.01917,1800.0
2.1143E+03,-0.000699,0.010559,0.01917,1800.0
2.1144E+03,0.000786,0.010557,0.01917,1800.0
2.1145E+03,0.002293,0.010326,0.01917,1800.0
2.1146E+03,0.003783,0.009892,0.01917,1800.0
2.1147E+03,0.005135,0.009270,0.01917,1800.0
2.1148E+03,0.006390,0.008455,0.01917,1800.0
2.1149E+03,0.007560,0.007454,0.01917,1800.0
2.1150E+03,0.008509,0.006335,0.01917,1800.0
2.1151E+03,0.009287,0.005113,0.01917,1800.0
2.1152E+03,0.009905,0.003758,0.01917,1800.0
2.1153E+03,0.010341,0.002262,0.01917,1800.0
2.1154E+03,0.010557,0.000748,0.01917,1800.0
2.1155E+03,0.010561,-0.000736,0.01917,1800.0
2.1156E+03,0.010336,-0.002238,0.01917,1800.0
2.1157E+03,0.009922,-0.003693,0.01917,1800.0
2.1158E+03,0.009316,-0.005029,0.01917,1800.0
2.1159E+03,0.008601,-0.006192,0.01917,1800.0
2.1160E+03,0.007680,-0.007313,0.01917,1800.0
2.1161E+03,0.006536,-0.008358,0.01917,1800.0
2.1162E+03,0.005287,-0.009191,0.01917,1800.0
2.1163E+03,0.003948,-0.009833,0.01917,1800.0
2.1164E+03,0.002486,-0.010293,0.01917,1800.0
2.1165E+03,0.000973,-0.010537,0.01917,1800.0
2.1166E+03,-0.000534,-0.010575,0.01917,1800.0
2.1167E+03,-0.001987,-0.010394,0.01917,1800.0
2.1168E+03,-0.003437,-0.010007,0.01917,0.0
2.1169E+03,-0.004867,-0.009407,0.01917,0.0
2.1170E+03,-0.006133,-0.008630,0.01917,0.0
2.1171E+03,-0.007284,-0.007700,0.01917,0.0
2.1172E+03,-0.008301,-0.006613,0.01917,0.0
2.1173E+03,-0.009179,-0.005317,0.01917,1800.0
2.1174E+03,-0.009817,-0.004006,0.01917,1800.0
2.1175E+03,-0.010280,-0.002594,0.01917,1800.0
2.1176E+03,-0.010370,-0.002291,0.01917,1800.0
2.1177E+03,-0.010378,-0.002259,0.01917,1800.0
2.1178E+03,-0.009583,-0.000234,0.01917,1800.0
2.1179E+03,-0.007491,0.005097,0.01917,1800.0
2.1180E+03,-0.005141,0.011084,0.01917,1800.0
2.1182E+03,-0.003995,0.014003,0.01917,1800.0
2.1183E+03,-0.004103,0.013968,0.01917,1800.0
2.1184E+03,-0.004782,0.013744,0.01917,1800.0
2.1185E+03,-0.006164,0.013187,0.01917,1800.0
2.1186E+03,-0.007548,0.012439,0.01917,1800.0
2.1187E+03,-0.008763,0.011604,0.01917,1800.0
2.1188E+03,-0.009908,0.010644,0.01917,1800.0
2.1189E+03,-0.010934,0.009514,0.01917,1800.0
2.1190E+03,-0.011878,0.008333,0.01917,1800.0
2.1191E+03,-0.012690,0.007086,0.01917,1800.0
2.1192E+03,-0.013344,0.005751,0.01917,1800.0
2.1193E+03,-0.013831,0.004483,0.01917,1800.0
2.1194E+03,-0.014235,0.002977,0.01917,1800.0
2.1195E+03,-0.014479,0.001516,0.01917,1800.0
2.1196E+03,-0.014554,0.000070,0.01917,1800.0
2.1197E+03,-0.014467,-0.001524,0.01917,1800.0
2.1198E+03,-0.014229,-0.003009,0.01917,1800.0
2.1199E+03,-0.013860,-0.004406,0.01917,1800.0
2.1200E+03,-0.013304,-0.005850,0.01917,1800.0
2.1201E+03,-0.012612,-0.007220,0.01917,1800.0
2.1202E+03,-0.011806,-0.008475,0.01917,1800.0
2.1203E+03,-0.010882,-0.009638,0.01917,1800.0
2.1204E+03,-0.009842,-0.010700,0.01917,1800.0
2.1205E+03,-0.008683,-0.011654,0.01917,1800.0
2.1206E+03,-0.007408,-0.012518,0.01917,1800.0
2.1207E+03,-0.006121,-0.013197,0.01917,1800.0
2.1208E+03,-0.004633,-0.013792,0.01917,1800.0
2.1209E+03,-0.003225,-0.014191,0.01917,1800.0
2.1210E+03,-0.002250,-0.014374,0.01917,1800.0
2.1211E+03,-0.000918,-0.014511,0.01917,1800.0
2.1212E+03,0.000531,-0.014528,0.01917,1800.0
2.1213E+03,0.001982,-0.014398,0.01917,1800.0
2.1214E+03,0.003480,-0.014112,0.01917,1800.0
2.1215E+03,0.004977,-0.013657,0.01917,1800.0
2.1216E+03,0.006366,-0.013070,0.01917,1800.0
2.1217E+03,0.007669,-0.012353,0.01917,1800.0
2.1218E+03,0.008877,-0.011520,0.01917,1800.0
2.1219E+03,0.010026,-0.010544,0.01917,1800.0
2.1220E+03,0.011089,-0.009426,0.01917,1800.0
2.1221E+03,0.011967,-0.008275,0.01917,1800.0
2.1222E+03,0.012772,-0.006950,0.01917,1800.0
2.1223E+03,0.013434,-0.005575,0.01917,1800.0
2.1224E+03,0.013923,-0.004175,0.01917,1800.0
2.1225E+03,0.014271,-0.002717,0.01917,1800.0
2.1226E+03,0.014484,-0.001233,0.01917,1800.0
2.1227E+03,0.014532,0.000113,0.01917,1800.0
2.1228E+03,0.014449,0.001631,0.01917,1800.0
2.1229E+03,0.014203,0.003106,0.01917,1800.0
2.1230E+03,0.013832,0.004535,0.01917,1800.0
2.1231E+03,0.013277,0.005963,0.01917,1800.0
2.1232E+03,0.012597,0.007289,0.01917,1800.0
2.1233E+03,0.011728,0.008599,0.01917,1800.0
2.1234E+03,0.010768,0.009764,0.01917,1800.0
2.1235E+03,0.009724,0.010808,0.01917,1800.0
2.1236E+03,0.008569,0.011734,0.01917,1800.0
2.1237E+03,0.007289,0.012572,0.01917,1800.0
2.1238E+03,0.005955,0.013261,0.01917,0.0
2.1239E+03,0.004587,0.013792,0.01917,0.0
2.1240E+03,0.003135,0.014197,0.01917,0.0
2.1241E+03,0.001639,0.014448,0.01917,0.0
2.1242E+03,0.000063,0.014550,0.01917,0.0
2.1243E+03,-0.001406,0.014484,0.01917,1800.0
2.1244E+03,-0.002277,0.014369,0.01917,1800.0
2.1245E+03,-0.003593,0.014093,0.01917,1800.0
2.1246E+03,-0.003972,0.014009,0.01917,1800.0
2.1247E+03,-0.003995,0.014003,0.01917,1800.0
2.1248E+03,-0.004996,0.011937,0.01917,1800.0
2.1249E+03,-0.007511,0.006745,0.01917,1800.0
2.1250E+03,-0.010433,0.000713,0.01917,1800.0
2.1252E+03,-0.012043,-0.002610,0.01917,1800.0
2.1253E+03,-0.012068,-0.002460,0.01917,1800.0
2.1254E+03,-0.012202,-0.001604,0.01917,1800.0
2.1255E+03,-0.012321,-0.000059,0.01917,1800.0
2.1256E+03,-0.012218,0.001446,0.01917,1800.0
2.1257E+03,-0.011957,0.002876,0.01917,1800.0
2.1258E+03,-0.011521,0.004288,0.01917,1800.0
2.1259E+03,-0.010912,0.005646,0.01917,1800.0
2.1260E+03,-0.010149,0.006930,0.01917,1800.0
2.1261E+03,-0.009304,0.008020,0.01917,1800.0
2.1262E+03,-0.008233,0.009128,0.01917,1800.0
2.1263E+03,-0.007050,0.010072,0.01917,1800.0
2.1264E+03,-0.005734,0.010873,0.01917,1800.0
2.1265E+03,-0.004394,0.011493,0.01917,1800.0
2.1266E+03,-0.002942,0.011957,0.01917,1800.0
2.1267E+03,-0.001445,0.012231,0.01917,1800.0
2.1268E+03,0.000048,0.012300,0.01917,1800.0
2.1269E+03,0.001556,0.012191,0.01917,1800.0
2.1270E+03,0.003000,0.011917,0.01917,1800.0
2.1271E+03,0.004405,0.011472,0.01917,1800.0
2.1272E+03,0.005789,0.010833,0.01917,1800.0
2.1273E+03,0.007085,0.010047,0.01917,1800.0
2.1274E+03,0.008233,0.009129,0.01917,1800.0
2.1275E+03,0.009279,0.008049,0.01917,1800.0
2.1276E+03,0.010226,0.006825,0.01917,1800.0
2.1277E+03,0.010960,0.005588,0.01917,1800.0
2.1278E+03,0.011542,0.004262,0.01917,1800.0
2.1279E+03,0.011980,0.002823,0.01917,1800.0
2.1280E+03,0.012217,0.001408,0.01917,1800.0
2.1281E+03,0.012291,-0.000072,0.01917,1800.0
2.1282E+03,0.012179,-0.001607,0.01917,1800.0
2.1283E+03,0.011891,-0.003087,0.01917,1800.0
2.1284E+03,0.011436,-0.004505,0.01917,1800.0
2.1285E+03,0.010779,-0.005891,0.01917,1800.0
2.1286E+03,0.009961,-0.007202,0.01917,1800.0
2.1287E+03,0.009029,-0.008338,0.01917,1800.0
2.1288E+03,0.007990,-0.009340,0.01917,1800.0
2.1289E+03,0.006799,-0.010269,0.01917,1800.0
2.1290E+03,0.005409,-0.011064,0.01917,1800.0
2.1291E+03,0.004037,-0.011628,0.01917,1800.0
2.1292E+03,0.002588,-0.012019,0.01917,1800.0
2.1293E+03,0.001153,-0.012235,0.01917,1800.0
2.1294E+03,-0.000386,-0.012278,0.01917,1800.0
2.1295E+03,-0.001766,-0.012160,0.01917,1800.0
2.1296E+03,-0.003192,-0.011862,0.01917,1800.0
2.1297E+03,-0.004564,-0.011376,0.01917,1800.0
