4.5660E+03,0.004076,0.012212,0.05041,0.0
4.5661E+03,0.005436,0.011675,0.05041,0.0
4.5662E+03,0.006746,0.010975,0.05041,0.0
4.5663E+03,0.008010,0.010101,0.05041,0.0
4.5664E+03,0.009143,0.009100,0.05041,0.0
4.5666E+03,0.010162,0.007936,0.05041,0.0
4.5667E+03,0.011005,0.006693,0.05041,0.0
4.5668E+03,0.011450,0.005942,0.05041,0.0
4.5670E+03,0.011540,0.005779,0.05041,0.0
4.6148E+03,-0.017429,-0.000645,0.05112,1800.0
4.6149E+03,-0.017402,-0.001014,0.05112,1800.0
4.6150E+03,-0.017284,-0.002109,0.05112,1800.0
4.6151E+03,-0.017037,-0.003612,0.05112,1800.0
4.6152E+03,-0.016673,-0.005038,0.05112,1800.0
4.6153E+03,-0.016186,-0.006449,0.05112,1800.0
4.6153E+03,-0.015767,-0.007426,0.05112,1800.0
4.6154E+03,-0.015111,-0.008686,0.05112,1800.0
4.6155E+03,-0.014291,-0.009967,0.05112,1800.0
4.6156E+03,-0.013404,-0.011136,0.05112,1800.0
4.6157E+03,-0.012368,-0.012264,0.05112,1800.0
4.6158E+03,-0.011274,-0.013273,0.05112,1800.0
4.6159E+03,-0.010114,-0.014183,0.05112,1800.0
4.6160E+03,-0.008834,-0.015010,0.05112,1800.0
4.6161E+03,-0.007508,-0.015717,0.05112,1800.0
4.6162E+03,-0.006135,-0.016299,0.05112,1800.0
4.6164E+03,-0.004643,-0.016797,0.05112,1800.0
4.6165E+03,-0.003207,-0.017129,0.05112,1800.0
4.6166E+03,-0.001728,-0.017343,0.05112,1800.0
4.6167E+03,-0.000277,-0.017430,0.05112,1800.0
4.6168E+03,0.001243,-0.017389,0.05112,1800.0
4.6169E+03,0.002817,-0.017197,0.05112,1800.0
4.6170E+03,0.004308,-0.016879,0.05112,1800.0
4.6170E+03,0.005583,-0.016498,0.05112,1800.0
4.6171E+03,0.006953,-0.015970,0.05112,1800.0
4.6172E+03,0.008267,-0.015333,0.05112,1800.0
4.6173E+03,0.009555,-0.014559,0.05112,1800.0
4.6174E+03,0.010832,-0.013639,0.05112,1800.0
4.6175E+03,0.011996,-0.012639,0.05112,1800.0
4.6176E+03,0.013020,-0.011587,0.05112,1800.0
4.6177E+03,0.013980,-0.010413,0.05112,1800.0
4.6178E+03,0.014804,-0.009191,0.05112,1800.0
4.6179E+03,0.015540,-0.007882,0.05112,1800.0
4.6180E+03,0.016165,-0.006496,0.05112,1800.0
4.6182E+03,0.016662,-0.005078,0.05112,1800.0
4.6183E+03,0.017030,-0.003630,0.05112,1800.0
4.6184E+03,0.017263,-0.002324,0.05112,1800.0
4.6185E+03,0.017383,-0.001076,0.05112,1800.0
4.6186E+03,0.017416,0.000309,0.05112,1800.0
4.6187E+03,0.017356,0.001614,0.05112,1800.0
4.6187E+03,0.017237,0.002549,0.05112,1800.0
4.6188E+03,0.016965,0.004014,0.05112,1800.0
4.6189E+03,0.016570,0.005405,0.05112,1800.0
4.6190E+03,0.016034,0.006812,0.05112,1800.0
4.6191E+03,0.015378,0.008190,0.05112,1800.0
4.6192E+03,0.014613,0.009485,0.05112,1800.0
4.6193E+03,0.013714,0.010733,0.05112,1800.0
4.6194E+03,0.012718,0.011895,0.05112,1800.0
4.6195E+03,0.011672,0.012930,0.05112,1800.0
4.6196E+03,0.010531,0.013874,0.05112,1800.0
4.6197E+03,0.009261,0.014751,0.05112,1800.0
4.6199E+03,0.007949,0.015502,0.05112,1800.0
4.6200E+03,0.006626,0.016116,0.05112,1800.0
4.6201E+03,0.005174,0.016644,0.05112,1800.0
4.6202E+03,0.003660,0.017045,0.05112,1800.0
4.6203E+03,0.002201,0.017288,0.05112,1800.0
4.6204E+03,0.000772,0.017413,0.05112,1800.0
4.6204E+03,-0.000643,0.017407,0.05112,1800.0
4.6205E+03,-0.002117,0.017290,0.05112,1800.0
4.6206E+03,-0.003580,0.017042,0.05112,1800.0
4.6207E+03,-0.005068,0.016661,0.05112,1800.0
4.6208E+03,-0.006518,0.016159,0.05112,1800.0
4.6209E+03,-0.007899,0.015528,0.05112,1800.0
4.6210E+03,-0.009159,0.014821,0.05112,1800.0
4.6211E+03,-0.010396,0.013986,0.05112,1800.0
4.6212E+03,-0.011549,0.013065,0.05112,1800.0
4.6213E+03,-0.012644,0.011993,0.05112,1800.0
4.6214E+03,-0.013663,0.010811,0.05112,1800.0
4.6216E+03,-0.014560,0.009565,0.05112,1800.0
4.6217E+03,-0.015310,0.008312,0.05112,0.0
4.6218E+03,-0.015868,0.007204,0.05112,0.0
4.6219E+03,-0.016360,0.005976,0.05112,0.0
4.6220E+03,-0.016806,0.004551,0.05112,0.0
4.6221E+03,-0.017142,0.003066,0.05112,0.0
4.6222E+03,-0.017351,0.001571,0.05112,0.0
4.6222E+03,-0.017429,0.000307,0.05112,1800.0
4.6224E+03,-0.017429,-0.000645,0.05112,1800.0
4.6225E+03,-0.017282,-0.000614,0.05112,1800.0
4.6226E+03,-0.011554,0.000612,0.05112,1800.0
4.6227E+03,-0.004095,0.002208,0.05112,1800.0
4.6228E+03,0.003531,0.003840,0.05112,1800.0
4.6229E+03,0.007398,0.004667,0.05112,1800.0
4.6230E+03,0.008116,0.004821,0.05112,1800.0
4.6231E+03,0.008131,0.004793,0.05112,1800.0
4.6232E+03,0.008351,0.004344,0.05112,1800.0
4.6234E+03,0.008892,0.003064,0.05112,1800.0
4.6235E+03,0.009291,0.001567,0.05112,1800.0
4.6236E+03,0.009418,0.000117,0.05112,1800.0
4.6237E+03,0.009331,-0.001383,0.05112,1800.0
4.6238E+03,0.008997,-0.002829,0.05112,1800.0
4.6239E+03,0.008407,-0.004226,0.05112,1800.0
4.6239E+03,0.007713,-0.005386,0.05112,1800.0
4.6240E+03,0.006724,-0.006568,0.05112,1800.0
4.6241E+03,0.005607,-0.007542,0.05112,1800.0
4.6242E+03,0.004357,-0.008333,0.05112,1800.0
4.6243E+03,0.002941,-0.008927,0.05112,1800.0
4.6244E+03,0.001511,-0.009290,0.05112,1800.0
4.6245E+03,0.000032,-0.009408,0.05112,1800.0
4.6246E+03,-0.001556,-0.009297,0.05112,1800.0
4.6247E+03,-0.003003,-0.008943,0.05112,1800.0
4.6248E+03,-0.004354,-0.008359,0.05112,1800.0
4.6249E+03,-0.005607,-0.007577,0.05112,1800.0
4.6251E+03,-0.006745,-0.006558,0.05112,1800.0
4.6252E+03,-0.007726,-0.005369,0.05112,1800.0
4.6253E+03,-0.008484,-0.004054,0.05112,1800.0
4.6254E+03,-0.009016,-0.002683,0.05112,1800.0
4.6255E+03,-0.009324,-0.001247,0.05112,1800.0
4.6256E+03,-0.009398,0.000229,0.05112,1800.0
4.6256E+03,-0.009286,0.001552,0.05112,1800.0
4.6257E+03,-0.008917,0.003045,0.05112,1800.0
4.6258E+03,-0.008299,0.004474,0.05112,1800.0
4.6259E+03,-0.007521,0.005692,0.05112,1800.0
4.6260E+03,-0.006459,0.006860,0.05112,1800.0
4.6261E+03,-0.005288,0.007790,0.05112,1800.0
4.6262E+03,-0.004016,0.008511,0.05112,1800.0
4.6263E+03,-0.002605,0.009034,0.05112,1800.0
4.6264E+03,-0.001132,0.009336,0.05112,0.0
4.6265E+03,0.000370,0.009391,0.05112,0.0
4.6266E+03,0.001839,0.009217,0.05112,0.0
4.6268E+03,0.003255,0.008821,0.05112,0.0
4.6269E+03,0.004649,0.008186,0.05112,0.0
4.6270E+03,0.005930,0.007309,0.05112,0.0
4.6271E+03,0.007015,0.006294,0.05112,1800.0
4.6272E+03,0.007951,0.005087,0.05112,1800.0
4.6273E+03,0.008104,0.004841,0.05112,1800.0
4.6273E+03,0.008116,0.004821,0.05112,1800.0
4.6274E+03,0.006719,0.004410,0.05112,1800.0
4.6275E+03,0.001147,0.002772,0.05112,1800.0
4.6276E+03,-0.006237,0.000601,0.05112,1800.0
4.6277E+03,-0.012381,-0.001205,0.05112,1800.0
4.6279E+03,-0.015583,-0.002146,0.05112,1800.0
4.6280E+03,-0.015570,-0.002233,0.05112,1800.0
4.6281E+03,-0.015465,-0.002819,0.05112,1800.0
4.6282E+03,-0.015142,-0.004267,0.05112,1800.0
4.6283E+03,-0.014876,-0.005127,0.05112,1800.0
4.6285E+03,-0.014308,-0.006512,0.05112,1800.0
4.6286E+03,-0.013636,-0.007826,0.05112,1800.0
4.6287E+03,-0.012814,-0.009100,0.05112,1800.0
4.6288E+03,-0.011872,-0.010293,0.05112,1800.0
4.6289E+03,-0.010832,-0.011382,0.05112,1800.0
4.6290E+03,-0.009682,-0.012378,0.05112,1800.0
4.6291E+03,-0.008436,-0.013256,0.05112,1800.0
4.6291E+03,-0.007292,-0.013932,0.05112,1800.0
4.6292E+03,-0.005977,-0.014544,0.05112,1800.0
4.6293E+03,-0.004523,-0.015073,0.05112,1800.0
4.6294E+03,-0.003024,-0.015440,0.05112,1800.0
4.6295E+03,-0.001493,-0.015655,0.05112,1800.0
4.6296E+03,-0.000065,-0.015723,0.05112,1800.0
4.6297E+03,0.001455,-0.015649,0.05112,1800.0
4.6298E+03,0.002972,-0.015431,0.05112,1800.0
4.6299E+03,0.004435,-0.015070,0.05112,1800.0
4.6300E+03,0.005848,-0.014589,0.05112,1800.0
4.6302E+03,0.007229,-0.013953,0.05112,1800.0
4.6303E+03,0.008546,-0.013193,0.05112,1800.0
4.6304E+03,0.009733,-0.012339,0.05112,1800.0
4.6305E+03,0.010875,-0.011356,0.05112,1800.0
4.6306E+03,0.011929,-0.010252,0.05112,1800.0
4.6307E+03,0.012847,-0.009076,0.05112,1800.0
4.6308E+03,0.013648,-0.007830,0.05112,1800.0
4.6308E+03,0.014273,-0.006571,0.05112,1800.0
4.6309E+03,0.014831,-0.005202,0.05112,1800.0
4.6310E+03,0.015257,-0.003752,0.05112,1800.0
4.6311E+03,0.015547,-0.002248,0.05112,1800.0
4.6312E+03,0.015697,-0.000736,0.05112,1800.0
4.6313E+03,0.015695,0.000747,0.05112,1800.0
4.6314E+03,0.015557,0.002222,0.05112,1800.0
4.6315E+03,0.015271,0.003752,0.05112,1800.0
4.6316E+03,0.014863,0.005128,0.05112,1800.0
4.6317E+03,0.014276,0.006602,0.05112,1800.0
4.6318E+03,0.013624,0.007868,0.05112,1800.0
4.6320E+03,0.012782,0.009156,0.05112,1800.0
4.6321E+03,0.011837,0.010346,0.05112,1800.0
4.6322E+03,0.010809,0.011406,0.05112,1800.0
4.6323E+03,0.009652,0.012403,0.05112,1800.0
4.6324E+03,0.008402,0.013279,0.05112,1800.0
4.6325E+03,0.007103,0.014018,0.05112,1800.0
4.6325E+03,0.005860,0.014578,0.05112,1800.0
4.6326E+03,0.004416,0.015091,0.05112,1800.0
4.6327E+03,0.002992,0.015436,0.05112,1800.0
4.6328E+03,0.001446,0.015665,0.05112,1800.0
4.6329E+03,0.000003,0.015734,0.05112,1800.0
4.6330E+03,-0.001527,0.015650,0.05112,1800.0
4.6331E+03,-0.002992,0.015440,0.05112,1800.0
4.6332E+03,-0.004443,0.015076,0.05112,1800.0
4.6333E+03,-0.005855,0.014583,0.05112,1800.0
4.6334E+03,-0.007229,0.013956,0.05112,1800.0
4.6335E+03,-0.008539,0.013190,0.05112,1800.0
4.6337E+03,-0.009782,0.012298,0.05112,1800.0
4.6338E+03,-0.010912,0.011313,0.05112,1800.0
4.6339E+03,-0.011920,0.010240,0.05112,1800.0
4.6340E+03,-0.012885,0.009005,0.05112,1800.0
4.6341E+03,-0.013686,0.007742,0.05112,1800.0
4.6342E+03,-0.014385,0.006370,0.05112,0.0
4.6343E+03,-0.014895,0.004950,0.05112,0.0
4.6343E+03,-0.015260,0.003702,0.05112,0.0
4.6344E+03,-0.015525,0.002479,0.05112,0.0
4.6345E+03,-0.015658,0.001410,0.05112,0.0
4.6346E+03,-0.015716,0.000247,0.05112,0.0
4.6347E+03,-0.015701,-0.000867,0.05112,0.0
4.6348E+03,-0.015637,-0.001699,0.05112,1800.0
4.6349E+03,-0.015583,-0.002146,0.05112,1800.0
4.6350E+03,-0.015548,-0.002135,0.05112,1800.0
4.6351E+03,-0.014598,-0.001840,0.05112,1800.0
4.6352E+03,-0.008111,0.000177,0.05112,1800.0
4.6354E+03,-0.000609,0.002510,0.05112,1800.0
4.6355E+03,0.006868,0.004834,0.05112,1800.0
4.6356E+03,0.009231,0.005569,0.05112,1800.0
4.6357E+03,0.009584,0.005679,0.05112,1800.0
4.6358E+03,0.009607,0.005637,0.05112,1800.0
4.6359E+03,0.009995,0.004849,0.05112,1800.0
4.6360E+03,0.010546,0.003495,0.05112,1800.0
4.6360E+03,0.010894,0.002213,0.05112,1800.0
4.6361E+03,0.011090,0.000761,0.05112,1800.0
4.6362E+03,0.011090,-0.000746,0.05112,1800.0
4.6363E+03,0.010905,-0.002221,0.05112,1800.0
4.6364E+03,0.010518,-0.003657,0.05112,1800.0
4.6365E+03,0.009922,-0.005037,0.05112,1800.0
4.6366E+03,0.009101,-0.006388,0.05112,1800.0
4.6367E+03,0.008138,-0.007570,0.05112,1800.0
4.6368E+03,0.007052,-0.008590,0.05112,1800.0
4.6369E+03,0.005831,-0.009445,0.05112,1800.0
4.6371E+03,0.004512,-0.010155,0.05112,1800.0
4.6372E+03,0.003121,-0.010667,0.05112,1800.0
4.6373E+03,0.001673,-0.010978,0.05112,1800.0
4.6374E+03,0.000148,-0.011116,0.05112,1800.0
4.6375E+03,-0.001402,-0.011031,0.05112,1800.0
4.6376E+03,-0.002850,-0.010753,0.05112,1800.0
4.6377E+03,-0.004276,-0.010276,0.05112,1800.0
4.6377E+03,-0.005481,-0.009679,0.05112,1800.0
4.6378E+03,-0.006725,-0.008857,0.05112,1800.0
4.6379E+03,-0.007868,-0.007841,0.05112,1800.0
4.6380E+03,-0.008857,-0.006697,0.05112,1800.0
4.6381E+03,-0.009664,-0.005485,0.05112,1800.0
4.6382E+03,-0.010305,-0.004149,0.05112,1800.0
4.6383E+03,-0.010778,-0.002685,0.05112,1800.0
4.6384E+03,-0.011048,-0.001190,0.05112,1800.0
4.6385E+03,-0.011118,0.000312,0.05112,1800.0
4.6386E+03,-0.010969,0.001837,0.05112,1800.0
4.6387E+03,-0.010641,0.003268,0.05112,1800.0
4.6389E+03,-0.010082,0.004740,0.05112,1800.0
4.6390E+03,-0.009366,0.006007,0.05112,1800.0
4.6391E+03,-0.008466,0.007197,0.05112,1800.0
4.6392E+03,-0.007385,0.008300,0.05112,1800.0
4.6393E+03,-0.006193,0.009233,0.05112,1800.0
4.6394E+03,-0.004892,0.009973,0.05112,1800.0
4.6394E+03,-0.003651,0.010490,0.05112,1800.0
4.6395E+03,-0.002211,0.010895,0.05112,1800.0
4.6396E+03,-0.000710,0.011089,0.05112,1800.0
4.6397E+03,0.000788,0.011090,0.05112,0.0
4.6398E+03,0.002216,0.010902,0.05112,0.0
4.6399E+03,0.003688,0.010516,0.05112,0.0
4.6400E+03,0.005091,0.009890,0.05112,0.0
4.6401E+03,0.006370,0.009110,0.05112,0.0
4.6402E+03,0.007514,0.008191,0.05112,1800.0
4.6403E+03,0.008588,0.007048,0.05112,1800.0
4.6404E+03,0.009339,0.006044,0.05112,1800.0
4.6406E+03,0.009584,0.005679,0.05112,1800.0
4.6407E+03,0.009587,0.005674,0.05112,1800.0
4.6408E+03,0.010720,0.003844,0.05112,1800.0
4.6409E+03,0.013157,-0.000093,0.05112,1800.0
4.6411E+03,0.013961,-0.001391,0.05112,1800.0
4.6412E+03,0.013962,-0.001369,0.05112,1800.0
4.6412E+03,0.014011,-0.000633,0.05112,1800.0
4.6413E+03,0.013985,0.000799,0.05112,1800.0
4.6414E+03,0.013821,0.002312,0.05112,1800.0
4.6415E+03,0.013587,0.003469,0.05112,1800.0
4.6416E+03,0.013222,0.004639,0.05112,1800.0
4.6417E+03,0.012730,0.005862,0.05112,1800.0
4.6418E+03,0.012103,0.007061,0.05112,1800.0
4.6419E+03,0.011274,0.008323,0.05112,1800.0
4.6420E+03,0.010351,0.009458,0.05112,1800.0
4.6421E+03,0.009436,0.010384,0.05112,1800.0
4.6423E+03,0.008603,0.011080,0.05112,1800.0
4.6424E+03,0.007376,0.011939,0.05112,1800.0
4.6425E+03,0.006013,0.012670,0.05112,1800.0
4.6426E+03,0.004607,0.013242,0.05112,1800.0
4.6427E+03,0.003214,0.013643,0.05112,1800.0
4.6428E+03,0.001770,0.013903,0.05112,1800.0
4.6429E+03,0.000273,0.014008,0.05112,1800.0
4.6429E+03,-0.001095,0.013968,0.05112,1800.0
4.6430E+03,-0.002606,0.013770,0.05112,1800.0
4.6431E+03,-0.004083,0.013411,0.05112,1800.0
4.6432E+03,-0.005547,0.012879,0.05112,1800.0
4.6433E+03,-0.006867,0.012233,0.05112,1800.0
4.6434E+03,-0.008151,0.011422,0.05112,1800.0
4.6435E+03,-0.009327,0.010473,0.05112,1800.0
4.6436E+03,-0.010362,0.009445,0.05112,1800.0
4.6437E+03,-0.011333,0.008243,0.05112,1800.0
4.6438E+03,-0.012150,0.006982,0.05112,1800.0
4.6440E+03,-0.012817,0.005664,0.05112,1800.0
4.6441E+03,-0.013299,0.004428,0.05112,1800.0
4.6442E+03,-0.013648,0.003159,0.05112,1800.0
4.6443E+03,-0.013901,0.001757,0.05112,1800.0
4.6444E+03,-0.014009,0.000295,0.05112,1800.0
4.6445E+03,-0.013956,-0.001283,0.05112,1800.0
4.6446E+03,-0.013771,-0.002703,0.05112,1800.0
4.6446E+03,-0.013572,-0.003570,0.05112,1800.0
4.6447E+03,-0.013112,-0.004957,0.05112,1800.0
4.6448E+03,-0.012477,-0.006381,0.05112,1800.0
4.6449E+03,-0.011736,-0.007662,0.05112,1800.0
4.6450E+03,-0.010834,-0.008882,0.05112,1800.0
4.6451E+03,-0.009855,-0.010004,0.05112,1800.0
4.6452E+03,-0.008746,-0.010989,0.05112,1800.0
4.6453E+03,-0.007464,-0.011862,0.05112,1800.0
4.6454E+03,-0.006109,-0.012613,0.05112,1800.0
4.6455E+03,-0.004741,-0.013197,0.05112,1800.0
4.6457E+03,-0.003361,-0.013616,0.05112,1800.0
4.6458E+03,-0.001793,-0.013922,0.05112,1800.0
4.6459E+03,-0.000298,-0.014027,0.05112,1800.0
4.6460E+03,0.001163,-0.013980,0.05112,1800.0
4.6461E+03,0.002681,-0.013761,0.05112,1800.0
4.6462E+03,0.004154,-0.013386,0.05112,1800.0
4.6463E+03,0.005518,-0.012884,0.05112,1800.0
4.6463E+03,0.006740,-0.012282,0.05112,1800.0
4.6464E+03,0.008048,-0.011469,0.05112,1800.0
4.6465E+03,0.009103,-0.010676,0.05112,1800.0
4.6466E+03,0.009882,-0.009946,0.05112,0.0
4.6467E+03,0.010804,-0.008931,0.05112,0.0
4.6468E+03,0.011762,-0.007651,0.05112,0.0
4.6469E+03,0.012481,-0.006408,0.05112,0.0
4.6470E+03,0.012939,-0.005412,0.05112,1800.0
4.6471E+03,0.013392,-0.004157,0.05112,1800.0
4.6472E+03,0.013670,-0.003138,0.05112,1800.0
4.6473E+03,0.013890,-0.001866,0.05112,1800.0
4.6475E+03,0.013960,-0.001402,0.05112,1800.0
4.6476E+03,0.013961,-0.001391,0.05112,1800.0
4.6477E+03,0.013264,0.000508,0.05112,1800.0
4.6478E+03,0.011855,0.004350,0.05112,1800.0
4.6480E+03,0.011052,0.006538,0.05112,1800.0
4.6480E+03,0.011059,0.006525,0.05112,1800.0
4.6481E+03,0.011596,0.005497,0.05112,1800.0
4.6482E+03,0.012129,0.004168,0.05112,1800.0
4.6483E+03,0.012527,0.002729,0.05112,1800.0
4.6484E+03,0.012748,0.001213,0.05112,1800.0
4.6485E+03,0.012806,-0.000290,0.05112,1800.0
4.6486E+03,0.012680,-0.001798,0.05112,1800.0
4.6487E+03,0.012378,-0.003300,0.05112,1800.0
4.6488E+03,0.011913,-0.004725,0.05112,1800.0
4.6489E+03,0.011307,-0.006055,0.05112,1800.0
4.6490E+03,0.010517,-0.007342,0.05112,1800.0
4.6492E+03,0.009575,-0.008529,0.05112,1800.0
4.6493E+03,0.008478,-0.009624,0.05112,1800.0
4.6494E+03,0.007285,-0.010567,0.05112,1800.0
4.6495E+03,0.006010,-0.011333,0.05112,1800.0
4.6496E+03,0.004634,-0.011960,0.05112,1800.0
4.6497E+03,0.003227,-0.012416,0.05112,1800.0
4.6497E+03,0.001924,-0.012678,0.05112,1800.0
4.6498E+03,0.000434,-0.012807,0.05112,1800.0
4.6499E+03,-0.001086,-0.012765,0.05112,1800.0
4.6500E+03,-0.002598,-0.012545,0.05112,1800.0
4.6501E+03,-0.004069,-0.012155,0.05112,1800.0
4.6502E+03,-0.005496,-0.011593,0.05112,1800.0
4.6503E+03,-0.006787,-0.010895,0.05112,1800.0
4.6504E+03,-0.008048,-0.010004,0.05112,1800.0
4.6505E+03,-0.009126,-0.009012,0.05112,1800.0
4.6506E+03,-0.010148,-0.007841,0.05112,1800.0
4.6507E+03,-0.010987,-0.006594,0.05112,1800.0
4.6509E+03,-0.011678,-0.005264,0.05112,1800.0
4.6510E+03,-0.012203,-0.003907,0.05112,1800.0
4.6511E+03,-0.012571,-0.002444,0.05112,1800.0
4.6512E+03,-0.012783,-0.000948,0.05112,1800.0
4.6513E+03,-0.012802,0.000527,0.05112,1800.0
4.6514E+03,-0.012652,0.002052,0.05112,1800.0
4.6515E+03,-0.012328,0.003498,0.05112,1800.0
4.6515E+03,-0.011903,0.004792,0.05112,1800.0
4.6516E+03,-0.011256,0.006151,0.05112,1800.0
4.6517E+03,-0.010421,0.007468,0.05112,1800.0
4.6518E+03,-0.009483,0.008622,0.05112,1800.0
4.6519E+03,-0.008404,0.009677,0.05112,1800.0
4.6520E+03,-0.007216,0.010598,0.05112,1800.0
4.6521E+03,-0.005955,0.011347,0.05112,1800.0
4.6522E+03,-0.004588,0.011966,0.05112,1800.0
4.6523E+03,-0.003142,0.012422,0.05112,1800.0
4.6524E+03,-0.001699,0.012697,0.05112,1800.0
4.6526E+03,-0.000187,0.012814,0.05112,1800.0
4.6527E+03,0.001365,0.012763,0.05112,1800.0
