2.2472E+03,-0.007468,-0.010082,0.02059,0.0
2.2473E+03,-0.008619,-0.009109,0.02059,0.0
2.2474E+03,-0.009648,-0.008008,0.02059,0.0
2.2475E+03,-0.010544,-0.006771,0.02059,0.0
2.2476E+03,-0.011302,-0.005439,0.02059,0.0
2.2477E+03,-0.011871,-0.004050,0.02059,0.0
2.2478E+03,-0.012275,-0.002623,0.02059,0.0
2.2479E+03,-0.012489,-0.001430,0.02059,0.0
2.2481E+03,-0.012505,-0.001320,0.02059,0.0
2.2816E+03,-0.004372,0.015274,0.02130,1800.0
2.2817E+03,-0.004536,0.015220,0.02130,1800.0
2.2818E+03,-0.005595,0.014867,0.02130,1800.0
2.2819E+03,-0.006519,0.014483,0.02130,1800.0
2.2820E+03,-0.007838,0.013806,0.02130,1800.0
2.2821E+03,-0.009098,0.013003,0.02130,1800.0
2.2822E+03,-0.010243,0.012120,0.02130,1800.0
2.2823E+03,-0.011322,0.011114,0.02130,1800.0
2.2824E+03,-0.012344,0.009955,0.02130,1800.0
2.2825E+03,-0.013238,0.008741,0.02130,1800.0
2.2826E+03,-0.013998,0.007451,0.02130,1800.0
2.2827E+03,-0.014606,0.006207,0.02130,1800.0
2.2828E+03,-0.014964,0.005292,0.02130,1800.0
2.2829E+03,-0.015354,0.004046,0.02130,1800.0
2.2830E+03,-0.015684,0.002490,0.02130,1800.0
2.2831E+03,-0.015843,0.001057,0.02130,1800.0
2.2832E+03,-0.015865,-0.000428,0.02130,1800.0
2.2833E+03,-0.015743,-0.001956,0.02130,1800.0
2.2834E+03,-0.015484,-0.003449,0.02130,1800.0
2.2835E+03,-0.015111,-0.004838,0.02130,1800.0
2.2836E+03,-0.014713,-0.005952,0.02130,1800.0
2.2837E+03,-0.014187,-0.007086,0.02130,1800.0
2.2838E+03,-0.013444,-0.008416,0.02130,1800.0
2.2839E+03,-0.012586,-0.009667,0.02130,1800.0
2.2840E+03,-0.011636,-0.010791,0.02130,1800.0
2.2841E+03,-0.010573,-0.011846,0.02130,1800.0
2.2842E+03,-0.009396,-0.012801,0.02130,1800.0
2.2843E+03,-0.008164,-0.013616,0.02130,1800.0
2.2844E+03,-0.006798,-0.014345,0.02130,1800.0
2.2845E+03,-0.005965,-0.014714,0.02130,1800.0
2.2846E+03,-0.004721,-0.015140,0.02130,1800.0
2.2847E+03,-0.003318,-0.015508,0.02130,1800.0
2.2848E+03,-0.002100,-0.015728,0.02130,1800.0
2.2849E+03,-0.001072,-0.015835,0.02130,1800.0
2.2850E+03,0.000105,-0.015860,0.02130,1800.0
2.2851E+03,0.001610,-0.015793,0.02130,1800.0
2.2852E+03,0.003088,-0.015572,0.02130,1800.0
2.2853E+03,0.004578,-0.015209,0.02130,1800.0
2.2854E+03,0.005970,-0.014715,0.02130,1800.0
2.2855E+03,0.007327,-0.014081,0.02130,1800.0
2.2856E+03,0.008594,-0.013338,0.02130,1800.0
2.2857E+03,0.009840,-0.012442,0.02130,1800.0
2.2858E+03,0.010970,-0.011452,0.02130,1800.0
2.2859E+03,0.012019,-0.010352,0.02130,1800.0
2.2860E+03,0.012958,-0.009145,0.02130,1800.0
2.2861E+03,0.013765,-0.007875,0.02130,1800.0
2.2862E+03,0.014401,-0.006678,0.02130,1800.0
2.2863E+03,0.014975,-0.005273,0.02130,1800.0
2.2864E+03,0.015383,-0.003909,0.02130,1800.0
2.2865E+03,0.015706,-0.002362,0.02130,1800.0
2.2866E+03,0.015823,-0.001362,0.02130,1800.0
2.2867E+03,0.015873,0.000018,0.02130,1800.0
2.2868E+03,0.015796,0.001457,0.02130,1800.0
2.2869E+03,0.015651,0.002625,0.02130,1800.0
2.2870E+03,0.015359,0.003957,0.02130,1800.0
2.2871E+03,0.014908,0.005413,0.02130,1800.0
2.2872E+03,0.014349,0.006771,0.02130,1800.0
2.2873E+03,0.013657,0.008063,0.02130,1800.0
2.2874E+03,0.012805,0.009367,0.02130,1800.0
2.2875E+03,0.011830,0.010577,0.02130,1800.0
2.2876E+03,0.010774,0.011663,0.02130,1800.0
2.2877E+03,0.009600,0.012640,0.02130,1800.0
2.2878E+03,0.008368,0.013491,0.02130,1800.0
2.2879E+03,0.007090,0.014205,0.02130,1800.0
2.2880E+03,0.005830,0.014754,0.02130,1800.0
2.2881E+03,0.004387,0.015243,0.02130,0.0
2.2882E+03,0.002965,0.015584,0.02130,0.0
2.2883E+03,0.001495,0.015790,0.02130,0.0
2.2884E+03,-0.000013,0.015867,0.02130,0.0
2.2885E+03,-0.001295,0.015823,0.02130,0.0
2.2886E+03,-0.002277,0.015716,0.02130,1800.0
2.2887E+03,-0.003316,0.015530,0.02130,1800.0
2.2890E+03,-0.004372,0.015274,0.02130,1800.0
2.2891E+03,-0.006244,0.010798,0.02130,1800.0
2.2892E+03,-0.008944,0.004340,0.02130,1800.0
2.2893E+03,-0.010588,0.000407,0.02130,1800.0
2.2894E+03,-0.010973,-0.000513,0.02130,1800.0
2.2895E+03,-0.010973,-0.000510,0.02130,1800.0
2.2896E+03,-0.010968,-0.000027,0.02130,1800.0
2.2897E+03,-0.010907,0.001122,0.02130,1800.0
2.2898E+03,-0.010656,0.002642,0.02130,1800.0
2.2899E+03,-0.010240,0.003981,0.02130,1800.0
2.2900E+03,-0.009541,0.005448,0.02130,1800.0
2.2901E+03,-0.008702,0.006700,0.02130,1800.0
2.2902E+03,-0.007751,0.007766,0.02130,1800.0
2.2903E+03,-0.006636,0.008731,0.02130,1800.0
2.2904E+03,-0.005365,0.009561,0.02130,1800.0
2.2905E+03,-0.003944,0.010220,0.02130,1800.0
2.2906E+03,-0.002521,0.010666,0.02130,1800.0
2.2907E+03,-0.001084,0.010907,0.02130,1800.0
2.2908E+03,0.000418,0.010948,0.02130,1800.0
2.2909E+03,0.001909,0.010802,0.02130,1800.0
2.2910E+03,0.003398,0.010432,0.02130,1800.0
2.2911E+03,0.004797,0.009869,0.02130,1800.0
2.2912E+03,0.006167,0.009094,0.02130,1800.0
2.2913E+03,0.007322,0.008183,0.02130,1800.0
2.2914E+03,0.008238,0.007242,0.02130,1800.0
2.2915E+03,0.009137,0.006067,0.02130,1800.0
2.2916E+03,0.009873,0.004753,0.02130,1800.0
2.2917E+03,0.010435,0.003355,0.02130,1800.0
2.2918E+03,0.010794,0.001894,0.02130,1800.0
2.2919E+03,0.010952,0.000360,0.02130,1800.0
2.2920E+03,0.010896,-0.001186,0.02130,1800.0
2.2921E+03,0.010658,-0.002626,0.02130,1800.0
2.2922E+03,0.010213,-0.004021,0.02130,1800.0
2.2923E+03,0.009551,-0.005419,0.02130,1800.0
2.2924E+03,0.008691,-0.006724,0.02130,1800.0
2.2925E+03,0.007674,-0.007845,0.02130,1800.0
2.2926E+03,0.006578,-0.008777,0.02130,1800.0
2.2927E+03,0.005283,-0.009609,0.02130,1800.0
2.2928E+03,0.003907,-0.010242,0.02130,1800.0
2.2929E+03,0.002464,-0.010681,0.02130,1800.0
2.2930E+03,0.000980,-0.010913,0.02130,1800.0
2.2931E+03,-0.000342,-0.010961,0.02130,1800.0
2.2932E+03,-0.001802,-0.010816,0.02130,1800.0
2.2933E+03,-0.003296,-0.010462,0.02130,1800.0
2.2934E+03,-0.004712,-0.009928,0.02130,1800.0
2.2935E+03,-0.006047,-0.009176,0.02130,0.0
2.2936E+03,-0.007183,-0.008298,0.02130,0.0
2.2937E+03,-0.008238,-0.007251,0.02130,0.0
2.2938E+03,-0.009185,-0.005983,0.02130,0.0
2.2939E+03,-0.009901,-0.004709,0.02130,0.0
2.2940E+03,-0.010446,-0.003309,0.02130,1800.0
2.2941E+03,-0.010804,-0.001832,0.02130,1800.0
2.2942E+03,-0.010957,-0.000797,0.02130,1800.0
2.2943E+03,-0.010973,-0.000513,0.02130,1800.0
2.2944E+03,-0.010751,-0.000029,0.02130,1800.0
2.2945E+03,-0.009582,0.002521,0.02130,1800.0
2.2946E+03,-0.006608,0.009006,0.02130,1800.0
2.2949E+03,-0.004585,0.013418,0.02130,1800.0
2.2950E+03,-0.004854,0.013326,0.02130,1800.0
2.2951E+03,-0.005877,0.012885,0.02130,1800.0
2.2952E+03,-0.007219,0.012179,0.02130,1800.0
2.2953E+03,-0.008461,0.011356,0.02130,1800.0
2.2954E+03,-0.009628,0.010376,0.02130,1800.0
2.2955E+03,-0.010703,0.009279,0.02130,1800.0
2.2956E+03,-0.011593,0.008144,0.02130,1800.0
2.2957E+03,-0.012415,0.006825,0.02130,1800.0
2.2958E+03,-0.013093,0.005447,0.02130,1800.0
2.2959E+03,-0.013580,0.004073,0.02130,1800.0
2.2960E+03,-0.013931,0.002641,0.02130,1800.0
2.2961E+03,-0.014123,0.001106,0.02130,1800.0
2.2962E+03,-0.014162,-0.000367,0.02130,1800.0
2.2963E+03,-0.014038,-0.001873,0.02130,1800.0
2.2964E+03,-0.013744,-0.003395,0.02130,1800.0
2.2965E+03,-0.013312,-0.004832,0.02130,1800.0
2.2966E+03,-0.012799,-0.006064,0.02130,1800.0
2.2967E+03,-0.012063,-0.007418,0.02130,1800.0
2.2968E+03,-0.011251,-0.008627,0.02130,1800.0
2.2969E+03,-0.010553,-0.009468,0.02130,1800.0
2.2970E+03,-0.009486,-0.010541,0.02130,1800.0
2.2971E+03,-0.008314,-0.011481,0.02130,1800.0
2.2972E+03,-0.006967,-0.012335,0.02130,1800.0
2.2973E+03,-0.005676,-0.012981,0.02130,1800.0
2.2974E+03,-0.004237,-0.013506,0.02130,1800.0
2.2975E+03,-0.002788,-0.013881,0.02130,1800.0
2.2976E+03,-0.001299,-0.014095,0.02130,1800.0
2.2977E+03,0.000235,-0.014156,0.02130,1800.0
2.2978E+03,0.001757,-0.014051,0.02130,1800.0
2.2979E+03,0.003229,-0.013792,0.02130,1800.0
2.2980E+03,0.004616,-0.013398,0.02130,1800.0
2.2981E+03,0.006028,-0.012820,0.02130,1800.0
2.2982E+03,0.007424,-0.012081,0.02130,1800.0
2.2983E+03,0.008468,-0.011356,0.02130,1800.0
2.2984E+03,0.009659,-0.010348,0.02130,1800.0
2.2985E+03,0.010683,-0.009301,0.02130,1800.0
2.2986E+03,0.011588,-0.008143,0.02130,1800.0
2.2987E+03,0.012398,-0.006831,0.02130,1800.0
2.2988E+03,0.013070,-0.005453,0.02130,1800.0
2.2989E+03,0.013568,-0.004046,0.02130,1800.0
2.2990E+03,0.013923,-0.002587,0.02130,1800.0
2.2991E+03,0.014124,-0.001075,0.02130,1800.0
2.2992E+03,0.014163,0.000403,0.02130,1800.0
2.2993E+03,0.014050,0.001882,0.02130,1800.0
2.2994E+03,0.013764,0.003400,0.02130,1800.0
2.2995E+03,0.013305,0.004883,0.02130,1800.0
2.2996E+03,0.012704,0.006276,0.02130,1800.0
2.2997E+03,0.011967,0.007576,0.02130,1800.0
2.2998E+03,0.011091,0.008801,0.02130,1800.0
2.2999E+03,0.010095,0.009929,0.02130,1800.0
2.3000E+03,0.009149,0.010806,0.02130,1800.0
2.3001E+03,0.008197,0.011556,0.02130,1800.0
2.3002E+03,0.007282,0.012145,0.02130,1800.0
2.3003E+03,0.005944,0.012865,0.02130,0.0
2.3004E+03,0.004519,0.013438,0.02130,0.0
2.3005E+03,0.003096,0.013838,0.02130,0.0
2.3006E+03,0.001606,0.014086,0.02130,0.0
2.3007E+03,0.000131,0.014170,0.02130,0.0
2.3008E+03,-0.001433,0.014090,0.02130,0.0
2.3009E+03,-0.002954,0.013846,0.02130,1800.0
2.3010E+03,-0.004150,0.013547,0.02130,1800.0
2.3011E+03,-0.004585,0.013418,0.02130,1800.0
2.3012E+03,-0.004588,0.013413,0.02130,1800.0
2.3013E+03,-0.005710,0.011467,0.02130,1800.0
2.3014E+03,-0.009003,0.005759,0.02130,1800.0
2.3015E+03,-0.012117,0.000359,0.02130,1800.0
2.3017E+03,-0.012671,-0.000602,0.02130,1800.0
2.3018E+03,-0.012672,-0.000574,0.02130,1800.0
2.3019E+03,-0.012658,0.000611,0.02130,1800.0
2.3020E+03,-0.012497,0.002074,0.02130,1800.0
2.3021E+03,-0.012153,0.003551,0.02130,1800.0
2.3022E+03,-0.011647,0.004989,0.02130,1800.0
2.3023E+03,-0.010967,0.006331,0.02130,1800.0
2.3024E+03,-0.010138,0.007585,0.02130,1800.0
2.3025E+03,-0.009162,0.008743,0.02130,1800.0
2.3026E+03,-0.008079,0.009754,0.02130,1800.0
2.3027E+03,-0.006892,0.010641,0.02130,1800.0
2.3028E+03,-0.005551,0.011407,0.02130,1800.0
2.3029E+03,-0.004208,0.011965,0.02130,1800.0
2.3030E+03,-0.002710,0.012393,0.02130,1800.0
2.3031E+03,-0.001246,0.012616,0.02130,1800.0
2.3032E+03,0.000241,0.012663,0.02130,1800.0
2.3033E+03,0.001723,0.012543,0.02130,1800.0
2.3034E+03,0.003056,0.012291,0.02130,1800.0
2.3035E+03,0.004505,0.011835,0.02130,1800.0
2.3036E+03,0.005896,0.011211,0.02130,1800.0
2.3037E+03,0.007202,0.010427,0.02130,1800.0
2.3038E+03,0.008369,0.009521,0.02130,1800.0
2.3039E+03,0.009416,0.008487,0.02130,1800.0
2.3040E+03,0.010378,0.007296,0.02130,1800.0
2.3041E+03,0.011184,0.005978,0.02130,1800.0
2.3042E+03,0.011803,0.004633,0.02130,1800.0
2.3043E+03,0.012266,0.003184,0.02130,1800.0
2.3044E+03,0.012556,0.001739,0.02130,1800.0
2.3045E+03,0.012658,0.000195,0.02130,1800.0
2.3046E+03,0.012587,-0.001339,0.02130,1800.0
2.3047E+03,0.012348,-0.002809,0.02130,1800.0
2.3048E+03,0.011938,-0.004236,0.02130,1800.0
2.3049E+03,0.011358,-0.005608,0.02130,1800.0
2.3050E+03,0.010613,-0.006927,0.02130,1800.0
2.3051E+03,0.009818,-0.008048,0.02130,1800.0
2.3052E+03,0.008804,-0.009135,0.02130,1800.0
2.3053E+03,0.007677,-0.010085,0.02130,1800.0
2.3054E+03,0.006467,-0.010897,0.02130,1800.0
2.3055E+03,0.005107,-0.011591,0.02130,1800.0
2.3056E+03,0.003676,-0.012118,0.02130,1800.0
2.3057E+03,0.002201,-0.012472,0.02130,1800.0
2.3058E+03,0.000706,-0.012652,0.02130,1800.0
2.3059E+03,-0.000788,-0.012641,0.02130,1800.0
2.3060E+03,-0.002291,-0.012456,0.02130,1800.0
2.3061E+03,-0.003788,-0.012090,0.02130,1800.0
2.3062E+03,-0.005196,-0.011565,0.02130,1800.0
2.3063E+03,-0.006516,-0.010881,0.02130,1800.0
