8.8350E+02,0.003593,-0.012146,0.00781,0.0
8.8360E+02,0.002111,-0.012497,0.00781,0.0
8.8370E+02,0.000654,-0.012658,0.00781,0.0
8.8380E+02,-0.000892,-0.012637,0.00781,0.0
8.8391E+02,-0.002356,-0.012440,0.00781,0.0
8.8401E+02,-0.003814,-0.012068,0.00781,0.0
8.8411E+02,-0.005237,-0.011524,0.00781,0.0
8.8421E+02,-0.006530,-0.010842,0.00781,0.0
8.8431E+02,-0.007133,-0.010483,0.00781,0.0
8.8441E+02,-0.007167,-0.010460,0.00781,0.0
9.3021E+02,-0.009142,-0.014956,0.00852,1800.0
9.3031E+02,-0.009141,-0.014956,0.00852,1800.0
9.3041E+02,-0.009137,-0.014959,0.00852,1800.0
9.3050E+02,-0.008225,-0.015472,0.00852,1800.0
9.3060E+02,-0.006929,-0.016083,0.00852,1800.0
9.3070E+02,-0.005504,-0.016624,0.00852,1800.0
9.3080E+02,-0.004120,-0.017038,0.00852,1800.0
9.3090E+02,-0.002665,-0.017317,0.00852,1800.0
9.3100E+02,-0.001160,-0.017471,0.00852,1800.0
9.3110E+02,0.000356,-0.017505,0.00852,1800.0
9.3120E+02,0.001934,-0.017412,0.00852,1800.0
9.3130E+02,0.003346,-0.017189,0.00852,1800.0
9.3140E+02,0.004813,-0.016818,0.00852,1800.0
9.3150E+02,0.006331,-0.016343,0.00852,1800.0
9.3161E+02,0.007635,-0.015775,0.00852,1800.0
9.3171E+02,0.008953,-0.015061,0.00852,1800.0
9.3181E+02,0.010264,-0.014192,0.00852,1800.0
9.3191E+02,0.011416,-0.013282,0.00852,1800.0
9.3201E+02,0.012498,-0.012264,0.00852,1800.0
9.3211E+02,0.013511,-0.011137,0.00852,1800.0
9.3220E+02,0.014354,-0.010026,0.00852,1800.0
9.3230E+02,0.015182,-0.008727,0.00852,1800.0
9.3240E+02,0.015850,-0.007453,0.00852,1800.0
9.3250E+02,0.016423,-0.006128,0.00852,1800.0
9.3260E+02,0.016771,-0.005088,0.00852,1800.0
9.3270E+02,0.017155,-0.003566,0.00852,1800.0
9.3280E+02,0.017333,-0.002591,0.00852,1800.0
9.3290E+02,0.017439,-0.001713,0.00852,1800.0
9.3300E+02,0.017507,-0.000355,0.00852,1800.0
9.3310E+02,0.017475,0.001124,0.00852,1800.0
9.3320E+02,0.017366,0.002294,0.00852,1800.0
9.3331E+02,0.017220,0.003243,0.00852,1800.0
9.3341E+02,0.016969,0.004345,0.00852,1800.0
9.3351E+02,0.016589,0.005635,0.00852,1800.0
9.3361E+02,0.016157,0.006763,0.00852,1800.0
9.3371E+02,0.015505,0.008153,0.00852,1800.0
9.3381E+02,0.014756,0.009444,0.00852,1800.0
9.3390E+02,0.013963,0.010580,0.00852,1800.0
9.3400E+02,0.012999,0.011742,0.00852,1800.0
9.3410E+02,0.011986,0.012770,0.00852,1800.0
9.3420E+02,0.010825,0.013763,0.00852,1800.0
9.3430E+02,0.009566,0.014666,0.00852,1800.0
9.3440E+02,0.008297,0.015421,0.00852,1800.0
9.3450E+02,0.006989,0.016056,0.00852,1800.0
9.3460E+02,0.005573,0.016598,0.00852,1800.0
9.3470E+02,0.004106,0.017035,0.00852,1800.0
9.3480E+02,0.002664,0.017331,0.00852,1800.0
9.3490E+02,0.001124,0.017488,0.00852,1800.0
9.3501E+02,-0.000379,0.017520,0.00852,1800.0
9.3511E+02,-0.001865,0.017419,0.00852,1800.0
9.3521E+02,-0.003426,0.017184,0.00852,1800.0
9.3531E+02,-0.004840,0.016837,0.00852,1800.0
9.3541E+02,-0.006237,0.016363,0.00852,1800.0
9.3551E+02,-0.007645,0.015752,0.00852,1800.0
9.3560E+02,-0.008863,0.015102,0.00852,1800.0
9.3570E+02,-0.010144,0.014276,0.00852,1800.0
9.3580E+02,-0.011333,0.013354,0.00852,1800.0
9.3590E+02,-0.012386,0.012381,0.00852,1800.0
9.3600E+02,-0.013424,0.011255,0.00852,1800.0
9.3610E+02,-0.014338,0.010083,0.00852,1800.0
9.3620E+02,-0.015162,0.008772,0.00852,1800.0
9.3630E+02,-0.015872,0.007412,0.00852,1800.0
9.3640E+02,-0.016321,0.006371,0.00852,1800.0
9.3650E+02,-0.016721,0.005208,0.00852,1800.0
9.3660E+02,-0.017100,0.003777,0.00852,1800.0
9.3671E+02,-0.017359,0.002315,0.00852,1800.0
9.3681E+02,-0.017486,0.001111,0.00852,1800.0
9.3691E+02,-0.017512,-0.000083,0.00852,1800.0
9.3701E+02,-0.017468,-0.001333,0.00852,1800.0
9.3711E+02,-0.017338,-0.002472,0.00852,1800.0
9.3721E+02,-0.017064,-0.003943,0.00852,1800.0
9.3730E+02,-0.016700,-0.005302,0.00852,1800.0
9.3740E+02,-0.016379,-0.006230,0.00852,0.0
9.3750E+02,-0.015860,-0.007435,0.00852,0.0
9.3760E+02,-0.015177,-0.008748,0.00852,0.0
9.3770E+02,-0.014326,-0.010064,0.00852,0.0
9.3780E+02,-0.013426,-0.011239,0.00852,0.0
9.3790E+02,-0.012428,-0.012332,0.00852,1800.0
9.3800E+02,-0.011299,-0.013377,0.00852,1800.0
9.3810E+02,-0.010106,-0.014305,0.00852,1800.0
9.3820E+02,-0.009237,-0.014897,0.00852,1800.0
9.3830E+02,-0.009142,-0.014956,0.00852,1800.0
9.3840E+02,-0.009017,-0.014677,0.00852,1800.0
9.3851E+02,-0.007555,-0.011407,0.00852,1800.0
9.3861E+02,-0.005844,-0.007582,0.00852,1800.0
9.3881E+02,-0.005751,-0.007373,0.00852,1800.0
9.3891E+02,-0.006164,-0.007014,0.00852,1800.0
9.3901E+02,-0.007064,-0.006057,0.00852,1800.0
9.3910E+02,-0.007869,-0.004965,0.00852,1800.0
9.3920E+02,-0.008569,-0.003634,0.00852,1800.0
9.3930E+02,-0.009052,-0.002203,0.00852,1800.0
9.3940E+02,-0.009289,-0.000720,0.00852,1800.0
9.3950E+02,-0.009286,0.000829,0.00852,1800.0
9.3960E+02,-0.009056,0.002280,0.00852,1800.0
9.3970E+02,-0.008550,0.003751,0.00852,1800.0
9.3980E+02,-0.007864,0.005012,0.00852,1800.0
9.3990E+02,-0.006925,0.006234,0.00852,1800.0
9.4000E+02,-0.005872,0.007283,0.00852,1800.0
9.4010E+02,-0.004606,0.008109,0.00852,1800.0
9.4021E+02,-0.003238,0.008730,0.00852,1800.0
9.4031E+02,-0.001795,0.009130,0.00852,1800.0
9.4041E+02,-0.000283,0.009306,0.00852,1800.0
9.4051E+02,0.001200,0.009235,0.00852,1800.0
9.4061E+02,0.002630,0.008934,0.00852,1800.0
9.4071E+02,0.004066,0.008383,0.00852,1800.0
9.4080E+02,0.005256,0.007723,0.00852,1800.0
9.4090E+02,0.006427,0.006764,0.00852,1800.0
9.4100E+02,0.007413,0.005645,0.00852,1800.0
9.4110E+02,0.008225,0.004364,0.00852,1800.0
9.4120E+02,0.008814,0.003004,0.00852,1800.0
9.4130E+02,0.009181,0.001556,0.00852,1800.0
9.4140E+02,0.009304,0.000033,0.00852,1800.0
9.4150E+02,0.009188,-0.001461,0.00852,1800.0
9.4160E+02,0.008844,-0.002908,0.00852,1800.0
9.4170E+02,0.008249,-0.004325,0.00852,1800.0
9.4180E+02,0.007438,-0.005623,0.00852,1800.0
9.4191E+02,0.006455,-0.006736,0.00852,1800.0
9.4201E+02,0.005355,-0.007645,0.00852,0.0
9.4211E+02,0.004015,-0.008417,0.00852,0.0
9.4221E+02,0.002565,-0.008965,0.00852,0.0
9.4231E+02,0.001115,-0.009248,0.00852,0.0
9.4241E+02,-0.000407,-0.009301,0.00852,0.0
9.4250E+02,-0.001759,-0.009143,0.00852,0.0
9.4260E+02,-0.003174,-0.008754,0.00852,1800.0
9.4270E+02,-0.004494,-0.008152,0.00852,1800.0
9.4280E+02,-0.005483,-0.007563,0.00852,1800.0
9.4290E+02,-0.005751,-0.007373,0.00852,1800.0
9.4300E+02,-0.005514,-0.007517,0.00852,1800.0
9.4310E+02,-0.003594,-0.008678,0.00852,1800.0
9.4320E+02,0.002893,-0.012603,0.00852,1800.0
9.4330E+02,0.005711,-0.014308,0.00852,1800.0
9.4350E+02,0.006165,-0.014583,0.00852,1800.0
9.4361E+02,0.006557,-0.014405,0.00852,1800.0
9.4371E+02,0.007631,-0.013845,0.00852,1800.0
9.4381E+02,0.008915,-0.013054,0.00852,1800.0
9.4391E+02,0.010112,-0.012153,0.00852,1800.0
9.4401E+02,0.011226,-0.011130,0.00852,1800.0
9.4411E+02,0.012257,-0.009985,0.00852,1800.0
9.4420E+02,0.013060,-0.008936,0.00852,1800.0
9.4430E+02,0.013594,-0.008102,0.00852,1800.0
9.4440E+02,0.014263,-0.006857,0.00852,1800.0
9.4450E+02,0.014834,-0.005485,0.00852,1800.0
9.4460E+02,0.015281,-0.004042,0.00852,1800.0
9.4470E+02,0.015599,-0.002567,0.00852,1800.0
9.4480E+02,0.015769,-0.001068,0.00852,1800.0
9.4490E+02,0.015803,0.000392,0.00852,1800.0
9.4500E+02,0.015689,0.001891,0.00852,1800.0
9.4510E+02,0.015465,0.003298,0.00852,1800.0
9.4520E+02,0.015166,0.004468,0.00852,1800.0
9.4531E+02,0.014722,0.005767,0.00852,1800.0
9.4541E+02,0.014125,0.007126,0.00852,1800.0
9.4551E+02,0.013509,0.008239,0.00852,1800.0
9.4561E+02,0.012891,0.009175,0.00852,1800.0
9.4571E+02,0.011971,0.010346,0.00852,1800.0
9.4581E+02,0.010906,0.011453,0.00852,1800.0
9.4590E+02,0.009897,0.012325,0.00852,1800.0
9.4600E+02,0.008693,0.013201,0.00852,1800.0
9.4610E+02,0.007381,0.013977,0.00852,1800.0
9.4620E+02,0.006021,0.014621,0.00852,1800.0
9.4630E+02,0.004642,0.015113,0.00852,1800.0
9.4640E+02,0.003166,0.015493,0.00852,1800.0
9.4650E+02,0.001673,0.015730,0.00852,1800.0
9.4660E+02,0.000205,0.015819,0.00852,1800.0
9.4670E+02,-0.001384,0.015763,0.00852,1800.0
9.4680E+02,-0.002876,0.015560,0.00852,1800.0
9.4690E+02,-0.004353,0.015207,0.00852,1800.0
9.4701E+02,-0.005786,0.014716,0.00852,1800.0
9.4711E+02,-0.007116,0.014120,0.00852,1800.0
9.4721E+02,-0.008425,0.013374,0.00852,1800.0
9.4731E+02,-0.009661,0.012513,0.00852,1800.0
9.4741E+02,-0.010780,0.011561,0.00852,1800.0
9.4751E+02,-0.011833,0.010484,0.00852,1800.0
9.4760E+02,-0.012722,0.009396,0.00852,1800.0
9.4770E+02,-0.013570,0.008145,0.00852,1800.0
9.4780E+02,-0.014277,0.006823,0.00852,1800.0
9.4790E+02,-0.014838,0.005492,0.00852,1800.0
9.4800E+02,-0.015293,0.004015,0.00852,1800.0
9.4810E+02,-0.015554,0.002865,0.00852,1800.0
9.4820E+02,-0.015731,0.001540,0.00852,1800.0
9.4830E+02,-0.015810,0.000064,0.00852,1800.0
9.4840E+02,-0.015733,-0.001478,0.00852,1800.0
9.4850E+02,-0.015529,-0.002957,0.00852,1800.0
9.4860E+02,-0.015193,-0.004396,0.00852,1800.0
9.4871E+02,-0.014714,-0.005861,0.00852,1800.0
9.4881E+02,-0.014097,-0.007165,0.00852,1800.0
9.4891E+02,-0.013339,-0.008509,0.00852,1800.0
9.4901E+02,-0.012446,-0.009774,0.00852,1800.0
9.4911E+02,-0.011459,-0.010922,0.00852,1800.0
9.4921E+02,-0.010374,-0.011942,0.00852,1800.0
9.4930E+02,-0.009314,-0.012774,0.00852,1800.0
9.4940E+02,-0.008054,-0.013605,0.00852,1800.0
9.4950E+02,-0.006711,-0.014311,0.00852,1800.0
9.4960E+02,-0.005310,-0.014888,0.00852,1800.0
9.4970E+02,-0.003878,-0.015330,0.00852,0.0
9.4980E+02,-0.002414,-0.015623,0.00852,0.0
9.4990E+02,-0.000906,-0.015794,0.00852,0.0
9.5000E+02,0.000602,-0.015808,0.00852,0.0
9.5010E+02,0.002101,-0.015679,0.00852,1800.0
9.5020E+02,0.003519,-0.015405,0.00852,1800.0
9.5030E+02,0.005039,-0.014992,0.00852,1800.0
9.5040E+02,0.006004,-0.014644,0.00852,1800.0
9.5051E+02,0.006165,-0.014583,0.00852,1800.0
9.5061E+02,0.006130,-0.014567,0.00852,1800.0
9.5071E+02,0.002630,-0.012983,0.00852,1800.0
9.5081E+02,-0.003149,-0.010367,0.00852,1800.0
9.5091E+02,-0.006715,-0.008752,0.00852,1800.0
9.5101E+02,-0.006797,-0.008715,0.00852,1800.0
9.5110E+02,-0.006855,-0.008665,0.00852,1800.0
9.5120E+02,-0.007263,-0.008310,0.00852,1800.0
9.5130E+02,-0.008260,-0.007318,0.00852,1800.0
9.5140E+02,-0.009217,-0.006076,0.00852,1800.0
9.5150E+02,-0.009945,-0.004746,0.00852,1800.0
9.5160E+02,-0.010492,-0.003386,0.00852,1800.0
9.5170E+02,-0.010850,-0.001910,0.00852,1800.0
9.5180E+02,-0.011006,-0.000431,0.00852,1800.0
9.5190E+02,-0.010961,0.001061,0.00852,1800.0
9.5200E+02,-0.010702,0.002581,0.00852,1800.0
9.5210E+02,-0.010252,0.004057,0.00852,1800.0
9.5221E+02,-0.009599,0.005401,0.00852,1800.0
9.5231E+02,-0.008768,0.006670,0.00852,1800.0
9.5241E+02,-0.007802,0.007803,0.00852,1800.0
9.5251E+02,-0.006678,0.008794,0.00852,1800.0
9.5261E+02,-0.005441,0.009600,0.00852,1800.0
9.5271E+02,-0.004086,0.010252,0.00852,1800.0
9.5280E+02,-0.002761,0.010668,0.00852,1800.0
9.5290E+02,-0.001299,0.010935,0.00852,1800.0
9.5300E+02,0.000171,0.011014,0.00852,1800.0
9.5310E+02,0.001680,0.010885,0.00852,1800.0
9.5320E+02,0.003146,0.010555,0.00852,1800.0
9.5330E+02,0.004530,0.010041,0.00852,1800.0
9.5340E+02,0.005893,0.009308,0.00852,1800.0
9.5350E+02,0.007132,0.008411,0.00852,1800.0
9.5360E+02,0.008204,0.007382,0.00852,1800.0
9.5370E+02,0.009121,0.006224,0.00852,1800.0
9.5380E+02,0.009890,0.004894,0.00852,1800.0
9.5391E+02,0.010458,0.003485,0.00852,1800.0
9.5401E+02,0.010832,0.002015,0.00852,1800.0
9.5411E+02,0.011012,0.000543,0.00852,1800.0
9.5421E+02,0.010973,-0.000965,0.00852,1800.0
9.5431E+02,0.010743,-0.002425,0.00852,1800.0
9.5441E+02,0.010324,-0.003828,0.00852,1800.0
9.5450E+02,0.009782,-0.005075,0.00852,1800.0
9.5460E+02,0.008990,-0.006389,0.00852,1800.0
9.5470E+02,0.008041,-0.007550,0.00852,1800.0
9.5480E+02,0.006924,-0.008604,0.00852,1800.0
9.5490E+02,0.005747,-0.009423,0.00852,1800.0
9.5500E+02,0.004348,-0.010124,0.00852,0.0
9.5510E+02,0.002906,-0.010633,0.00852,0.0
9.5520E+02,0.001477,-0.010923,0.00852,0.0
9.5530E+02,-0.000006,-0.011016,0.00852,0.0
9.5540E+02,-0.001547,-0.010892,0.00852,0.0
9.5550E+02,-0.003032,-0.010598,0.00852,0.0
9.5561E+02,-0.004398,-0.010103,0.00852,0.0
9.5571E+02,-0.005723,-0.009414,0.00852,1800.0
9.5581E+02,-0.006739,-0.008756,0.00852,1800.0
9.5591E+02,-0.006797,-0.008715,0.00852,1800.0
9.5601E+02,-0.006647,-0.008522,0.00852,1800.0
9.5611E+02,-0.004544,-0.005820,0.00852,1800.0
9.5621E+02,0.000018,0.000042,0.00852,1800.0
9.5630E+02,0.004350,0.005609,0.00852,1800.0
9.5640E+02,0.007676,0.009883,0.00852,1800.0
9.5660E+02,0.008669,0.011158,0.00852,1800.0
9.5670E+02,0.008425,0.011336,0.00852,1800.0
9.5680E+02,0.007564,0.011907,0.00852,1800.0
9.5690E+02,0.006250,0.012651,0.00852,1800.0
9.5700E+02,0.004881,0.013250,0.00852,1800.0
9.5710E+02,0.003436,0.013698,0.00852,1800.0
9.5720E+02,0.001950,0.013985,0.00852,1800.0
9.5730E+02,0.000430,0.014107,0.00852,1800.0
9.5741E+02,-0.001025,0.014079,0.00852,1800.0
9.5751E+02,-0.002506,0.013885,0.00852,1800.0
9.5761E+02,-0.003996,0.013529,0.00852,1800.0
9.5771E+02,-0.005450,0.013008,0.00852,1800.0
9.5781E+02,-0.006825,0.012345,0.00852,1800.0
9.5791E+02,-0.008094,0.011549,0.00852,1800.0
9.5800E+02,-0.009156,0.010738,0.00852,1800.0
9.5810E+02,-0.010225,0.009728,0.00852,1800.0
9.5820E+02,-0.011192,0.008609,0.00852,1800.0
9.5830E+02,-0.012097,0.007301,0.00852,1800.0
9.5840E+02,-0.012752,0.006063,0.00852,1800.0
9.5850E+02,-0.013347,0.004594,0.00852,1800.0
9.5860E+02,-0.013762,0.003113,0.00852,1800.0
9.5870E+02,-0.014003,0.001664,0.00852,1800.0
9.5880E+02,-0.014106,0.000148,0.00852,1800.0
9.5890E+02,-0.014042,-0.001335,0.00852,1800.0
9.5900E+02,-0.013822,-0.002780,0.00852,1800.0
9.5911E+02,-0.013480,-0.004174,0.00852,1800.0
9.5921E+02,-0.012999,-0.005474,0.00852,1800.0
9.5931E+02,-0.012357,-0.006823,0.00852,1800.0
9.5941E+02,-0.011560,-0.008096,0.00852,1800.0
9.5951E+02,-0.010634,-0.009294,0.00852,1800.0
9.5961E+02,-0.009602,-0.010357,0.00852,1800.0
9.5970E+02,-0.008554,-0.011227,0.00852,1800.0
9.5980E+02,-0.007321,-0.012061,0.00852,1800.0
9.5990E+02,-0.005984,-0.012772,0.00852,1800.0
9.6000E+02,-0.004585,-0.013341,0.00852,1800.0
9.6010E+02,-0.003110,-0.013757,0.00852,1800.0
9.6020E+02,-0.001605,-0.014013,0.00852,1800.0
9.6030E+02,-0.000123,-0.014111,0.00852,1800.0
9.6040E+02,0.001385,-0.014042,0.00852,1800.0
9.6050E+02,0.002885,-0.013819,0.00852,1800.0
9.6060E+02,0.004266,-0.013462,0.00852,1800.0
9.6070E+02,0.005697,-0.012928,0.00852,1800.0
9.6081E+02,0.007088,-0.012214,0.00852,1800.0
9.6091E+02,0.008298,-0.011421,0.00852,1800.0
9.6101E+02,0.009487,-0.010449,0.00852,1800.0
9.6111E+02,0.010528,-0.009389,0.00852,1800.0
9.6121E+02,0.011458,-0.008231,0.00852,1800.0
9.6131E+02,0.012206,-0.007078,0.00852,1800.0
9.6140E+02,0.012731,-0.006096,0.00852,1800.0
9.6150E+02,0.013211,-0.004953,0.00852,1800.0
9.6160E+02,0.013652,-0.003572,0.00852,1800.0
9.6170E+02,0.013959,-0.002145,0.00852,1800.0
9.6180E+02,0.014083,-0.001128,0.00852,1800.0
9.6190E+02,0.014109,0.000422,0.00852,1800.0
9.6200E+02,0.014033,0.001530,0.00852,1800.0
9.6210E+02,0.013807,0.002899,0.00852,1800.0
9.6220E+02,0.013420,0.004352,0.00852,0.0
9.6230E+02,0.013049,0.005387,0.00852,0.0
9.6240E+02,0.012539,0.006463,0.00852,0.0
9.6250E+02,0.011808,0.007712,0.00852,0.0
9.6261E+02,0.010927,0.008926,0.00852,0.0
9.6271E+02,0.009913,0.010039,0.00852,1800.0
9.6281E+02,0.008970,0.010916,0.00852,1800.0
9.6291E+02,0.008669,0.011158,0.00852,1800.0
9.6301E+02,0.008575,0.011037,0.00852,1800.0
9.6311E+02,0.007222,0.009299,0.00852,1800.0
9.6320E+02,0.003395,0.004382,0.00852,1800.0
9.6330E+02,-0.001429,-0.001816,0.00852,1800.0
9.6340E+02,-0.005939,-0.007611,0.00852,1800.0
9.6350E+02,-0.007807,-0.010011,0.00852,1800.0
9.6360E+02,-0.007843,-0.010057,0.00852,1800.0
9.6370E+02,-0.007970,-0.009948,0.00852,1800.0
9.6380E+02,-0.008553,-0.009411,0.00852,1800.0
9.6390E+02,-0.009592,-0.008358,0.00852,1800.0
9.6400E+02,-0.010514,-0.007160,0.00852,1800.0
9.6410E+02,-0.011339,-0.005799,0.00852,1800.0
9.6420E+02,-0.011917,-0.004500,0.00852,1800.0
9.6431E+02,-0.012371,-0.003019,0.00852,1800.0
9.6441E+02,-0.012640,-0.001539,0.00852,1800.0
9.6451E+02,-0.012726,-0.000027,0.00852,1800.0
9.6461E+02,-0.012626,0.001493,0.00852,1800.0
9.6471E+02,-0.012370,0.002970,0.00852,1800.0
9.6481E+02,-0.011948,0.004354,0.00852,1800.0
9.6490E+02,-0.011421,0.005587,0.00852,1800.0
9.6500E+02,-0.010670,0.006943,0.00852,1800.0
9.6510E+02,-0.009792,0.008153,0.00852,1800.0
9.6520E+02,-0.008763,0.009253,0.00852,1800.0
9.6530E+02,-0.007629,0.010205,0.00852,1800.0
9.6540E+02,-0.006326,0.011058,0.00852,1800.0
9.6550E+02,-0.005007,0.011702,0.00852,1800.0
9.6560E+02,-0.003543,0.012224,0.00852,1800.0
9.6570E+02,-0.002055,0.012556,0.00852,1800.0
9.6580E+02,-0.000586,0.012711,0.00852,1800.0
9.6590E+02,0.000879,0.012692,0.00852,1800.0
9.6601E+02,0.002374,0.012491,0.00852,1800.0
9.6611E+02,0.003853,0.012114,0.00852,1800.0
9.6621E+02,0.005259,0.011577,0.00852,1800.0
9.6631E+02,0.006602,0.010875,0.00852,1800.0
9.6641E+02,0.007866,0.010011,0.00852,1800.0
9.6651E+02,0.008959,0.009055,0.00852,1800.0
9.6660E+02,0.009851,0.008071,0.00852,1800.0
9.6670E+02,0.010769,0.006779,0.00852,1800.0
9.6680E+02,0.011494,0.005446,0.00852,1800.0
9.6690E+02,0.012049,0.004073,0.00852,1800.0
9.6700E+02,0.012440,0.002638,0.00852,1800.0
9.6710E+02,0.012660,0.001177,0.00852,1800.0
9.6720E+02,0.012718,-0.000288,0.00852,1800.0
9.6730E+02,0.012599,-0.001776,0.00852,1800.0
9.6740E+02,0.012298,-0.003292,0.00852,1800.0
9.6750E+02,0.011799,-0.004778,0.00852,1800.0
9.6760E+02,0.011165,-0.006128,0.00852,1800.0
9.6771E+02,0.010380,-0.007385,0.00852,1800.0
9.6781E+02,0.009447,-0.008540,0.00852,1800.0
9.6791E+02,0.008388,-0.009581,0.00852,1800.0
9.6801E+02,0.007176,-0.010518,0.00852,1800.0
9.6811E+02,0.005846,-0.011304,0.00852,1800.0
9.6821E+02,0.004506,-0.011898,0.00852,1800.0
9.6830E+02,0.003237,-0.012296,0.00852,1800.0
