2.1883E+03,-0.005818,-0.010984,0.01988,0.0
2.1884E+03,-0.007133,-0.010182,0.01988,0.0
2.1885E+03,-0.008324,-0.009230,0.01988,0.0
2.1886E+03,-0.009402,-0.008127,0.01988,0.0
2.1887E+03,-0.010321,-0.006929,0.01988,0.0
2.1888E+03,-0.011062,-0.005647,0.01988,0.0
2.1889E+03,-0.011657,-0.004265,0.01988,0.0
2.1890E+03,-0.012077,-0.002864,0.01988,0.0
2.1891E+03,-0.012273,-0.002002,0.01988,0.0
2.1892E+03,-0.012304,-0.001819,0.01988,0.0
2.2225E+03,0.014378,-0.007044,0.02059,1800.0
2.2226E+03,0.014403,-0.006992,0.02059,1800.0
2.2227E+03,0.014822,-0.006005,0.02059,1800.0
2.2228E+03,0.015300,-0.004627,0.02059,1800.0
2.2229E+03,0.015674,-0.003163,0.02059,1800.0
2.2230E+03,0.015899,-0.001676,0.02059,1800.0
2.2231E+03,0.015984,-0.000170,0.02059,1800.0
2.2232E+03,0.015939,0.001344,0.02059,1800.0
2.2233E+03,0.015752,0.002787,0.02059,1800.0
2.2234E+03,0.015416,0.004275,0.02059,1800.0
2.2235E+03,0.014950,0.005723,0.02059,1800.0
2.2236E+03,0.014333,0.007108,0.02059,1800.0
2.2237E+03,0.013609,0.008407,0.02059,1800.0
2.2238E+03,0.012741,0.009665,0.02059,1800.0
2.2239E+03,0.011756,0.010833,0.02059,1800.0
2.2240E+03,0.010814,0.011774,0.02059,1800.0
2.2241E+03,0.009692,0.012711,0.02059,1800.0
2.2242E+03,0.008451,0.013571,0.02059,1800.0
2.2243E+03,0.007112,0.014319,0.02059,1800.0
2.2244E+03,0.005762,0.014923,0.02059,1800.0
2.2245E+03,0.004282,0.015418,0.02059,1800.0
2.2246E+03,0.002910,0.015763,0.02059,1800.0
2.2247E+03,0.001409,0.015947,0.02059,1800.0
2.2248E+03,-0.000111,0.015996,0.02059,1800.0
2.2249E+03,-0.001172,0.015954,0.02059,1800.0
2.2250E+03,-0.002519,0.015788,0.02059,1800.0
2.2251E+03,-0.004001,0.015477,0.02059,1800.0
2.2252E+03,-0.005427,0.015037,0.02059,1800.0
2.2253E+03,-0.006817,0.014458,0.02059,1800.0
2.2254E+03,-0.008172,0.013744,0.02059,1800.0
2.2255E+03,-0.009441,0.012900,0.02059,1800.0
2.2256E+03,-0.010644,0.011941,0.02059,1800.0
2.2257E+03,-0.011602,0.011023,0.02059,1800.0
2.2258E+03,-0.012608,0.009855,0.02059,1800.0
2.2259E+03,-0.013485,0.008618,0.02059,1800.0
2.2260E+03,-0.014188,0.007379,0.02059,1800.0
2.2261E+03,-0.014805,0.006036,0.02059,1800.0
2.2262E+03,-0.015223,0.004906,0.02059,1800.0
2.2263E+03,-0.015579,0.003585,0.02059,1800.0
2.2264E+03,-0.015851,0.002098,0.02059,1800.0
2.2265E+03,-0.015972,0.000607,0.02059,1800.0
2.2266E+03,-0.015968,-0.000909,0.02059,1800.0
2.2267E+03,-0.015807,-0.002429,0.02059,1800.0
2.2268E+03,-0.015524,-0.003845,0.02059,1800.0
2.2269E+03,-0.015121,-0.005253,0.02059,1800.0
2.2270E+03,-0.014710,-0.006319,0.02059,1800.0
2.2271E+03,-0.014010,-0.007726,0.02059,1800.0
2.2272E+03,-0.013219,-0.009006,0.02059,1800.0
2.2273E+03,-0.012311,-0.010217,0.02059,1800.0
2.2274E+03,-0.011401,-0.011203,0.02059,1800.0
2.2275E+03,-0.010317,-0.012220,0.02059,1800.0
2.2276E+03,-0.009132,-0.013123,0.02059,1800.0
2.2277E+03,-0.007860,-0.013921,0.02059,1800.0
2.2278E+03,-0.006505,-0.014610,0.02059,1800.0
2.2279E+03,-0.005098,-0.015158,0.02059,1800.0
2.2280E+03,-0.003652,-0.015570,0.02059,1800.0
2.2281E+03,-0.002183,-0.015856,0.02059,1800.0
2.2282E+03,-0.001160,-0.015964,0.02059,1800.0
2.2283E+03,0.000197,-0.016002,0.02059,1800.0
2.2284E+03,0.001697,-0.015906,0.02059,1800.0
2.2285E+03,0.003209,-0.015662,0.02059,1800.0
2.2286E+03,0.004704,-0.015284,0.02059,1800.0
2.2287E+03,0.006110,-0.014771,0.02059,1800.0
2.2288E+03,0.007437,-0.014155,0.02059,0.0
2.2289E+03,0.008728,-0.013390,0.02059,0.0
2.2290E+03,0.009980,-0.012490,0.02059,0.0
2.2291E+03,0.011108,-0.011505,0.02059,0.0
2.2292E+03,0.012037,-0.010546,0.02059,0.0
2.2293E+03,0.012965,-0.009380,0.02059,0.0
2.2294E+03,0.013793,-0.008107,0.02059,1800.0
2.2295E+03,0.014299,-0.007193,0.02059,1800.0
2.2296E+03,0.014378,-0.007044,0.02059,1800.0
2.2297E+03,0.014343,-0.007036,0.02059,1800.0
2.2298E+03,0.010510,-0.006138,0.02059,1800.0
2.2299E+03,0.003510,-0.004499,0.02059,1800.0
2.2300E+03,-0.004055,-0.002728,0.02059,1800.0
2.2301E+03,-0.009504,-0.001452,0.02059,1800.0
2.2302E+03,-0.010812,-0.001146,0.02059,1800.0
2.2303E+03,-0.010813,-0.001122,0.02059,1800.0
2.2304E+03,-0.010822,-0.000856,0.02059,1800.0
2.2305E+03,-0.010839,0.000629,0.02059,1800.0
2.2306E+03,-0.010661,0.002065,0.02059,1800.0
2.2307E+03,-0.010277,0.003497,0.02059,1800.0
2.2308E+03,-0.009654,0.004924,0.02059,1800.0
2.2309E+03,-0.008983,0.006059,0.02059,1800.0
2.2310E+03,-0.008071,0.007223,0.02059,1800.0
2.2311E+03,-0.006956,0.008301,0.02059,1800.0
2.2312E+03,-0.005729,0.009200,0.02059,1800.0
2.2313E+03,-0.004447,0.009888,0.02059,1800.0
2.2314E+03,-0.003023,0.010417,0.02059,1800.0
2.2315E+03,-0.001595,0.010727,0.02059,1800.0
2.2316E+03,-0.000090,0.010865,0.02059,1800.0
2.2317E+03,0.001447,0.010761,0.02059,1800.0
2.2318E+03,0.002951,0.010439,0.02059,1800.0
2.2319E+03,0.004394,0.009913,0.02059,1800.0
2.2320E+03,0.005681,0.009233,0.02059,1800.0
2.2321E+03,0.006903,0.008346,0.02059,1800.0
2.2322E+03,0.007985,0.007329,0.02059,1800.0
2.2323E+03,0.008899,0.006183,0.02059,1800.0
2.2324E+03,0.009677,0.004871,0.02059,1800.0
2.2325E+03,0.010275,0.003459,0.02059,1800.0
2.2326E+03,0.010646,0.002053,0.02059,1800.0
2.2327E+03,0.010832,0.000714,0.02059,1800.0
2.2328E+03,0.010820,-0.000896,0.02059,1800.0
2.2329E+03,0.010599,-0.002324,0.02059,1800.0
2.2330E+03,0.010158,-0.003807,0.02059,1800.0
2.2331E+03,0.009573,-0.005168,0.02059,1800.0
2.2332E+03,0.008766,-0.006413,0.02059,1800.0
2.2333E+03,0.007790,-0.007528,0.02059,1800.0
2.2334E+03,0.006680,-0.008529,0.02059,1800.0
2.2335E+03,0.005422,-0.009378,0.02059,1800.0
2.2336E+03,0.004050,-0.010049,0.02059,1800.0
2.2337E+03,0.002592,-0.010522,0.02059,1800.0
2.2338E+03,0.001106,-0.010789,0.02059,1800.0
2.2339E+03,-0.000362,-0.010850,0.02059,1800.0
2.2340E+03,-0.001906,-0.010686,0.02059,1800.0
2.2341E+03,-0.003358,-0.010328,0.02059,1800.0
2.2342E+03,-0.004746,-0.009767,0.02059,1800.0
2.2343E+03,-0.006009,-0.009022,0.02059,0.0
2.2344E+03,-0.007110,-0.008170,0.02059,0.0
2.2345E+03,-0.008202,-0.007086,0.02059,0.0
2.2346E+03,-0.009089,-0.005897,0.02059,0.0
2.2347E+03,-0.009804,-0.004617,0.02059,0.0
2.2348E+03,-0.010343,-0.003222,0.02059,1800.0
2.2349E+03,-0.010697,-0.001868,0.02059,1800.0
2.2350E+03,-0.010812,-0.001146,0.02059,1800.0
2.2351E+03,-0.010805,-0.001131,0.02059,1800.0
2.2352E+03,-0.010720,-0.000947,0.02059,1800.0
2.2353E+03,-0.008127,0.004682,0.02059,1800.0
2.2354E+03,-0.004917,0.011649,0.02059,1800.0
2.2355E+03,-0.004027,0.013580,0.02059,1800.0
2.2356E+03,-0.003945,0.013758,0.02059,1800.0
2.2357E+03,-0.003984,0.013745,0.02059,1800.0
2.2358E+03,-0.004799,0.013453,0.02059,1800.0
2.2359E+03,-0.006129,0.012906,0.02059,1800.0
2.2360E+03,-0.007416,0.012214,0.02059,1800.0
2.2361E+03,-0.008575,0.011441,0.02059,1800.0
2.2362E+03,-0.009697,0.010512,0.02059,1800.0
2.2363E+03,-0.010749,0.009440,0.02059,1800.0
2.2364E+03,-0.011717,0.008191,0.02059,1800.0
2.2365E+03,-0.012526,0.006888,0.02059,1800.0
2.2366E+03,-0.013151,0.005585,0.02059,1800.0
2.2367E+03,-0.013665,0.004168,0.02059,1800.0
2.2368E+03,-0.014028,0.002696,0.02059,1800.0
2.2369E+03,-0.014234,0.001224,0.02059,1800.0
2.2370E+03,-0.014283,-0.000267,0.02059,1800.0
2.2371E+03,-0.014172,-0.001797,0.02059,1800.0
2.2372E+03,-0.013902,-0.003307,0.02059,1800.0
2.2373E+03,-0.013488,-0.004720,0.02059,1800.0
2.2374E+03,-0.012888,-0.006177,0.02059,1800.0
2.2375E+03,-0.012191,-0.007488,0.02059,1800.0
2.2376E+03,-0.011364,-0.008681,0.02059,1800.0
2.2377E+03,-0.010348,-0.009867,0.02059,1800.0
2.2378E+03,-0.009239,-0.010902,0.02059,1800.0
2.2379E+03,-0.008193,-0.011705,0.02059,1800.0
2.2380E+03,-0.006909,-0.012501,0.02059,1800.0
2.2381E+03,-0.005525,-0.013166,0.02059,1800.0
2.2382E+03,-0.004120,-0.013681,0.02059,1800.0
2.2383E+03,-0.002826,-0.014011,0.02059,1800.0
2.2384E+03,-0.001666,-0.014194,0.02059,1800.0
2.2385E+03,-0.000265,-0.014294,0.02059,1800.0
2.2386E+03,0.001227,-0.014250,0.02059,1800.0
2.2387E+03,0.002750,-0.014039,0.02059,1800.0
2.2388E+03,0.004144,-0.013691,0.02059,1800.0
2.2389E+03,0.005570,-0.013161,0.02059,1800.0
2.2390E+03,0.006897,-0.012512,0.02059,1800.0
2.2391E+03,0.008212,-0.011685,0.02059,1800.0
2.2392E+03,0.009414,-0.010745,0.02059,1800.0
2.2393E+03,0.010482,-0.009702,0.02059,1800.0
2.2394E+03,0.011433,-0.008561,0.02059,1800.0
2.2395E+03,0.012269,-0.007326,0.02059,1800.0
2.2396E+03,0.012926,-0.006101,0.02059,1800.0
2.2397E+03,0.013499,-0.004718,0.02059,1800.0
2.2398E+03,0.013942,-0.003230,0.02059,1800.0
2.2399E+03,0.014184,-0.001800,0.02059,1800.0
2.2400E+03,0.014293,-0.000292,0.02059,1800.0
2.2401E+03,0.014236,0.001188,0.02059,1800.0
2.2402E+03,0.014035,0.002686,0.02059,1800.0
2.2403E+03,0.013668,0.004149,0.02059,1800.0
2.2404E+03,0.013157,0.005568,0.02059,1800.0
2.2405E+03,0.012478,0.006947,0.02059,1800.0
2.2406E+03,0.011672,0.008243,0.02059,1800.0
2.2407E+03,0.010746,0.009416,0.02059,1800.0
2.2408E+03,0.009680,0.010517,0.02059,1800.0
2.2409E+03,0.008547,0.011453,0.02059,1800.0
2.2410E+03,0.007349,0.012276,0.02059,1800.0
2.2411E+03,0.005937,0.013010,0.02059,0.0
2.2412E+03,0.004542,0.013557,0.02059,0.0
2.2413E+03,0.003276,0.013909,0.02059,0.0
2.2414E+03,0.001805,0.014170,0.02059,0.0
2.2415E+03,0.000263,0.014281,0.02059,0.0
2.2416E+03,-0.001196,0.014238,0.02059,0.0
2.2417E+03,-0.002402,0.014093,0.02059,1800.0
2.2418E+03,-0.003333,0.013907,0.02059,1800.0
2.2419E+03,-0.003945,0.013758,0.02059,1800.0
2.2420E+03,-0.003979,0.013697,0.02059,1800.0
2.2421E+03,-0.004380,0.012991,0.02059,1800.0
2.2422E+03,-0.007974,0.006661,0.02059,1800.0
2.2423E+03,-0.011733,0.000040,0.02059,1800.0
2.2424E+03,-0.012422,-0.001174,0.02059,1800.0
2.2425E+03,-0.012505,-0.001320,0.02059,1800.0
2.2426E+03,-0.012513,-0.001177,0.02059,1800.0
2.2427E+03,-0.012535,-0.000141,0.02059,1800.0
2.2428E+03,-0.012460,0.001348,0.02059,1800.0
2.2429E+03,-0.012211,0.002849,0.02059,1800.0
2.2430E+03,-0.011831,0.004157,0.02059,1800.0
2.2431E+03,-0.011266,0.005546,0.02059,1800.0
2.2432E+03,-0.010520,0.006867,0.02059,1800.0
2.2433E+03,-0.009654,0.008044,0.02059,1800.0
2.2434E+03,-0.008604,0.009139,0.02059,1800.0
2.2435E+03,-0.007415,0.010119,0.02059,1800.0
2.2436E+03,-0.006149,0.010933,0.02059,1800.0
2.2437E+03,-0.004892,0.011583,0.02059,1800.0
2.2438E+03,-0.003440,0.012072,0.02059,1800.0
2.2439E+03,-0.001954,0.012391,0.02059,1800.0
2.2440E+03,-0.000455,0.012525,0.02059,1800.0
2.2441E+03,0.001073,0.012496,0.02059,1800.0
2.2442E+03,0.002511,0.012284,0.02059,1800.0
2.2443E+03,0.003992,0.011893,0.02059,1800.0
2.2444E+03,0.005403,0.011333,0.02059,1800.0
2.2445E+03,0.006747,0.010600,0.02059,1800.0
2.2446E+03,0.007970,0.009704,0.02059,1800.0
2.2447E+03,0.009079,0.008667,0.02059,1800.0
2.2448E+03,0.009945,0.007633,0.02059,1800.0
2.2449E+03,0.010762,0.006435,0.02059,1800.0
2.2450E+03,0.011449,0.005110,0.02059,1800.0
2.2451E+03,0.011985,0.003676,0.02059,1800.0
2.2452E+03,0.012354,0.002225,0.02059,1800.0
2.2453E+03,0.012522,0.000761,0.02059,1800.0
2.2454E+03,0.012519,-0.000771,0.02059,1800.0
2.2455E+03,0.012338,-0.002296,0.02059,1800.0
2.2456E+03,0.011981,-0.003748,0.02059,1800.0
2.2457E+03,0.011475,-0.005108,0.02059,1800.0
2.2458E+03,0.010771,-0.006445,0.02059,1800.0
2.2459E+03,0.009926,-0.007689,0.02059,1800.0
2.2460E+03,0.008904,-0.008834,0.02059,1800.0
2.2461E+03,0.007752,-0.009850,0.02059,1800.0
2.2462E+03,0.006578,-0.010713,0.02059,1800.0
2.2463E+03,0.005276,-0.011397,0.02059,1800.0
2.2464E+03,0.003830,-0.011941,0.02059,1800.0
2.2465E+03,0.002477,-0.012303,0.02059,1800.0
2.2466E+03,0.001003,-0.012515,0.02059,1800.0
2.2467E+03,-0.000455,-0.012548,0.02059,1800.0
2.2468E+03,-0.002047,-0.012392,0.02059,1800.0
2.2469E+03,-0.003427,-0.012077,0.02059,1800.0
2.2470E+03,-0.004865,-0.011569,0.02059,1800.0
2.2471E+03,-0.006215,-0.010902,0.02059,1800.0
