5.3376E+03,0.007433,0.009819,0.05680,0.0
5.3376E+03,0.008468,0.008954,0.05680,0.0
5.3377E+03,0.009496,0.007868,0.05680,0.0
5.3378E+03,0.010382,0.006663,0.05680,0.0
5.3379E+03,0.011115,0.005337,0.05680,0.0
5.3380E+03,0.011692,0.003886,0.05680,0.0
5.3381E+03,0.012073,0.002432,0.05680,0.0
5.3382E+03,0.012271,0.001045,0.05680,0.0
5.3383E+03,0.012324,0.000534,0.05680,0.0
5.3384E+03,0.012325,0.000520,0.05680,0.0
5.3860E+03,-0.017049,-0.005773,0.05751,1800.0
5.3861E+03,-0.017042,-0.005792,0.05751,1800.0
5.3862E+03,-0.016830,-0.006353,0.05751,1800.0
5.3863E+03,-0.016368,-0.007444,0.05751,1800.0
5.3864E+03,-0.015717,-0.008727,0.05751,1800.0
5.3865E+03,-0.014930,-0.010012,0.05751,1800.0
5.3866E+03,-0.014075,-0.011185,0.05751,1800.0
5.3867E+03,-0.013084,-0.012331,0.05751,1800.0
5.3868E+03,-0.011960,-0.013442,0.05751,1800.0
5.3870E+03,-0.010778,-0.014401,0.05751,1800.0
5.3871E+03,-0.009575,-0.015223,0.05751,1800.0
5.3872E+03,-0.008235,-0.015988,0.05751,1800.0
5.3873E+03,-0.006852,-0.016623,0.05751,1800.0
5.3874E+03,-0.005437,-0.017135,0.05751,1800.0
5.3875E+03,-0.003983,-0.017525,0.05751,1800.0
5.3875E+03,-0.002690,-0.017774,0.05751,1800.0
5.3876E+03,-0.001211,-0.017938,0.05751,1800.0
5.3877E+03,0.000337,-0.017977,0.05751,1800.0
5.3878E+03,0.001781,-0.017889,0.05751,1800.0
5.3879E+03,0.003350,-0.017674,0.05751,1800.0
5.3880E+03,0.004733,-0.017363,0.05751,1800.0
5.3881E+03,0.006177,-0.016899,0.05751,1800.0
5.3882E+03,0.007571,-0.016310,0.05751,1800.0
5.3883E+03,0.008939,-0.015599,0.05751,1800.0
5.3884E+03,0.010225,-0.014788,0.05751,1800.0
5.3885E+03,0.011429,-0.013873,0.05751,1800.0
5.3887E+03,0.012506,-0.012867,0.05751,1800.0
5.3888E+03,0.013526,-0.011781,0.05751,1800.0
5.3889E+03,0.014418,-0.010749,0.05751,1800.0
5.3890E+03,0.015114,-0.009729,0.05751,1800.0
5.3891E+03,0.015908,-0.008395,0.05751,1800.0
5.3892E+03,0.016508,-0.007143,0.05751,1800.0
5.3893E+03,0.016924,-0.006105,0.05751,1800.0
5.3893E+03,0.017255,-0.005092,0.05751,1800.0
5.3894E+03,0.017531,-0.004037,0.05751,1800.0
5.3895E+03,0.017737,-0.002999,0.05751,1800.0
5.3896E+03,0.017868,-0.002053,0.05751,1800.0
5.3897E+03,0.017959,-0.000765,0.05751,1800.0
5.3898E+03,0.017959,0.000765,0.05751,1800.0
5.3899E+03,0.017869,0.002051,0.05751,1800.0
5.3900E+03,0.017733,0.003025,0.05751,1800.0
5.3901E+03,0.017526,0.004053,0.05751,1800.0
5.3902E+03,0.017243,0.005126,0.05751,1800.0
5.3904E+03,0.016879,0.006219,0.05751,1800.0
5.3905E+03,0.016499,0.007170,0.05751,1800.0
5.3906E+03,0.015879,0.008453,0.05751,1800.0
5.3907E+03,0.015088,0.009785,0.05751,1800.0
5.3908E+03,0.014372,0.010813,0.05751,1800.0
5.3909E+03,0.013507,0.011864,0.05751,1800.0
5.3910E+03,0.012474,0.012937,0.05751,1800.0
5.3910E+03,0.011455,0.013851,0.05751,1800.0
5.3911E+03,0.010257,0.014769,0.05751,1800.0
5.3912E+03,0.008972,0.015577,0.05751,1800.0
5.3913E+03,0.007604,0.016295,0.05751,1800.0
5.3914E+03,0.006279,0.016857,0.05751,1800.0
5.3915E+03,0.004875,0.017323,0.05751,1800.0
5.3916E+03,0.003406,0.017662,0.05751,1800.0
5.3917E+03,0.001913,0.017881,0.05751,1800.0
5.3918E+03,0.000317,0.017975,0.05751,1800.0
5.3919E+03,-0.001142,0.017946,0.05751,1800.0
5.3921E+03,-0.002610,0.017789,0.05751,1800.0
5.3922E+03,-0.004094,0.017500,0.05751,1800.0
5.3923E+03,-0.005541,0.017097,0.05751,1800.0
5.3924E+03,-0.006952,0.016578,0.05751,1800.0
5.3925E+03,-0.008343,0.015927,0.05751,1800.0
5.3926E+03,-0.009678,0.015152,0.05751,1800.0
5.3927E+03,-0.010870,0.014325,0.05751,1800.0
5.3927E+03,-0.011951,0.013450,0.05751,1800.0
5.3928E+03,-0.013028,0.012407,0.05751,1800.0
5.3929E+03,-0.014005,0.011267,0.05751,1800.0
5.3930E+03,-0.014903,0.010051,0.05751,1800.0
5.3931E+03,-0.015697,0.008760,0.05751,1800.0
5.3932E+03,-0.016353,0.007480,0.05751,1800.0
5.3933E+03,-0.016845,0.006297,0.05751,1800.0
5.3934E+03,-0.017253,0.005051,0.05751,1800.0
5.3935E+03,-0.017606,0.003607,0.05751,0.0
5.3936E+03,-0.017851,0.002118,0.05751,0.0
5.3937E+03,-0.017977,0.000590,0.05751,0.0
5.3939E+03,-0.017966,-0.000908,0.05751,0.0
5.3940E+03,-0.017827,-0.002395,0.05751,0.0
5.3941E+03,-0.017671,-0.003374,0.05751,0.0
5.3942E+03,-0.017330,-0.004782,0.05751,0.0
5.3943E+03,-0.017106,-0.005584,0.05751,1800.0
5.3944E+03,-0.017049,-0.005773,0.05751,1800.0
5.3944E+03,-0.016711,-0.005698,0.05751,1800.0
5.3945E+03,-0.013016,-0.004875,0.05751,1800.0
5.3946E+03,-0.005823,-0.003274,0.05751,1800.0
5.3947E+03,0.001526,-0.001638,0.05751,1800.0
5.3948E+03,0.008055,-0.000185,0.05751,1800.0
5.3949E+03,0.008887,0.000000,0.05751,1800.0
5.3950E+03,0.008887,-0.000003,0.05751,1800.0
5.3951E+03,0.008880,-0.000127,0.05751,1800.0
5.3952E+03,0.008729,-0.001488,0.05751,1800.0
5.3953E+03,0.008375,-0.002875,0.05751,1800.0
5.3954E+03,0.007773,-0.004227,0.05751,1800.0
5.3956E+03,0.006905,-0.005514,0.05751,1800.0
5.3957E+03,0.005893,-0.006593,0.05751,1800.0
5.3958E+03,0.004734,-0.007469,0.05751,1800.0
5.3959E+03,0.003399,-0.008161,0.05751,1800.0
5.3960E+03,0.001963,-0.008617,0.05751,1800.0
5.3961E+03,0.000479,-0.008851,0.05751,1800.0
5.3961E+03,-0.000876,-0.008820,0.05751,1800.0
5.3962E+03,-0.002368,-0.008556,0.05751,1800.0
5.3963E+03,-0.003770,-0.008014,0.05751,1800.0
5.3964E+03,-0.005065,-0.007269,0.05751,1800.0
5.3965E+03,-0.006204,-0.006302,0.05751,1800.0
5.3966E+03,-0.007202,-0.005133,0.05751,1800.0
5.3967E+03,-0.007974,-0.003814,0.05751,1800.0
5.3968E+03,-0.008509,-0.002386,0.05751,1800.0
5.3969E+03,-0.008796,-0.000932,0.05751,1800.0
5.3970E+03,-0.008827,0.000520,0.05751,1800.0
5.3971E+03,-0.008617,0.002035,0.05751,1800.0
5.3973E+03,-0.008141,0.003491,0.05751,1800.0
5.3974E+03,-0.007432,0.004839,0.05751,1800.0
5.3975E+03,-0.006502,0.006033,0.05751,1800.0
5.3976E+03,-0.005399,0.007033,0.05751,1800.0
5.3977E+03,-0.004176,0.007808,0.05751,1800.0
5.3978E+03,-0.002774,0.008394,0.05751,1800.0
5.3978E+03,-0.001470,0.008725,0.05751,1800.0
5.3979E+03,0.000017,0.008839,0.05751,1800.0
5.3980E+03,0.001498,0.008717,0.05751,1800.0
5.3981E+03,0.002947,0.008334,0.05751,0.0
5.3982E+03,0.004346,0.007708,0.05751,0.0
5.3983E+03,0.005601,0.006850,0.05751,0.0
5.3984E+03,0.006695,0.005811,0.05751,0.0
5.3985E+03,0.007602,0.004571,0.05751,0.0
5.3986E+03,0.008233,0.003308,0.05751,0.0
5.3987E+03,0.008660,0.001872,0.05751,0.0
5.3988E+03,0.008843,0.000436,0.05751,1800.0
5.3990E+03,0.008886,0.000020,0.05751,1800.0
5.3991E+03,0.008887,0.000000,0.05751,1800.0
5.3992E+03,0.006803,-0.000770,0.05751,1800.0
5.3993E+03,0.001680,-0.002663,0.05751,1800.0
5.3994E+03,-0.005549,-0.005333,0.05751,1800.0
5.3995E+03,-0.011589,-0.007564,0.05751,1800.0
5.3997E+03,-0.013946,-0.008435,0.05751,1800.0
5.3998E+03,-0.013490,-0.009135,0.05751,1800.0
5.3999E+03,-0.012608,-0.010289,0.05751,1800.0
5.4000E+03,-0.011613,-0.011401,0.05751,1800.0
5.4001E+03,-0.010547,-0.012444,0.05751,1800.0
5.4002E+03,-0.009344,-0.013354,0.05751,1800.0
5.4003E+03,-0.008051,-0.014141,0.05751,1800.0
5.4004E+03,-0.006685,-0.014830,0.05751,1800.0
5.4005E+03,-0.005267,-0.015399,0.05751,1800.0
5.4007E+03,-0.003846,-0.015815,0.05751,1800.0
5.4008E+03,-0.002351,-0.016116,0.05751,1800.0
5.4009E+03,-0.000857,-0.016259,0.05751,1800.0
5.4010E+03,0.000661,-0.016277,0.05751,1800.0
5.4011E+03,0.002144,-0.016144,0.05751,1800.0
5.4012E+03,0.003621,-0.015870,0.05751,1800.0
5.4013E+03,0.005105,-0.015464,0.05751,1800.0
5.4013E+03,0.006374,-0.014973,0.05751,1800.0
5.4014E+03,0.007743,-0.014311,0.05751,1800.0
5.4015E+03,0.009052,-0.013522,0.05751,1800.0
5.4016E+03,0.010267,-0.012625,0.05751,1800.0
5.4017E+03,0.011389,-0.011631,0.05751,1800.0
5.4018E+03,0.012421,-0.010532,0.05751,1800.0
5.4019E+03,0.013303,-0.009388,0.05751,1800.0
5.4020E+03,0.014120,-0.008122,0.05751,1800.0
5.4021E+03,0.014793,-0.006806,0.05751,1800.0
5.4022E+03,0.015370,-0.005371,0.05751,1800.0
5.4024E+03,0.015802,-0.003917,0.05751,1800.0
5.4025E+03,0.016087,-0.002474,0.05751,1800.0
5.4026E+03,0.016241,-0.000928,0.05751,1800.0
5.4027E+03,0.016264,0.000573,0.05751,1800.0
5.4028E+03,0.016138,0.002070,0.05751,1800.0
5.4029E+03,0.015871,0.003586,0.05751,1800.0
5.4030E+03,0.015488,0.005013,0.05751,1800.0
5.4030E+03,0.015038,0.006240,0.05751,1800.0
5.4031E+03,0.014389,0.007621,0.05751,1800.0
5.4032E+03,0.013637,0.008923,0.05751,1800.0
5.4033E+03,0.012747,0.010128,0.05751,1800.0
5.4034E+03,0.011750,0.011272,0.05751,1800.0
5.4035E+03,0.010663,0.012298,0.05751,1800.0
5.4036E+03,0.009476,0.013227,0.05751,1800.0
5.4037E+03,0.008178,0.014069,0.05751,1800.0
5.4038E+03,0.006864,0.014757,0.05751,1800.0
5.4039E+03,0.005507,0.015311,0.05751,1800.0
5.4040E+03,0.004035,0.015767,0.05751,1800.0
5.4042E+03,0.002533,0.016079,0.05751,1800.0
5.4043E+03,0.001048,0.016244,0.05751,1800.0
5.4044E+03,-0.000431,0.016286,0.05751,1800.0
5.4045E+03,-0.001940,0.016172,0.05751,1800.0
5.4046E+03,-0.003472,0.015909,0.05751,1800.0
5.4047E+03,-0.004899,0.015530,0.05751,1800.0
5.4047E+03,-0.006160,0.015064,0.05751,1800.0
5.4048E+03,-0.007558,0.014408,0.05751,1800.0
5.4049E+03,-0.008860,0.013652,0.05751,1800.0
5.4050E+03,-0.010070,0.012780,0.05751,1800.0
5.4051E+03,-0.011222,0.011789,0.05751,1800.0
5.4052E+03,-0.012262,0.010701,0.05751,1800.0
5.4053E+03,-0.013204,0.009518,0.05751,1800.0
5.4054E+03,-0.014031,0.008276,0.05751,1800.0
5.4055E+03,-0.014749,0.006914,0.05751,1800.0
5.4056E+03,-0.015328,0.005515,0.05751,1800.0
5.4057E+03,-0.015762,0.004085,0.05751,1800.0
5.4059E+03,-0.016065,0.002627,0.05751,1800.0
5.4060E+03,-0.016235,0.001162,0.05751,0.0
5.4061E+03,-0.016273,-0.000335,0.05751,0.0
5.4062E+03,-0.016164,-0.001846,0.05751,0.0
5.4063E+03,-0.015918,-0.003373,0.05751,0.0
5.4063E+03,-0.015574,-0.004724,0.05751,0.0
5.4064E+03,-0.015070,-0.006148,0.05751,0.0
5.4065E+03,-0.014484,-0.007461,0.05751,1800.0
5.4068E+03,-0.013946,-0.008435,0.05751,1800.0
5.4069E+03,-0.009462,-0.006893,0.05751,1800.0
5.4070E+03,-0.002686,-0.004564,0.05751,1800.0
5.4072E+03,0.004492,-0.002096,0.05751,1800.0
5.4073E+03,0.009153,-0.000494,0.05751,1800.0
5.4075E+03,0.010590,0.000000,0.05751,1800.0
5.4076E+03,0.010565,-0.000406,0.05751,1800.0
5.4076E+03,0.010460,-0.001463,0.05751,1800.0
5.4077E+03,0.010155,-0.002931,0.05751,1800.0
5.4078E+03,0.009625,-0.004358,0.05751,1800.0
5.4079E+03,0.008919,-0.005671,0.05751,1800.0
5.4080E+03,0.007997,-0.006905,0.05751,1800.0
5.4081E+03,0.006898,-0.007991,0.05751,1800.0
5.4082E+03,0.005730,-0.008860,0.05751,1800.0
5.4083E+03,0.004382,-0.009586,0.05751,1800.0
5.4085E+03,0.002953,-0.010133,0.05751,1800.0
5.4086E+03,0.001490,-0.010448,0.05751,1800.0
5.4087E+03,0.000009,-0.010544,0.05751,1800.0
5.4088E+03,-0.001475,-0.010443,0.05751,1800.0
5.4089E+03,-0.002948,-0.010139,0.05751,1800.0
5.4090E+03,-0.004328,-0.009648,0.05751,1800.0
5.4091E+03,-0.005697,-0.008900,0.05751,1800.0
5.4091E+03,-0.006792,-0.008087,0.05751,1800.0
5.4092E+03,-0.007868,-0.007045,0.05751,1800.0
5.4093E+03,-0.008784,-0.005858,0.05751,1800.0
5.4094E+03,-0.009525,-0.004532,0.05751,1800.0
5.4095E+03,-0.010069,-0.003121,0.05751,1800.0
5.4096E+03,-0.010417,-0.001660,0.05751,1800.0
5.4097E+03,-0.010548,-0.000172,0.05751,1800.0
5.4098E+03,-0.010468,0.001324,0.05751,1800.0
5.4099E+03,-0.010170,0.002813,0.05751,1800.0
5.4100E+03,-0.009665,0.004237,0.05751,1800.0
5.4102E+03,-0.008991,0.005560,0.05751,1800.0
5.4103E+03,-0.008162,0.006733,0.05751,1800.0
5.4104E+03,-0.007034,0.007892,0.05751,1800.0
5.4105E+03,-0.005869,0.008776,0.05751,1800.0
5.4106E+03,-0.004578,0.009520,0.05751,1800.0
5.4107E+03,-0.003179,0.010066,0.05751,1800.0
5.4108E+03,-0.001710,0.010406,0.05751,1800.0
5.4108E+03,-0.000344,0.010536,0.05751,1800.0
5.4109E+03,0.001166,0.010487,0.05751,1800.0
5.4110E+03,0.002633,0.010220,0.05751,1800.0
5.4111E+03,0.004086,0.009731,0.05751,1800.0
5.4112E+03,0.005436,0.009054,0.05751,0.0
5.4113E+03,0.006651,0.008211,0.05751,0.0
5.4114E+03,0.007750,0.007197,0.05751,0.0
5.4115E+03,0.008660,0.006061,0.05751,0.0
5.4116E+03,0.009434,0.004732,0.05751,0.0
5.4117E+03,0.010011,0.003328,0.05751,0.0
5.4118E+03,0.010391,0.001847,0.05751,0.0
5.4120E+03,0.010557,0.000542,0.05751,1800.0
5.4121E+03,0.010590,0.000002,0.05751,1800.0
5.4122E+03,0.010590,0.000000,0.05751,1800.0
5.4123E+03,0.008785,-0.000339,0.05751,1800.0
5.4124E+03,0.003337,-0.001362,0.05751,1800.0
5.4125E+03,-0.004501,-0.002833,0.05751,1800.0
5.4125E+03,-0.011539,-0.004154,0.05751,1800.0
5.4126E+03,-0.013642,-0.004549,0.05751,1800.0
5.4128E+03,-0.013854,-0.004589,0.05751,1800.0
5.4129E+03,-0.013648,-0.005148,0.05751,1800.0
5.4130E+03,-0.013134,-0.006299,0.05751,1800.0
5.4131E+03,-0.012439,-0.007589,0.05751,1800.0
5.4132E+03,-0.011703,-0.008699,0.05751,1800.0
5.4133E+03,-0.010862,-0.009716,0.05751,1800.0
5.4134E+03,-0.009814,-0.010777,0.05751,1800.0
5.4135E+03,-0.008629,-0.011750,0.05751,1800.0
5.4137E+03,-0.007367,-0.012583,0.05751,1800.0
5.4138E+03,-0.005993,-0.013299,0.05751,1800.0
5.4139E+03,-0.004637,-0.013830,0.05751,1800.0
5.4140E+03,-0.003204,-0.014224,0.05751,1800.0
5.4141E+03,-0.001647,-0.014487,0.05751,1800.0
5.4142E+03,-0.000130,-0.014571,0.05751,1800.0
5.4142E+03,0.001230,-0.014515,0.05751,1800.0
5.4143E+03,0.002718,-0.014315,0.05751,1800.0
5.4144E+03,0.004165,-0.013961,0.05751,1800.0
5.4145E+03,0.005569,-0.013470,0.05751,1800.0
5.4146E+03,0.006900,-0.012840,0.05751,1800.0
5.4147E+03,0.008193,-0.012063,0.05751,1800.0
5.4148E+03,0.009398,-0.011155,0.05751,1800.0
5.4149E+03,0.010548,-0.010074,0.05751,1800.0
5.4150E+03,0.011518,-0.008955,0.05751,1800.0
5.4151E+03,0.012373,-0.007704,0.05751,1800.0
5.4152E+03,0.013074,-0.006443,0.05751,1800.0
5.4154E+03,0.013676,-0.005021,0.05751,1800.0
5.4155E+03,0.014128,-0.003545,0.05751,1800.0
5.4156E+03,0.014418,-0.002080,0.05751,1800.0
5.4157E+03,0.014558,-0.000615,0.05751,1800.0
5.4158E+03,0.014543,0.000877,0.05751,1800.0
5.4159E+03,0.014380,0.002391,0.05751,1800.0
5.4159E+03,0.014108,0.003687,0.05751,1800.0
5.4160E+03,0.013653,0.005163,0.05751,1800.0
5.4161E+03,0.013013,0.006571,0.05751,1800.0
5.4162E+03,0.012283,0.007867,0.05751,1800.0
5.4163E+03,0.011402,0.009078,0.05751,1800.0
5.4164E+03,0.010410,0.010193,0.05751,1800.0
5.4165E+03,0.009299,0.011219,0.05751,1800.0
5.4166E+03,0.008101,0.012106,0.05751,1800.0
5.4167E+03,0.006805,0.012883,0.05751,1800.0
5.4168E+03,0.005436,0.013525,0.05751,1800.0
5.4169E+03,0.004050,0.013999,0.05751,1800.0
5.4171E+03,0.002561,0.014354,0.05751,1800.0
5.4172E+03,0.001048,0.014545,0.05751,1800.0
5.4173E+03,-0.000395,0.014583,0.05751,1800.0
5.4174E+03,-0.002006,0.014452,0.05751,1800.0
5.4175E+03,-0.003445,0.014167,0.05751,1800.0
5.4176E+03,-0.004840,0.013750,0.05751,1800.0
5.4176E+03,-0.006116,0.013222,0.05751,1800.0
5.4177E+03,-0.007492,0.012496,0.05751,1800.0
5.4178E+03,-0.008741,0.011656,0.05751,1800.0
5.4179E+03,-0.009846,0.010747,0.05751,1800.0
5.4180E+03,-0.010761,0.009849,0.05751,1800.0
5.4181E+03,-0.011477,0.009000,0.05751,1800.0
5.4182E+03,-0.012201,0.007986,0.05751,1800.0
5.4183E+03,-0.012920,0.006768,0.05751,1800.0
5.4184E+03,-0.013469,0.005630,0.05751,0.0
5.4185E+03,-0.013840,0.004602,0.05751,0.0
5.4186E+03,-0.014232,0.003145,0.05751,0.0
5.4188E+03,-0.014477,0.001719,0.05751,0.0
5.4189E+03,-0.014567,0.000175,0.05751,0.0
5.4190E+03,-0.014511,-0.001317,0.05751,0.0
5.4191E+03,-0.014304,-0.002772,0.05751,0.0
5.4192E+03,-0.014029,-0.003980,0.05751,1800.0
5.4193E+03,-0.013854,-0.004589,0.05751,1800.0
5.4193E+03,-0.013827,-0.004584,0.05751,1800.0
5.4194E+03,-0.013161,-0.004467,0.05751,1800.0
5.4195E+03,-0.006755,-0.003343,0.05751,1800.0
5.4196E+03,0.001379,-0.001916,0.05751,1800.0
5.4197E+03,0.008739,-0.000624,0.05751,1800.0
5.4198E+03,0.011768,-0.000092,0.05751,1800.0
5.4199E+03,0.012293,0.000000,0.05751,1800.0
5.4200E+03,0.012292,-0.000019,0.05751,1800.0
5.4201E+03,0.012243,-0.000773,0.05751,1800.0
5.4202E+03,0.012068,-0.002170,0.05751,1800.0
5.4203E+03,0.011709,-0.003616,0.05751,1800.0
5.4205E+03,0.011170,-0.005046,0.05751,1800.0
5.4206E+03,0.010470,-0.006385,0.05751,1800.0
5.4207E+03,0.009597,-0.007632,0.05751,1800.0
5.4208E+03,0.008599,-0.008751,0.05751,1800.0
5.4209E+03,0.007476,-0.009723,0.05751,1800.0
5.4210E+03,0.006264,-0.010541,0.05751,1800.0
5.4210E+03,0.005026,-0.011171,0.05751,1800.0
5.4211E+03,0.003604,-0.011707,0.05751,1800.0
5.4212E+03,0.002166,-0.012061,0.05751,1800.0
5.4213E+03,0.000683,-0.012235,0.05751,1800.0
5.4214E+03,-0.000794,-0.012229,0.05751,1800.0
5.4215E+03,-0.002271,-0.012030,0.05751,1800.0
5.4216E+03,-0.003836,-0.011649,0.05751,1800.0
5.4217E+03,-0.005205,-0.011116,0.05751,1800.0
5.4218E+03,-0.006550,-0.010377,0.05751,1800.0
5.4219E+03,-0.007784,-0.009485,0.05751,1800.0
5.4220E+03,-0.008847,-0.008493,0.05751,1800.0
5.4222E+03,-0.009835,-0.007312,0.05751,1800.0
5.4223E+03,-0.010656,-0.006041,0.05751,1800.0
5.4224E+03,-0.011289,-0.004767,0.05751,1800.0
5.4225E+03,-0.011789,-0.003312,0.05751,1800.0
5.4226E+03,-0.012121,-0.001790,0.05751,1800.0
5.4227E+03,-0.012255,-0.000331,0.05751,1800.0
5.4228E+03,-0.012209,0.001108,0.05751,1800.0
5.4228E+03,-0.012018,0.002451,0.05751,1800.0
5.4229E+03,-0.011646,0.003892,0.05751,1800.0
5.4230E+03,-0.011074,0.005309,0.05751,1800.0
5.4231E+03,-0.010327,0.006639,0.05751,1800.0
5.4232E+03,-0.009433,0.007833,0.05751,1800.0
5.4233E+03,-0.008377,0.008941,0.05751,1800.0
5.4234E+03,-0.007217,0.009902,0.05751,1800.0
5.4235E+03,-0.005908,0.010723,0.05751,1800.0
5.4236E+03,-0.004549,0.011372,0.05751,1800.0
5.4237E+03,-0.003138,0.011847,0.05751,1800.0
5.4239E+03,-0.001668,0.012143,0.05751,1800.0
5.4240E+03,-0.000174,0.012255,0.05751,1800.0
5.4241E+03,0.001370,0.012187,0.05751,1800.0
5.4242E+03,0.002807,0.011954,0.05751,1800.0
5.4243E+03,0.004297,0.011497,0.05751,1800.0
5.4244E+03,0.005643,0.010903,0.05751,1800.0
