2.9110E+03,-0.012101,-0.002799,0.03124,0.0
2.9111E+03,-0.012340,-0.001327,0.03124,0.0
2.9112E+03,-0.012405,0.000198,0.03124,0.0
2.9113E+03,-0.012286,0.001703,0.03124,0.0
2.9114E+03,-0.011986,0.003185,0.03124,0.0
2.9115E+03,-0.011516,0.004604,0.03124,0.0
2.9116E+03,-0.010878,0.005952,0.03124,0.0
2.9117E+03,-0.010145,0.007161,0.03124,0.0
2.9118E+03,-0.009623,0.007881,0.03124,0.0
2.9119E+03,-0.009621,0.007883,0.03124,0.0
2.9325E+03,0.013416,-0.005687,0.03195,1800.0
2.9326E+03,0.013438,-0.005629,0.03195,1800.0
2.9327E+03,0.013637,-0.005067,0.03195,1800.0
2.9328E+03,0.014066,-0.003696,0.03195,1800.0
2.9329E+03,0.014384,-0.002211,0.03195,1800.0
2.9330E+03,0.014534,-0.000770,0.03195,1800.0
2.9331E+03,0.014543,0.000605,0.03195,1800.0
2.9332E+03,0.014406,0.002126,0.03195,1800.0
2.9333E+03,0.014089,0.003607,0.03195,1800.0
2.9334E+03,0.013633,0.005074,0.03195,1800.0
2.9335E+03,0.013024,0.006470,0.03195,1800.0
2.9336E+03,0.012291,0.007773,0.03195,1800.0
2.9337E+03,0.011447,0.008969,0.03195,1800.0
2.9338E+03,0.010471,0.010095,0.03195,1800.0
2.9339E+03,0.009341,0.011146,0.03195,1800.0
2.9340E+03,0.008155,0.012054,0.03195,1800.0
2.9341E+03,0.006888,0.012821,0.03195,1800.0
2.9342E+03,0.005512,0.013475,0.03195,1800.0
2.9343E+03,0.004106,0.013980,0.03195,1800.0
2.9344E+03,0.002611,0.014313,0.03195,1800.0
2.9345E+03,0.001149,0.014508,0.03195,1800.0
2.9346E+03,0.000088,0.014557,0.03195,1800.0
2.9347E+03,-0.001210,0.014490,0.03195,1800.0
2.9348E+03,-0.002594,0.014297,0.03195,1800.0
2.9349E+03,-0.003859,0.014032,0.03195,1800.0
2.9350E+03,-0.004759,0.013752,0.03195,1800.0
2.9351E+03,-0.005839,0.013325,0.03195,1800.0
2.9352E+03,-0.007185,0.012655,0.03195,1800.0
2.9353E+03,-0.008394,0.011900,0.03195,1800.0
2.9354E+03,-0.009605,0.010944,0.03195,1800.0
2.9355E+03,-0.010674,0.009905,0.03195,1800.0
2.9356E+03,-0.011631,0.008749,0.03195,1800.0
2.9357E+03,-0.012459,0.007512,0.03195,1800.0
2.9358E+03,-0.013187,0.006134,0.03195,1800.0
2.9359E+03,-0.013760,0.004703,0.03195,1800.0
2.9360E+03,-0.014165,0.003294,0.03195,1800.0
2.9361E+03,-0.014422,0.001837,0.03195,1800.0
2.9362E+03,-0.014544,0.000316,0.03195,1800.0
2.9363E+03,-0.014497,-0.001178,0.03195,1800.0
2.9364E+03,-0.014299,-0.002710,0.03195,1800.0
2.9365E+03,-0.013946,-0.004159,0.03195,1800.0
2.9366E+03,-0.013514,-0.005420,0.03195,1800.0
2.9367E+03,-0.012923,-0.006716,0.03195,1800.0
2.9368E+03,-0.012160,-0.007987,0.03195,1800.0
2.9369E+03,-0.011302,-0.009161,0.03195,1800.0
2.9370E+03,-0.010292,-0.010275,0.03195,1800.0
2.9371E+03,-0.009184,-0.011276,0.03195,1800.0
2.9372E+03,-0.007953,-0.012169,0.03195,1800.0
2.9373E+03,-0.006651,-0.012936,0.03195,1800.0
2.9374E+03,-0.005482,-0.013482,0.03195,1800.0
2.9375E+03,-0.004573,-0.013819,0.03195,1800.0
2.9376E+03,-0.003555,-0.014111,0.03195,1800.0
2.9377E+03,-0.002087,-0.014407,0.03195,1800.0
2.9378E+03,-0.000540,-0.014560,0.03195,1800.0
2.9379E+03,0.000572,-0.014555,0.03195,1800.0
2.9380E+03,0.001913,-0.014430,0.03195,1800.0
2.9381E+03,0.003329,-0.014159,0.03195,1800.0
2.9382E+03,0.004796,-0.013731,0.03195,1800.0
2.9383E+03,0.006031,-0.013234,0.03195,0.0
2.9384E+03,0.007343,-0.012551,0.03195,0.0
2.9385E+03,0.008639,-0.011699,0.03195,0.0
2.9386E+03,0.009826,-0.010731,0.03195,0.0
2.9387E+03,0.010856,-0.009686,0.03195,0.0
2.9388E+03,0.011812,-0.008513,0.03195,0.0
2.9389E+03,0.012650,-0.007209,0.03195,1800.0
2.9390E+03,0.013312,-0.005912,0.03195,1800.0
2.9391E+03,0.013405,-0.005711,0.03195,1800.0
2.9392E+03,0.013416,-0.005687,0.03195,1800.0
2.9393E+03,0.011434,-0.004397,0.03195,1800.0
2.9394E+03,0.006402,-0.001123,0.03195,1800.0
2.9395E+03,0.000008,0.003037,0.03195,1800.0
2.9396E+03,-0.005640,0.006712,0.03195,1800.0
2.9398E+03,-0.008707,0.008707,0.03195,1800.0
2.9399E+03,-0.008585,0.008817,0.03195,1800.0
2.9400E+03,-0.008036,0.009295,0.03195,1800.0
2.9401E+03,-0.006998,0.010122,0.03195,1800.0
2.9402E+03,-0.005696,0.010894,0.03195,1800.0
2.9403E+03,-0.004315,0.011499,0.03195,1800.0
2.9404E+03,-0.002877,0.011947,0.03195,1800.0
2.9405E+03,-0.001405,0.012197,0.03195,1800.0
2.9406E+03,0.000107,0.012272,0.03195,1800.0
2.9407E+03,0.001660,0.012163,0.03195,1800.0
2.9408E+03,0.003150,0.011870,0.03195,1800.0
2.9409E+03,0.004536,0.011407,0.03195,1800.0
2.9410E+03,0.005905,0.010771,0.03195,1800.0
2.9411E+03,0.007226,0.009940,0.03195,1800.0
2.9412E+03,0.008351,0.009012,0.03195,1800.0
2.9413E+03,0.009436,0.007898,0.03195,1800.0
2.9414E+03,0.010323,0.006668,0.03195,1800.0
2.9415E+03,0.011047,0.005375,0.03195,1800.0
2.9416E+03,0.011603,0.004046,0.03195,1800.0
2.9417E+03,0.012001,0.002593,0.03195,1800.0
2.9418E+03,0.012212,0.001238,0.03195,1800.0
2.9419E+03,0.012273,-0.000262,0.03195,1800.0
2.9420E+03,0.012156,-0.001753,0.03195,1800.0
2.9421E+03,0.011852,-0.003218,0.03195,1800.0
2.9422E+03,0.011384,-0.004618,0.03195,1800.0
2.9423E+03,0.010735,-0.005999,0.03195,1800.0
2.9424E+03,0.009906,-0.007288,0.03195,1800.0
2.9425E+03,0.008951,-0.008434,0.03195,1800.0
2.9426E+03,0.007848,-0.009462,0.03195,1800.0
2.9427E+03,0.006621,-0.010342,0.03195,1800.0
2.9428E+03,0.005282,-0.011088,0.03195,1800.0
2.9429E+03,0.003869,-0.011658,0.03195,1800.0
2.9430E+03,0.002431,-0.012030,0.03195,1800.0
2.9431E+03,0.000975,-0.012240,0.03195,1800.0
2.9432E+03,-0.000552,-0.012261,0.03195,1800.0
2.9433E+03,-0.002076,-0.012105,0.03195,1800.0
2.9434E+03,-0.003489,-0.011771,0.03195,1800.0
2.9435E+03,-0.004855,-0.011306,0.03195,1800.0
2.9436E+03,-0.006127,-0.010663,0.03195,1800.0
2.9437E+03,-0.007436,-0.009789,0.03195,1800.0
2.9438E+03,-0.008584,-0.008794,0.03195,1800.0
2.9439E+03,-0.009572,-0.007688,0.03195,1800.0
2.9440E+03,-0.010421,-0.006495,0.03195,1800.0
2.9441E+03,-0.011135,-0.005169,0.03195,1800.0
2.9442E+03,-0.011687,-0.003760,0.03195,1800.0
2.9443E+03,-0.012055,-0.002313,0.03195,1800.0
