2.4247E+03,-0.009205,-0.009050,0.02272,0.0
2.4248E+03,-0.010203,-0.007915,0.02272,0.0
2.4249E+03,-0.011062,-0.006663,0.02272,0.0
2.4250E+03,-0.011765,-0.005331,0.02272,0.0
2.4251E+03,-0.012304,-0.003938,0.02272,0.0
2.4252E+03,-0.012691,-0.002476,0.02272,0.0
2.4253E+03,-0.012894,-0.000994,0.02272,0.0
2.4254E+03,-0.012933,0.000357,0.02272,0.0
2.4255E+03,-0.012918,0.000664,0.02272,0.0
2.4256E+03,-0.012916,0.000702,0.02272,0.0
2.4593E+03,-0.010505,0.011409,0.02343,1800.0
2.4594E+03,-0.010856,0.011076,0.02343,1800.0
2.4595E+03,-0.011754,0.010087,0.02343,1800.0
2.4596E+03,-0.012676,0.008899,0.02343,1800.0
2.4597E+03,-0.013469,0.007653,0.02343,1800.0
2.4598E+03,-0.014147,0.006295,0.02343,1800.0
2.4599E+03,-0.014700,0.004856,0.02343,1800.0
2.4600E+03,-0.015103,0.003419,0.02343,1800.0
2.4601E+03,-0.015363,0.001989,0.02343,1800.0
2.4602E+03,-0.015484,0.000665,0.02343,1800.0
2.4603E+03,-0.015475,-0.000847,0.02343,1800.0
2.4604E+03,-0.015320,-0.002395,0.02343,1800.0
2.4605E+03,-0.015004,-0.003896,0.02343,1800.0
2.4606E+03,-0.014545,-0.005328,0.02343,1800.0
2.4607E+03,-0.013947,-0.006741,0.02343,1800.0
2.4608E+03,-0.013228,-0.008051,0.02343,1800.0
2.4609E+03,-0.012407,-0.009266,0.02343,1800.0
2.4610E+03,-0.011457,-0.010420,0.02343,1800.0
2.4611E+03,-0.010375,-0.011497,0.02343,1800.0
2.4612E+03,-0.009209,-0.012451,0.02343,1800.0
2.4613E+03,-0.007984,-0.013275,0.02343,1800.0
2.4614E+03,-0.006671,-0.013983,0.02343,1800.0
2.4615E+03,-0.005229,-0.014592,0.02343,1800.0
2.4616E+03,-0.003780,-0.015031,0.02343,1800.0
2.4617E+03,-0.002335,-0.015320,0.02343,1800.0
2.4618E+03,-0.000867,-0.015474,0.02343,1800.0
2.4619E+03,0.000666,-0.015477,0.02343,1800.0
2.4620E+03,0.002039,-0.015351,0.02343,1800.0
2.4621E+03,0.003548,-0.015073,0.02343,1800.0
2.4622E+03,0.004984,-0.014661,0.02343,1800.0
2.4623E+03,0.006341,-0.014134,0.02343,1800.0
2.4624E+03,0.007686,-0.013443,0.02343,1800.0
2.4625E+03,0.008980,-0.012622,0.02343,1800.0
2.4626E+03,0.010077,-0.011781,0.02343,1800.0
2.4627E+03,0.010779,-0.011144,0.02343,1800.0
2.4628E+03,0.011850,-0.009992,0.02343,1800.0
2.4629E+03,0.012764,-0.008792,0.02343,1800.0
2.4630E+03,0.013518,-0.007577,0.02343,1800.0
2.4631E+03,0.014187,-0.006222,0.02343,1800.0
2.4632E+03,0.014728,-0.004785,0.02343,1800.0
2.4633E+03,0.015121,-0.003343,0.02343,1800.0
2.4634E+03,0.015370,-0.001869,0.02343,1800.0
2.4635E+03,0.015476,-0.000346,0.02343,1800.0
2.4636E+03,0.015443,0.001179,0.02343,1800.0
2.4637E+03,0.015292,0.002521,0.02343,1800.0
2.4638E+03,0.014968,0.004033,0.02343,1800.0
2.4639E+03,0.014536,0.005392,0.02343,1800.0
2.4640E+03,0.013923,0.006809,0.02343,1800.0
2.4641E+03,0.013196,0.008120,0.02343,1800.0
2.4642E+03,0.012325,0.009386,0.02343,1800.0
2.4643E+03,0.011394,0.010489,0.02343,1800.0
2.4644E+03,0.010531,0.011360,0.02343,1800.0
2.4645E+03,0.009591,0.012160,0.02343,1800.0
2.4646E+03,0.008432,0.012986,0.02343,1800.0
2.4647E+03,0.007098,0.013763,0.02343,1800.0
2.4648E+03,0.005729,0.014393,0.02343,1800.0
2.4649E+03,0.004375,0.014867,0.02343,1800.0
2.4650E+03,0.002897,0.015223,0.02343,1800.0
2.4651E+03,0.001317,0.015449,0.02343,1800.0
2.4652E+03,-0.000165,0.015496,0.02343,0.0
2.4653E+03,-0.001611,0.015417,0.02343,0.0
2.4654E+03,-0.002992,0.015189,0.02343,0.0
2.4655E+03,-0.004480,0.014822,0.02343,0.0
2.4656E+03,-0.005903,0.014315,0.02343,0.0
2.4657E+03,-0.007237,0.013694,0.02343,1800.0
2.4658E+03,-0.008505,0.012940,0.02343,1800.0
2.4659E+03,-0.009700,0.012080,0.02343,1800.0
2.4660E+03,-0.010491,0.011422,0.02343,1800.0
2.4661E+03,-0.010505,0.011409,0.02343,1800.0
2.4662E+03,-0.010508,0.011377,0.02343,1800.0
2.4663E+03,-0.010866,0.006831,0.02343,1800.0
2.4664E+03,-0.011278,0.001610,0.02343,1800.0
2.4666E+03,-0.011312,0.001173,0.02343,1800.0
2.4667E+03,-0.011234,0.001688,0.02343,1800.0
2.4668E+03,-0.010953,0.002916,0.02343,1800.0
2.4669E+03,-0.010469,0.004348,0.02343,1800.0
2.4670E+03,-0.009816,0.005673,0.02343,1800.0
2.4671E+03,-0.009096,0.006783,0.02343,1800.0
2.4672E+03,-0.008120,0.007927,0.02343,1800.0
2.4673E+03,-0.006967,0.008972,0.02343,1800.0
2.4674E+03,-0.005700,0.009829,0.02343,1800.0
2.4675E+03,-0.004358,0.010483,0.02343,1800.0
2.4676E+03,-0.002954,0.010956,0.02343,1800.0
2.4677E+03,-0.001443,0.011249,0.02343,1800.0
2.4678E+03,0.000076,0.011334,0.02343,1800.0
2.4679E+03,0.001516,0.011239,0.02343,1800.0
2.4680E+03,0.002974,0.010936,0.02343,1800.0
2.4681E+03,0.004435,0.010431,0.02343,1800.0
2.4682E+03,0.005800,0.009736,0.02343,1800.0
2.4683E+03,0.007042,0.008896,0.02343,1800.0
2.4684E+03,0.008119,0.007922,0.02343,1800.0
2.4685E+03,0.009115,0.006764,0.02343,1800.0
2.4686E+03,0.009948,0.005487,0.02343,1800.0
2.4687E+03,0.010559,0.004174,0.02343,1800.0
2.4688E+03,0.011011,0.002759,0.02343,1800.0
2.4689E+03,0.011256,0.001355,0.02343,1800.0
2.4690E+03,0.011331,-0.000163,0.02343,1800.0
2.4691E+03,0.011218,-0.001656,0.02343,1800.0
2.4692E+03,0.010895,-0.003135,0.02343,1800.0
2.4693E+03,0.010378,-0.004558,0.02343,1800.0
2.4694E+03,0.009698,-0.005881,0.02343,1800.0
2.4695E+03,0.008851,-0.007093,0.02343,1800.0
2.4696E+03,0.007814,-0.008235,0.02343,1800.0
2.4697E+03,0.006668,-0.009196,0.02343,1800.0
2.4698E+03,0.005462,-0.009962,0.02343,1800.0
2.4699E+03,0.004080,-0.010591,0.02343,1800.0
2.4700E+03,0.002649,-0.011040,0.02343,1800.0
2.4701E+03,0.001131,-0.011283,0.02343,1800.0
2.4702E+03,-0.000396,-0.011329,0.02343,1800.0
2.4703E+03,-0.001864,-0.011185,0.02343,1800.0
2.4704E+03,-0.003297,-0.010846,0.02343,1800.0
2.4705E+03,-0.004698,-0.010314,0.02343,1800.0
2.4706E+03,-0.005916,-0.009687,0.02343,1800.0
2.4707E+03,-0.007190,-0.008785,0.02343,0.0
2.4708E+03,-0.008241,-0.007816,0.02343,0.0
2.4709E+03,-0.009237,-0.006617,0.02343,0.0
2.4710E+03,-0.010035,-0.005298,0.02343,0.0
2.4711E+03,-0.010641,-0.003940,0.02343,0.0
2.4712E+03,-0.011071,-0.002481,0.02343,0.0
2.4713E+03,-0.011292,-0.001032,0.02343,0.0
2.4714E+03,-0.011330,0.000411,0.02343,1800.0
2.4715E+03,-0.011316,0.001107,0.02343,1800.0
2.4716E+03,-0.011312,0.001173,0.02343,1800.0
2.4717E+03,-0.009959,0.000723,0.02343,1800.0
2.4718E+03,-0.005485,-0.000764,0.02343,1800.0
2.4719E+03,0.001665,-0.003142,0.02343,1800.0
2.4720E+03,0.008771,-0.005504,0.02343,1800.0
2.4723E+03,0.012122,-0.006618,0.02343,1800.0
2.4724E+03,0.012304,-0.006263,0.02343,1800.0
2.4725E+03,0.012789,-0.005141,0.02343,1800.0
2.4726E+03,0.013267,-0.003728,0.02343,1800.0
2.4727E+03,0.013582,-0.002370,0.02343,1800.0
2.4728E+03,0.013743,-0.001114,0.02343,1800.0
2.4729E+03,0.013780,0.000197,0.02343,1800.0
2.4730E+03,0.013679,0.001726,0.02343,1800.0
2.4731E+03,0.013430,0.003169,0.02343,1800.0
2.4732E+03,0.013019,0.004593,0.02343,1800.0
2.4733E+03,0.012450,0.006074,0.02343,1800.0
2.4734E+03,0.011697,0.007333,0.02343,1800.0
2.4735E+03,0.010828,0.008538,0.02343,1800.0
2.4736E+03,0.009786,0.009715,0.02343,1800.0
2.4737E+03,0.008679,0.010709,0.02343,1800.0
2.4738E+03,0.007451,0.011594,0.02343,1800.0
2.4739E+03,0.006162,0.012327,0.02343,1800.0
2.4740E+03,0.004944,0.012867,0.02343,1800.0
2.4741E+03,0.003498,0.013343,0.02343,1800.0
2.4742E+03,0.002101,0.013630,0.02343,1800.0
2.4743E+03,0.000579,0.013785,0.02343,1800.0
2.4744E+03,-0.000909,0.013776,0.02343,1800.0
2.4745E+03,-0.001948,0.013658,0.02343,1800.0
2.4746E+03,-0.003327,0.013386,0.02343,1800.0
2.4747E+03,-0.004785,0.012930,0.02343,1800.0
2.4748E+03,-0.006192,0.012316,0.02343,1800.0
2.4749E+03,-0.007501,0.011564,0.02343,1800.0
2.4750E+03,-0.008706,0.010685,0.02343,1800.0
2.4751E+03,-0.009826,0.009671,0.02343,1800.0
2.4752E+03,-0.010822,0.008536,0.02343,1800.0
2.4753E+03,-0.011682,0.007318,0.02343,1800.0
2.4754E+03,-0.012431,0.005972,0.02343,1800.0
2.4755E+03,-0.013000,0.004603,0.02343,1800.0
2.4756E+03,-0.013435,0.003173,0.02343,1800.0
2.4757E+03,-0.013674,0.001809,0.02343,1800.0
2.4758E+03,-0.013786,0.000375,0.02343,1800.0
2.4759E+03,-0.013743,-0.001118,0.02343,1800.0
2.4760E+03,-0.013526,-0.002632,0.02343,1800.0
2.4761E+03,-0.013154,-0.004119,0.02343,1800.0
2.4762E+03,-0.012612,-0.005552,0.02343,1800.0
2.4763E+03,-0.011948,-0.006876,0.02343,1800.0
2.4764E+03,-0.011152,-0.008101,0.02343,1800.0
2.4765E+03,-0.010180,-0.009300,0.02343,1800.0
2.4766E+03,-0.009086,-0.010387,0.02343,1800.0
2.4767E+03,-0.007935,-0.011291,0.02343,1800.0
2.4768E+03,-0.006638,-0.012106,0.02343,1800.0
2.4769E+03,-0.005241,-0.012765,0.02343,1800.0
2.4770E+03,-0.003894,-0.013233,0.02343,1800.0
2.4771E+03,-0.002414,-0.013572,0.02343,1800.0
2.4772E+03,-0.001314,-0.013734,0.02343,1800.0
2.4773E+03,-0.000030,-0.013784,0.02343,1800.0
2.4774E+03,0.001478,-0.013699,0.02343,1800.0
2.4775E+03,0.002850,-0.013492,0.02343,1800.0
2.4776E+03,0.004302,-0.013100,0.02343,0.0
2.4777E+03,0.005714,-0.012553,0.02343,0.0
2.4778E+03,0.007078,-0.011851,0.02343,0.0
2.4779E+03,0.008271,-0.011046,0.02343,0.0
2.4780E+03,0.009477,-0.010033,0.02343,0.0
2.4781E+03,0.010473,-0.008978,0.02343,0.0
2.4782E+03,0.011376,-0.007791,0.02343,0.0
2.4783E+03,0.011968,-0.006877,0.02343,1800.0
2.4784E+03,0.012122,-0.006618,0.02343,1800.0
2.4785E+03,0.012034,-0.006590,0.02343,1800.0
2.4786E+03,0.008910,-0.005600,0.02343,1800.0
2.4787E+03,0.001942,-0.003391,0.02343,1800.0
2.4788E+03,-0.005681,-0.000975,0.02343,1800.0
2.4789E+03,-0.011600,0.000901,0.02343,1800.0
2.4790E+03,-0.013005,0.001347,0.02343,1800.0
2.4791E+03,-0.013004,0.001351,0.02343,1800.0
2.4792E+03,-0.012995,0.001412,0.02343,1800.0
2.4793E+03,-0.012792,0.002580,0.02343,1800.0
2.4794E+03,-0.012398,0.004047,0.02343,1800.0
2.4795E+03,-0.011840,0.005480,0.02343,1800.0
2.4796E+03,-0.011136,0.006784,0.02343,1800.0
2.4797E+03,-0.010305,0.007983,0.02343,1800.0
2.4798E+03,-0.009323,0.009117,0.02343,1800.0
2.4799E+03,-0.008188,0.010151,0.02343,1800.0
2.4800E+03,-0.006988,0.011012,0.02343,1800.0
2.4801E+03,-0.005615,0.011785,0.02343,1800.0
2.4802E+03,-0.004249,0.012346,0.02343,1800.0
2.4803E+03,-0.002775,0.012771,0.02343,1800.0
2.4804E+03,-0.001374,0.012995,0.02343,1800.0
2.4805E+03,0.000158,0.013047,0.02343,1800.0
2.4806E+03,0.001685,0.012932,0.02343,1800.0
2.4807E+03,0.003175,0.012647,0.02343,1800.0
2.4808E+03,0.004597,0.012202,0.02343,1800.0
2.4809E+03,0.005812,0.011658,0.02343,1800.0
2.4810E+03,0.007106,0.010889,0.02343,1800.0
2.4811E+03,0.008354,0.010029,0.02343,1800.0
2.4812E+03,0.009452,0.009005,0.02343,1800.0
2.4813E+03,0.010455,0.007825,0.02343,1800.0
2.4814E+03,0.011291,0.006572,0.02343,1800.0
2.4815E+03,0.011943,0.005281,0.02343,1800.0
2.4816E+03,0.012467,0.003856,0.02343,1800.0
2.4817E+03,0.012829,0.002377,0.02343,1800.0
2.4818E+03,0.013011,0.000866,0.02343,1800.0
2.4819E+03,0.013031,-0.000647,0.02343,1800.0
2.4820E+03,0.012878,-0.002107,0.02343,1800.0
2.4821E+03,0.012542,-0.003567,0.02343,1800.0
2.4822E+03,0.012039,-0.005012,0.02343,1800.0
2.4823E+03,0.011397,-0.006357,0.02343,1800.0
2.4824E+03,0.010599,-0.007606,0.02343,1800.0
2.4825E+03,0.009654,-0.008780,0.02343,1800.0
2.4826E+03,0.008663,-0.009768,0.02343,1800.0
2.4827E+03,0.007462,-0.010710,0.02343,1800.0
2.4828E+03,0.006192,-0.011483,0.02343,1800.0
2.4829E+03,0.004846,-0.012111,0.02343,1800.0
2.4830E+03,0.003419,-0.012588,0.02343,1800.0
2.4831E+03,0.001941,-0.012897,0.02343,1800.0
2.4832E+03,0.000419,-0.013032,0.02343,1800.0
2.4833E+03,-0.001072,-0.012995,0.02343,1800.0
2.4834E+03,-0.002519,-0.012793,0.02343,1800.0
2.4835E+03,-0.004008,-0.012415,0.02343,1800.0
2.4836E+03,-0.005436,-0.011867,0.02343,1800.0
2.4837E+03,-0.006774,-0.011163,0.02343,1800.0
2.4838E+03,-0.008049,-0.010290,0.02343,1800.0
