2.4839E+03,-0.009109,-0.009367,0.02343,0.0
2.4840E+03,-0.010145,-0.008203,0.02343,0.0
2.4841E+03,-0.011002,-0.007010,0.02343,0.0
2.4842E+03,-0.011752,-0.005655,0.02343,0.0
2.4843E+03,-0.012273,-0.004414,0.02343,0.0
2.4844E+03,-0.012692,-0.002980,0.02343,0.0
2.4845E+03,-0.012954,-0.001466,0.02343,0.0
2.4846E+03,-0.013044,0.000033,0.02343,0.0
2.4847E+03,-0.013011,0.001234,0.02343,0.0
2.4848E+03,-0.013005,0.001347,0.02343,0.0
2.5183E+03,0.013165,-0.007956,0.02414,1800.0
2.5184E+03,0.013180,-0.007930,0.02414,1800.0
2.5185E+03,0.013426,-0.007469,0.02414,1800.0
2.5186E+03,0.014011,-0.006320,0.02414,1800.0
2.5187E+03,0.014565,-0.004947,0.02414,1800.0
2.5188E+03,0.014966,-0.003511,0.02414,1800.0
2.5189E+03,0.015229,-0.002057,0.02414,1800.0
2.5190E+03,0.015356,-0.000517,0.02414,1800.0
2.5191E+03,0.015334,0.000971,0.02414,1800.0
2.5192E+03,0.015150,0.002502,0.02414,1800.0
2.5193E+03,0.014843,0.003972,0.02414,1800.0
2.5194E+03,0.014394,0.005361,0.02414,1800.0
2.5195E+03,0.013804,0.006737,0.02414,1800.0
2.5196E+03,0.013071,0.008070,0.02414,1800.0
2.5197E+03,0.012219,0.009324,0.02414,1800.0
2.5198E+03,0.011223,0.010501,0.02414,1800.0
2.5199E+03,0.010145,0.011548,0.02414,1800.0
2.5200E+03,0.009025,0.012451,0.02414,1800.0
2.5201E+03,0.007736,0.013287,0.02414,1800.0
2.5202E+03,0.006397,0.013971,0.02414,1800.0
2.5203E+03,0.005150,0.014474,0.02414,1800.0
2.5204E+03,0.003710,0.014902,0.02414,1800.0
2.5205E+03,0.002193,0.015205,0.02414,1800.0
2.5206E+03,0.000684,0.015346,0.02414,1800.0
2.5207E+03,-0.000805,0.015337,0.02414,1800.0
2.5208E+03,-0.002210,0.015219,0.02414,1800.0
2.5209E+03,-0.003193,0.015035,0.02414,1800.0
2.5210E+03,-0.004593,0.014678,0.02414,1800.0
2.5211E+03,-0.005538,0.014348,0.02414,1800.0
2.5212E+03,-0.006932,0.013724,0.02414,1800.0
2.5213E+03,-0.008239,0.012976,0.02414,1800.0
2.5214E+03,-0.009458,0.012109,0.02414,1800.0
2.5215E+03,-0.010602,0.011114,0.02414,1800.0
2.5216E+03,-0.011639,0.010024,0.02414,1800.0
2.5217E+03,-0.012573,0.008824,0.02414,1800.0
2.5218E+03,-0.013386,0.007537,0.02414,1800.0
2.5219E+03,-0.014040,0.006224,0.02414,1800.0
2.5220E+03,-0.014526,0.004995,0.02414,1800.0
2.5221E+03,-0.014974,0.003490,0.02414,1800.0
2.5222E+03,-0.015245,0.002015,0.02414,1800.0
2.5223E+03,-0.015369,0.000576,0.02414,1800.0
2.5224E+03,-0.015345,-0.000951,0.02414,1800.0
2.5225E+03,-0.015172,-0.002451,0.02414,1800.0
2.5226E+03,-0.014843,-0.003959,0.02414,1800.0
2.5227E+03,-0.014402,-0.005347,0.02414,1800.0
2.5228E+03,-0.013810,-0.006718,0.02414,1800.0
2.5229E+03,-0.013086,-0.008040,0.02414,1800.0
2.5230E+03,-0.012236,-0.009277,0.02414,1800.0
2.5231E+03,-0.011268,-0.010451,0.02414,1800.0
2.5232E+03,-0.010194,-0.011499,0.02414,1800.0
2.5233E+03,-0.008997,-0.012462,0.02414,1800.0
2.5234E+03,-0.007780,-0.013262,0.02414,1800.0
2.5235E+03,-0.006403,-0.013987,0.02414,1800.0
2.5236E+03,-0.005105,-0.014493,0.02414,1800.0
2.5237E+03,-0.004152,-0.014801,0.02414,1800.0
2.5238E+03,-0.003023,-0.015064,0.02414,1800.0
2.5239E+03,-0.001794,-0.015258,0.02414,1800.0
2.5240E+03,-0.000399,-0.015356,0.02414,1800.0
2.5241E+03,0.001130,-0.015319,0.02414,1800.0
2.5242E+03,0.002611,-0.015141,0.02414,1800.0
2.5243E+03,0.004028,-0.014825,0.02414,1800.0
2.5244E+03,0.005484,-0.014357,0.02414,0.0
2.5245E+03,0.006882,-0.013751,0.02414,0.0
2.5246E+03,0.008165,-0.013028,0.02414,0.0
2.5247E+03,0.009458,-0.012120,0.02414,0.0
2.5248E+03,0.010584,-0.011149,0.02414,0.0
2.5249E+03,0.011630,-0.010041,0.02414,0.0
2.5250E+03,0.012525,-0.008900,0.02414,0.0
2.5251E+03,0.013016,-0.008191,0.02414,1800.0
2.5252E+03,0.013165,-0.007956,0.02414,1800.0
2.5253E+03,0.012722,-0.007778,0.02414,1800.0
2.5254E+03,0.010334,-0.006818,0.02414,1800.0
2.5255E+03,0.003128,-0.003920,0.02414,1800.0
2.5256E+03,-0.004280,-0.000941,0.02414,1800.0
2.5257E+03,-0.010848,0.001700,0.02414,1800.0
2.5258E+03,-0.011300,0.001882,0.02414,1800.0
2.5259E+03,-0.011331,0.001894,0.02414,1800.0
2.5260E+03,-0.011303,0.002061,0.02414,1800.0
2.5261E+03,-0.011015,0.003207,0.02414,1800.0
2.5262E+03,-0.010496,0.004610,0.02414,1800.0
2.5263E+03,-0.009792,0.005952,0.02414,1800.0
2.5264E+03,-0.008938,0.007173,0.02414,1800.0
2.5265E+03,-0.007942,0.008262,0.02414,1800.0
2.5266E+03,-0.006785,0.009244,0.02414,1800.0
2.5267E+03,-0.005484,0.010071,0.02414,1800.0
2.5268E+03,-0.004136,0.010708,0.02414,1800.0
2.5269E+03,-0.002778,0.011143,0.02414,1800.0
2.5270E+03,-0.001261,0.011419,0.02414,1800.0
2.5271E+03,0.000114,0.011471,0.02414,1800.0
2.5272E+03,0.001575,0.011355,0.02414,1800.0
2.5273E+03,0.003046,0.011049,0.02414,1800.0
2.5274E+03,0.004494,0.010547,0.02414,1800.0
2.5275E+03,0.005866,0.009844,0.02414,1800.0
2.5276E+03,0.007091,0.009004,0.02414,1800.0
2.5277E+03,0.008186,0.008021,0.02414,1800.0
2.5278E+03,0.009177,0.006886,0.02414,1800.0
2.5279E+03,0.009977,0.005651,0.02414,1800.0
2.5280E+03,0.010675,0.004227,0.02414,1800.0
2.5281E+03,0.011134,0.002804,0.02414,1800.0
2.5282E+03,0.011410,0.001293,0.02414,1800.0
2.5283E+03,0.011465,-0.000212,0.02414,1800.0
2.5284E+03,0.011349,-0.001683,0.02414,1800.0
2.5285E+03,0.011018,-0.003176,0.02414,1800.0
2.5286E+03,0.010515,-0.004564,0.02414,1800.0
2.5287E+03,0.009845,-0.005875,0.02414,1800.0
2.5288E+03,0.008980,-0.007115,0.02414,1800.0
2.5289E+03,0.008063,-0.008147,0.02414,1800.0
2.5290E+03,0.006914,-0.009157,0.02414,1800.0
2.5291E+03,0.005674,-0.009979,0.02414,1800.0
2.5292E+03,0.004402,-0.010613,0.02414,1800.0
2.5293E+03,0.002964,-0.011099,0.02414,1800.0
2.5294E+03,0.001446,-0.011391,0.02414,1800.0
2.5295E+03,-0.000083,-0.011469,0.02414,1800.0
2.5296E+03,-0.001573,-0.011355,0.02414,1800.0
2.5297E+03,-0.003018,-0.011063,0.02414,1800.0
2.5298E+03,-0.004439,-0.010567,0.02414,1800.0
2.5299E+03,-0.005802,-0.009882,0.02414,1800.0
2.5300E+03,-0.007050,-0.009031,0.02414,1800.0
2.5301E+03,-0.008181,-0.008046,0.02414,0.0
2.5302E+03,-0.009163,-0.006907,0.02414,0.0
2.5303E+03,-0.009962,-0.005682,0.02414,0.0
2.5304E+03,-0.010663,-0.004266,0.02414,0.0
2.5305E+03,-0.011124,-0.002869,0.02414,0.0
2.5306E+03,-0.011379,-0.001501,0.02414,0.0
2.5307E+03,-0.011470,-0.000056,0.02414,0.0
2.5308E+03,-0.011385,0.001354,0.02414,1800.0
2.5309E+03,-0.011334,0.001872,0.02414,1800.0
2.5310E+03,-0.011331,0.001894,0.02414,1800.0
2.5311E+03,-0.009350,0.001449,0.02414,1800.0
2.5312E+03,-0.003708,0.000181,0.02414,1800.0
2.5313E+03,0.003811,-0.001509,0.02414,1800.0
2.5314E+03,0.010248,-0.002956,0.02414,1800.0
2.5317E+03,0.013195,-0.003618,0.02414,1800.0
2.5318E+03,0.013390,-0.002773,0.02414,1800.0
2.5319E+03,0.013565,-0.001703,0.02414,1800.0
2.5320E+03,0.013661,-0.000446,0.02414,1800.0
2.5321E+03,0.013617,0.001032,0.02414,1800.0
2.5322E+03,0.013418,0.002535,0.02414,1800.0
2.5323E+03,0.013102,0.003857,0.02414,1800.0
2.5324E+03,0.012598,0.005286,0.02414,1800.0
2.5325E+03,0.011953,0.006619,0.02414,1800.0
2.5326E+03,0.011176,0.007871,0.02414,1800.0
2.5327E+03,0.010224,0.009089,0.02414,1800.0
2.5328E+03,0.009196,0.010120,0.02414,1800.0
2.5329E+03,0.008017,0.011074,0.02414,1800.0
2.5330E+03,0.006799,0.011856,0.02414,1800.0
2.5331E+03,0.005374,0.012556,0.02414,1800.0
2.5332E+03,0.003984,0.013073,0.02414,1800.0
2.5333E+03,0.002534,0.013421,0.02414,1800.0
2.5334E+03,0.001024,0.013618,0.02414,1800.0
2.5335E+03,-0.000486,0.013647,0.02414,1800.0
2.5336E+03,-0.001997,0.013511,0.02414,1800.0
2.5337E+03,-0.003487,0.013209,0.02414,1800.0
2.5338E+03,-0.004879,0.012765,0.02414,1800.0
2.5339E+03,-0.006280,0.012146,0.02414,1800.0
2.5340E+03,-0.007493,0.011442,0.02414,1800.0
2.5341E+03,-0.008707,0.010535,0.02414,1800.0
2.5342E+03,-0.009752,0.009576,0.02414,1800.0
2.5343E+03,-0.010725,0.008459,0.02414,1800.0
2.5344E+03,-0.011599,0.007205,0.02414,1800.0
2.5345E+03,-0.012333,0.005856,0.02414,1800.0
2.5346E+03,-0.012916,0.004430,0.02414,1800.0
2.5347E+03,-0.013329,0.002980,0.02414,1800.0
2.5348E+03,-0.013579,0.001544,0.02414,1800.0
2.5349E+03,-0.013668,0.000038,0.02414,1800.0
2.5350E+03,-0.013593,-0.001467,0.02414,1800.0
2.5351E+03,-0.013346,-0.002989,0.02414,1800.0
2.5352E+03,-0.012958,-0.004471,0.02414,1800.0
2.5353E+03,-0.012386,-0.005790,0.02414,1800.0
2.5354E+03,-0.011678,-0.007092,0.02414,1800.0
2.5355E+03,-0.010817,-0.008339,0.02414,1800.0
2.5356E+03,-0.009829,-0.009481,0.02414,1800.0
2.5357E+03,-0.008832,-0.010421,0.02414,1800.0
2.5358E+03,-0.007606,-0.011344,0.02414,1800.0
2.5359E+03,-0.006295,-0.012124,0.02414,1800.0
2.5360E+03,-0.004926,-0.012746,0.02414,1800.0
2.5361E+03,-0.003563,-0.013201,0.02414,1800.0
2.5362E+03,-0.002082,-0.013515,0.02414,1800.0
2.5363E+03,-0.000545,-0.013667,0.02414,1800.0
2.5364E+03,0.000972,-0.013640,0.02414,1800.0
2.5365E+03,0.002428,-0.013448,0.02414,1800.0
2.5366E+03,0.003920,-0.013085,0.02414,1800.0
2.5367E+03,0.005334,-0.012578,0.02414,1800.0
2.5368E+03,0.006690,-0.011898,0.02414,0.0
2.5369E+03,0.007957,-0.011103,0.02414,0.0
2.5370E+03,0.009115,-0.010162,0.02414,0.0
2.5371E+03,0.010208,-0.009077,0.02414,0.0
2.5372E+03,0.011148,-0.007903,0.02414,0.0
2.5373E+03,0.011923,-0.006673,0.02414,0.0
2.5374E+03,0.012549,-0.005448,0.02414,0.0
2.5375E+03,0.013074,-0.004011,0.02414,1800.0
2.5376E+03,0.013182,-0.003663,0.02414,1800.0
2.5377E+03,0.013195,-0.003618,0.02414,1800.0
2.5378E+03,0.011777,-0.003305,0.02414,1800.0
2.5379E+03,0.006271,-0.002091,0.02414,1800.0
2.5380E+03,-0.001410,-0.000397,0.02414,1800.0
2.5381E+03,-0.008694,0.001209,0.02414,1800.0
2.5382E+03,-0.012871,0.002130,0.02414,1800.0
2.5383E+03,-0.013010,0.002161,0.02414,1800.0
2.5384E+03,-0.012995,0.002251,0.02414,1800.0
2.5385E+03,-0.012881,0.002799,0.02414,1800.0
2.5386E+03,-0.012478,0.004265,0.02414,1800.0
2.5387E+03,-0.011944,0.005583,0.02414,1800.0
2.5388E+03,-0.011203,0.006948,0.02414,1800.0
2.5389E+03,-0.010328,0.008177,0.02414,1800.0
2.5390E+03,-0.009295,0.009314,0.02414,1800.0
2.5391E+03,-0.008197,0.010304,0.02414,1800.0
2.5392E+03,-0.007109,0.011077,0.02414,1800.0
2.5393E+03,-0.005779,0.011831,0.02414,1800.0
2.5394E+03,-0.004374,0.012425,0.02414,1800.0
2.5395E+03,-0.002920,0.012841,0.02414,1800.0
2.5396E+03,-0.001433,0.013100,0.02414,1800.0
2.5397E+03,-0.000003,0.013188,0.02414,1800.0
2.5398E+03,0.001550,0.013101,0.02414,1800.0
2.5399E+03,0.003055,0.012821,0.02414,1800.0
2.5400E+03,0.004500,0.012384,0.02414,1800.0
2.5401E+03,0.005872,0.011794,0.02414,1800.0
2.5402E+03,0.007194,0.011027,0.02414,1800.0
2.5403E+03,0.008378,0.010154,0.02414,1800.0
2.5404E+03,0.009466,0.009142,0.02414,1800.0
2.5405E+03,0.010446,0.008017,0.02414,1800.0
2.5406E+03,0.011282,0.006784,0.02414,1800.0
2.5407E+03,0.012005,0.005422,0.02414,1800.0
2.5408E+03,0.012552,0.003998,0.02414,1800.0
2.5409E+03,0.012910,0.002731,0.02414,1800.0
2.5410E+03,0.013128,0.001189,0.02414,1800.0
2.5411E+03,0.013172,-0.000295,0.02414,1800.0
2.5412E+03,0.013042,-0.001830,0.02414,1800.0
2.5413E+03,0.012758,-0.003272,0.02414,1800.0
2.5414E+03,0.012303,-0.004694,0.02414,1800.0
2.5415E+03,0.011678,-0.006077,0.02414,1800.0
2.5416E+03,0.010893,-0.007391,0.02414,1800.0
2.5417E+03,0.009997,-0.008580,0.02414,1800.0
2.5418E+03,0.009007,-0.009622,0.02414,1800.0
2.5419E+03,0.007847,-0.010580,0.02414,1800.0
2.5420E+03,0.006572,-0.011420,0.02414,1800.0
2.5421E+03,0.005214,-0.012114,0.02414,1800.0
2.5422E+03,0.003818,-0.012620,0.02414,1800.0
2.5423E+03,0.002297,-0.012974,0.02414,1800.0
2.5424E+03,0.000773,-0.013146,0.02414,1800.0
2.5425E+03,-0.000721,-0.013153,0.02414,1800.0
2.5426E+03,-0.002064,-0.013004,0.02414,1800.0
2.5427E+03,-0.003524,-0.012689,0.02414,1800.0
2.5428E+03,-0.004941,-0.012201,0.02414,1800.0
2.5429E+03,-0.006321,-0.011553,0.02414,1800.0
2.5430E+03,-0.007600,-0.010765,0.02414,1800.0
2.5431E+03,-0.008740,-0.009857,0.02414,1800.0
