5.4231E+02,0.004981,-0.011365,0.00497,0.0
5.4241E+02,0.003592,-0.011887,0.00497,0.0
5.4251E+02,0.002175,-0.012221,0.00497,0.0
5.4261E+02,0.000674,-0.012401,0.00497,0.0
5.4271E+02,-0.000832,-0.012392,0.00497,0.0
5.4281E+02,-0.002373,-0.012199,0.00497,0.0
5.4290E+02,-0.003688,-0.011860,0.00497,0.0
5.4300E+02,-0.004433,-0.011616,0.00497,0.0
5.4320E+02,-0.004534,-0.011581,0.00497,0.0
5.8950E+02,0.010733,0.014099,0.00568,1800.0
5.8960E+02,0.010753,0.014152,0.00568,1800.0
5.8970E+02,0.010754,0.014156,0.00568,1800.0
5.8980E+02,0.010620,0.014258,0.00568,1800.0
5.8990E+02,0.009586,0.014948,0.00568,1800.0
5.9000E+02,0.008303,0.015698,0.00568,1800.0
5.9010E+02,0.006951,0.016337,0.00568,1800.0
5.9021E+02,0.005567,0.016883,0.00568,1800.0
5.9031E+02,0.004141,0.017292,0.00568,1800.0
5.9041E+02,0.002591,0.017571,0.00568,1800.0
5.9051E+02,0.001137,0.017724,0.00568,1800.0
5.9061E+02,-0.000423,0.017767,0.00568,1800.0
5.9071E+02,-0.001910,0.017674,0.00568,1800.0
5.9080E+02,-0.003170,0.017482,0.00568,1800.0
5.9090E+02,-0.004683,0.017135,0.00568,1800.0
5.9100E+02,-0.006139,0.016663,0.00568,1800.0
5.9110E+02,-0.007535,0.016083,0.00568,1800.0
5.9120E+02,-0.008850,0.015396,0.00568,1800.0
5.9130E+02,-0.010122,0.014590,0.00568,1800.0
5.9140E+02,-0.011354,0.013654,0.00568,1800.0
5.9150E+02,-0.012481,0.012641,0.00568,1800.0
5.9160E+02,-0.013461,0.011587,0.00568,1800.0
5.9170E+02,-0.014406,0.010399,0.00568,1800.0
5.9180E+02,-0.015263,0.009115,0.00568,1800.0
5.9191E+02,-0.015981,0.007779,0.00568,1800.0
5.9201E+02,-0.016580,0.006387,0.00568,1800.0
5.9211E+02,-0.017061,0.004953,0.00568,1800.0
5.9221E+02,-0.017409,0.003545,0.00568,1800.0
5.9231E+02,-0.017637,0.002060,0.00568,1800.0
5.9241E+02,-0.017745,0.000532,0.00568,1800.0
5.9250E+02,-0.017737,-0.000826,0.00568,1800.0
5.9260E+02,-0.017614,-0.002315,0.00568,1800.0
5.9270E+02,-0.017346,-0.003819,0.00568,1800.0
5.9280E+02,-0.016957,-0.005290,0.00568,1800.0
5.9290E+02,-0.016475,-0.006654,0.00568,1800.0
5.9300E+02,-0.015839,-0.008076,0.00568,1800.0
5.9310E+02,-0.015072,-0.009404,0.00568,1800.0
5.9320E+02,-0.014251,-0.010609,0.00568,1800.0
5.9330E+02,-0.013267,-0.011813,0.00568,1800.0
5.9340E+02,-0.012258,-0.012859,0.00568,1800.0
5.9350E+02,-0.011141,-0.013824,0.00568,1800.0
5.9361E+02,-0.009928,-0.014724,0.00568,1800.0
5.9371E+02,-0.008643,-0.015516,0.00568,1800.0
5.9381E+02,-0.007271,-0.016200,0.00568,1800.0
5.9391E+02,-0.005845,-0.016774,0.00568,1800.0
5.9401E+02,-0.004445,-0.017198,0.00568,1800.0
5.9411E+02,-0.002937,-0.017527,0.00568,1800.0
5.9420E+02,-0.001547,-0.017708,0.00568,1800.0
5.9430E+02,-0.000080,-0.017769,0.00568,1800.0
5.9440E+02,0.001462,-0.017703,0.00568,1800.0
5.9450E+02,0.002958,-0.017513,0.00568,1800.0
5.9460E+02,0.004403,-0.017209,0.00568,1800.0
5.9470E+02,0.005777,-0.016771,0.00568,1800.0
5.9480E+02,0.007181,-0.016217,0.00568,1800.0
5.9490E+02,0.008578,-0.015549,0.00568,1800.0
5.9500E+02,0.009861,-0.014773,0.00568,1800.0
5.9510E+02,0.011067,-0.013896,0.00568,1800.0
5.9520E+02,0.012192,-0.012919,0.00568,1800.0
5.9531E+02,0.013271,-0.011823,0.00568,1800.0
5.9541E+02,0.014222,-0.010660,0.00568,1800.0
5.9551E+02,0.015070,-0.009406,0.00568,1800.0
5.9561E+02,0.015821,-0.008073,0.00568,1800.0
5.9571E+02,0.016435,-0.006752,0.00568,1800.0
5.9581E+02,0.016939,-0.005338,0.00568,1800.0
5.9590E+02,0.017274,-0.004133,0.00568,1800.0
5.9600E+02,0.017513,-0.002983,0.00568,1800.0
5.9610E+02,0.017662,-0.001937,0.00568,1800.0
5.9620E+02,0.017747,-0.000738,0.00568,1800.0
5.9630E+02,0.017749,0.000684,0.00568,1800.0
5.9640E+02,0.017647,0.002081,0.00568,1800.0
5.9650E+02,0.017506,0.003061,0.00568,1800.0
5.9660E+02,0.017319,0.004004,0.00568,1800.0
5.9670E+02,0.016934,0.005377,0.00568,1800.0
5.9680E+02,0.016415,0.006782,0.00568,0.0
5.9690E+02,0.015775,0.008163,0.00568,0.0
5.9701E+02,0.015007,0.009495,0.00568,0.0
5.9711E+02,0.014124,0.010759,0.00568,0.0
5.9721E+02,0.013190,0.011891,0.00568,0.0
5.9731E+02,0.012159,0.012945,0.00568,0.0
5.9741E+02,0.011176,0.013823,0.00568,1800.0
5.9751E+02,0.010754,0.014156,0.00568,1800.0
5.9760E+02,0.010744,0.014141,0.00568,1800.0
5.9770E+02,0.010491,0.013748,0.00568,1800.0
5.9780E+02,0.006697,0.007859,0.00568,1800.0
5.9790E+02,0.002599,0.001499,0.00568,1800.0
5.9800E+02,-0.001598,-0.005015,0.00568,1800.0
5.9810E+02,-0.003436,-0.007868,0.00568,1800.0
5.9820E+02,-0.003718,-0.008305,0.00568,1800.0
5.9830E+02,-0.003749,-0.008277,0.00568,1800.0
5.9840E+02,-0.004365,-0.007926,0.00568,1800.0
5.9850E+02,-0.005587,-0.007131,0.00568,1800.0
5.9860E+02,-0.006705,-0.006104,0.00568,1800.0
5.9871E+02,-0.007613,-0.004932,0.00568,1800.0
5.9881E+02,-0.008343,-0.003604,0.00568,1800.0
5.9891E+02,-0.008820,-0.002203,0.00568,1800.0
5.9901E+02,-0.009057,-0.000699,0.00568,1800.0
5.9911E+02,-0.009033,0.000826,0.00568,1800.0
5.9921E+02,-0.008778,0.002285,0.00568,1800.0
5.9930E+02,-0.008318,0.003577,0.00568,1800.0
5.9940E+02,-0.007631,0.004881,0.00568,1800.0
5.9950E+02,-0.006722,0.006059,0.00568,1800.0
5.9960E+02,-0.005608,0.007121,0.00568,1800.0
5.9970E+02,-0.004363,0.007948,0.00568,1800.0
5.9980E+02,-0.002995,0.008567,0.00568,1800.0
5.9990E+02,-0.001557,0.008944,0.00568,1800.0
6.0000E+02,-0.000018,0.009093,0.00568,1800.0
6.0010E+02,0.001412,0.008976,0.00568,1800.0
6.0020E+02,0.002905,0.008606,0.00568,1800.0
6.0030E+02,0.004269,0.007998,0.00568,1800.0
6.0040E+02,0.005529,0.007178,0.00568,1800.0
6.0051E+02,0.006643,0.006164,0.00568,1800.0
6.0061E+02,0.007573,0.004965,0.00568,1800.0
6.0071E+02,0.008295,0.003630,0.00568,1800.0
6.0081E+02,0.008784,0.002211,0.00568,1800.0
6.0091E+02,0.009036,0.000740,0.00568,1800.0
6.0101E+02,0.009039,-0.000766,0.00568,1800.0
6.0110E+02,0.008853,-0.002085,0.00568,1800.0
6.0120E+02,0.008387,-0.003519,0.00568,1800.0
6.0130E+02,0.007677,-0.004851,0.00568,1800.0
6.0140E+02,0.006743,-0.006070,0.00568,1800.0
6.0150E+02,0.005685,-0.007055,0.00568,0.0
6.0160E+02,0.004417,-0.007918,0.00568,0.0
6.0170E+02,0.003044,-0.008528,0.00568,0.0
6.0180E+02,0.001614,-0.008916,0.00568,0.0
6.0190E+02,0.000111,-0.009058,0.00568,0.0
6.0200E+02,-0.001405,-0.008949,0.00568,0.0
6.0210E+02,-0.002810,-0.008634,0.00568,1800.0
6.0221E+02,-0.003710,-0.008308,0.00568,1800.0
6.0241E+02,-0.003718,-0.008305,0.00568,1800.0
6.0251E+02,-0.000530,-0.003768,0.00568,1800.0
6.0261E+02,0.003871,0.002496,0.00568,1800.0
6.0271E+02,0.008132,0.008560,0.00568,1800.0
6.0280E+02,0.010026,0.011256,0.00568,1800.0
6.0300E+02,0.010607,0.012083,0.00568,1800.0
6.0310E+02,0.010405,0.012251,0.00568,1800.0
6.0320E+02,0.009630,0.012849,0.00568,1800.0
6.0330E+02,0.008357,0.013718,0.00568,1800.0
6.0340E+02,0.007045,0.014441,0.00568,1800.0
6.0350E+02,0.005692,0.015036,0.00568,1800.0
6.0360E+02,0.004261,0.015502,0.00568,1800.0
6.0370E+02,0.002766,0.015825,0.00568,1800.0
6.0380E+02,0.001257,0.016013,0.00568,1800.0
6.0391E+02,-0.000196,0.016060,0.00568,1800.0
6.0401E+02,-0.001699,0.015966,0.00568,1800.0
6.0411E+02,-0.003212,0.015732,0.00568,1800.0
6.0421E+02,-0.004685,0.015360,0.00568,1800.0
6.0431E+02,-0.006119,0.014845,0.00568,1800.0
6.0441E+02,-0.007489,0.014204,0.00568,1800.0
6.0450E+02,-0.008648,0.013547,0.00568,1800.0
6.0460E+02,-0.009800,0.012670,0.00568,1800.0
6.0470E+02,-0.010982,0.011741,0.00568,1800.0
6.0480E+02,-0.012030,0.010649,0.00568,1800.0
6.0490E+02,-0.012997,0.009442,0.00568,1800.0
6.0500E+02,-0.013727,0.008346,0.00568,1800.0
6.0510E+02,-0.014283,0.007348,0.00568,1800.0
6.0520E+02,-0.014848,0.006103,0.00568,1800.0
6.0530E+02,-0.015278,0.004981,0.00568,1800.0
6.0540E+02,-0.015536,0.004068,0.00568,1800.0
6.0550E+02,-0.015778,0.003024,0.00568,1800.0
6.0561E+02,-0.015945,0.001898,0.00568,1800.0
6.0571E+02,-0.016059,0.000435,0.00568,1800.0
6.0581E+02,-0.016036,-0.001042,0.00568,1800.0
6.0591E+02,-0.015887,-0.002421,0.00568,1800.0
6.0601E+02,-0.015692,-0.003469,0.00568,1800.0
6.0611E+02,-0.015437,-0.004459,0.00568,1800.0
6.0620E+02,-0.015168,-0.005295,0.00568,1800.0
6.0630E+02,-0.014676,-0.006506,0.00568,1800.0
6.0640E+02,-0.014152,-0.007609,0.00568,1800.0
6.0650E+02,-0.013547,-0.008628,0.00568,1800.0
6.0660E+02,-0.012705,-0.009819,0.00568,1800.0
6.0670E+02,-0.011733,-0.010964,0.00568,1800.0
6.0680E+02,-0.010692,-0.011985,0.00568,1800.0
6.0690E+02,-0.009495,-0.012965,0.00568,1800.0
6.0700E+02,-0.008257,-0.013794,0.00568,1800.0
6.0710E+02,-0.006907,-0.014512,0.00568,1800.0
6.0720E+02,-0.005522,-0.015090,0.00568,1800.0
6.0731E+02,-0.004080,-0.015538,0.00568,1800.0
6.0741E+02,-0.002589,-0.015848,0.00568,1800.0
6.0751E+02,-0.001112,-0.016021,0.00568,1800.0
6.0761E+02,0.000395,-0.016052,0.00568,1800.0
6.0771E+02,0.001927,-0.015939,0.00568,1800.0
6.0781E+02,0.003393,-0.015697,0.00568,1800.0
6.0790E+02,0.004649,-0.015378,0.00568,1800.0
6.0800E+02,0.006085,-0.014870,0.00568,1800.0
6.0810E+02,0.007477,-0.014234,0.00568,1800.0
6.0820E+02,0.008784,-0.013465,0.00568,1800.0
6.0830E+02,0.010021,-0.012562,0.00568,1800.0
6.0840E+02,0.010812,-0.011890,0.00568,1800.0
6.0850E+02,0.011806,-0.010888,0.00568,1800.0
6.0860E+02,0.012758,-0.009746,0.00568,1800.0
6.0870E+02,0.013593,-0.008551,0.00568,1800.0
6.0880E+02,0.014327,-0.007243,0.00568,1800.0
6.0890E+02,0.014953,-0.005841,0.00568,1800.0
6.0901E+02,0.015443,-0.004393,0.00568,1800.0
6.0911E+02,0.015791,-0.002931,0.00568,1800.0
6.0921E+02,0.015990,-0.001484,0.00568,1800.0
6.0931E+02,0.016068,0.000064,0.00568,1800.0
6.0941E+02,0.016001,0.001486,0.00568,1800.0
6.0951E+02,0.015778,0.003027,0.00568,0.0
6.0960E+02,0.015471,0.004322,0.00568,0.0
6.0970E+02,0.014972,0.005798,0.00568,0.0
6.0980E+02,0.014370,0.007168,0.00568,0.0
6.0990E+02,0.013640,0.008466,0.00568,0.0
6.1000E+02,0.012797,0.009697,0.00568,0.0
6.1010E+02,0.011837,0.010847,0.00568,0.0
6.1020E+02,0.010984,0.011738,0.00568,1800.0
6.1030E+02,0.010607,0.012083,0.00568,1800.0
6.1040E+02,0.010503,0.011931,0.00568,1800.0
6.1050E+02,0.009739,0.010815,0.00568,1800.0
6.1060E+02,0.005630,0.004818,0.00568,1800.0
6.1071E+02,0.000958,-0.002000,0.00568,1800.0
6.1081E+02,-0.003173,-0.008031,0.00568,1800.0
6.1091E+02,-0.004293,-0.009665,0.00568,1800.0
6.1101E+02,-0.004422,-0.009854,0.00568,1800.0
6.1111E+02,-0.004529,-0.009801,0.00568,1800.0
6.1121E+02,-0.005287,-0.009374,0.00568,1800.0
6.1130E+02,-0.006418,-0.008644,0.00568,1800.0
6.1140E+02,-0.007592,-0.007647,0.00568,1800.0
6.1150E+02,-0.008612,-0.006494,0.00568,1800.0
6.1160E+02,-0.009404,-0.005280,0.00568,1800.0
6.1170E+02,-0.010045,-0.003937,0.00568,1800.0
6.1180E+02,-0.010511,-0.002417,0.00568,1800.0
6.1190E+02,-0.010736,-0.000917,0.00568,1800.0
6.1200E+02,-0.010760,0.000570,0.00568,1800.0
6.1210E+02,-0.010572,0.002021,0.00568,1800.0
6.1220E+02,-0.010197,0.003448,0.00568,1800.0
6.1230E+02,-0.009611,0.004848,0.00568,1800.0
6.1241E+02,-0.008825,0.006167,0.00568,1800.0
6.1251E+02,-0.007861,0.007354,0.00568,1800.0
6.1261E+02,-0.006771,0.008379,0.00568,1800.0
6.1271E+02,-0.005603,0.009199,0.00568,1800.0
6.1281E+02,-0.004253,0.009911,0.00568,1800.0
6.1291E+02,-0.002853,0.010412,0.00568,1800.0
6.1300E+02,-0.001483,0.010675,0.00568,1800.0
6.1310E+02,0.000038,0.010768,0.00568,1800.0
6.1320E+02,0.001497,0.010663,0.00568,1800.0
6.1330E+02,0.002976,0.010339,0.00568,1800.0
6.1340E+02,0.004421,0.009818,0.00568,1800.0
6.1350E+02,0.005728,0.009113,0.00568,1800.0
6.1360E+02,0.006919,0.008243,0.00568,1800.0
6.1370E+02,0.008020,0.007188,0.00568,1800.0
6.1380E+02,0.008961,0.005986,0.00568,1800.0
6.1390E+02,0.009722,0.004671,0.00568,1800.0
6.1400E+02,0.010274,0.003285,0.00568,1800.0
6.1411E+02,0.010623,0.001886,0.00568,1800.0
6.1421E+02,0.010776,0.000351,0.00568,1800.0
6.1431E+02,0.010719,-0.001134,0.00568,1800.0
6.1441E+02,0.010452,-0.002607,0.00568,1800.0
6.1451E+02,0.009970,-0.004056,0.00568,1800.0
6.1461E+02,0.009288,-0.005441,0.00568,1800.0
6.1470E+02,0.008539,-0.006559,0.00568,1800.0
6.1480E+02,0.007576,-0.007661,0.00568,1800.0
6.1490E+02,0.006427,-0.008643,0.00568,0.0
6.1500E+02,0.005151,-0.009463,0.00568,0.0
6.1510E+02,0.003773,-0.010106,0.00568,0.0
6.1520E+02,0.002291,-0.010551,0.00568,0.0
6.1530E+02,0.000792,-0.010751,0.00568,0.0
6.1540E+02,-0.000682,-0.010754,0.00568,0.0
6.1550E+02,-0.002101,-0.010565,0.00568,0.0
6.1560E+02,-0.003602,-0.010147,0.00568,1800.0
6.1570E+02,-0.004291,-0.009908,0.00568,1800.0
6.1581E+02,-0.004422,-0.009854,0.00568,1800.0
6.1591E+02,-0.003778,-0.008978,0.00568,1800.0
6.1601E+02,-0.001216,-0.005495,0.00568,1800.0
6.1611E+02,0.003567,0.001008,0.00568,1800.0
6.1621E+02,0.007818,0.006788,0.00568,1800.0
6.1650E+02,0.010244,0.010086,0.00568,1800.0
6.1660E+02,0.009866,0.010452,0.00568,1800.0
6.1670E+02,0.008902,0.011267,0.00568,1800.0
6.1680E+02,0.007674,0.012129,0.00568,1800.0
6.1690E+02,0.006361,0.012866,0.00568,1800.0
6.1700E+02,0.004960,0.013470,0.00568,1800.0
6.1710E+02,0.003497,0.013924,0.00568,1800.0
6.1720E+02,0.002048,0.014210,0.00568,1800.0
6.1730E+02,0.000559,0.014353,0.00568,1800.0
6.1740E+02,-0.000976,0.014333,0.00568,1800.0
6.1751E+02,-0.002506,0.014156,0.00568,1800.0
6.1761E+02,-0.003913,0.013829,0.00568,1800.0
6.1771E+02,-0.005326,0.013349,0.00568,1800.0
6.1781E+02,-0.006705,0.012699,0.00568,1800.0
6.1791E+02,-0.008030,0.011906,0.00568,1800.0
6.1801E+02,-0.009253,0.010976,0.00568,1800.0
6.1810E+02,-0.010252,0.010040,0.00568,1800.0
6.1820E+02,-0.011254,0.008919,0.00568,1800.0
6.1830E+02,-0.012113,0.007701,0.00568,1800.0
6.1840E+02,-0.012782,0.006562,0.00568,1800.0
6.1850E+02,-0.013180,0.005698,0.00568,1800.0
6.1860E+02,-0.013724,0.004252,0.00568,1800.0
6.1870E+02,-0.014108,0.002755,0.00568,1800.0
6.1880E+02,-0.014300,0.001380,0.00568,1800.0
6.1890E+02,-0.014362,-0.000148,0.00568,1800.0
6.1900E+02,-0.014255,-0.001691,0.00568,1800.0
6.1910E+02,-0.013985,-0.003199,0.00568,1800.0
6.1920E+02,-0.013581,-0.004655,0.00568,1800.0
6.1931E+02,-0.013128,-0.005825,0.00568,1800.0
6.1941E+02,-0.012589,-0.006902,0.00568,1800.0
6.1951E+02,-0.011867,-0.008080,0.00568,1800.0
6.1961E+02,-0.010964,-0.009265,0.00568,1800.0
6.1971E+02,-0.009945,-0.010361,0.00568,1800.0
6.1981E+02,-0.008842,-0.011322,0.00568,1800.0
6.1990E+02,-0.007720,-0.012122,0.00568,1800.0
6.2000E+02,-0.006353,-0.012889,0.00568,1800.0
6.2010E+02,-0.004989,-0.013466,0.00568,1800.0
6.2020E+02,-0.003576,-0.013907,0.00568,1800.0
6.2030E+02,-0.002119,-0.014197,0.00568,1800.0
6.2040E+02,-0.000601,-0.014339,0.00568,1800.0
6.2050E+02,0.000919,-0.014326,0.00568,1800.0
6.2060E+02,0.002418,-0.014149,0.00568,1800.0
6.2070E+02,0.003892,-0.013818,0.00568,1800.0
6.2080E+02,0.005282,-0.013358,0.00568,1800.0
6.2091E+02,0.006700,-0.012712,0.00568,1800.0
6.2101E+02,0.007997,-0.011939,0.00568,1800.0
6.2111E+02,0.009156,-0.011085,0.00568,1800.0
6.2121E+02,0.010298,-0.010003,0.00568,1800.0
6.2131E+02,0.011291,-0.008882,0.00568,1800.0
6.2141E+02,0.012126,-0.007689,0.00568,1800.0
6.2150E+02,0.012800,-0.006490,0.00568,1800.0
6.2160E+02,0.013405,-0.005127,0.00568,1800.0
6.2170E+02,0.013867,-0.003698,0.00568,1800.0
6.2180E+02,0.014190,-0.002160,0.00568,1800.0
6.2190E+02,0.014346,-0.000662,0.00568,1800.0
6.2200E+02,0.014334,0.000808,0.00568,0.0
6.2210E+02,0.014177,0.002359,0.00568,0.0
6.2220E+02,0.013892,0.003687,0.00568,0.0
6.2230E+02,0.013544,0.004809,0.00568,0.0
6.2240E+02,0.013185,0.005716,0.00568,0.0
6.2250E+02,0.012605,0.006885,0.00568,0.0
6.2261E+02,0.011825,0.008133,0.00568,0.0
6.2271E+02,0.010908,0.009331,0.00568,1800.0
6.2281E+02,0.010350,0.009974,0.00568,1800.0
6.2291E+02,0.010244,0.010086,0.00568,1800.0
6.2301E+02,0.009852,0.009539,0.00568,1800.0
6.2311E+02,0.007616,0.006412,0.00568,1800.0
6.2320E+02,0.003553,0.000731,0.00568,1800.0
6.2330E+02,-0.000938,-0.005547,0.00568,1800.0
6.2340E+02,-0.004762,-0.010894,0.00568,1800.0
6.2350E+02,-0.005123,-0.011399,0.00568,1800.0
6.2360E+02,-0.005126,-0.011403,0.00568,1800.0
6.2370E+02,-0.005542,-0.011196,0.00568,1800.0
6.2380E+02,-0.006644,-0.010551,0.00568,1800.0
6.2390E+02,-0.007884,-0.009657,0.00568,1800.0
6.2400E+02,-0.009012,-0.008616,0.00568,1800.0
6.2410E+02,-0.009987,-0.007480,0.00568,1800.0
6.2420E+02,-0.010799,-0.006254,0.00568,1800.0
6.2431E+02,-0.011479,-0.004905,0.00568,1800.0
6.2441E+02,-0.011991,-0.003477,0.00568,1800.0
6.2451E+02,-0.012337,-0.001958,0.00568,1800.0
6.2461E+02,-0.012482,-0.000545,0.00568,1800.0
6.2471E+02,-0.012445,0.001000,0.00568,1800.0
6.2481E+02,-0.012216,0.002540,0.00568,1800.0
6.2490E+02,-0.011859,0.003842,0.00568,1800.0
6.2500E+02,-0.011307,0.005249,0.00568,1800.0
6.2510E+02,-0.010602,0.006554,0.00568,1800.0
6.2520E+02,-0.009739,0.007770,0.00568,1800.0
6.2530E+02,-0.008726,0.008910,0.00568,1800.0
6.2540E+02,-0.007617,0.009879,0.00568,1800.0
6.2550E+02,-0.006417,0.010701,0.00568,1800.0
6.2560E+02,-0.005056,0.011430,0.00568,1800.0
6.2570E+02,-0.003657,0.011949,0.00568,1800.0
6.2580E+02,-0.002148,0.012301,0.00568,1800.0
6.2590E+02,-0.000701,0.012465,0.00568,1800.0
6.2600E+02,0.000798,0.012457,0.00568,1800.0
6.2611E+02,0.002302,0.012262,0.00568,1800.0
6.2621E+02,0.003782,0.011888,0.00568,1800.0
6.2631E+02,0.005177,0.011341,0.00568,1800.0
6.2641E+02,0.006513,0.010629,0.00568,1800.0
6.2651E+02,0.007757,0.009762,0.00568,1800.0
6.2661E+02,0.008852,0.008792,0.00568,1800.0
6.2670E+02,0.009765,0.007779,0.00568,1800.0
6.2680E+02,0.010637,0.006537,0.00568,1800.0
6.2690E+02,0.011358,0.005194,0.00568,1800.0
6.2700E+02,0.011896,0.003773,0.00568,1800.0
6.2710E+02,0.012253,0.002333,0.00568,1800.0
6.2720E+02,0.012445,0.000846,0.00568,1800.0
6.2730E+02,0.012452,-0.000694,0.00568,1800.0
6.2740E+02,0.012287,-0.002170,0.00568,1800.0
6.2750E+02,0.011942,-0.003603,0.00568,1800.0
6.2760E+02,0.011410,-0.005036,0.00568,1800.0
6.2770E+02,0.010705,-0.006400,0.00568,1800.0
6.2781E+02,0.009879,-0.007628,0.00568,1800.0
6.2791E+02,0.008900,-0.008755,0.00568,1800.0
6.2801E+02,0.007819,-0.009746,0.00568,1800.0
6.2811E+02,0.006583,-0.010621,0.00568,1800.0
