2.8125E+03,-0.011641,-0.004017,0.02911,0.0
2.8126E+03,-0.012065,-0.002591,0.02911,0.0
2.8127E+03,-0.012297,-0.001258,0.02911,0.0
2.8128E+03,-0.012363,0.000214,0.02911,0.0
2.8129E+03,-0.012240,0.001724,0.02911,0.0
2.8130E+03,-0.011926,0.003235,0.02911,0.0
2.8131E+03,-0.011470,0.004596,0.02911,0.0
2.8132E+03,-0.010999,0.005636,0.02911,0.0
2.8134E+03,-0.010861,0.005922,0.02911,0.0
2.8337E+03,-0.002880,-0.014094,0.02982,1800.0
2.8338E+03,-0.002862,-0.014097,0.02982,1800.0
2.8339E+03,-0.002679,-0.014127,0.02982,1800.0
2.8340E+03,-0.001245,-0.014316,0.02982,1800.0
2.8341E+03,0.000234,-0.014366,0.02982,1800.0
2.8342E+03,0.001395,-0.014307,0.02982,1800.0
2.8343E+03,0.002563,-0.014142,0.02982,1800.0
2.8344E+03,0.003943,-0.013802,0.02982,1800.0
2.8345E+03,0.005337,-0.013327,0.02982,1800.0
2.8346E+03,0.006696,-0.012696,0.02982,1800.0
2.8347E+03,0.008007,-0.011912,0.02982,1800.0
2.8348E+03,0.009193,-0.011033,0.02982,1800.0
2.8349E+03,0.010270,-0.010044,0.02982,1800.0
2.8350E+03,0.011184,-0.009029,0.02982,1800.0
2.8351E+03,0.012117,-0.007743,0.02982,1800.0
2.8352E+03,0.012853,-0.006412,0.02982,1800.0
2.8353E+03,0.013448,-0.005038,0.02982,1800.0
2.8354E+03,0.013903,-0.003596,0.02982,1800.0
2.8355E+03,0.014195,-0.002126,0.02982,1800.0
2.8356E+03,0.014343,-0.000662,0.02982,1800.0
2.8357E+03,0.014329,0.000851,0.02982,1800.0
2.8358E+03,0.014156,0.002380,0.02982,1800.0
2.8359E+03,0.013836,0.003846,0.02982,1800.0
2.8360E+03,0.013366,0.005277,0.02982,1800.0
2.8361E+03,0.012768,0.006661,0.02982,1800.0
2.8362E+03,0.011977,0.007945,0.02982,1800.0
2.8363E+03,0.011118,0.009108,0.02982,1800.0
2.8364E+03,0.010067,0.010263,0.02982,1800.0
2.8365E+03,0.008919,0.011255,0.02982,1800.0
2.8366E+03,0.007726,0.012105,0.02982,1800.0
2.8367E+03,0.006529,0.012782,0.02982,1800.0
2.8368E+03,0.005148,0.013397,0.02982,1800.0
2.8369E+03,0.003721,0.013863,0.02982,1800.0
2.8370E+03,0.002408,0.014171,0.02982,1800.0
2.8371E+03,0.001399,0.014305,0.02982,1800.0
2.8372E+03,0.000110,0.014364,0.02982,1800.0
2.8373E+03,-0.001396,0.014301,0.02982,1800.0
2.8374E+03,-0.002828,0.014102,0.02982,1800.0
2.8375E+03,-0.004346,0.013690,0.02982,1800.0
2.8376E+03,-0.005760,0.013161,0.02982,1800.0
2.8377E+03,-0.007159,0.012449,0.02982,1800.0
2.8378E+03,-0.008438,0.011614,0.02982,1800.0
2.8379E+03,-0.009596,0.010683,0.02982,1800.0
2.8380E+03,-0.010636,0.009633,0.02982,1800.0
2.8381E+03,-0.011590,0.008476,0.02982,1800.0
2.8382E+03,-0.012427,0.007193,0.02982,1800.0
2.8383E+03,-0.013122,0.005827,0.02982,1800.0
2.8384E+03,-0.013622,0.004568,0.02982,1800.0
2.8385E+03,-0.014023,0.003169,0.02982,1800.0
2.8386E+03,-0.014266,0.001695,0.02982,1800.0
2.8387E+03,-0.014370,0.000194,0.02982,1800.0
2.8388E+03,-0.014295,-0.001363,0.02982,1800.0
2.8389E+03,-0.014079,-0.002829,0.02982,1800.0
2.8390E+03,-0.013706,-0.004264,0.02982,1800.0
2.8391E+03,-0.013176,-0.005689,0.02982,1800.0
2.8392E+03,-0.012505,-0.007053,0.02982,1800.0
2.8393E+03,-0.011702,-0.008314,0.02982,0.0
2.8394E+03,-0.010778,-0.009484,0.02982,0.0
2.8395E+03,-0.009742,-0.010561,0.02982,0.0
2.8396E+03,-0.008585,-0.011521,0.02982,0.0
2.8397E+03,-0.007264,-0.012409,0.02982,0.0
2.8398E+03,-0.005936,-0.013093,0.02982,0.0
2.8399E+03,-0.004567,-0.013624,0.02982,1800.0
2.8400E+03,-0.003205,-0.014007,0.02982,1800.0
2.8401E+03,-0.002905,-0.014088,0.02982,1800.0
2.8402E+03,-0.002880,-0.014094,0.02982,1800.0
2.8403E+03,-0.003595,-0.012100,0.02982,1800.0
2.8404E+03,-0.005534,-0.006686,0.02982,1800.0
2.8405E+03,-0.008088,0.000442,0.02982,1800.0
2.8406E+03,-0.010053,0.005924,0.02982,1800.0
2.8408E+03,-0.010409,0.006918,0.02982,1800.0
2.8409E+03,-0.010329,0.007032,0.02982,1800.0
2.8410E+03,-0.009486,0.008111,0.02982,1800.0
2.8411E+03,-0.008417,0.009202,0.02982,1800.0
2.8412E+03,-0.007240,0.010156,0.02982,1800.0
2.8413E+03,-0.005946,0.010960,0.02982,1800.0
2.8414E+03,-0.004583,0.011587,0.02982,1800.0
2.8415E+03,-0.003145,0.012061,0.02982,1800.0
2.8416E+03,-0.001701,0.012352,0.02982,1800.0
2.8417E+03,-0.000401,0.012459,0.02982,1800.0
2.8418E+03,0.001134,0.012423,0.02982,1800.0
2.8419E+03,0.002596,0.012212,0.02982,1800.0
2.8420E+03,0.004055,0.011807,0.02982,1800.0
2.8421E+03,0.005521,0.011197,0.02982,1800.0
2.8422E+03,0.006834,0.010445,0.02982,1800.0
2.8423E+03,0.008013,0.009558,0.02982,1800.0
2.8424E+03,0.009117,0.008501,0.02982,1800.0
2.8425E+03,0.010067,0.007339,0.02982,1800.0
2.8426E+03,0.010878,0.006092,0.02982,1800.0
2.8427E+03,0.011519,0.004747,0.02982,1800.0
2.8428E+03,0.012016,0.003310,0.02982,1800.0
2.8429E+03,0.012336,0.001824,0.02982,1800.0
2.8430E+03,0.012461,0.000386,0.02982,1800.0
2.8431E+03,0.012426,-0.001123,0.02982,1800.0
2.8432E+03,0.012202,-0.002660,0.02982,1800.0
2.8433E+03,0.011805,-0.004065,0.02982,1800.0
2.8434E+03,0.011220,-0.005459,0.02982,1800.0
2.8435E+03,0.010537,-0.006669,0.02982,1800.0
2.8436E+03,0.009649,-0.007894,0.02982,1800.0
2.8437E+03,0.008625,-0.008993,0.02982,1800.0
2.8438E+03,0.007485,-0.009964,0.02982,1800.0
2.8439E+03,0.006254,-0.010784,0.02982,1800.0
2.8440E+03,0.004912,-0.011453,0.02982,1800.0
2.8441E+03,0.003475,-0.011979,0.02982,1800.0
2.8442E+03,0.002048,-0.012306,0.02982,1800.0
2.8443E+03,0.000458,-0.012469,0.02982,1800.0
2.8444E+03,-0.001041,-0.012442,0.02982,1800.0
2.8445E+03,-0.002485,-0.012234,0.02982,1800.0
2.8446E+03,-0.003959,-0.011825,0.02982,1800.0
2.8447E+03,-0.005370,-0.011254,0.02982,1800.0
2.8448E+03,-0.006648,-0.010560,0.02982,1800.0
2.8449E+03,-0.007830,-0.009696,0.02982,1800.0
2.8450E+03,-0.008964,-0.008651,0.02982,1800.0
2.8451E+03,-0.009958,-0.007513,0.02982,1800.0
2.8452E+03,-0.010682,-0.006432,0.02982,1800.0
2.8453E+03,-0.011389,-0.005074,0.02982,1800.0
