1.9522E+03,-0.003487,-0.011392,0.01704,0.0
1.9523E+03,-0.004848,-0.010880,0.01704,0.0
1.9524E+03,-0.006160,-0.010196,0.01704,0.0
1.9525E+03,-0.007426,-0.009331,0.01704,0.0
1.9526E+03,-0.008540,-0.008329,0.01704,0.0
1.9527E+03,-0.009568,-0.007135,0.01704,0.0
1.9528E+03,-0.010338,-0.005942,0.01704,0.0
1.9529E+03,-0.011005,-0.004577,0.01704,0.0
1.9530E+03,-0.011190,-0.004167,0.01704,0.0
1.9531E+03,-0.011211,-0.004116,0.01704,0.0
1.9866E+03,-0.002114,-0.016377,0.01775,1800.0
1.9867E+03,-0.001412,-0.016442,0.01775,1800.0
1.9868E+03,0.000003,-0.016498,0.01775,1800.0
1.9869E+03,0.001509,-0.016420,0.01775,1800.0
1.9870E+03,0.002974,-0.016218,0.01775,1800.0
1.9871E+03,0.004438,-0.015880,0.01775,1800.0
1.9872E+03,0.005877,-0.015408,0.01775,1800.0
1.9873E+03,0.007232,-0.014813,0.01775,1800.0
1.9874E+03,0.008539,-0.014106,0.01775,1800.0
1.9875E+03,0.009818,-0.013256,0.01775,1800.0
1.9876E+03,0.010970,-0.012313,0.01775,1800.0
1.9877E+03,0.012033,-0.011298,0.01775,1800.0
1.9878E+03,0.012633,-0.010618,0.01775,1800.0
1.9879E+03,0.013462,-0.009533,0.01775,1800.0
1.9880E+03,0.014248,-0.008310,0.01775,1800.0
1.9881E+03,0.014947,-0.006948,0.01775,1800.0
1.9882E+03,0.015536,-0.005531,0.01775,1800.0
1.9883E+03,0.015977,-0.004073,0.01775,1800.0
1.9884E+03,0.016283,-0.002581,0.01775,1800.0
1.9885E+03,0.016451,-0.001098,0.01775,1800.0
1.9886E+03,0.016491,0.000397,0.01775,1800.0
1.9887E+03,0.016382,0.001918,0.01775,1800.0
1.9888E+03,0.016158,0.003339,0.01775,1800.0
1.9889E+03,0.015802,0.004781,0.01775,1800.0
1.9890E+03,0.015274,0.006246,0.01775,1800.0
1.9891E+03,0.014639,0.007601,0.01775,1800.0
1.9892E+03,0.013864,0.008938,0.01775,1800.0
1.9893E+03,0.013002,0.010144,0.01775,1800.0
1.9894E+03,0.012292,0.011003,0.01775,1800.0
1.9895E+03,0.011466,0.011889,0.01775,1800.0
1.9896E+03,0.010377,0.012851,0.01775,1800.0
1.9897E+03,0.009257,0.013647,0.01775,1800.0
1.9898E+03,0.007937,0.014458,0.01775,1800.0
1.9899E+03,0.006609,0.015117,0.01775,1800.0
1.9900E+03,0.005226,0.015658,0.01775,1800.0
1.9901E+03,0.003761,0.016069,0.01775,1800.0
1.9902E+03,0.002274,0.016341,0.01775,1800.0
1.9903E+03,0.000789,0.016477,0.01775,1800.0
1.9904E+03,-0.000717,0.016473,0.01775,1800.0
1.9905E+03,-0.002207,0.016335,0.01775,1800.0
1.9906E+03,-0.003681,0.016072,0.01775,1800.0
1.9907E+03,-0.004996,0.015724,0.01775,1800.0
1.9908E+03,-0.006176,0.015295,0.01775,1800.0
1.9909E+03,-0.007424,0.014724,0.01775,1800.0
1.9910E+03,-0.008737,0.013989,0.01775,1800.0
1.9911E+03,-0.009944,0.013166,0.01775,1800.0
1.9912E+03,-0.011147,0.012169,0.01775,1800.0
1.9913E+03,-0.012214,0.011094,0.01775,1800.0
1.9914E+03,-0.013044,0.010097,0.01775,1800.0
1.9915E+03,-0.013929,0.008825,0.01775,1800.0
1.9916E+03,-0.014667,0.007529,0.01775,1800.0
1.9917E+03,-0.015299,0.006141,0.01775,1800.0
1.9918E+03,-0.015800,0.004707,0.01775,1800.0
1.9919E+03,-0.016160,0.003266,0.01775,1800.0
1.9920E+03,-0.016388,0.001805,0.01775,1800.0
1.9921E+03,-0.016493,0.000324,0.01775,1800.0
1.9922E+03,-0.016451,-0.001207,0.01775,1800.0
1.9923E+03,-0.016268,-0.002753,0.01775,1800.0
1.9924E+03,-0.015980,-0.004162,0.01775,1800.0
1.9925E+03,-0.015530,-0.005585,0.01775,1800.0
1.9926E+03,-0.014912,-0.007042,0.01775,1800.0
1.9927E+03,-0.014193,-0.008401,0.01775,1800.0
1.9928E+03,-0.013410,-0.009605,0.01775,1800.0
1.9929E+03,-0.012453,-0.010798,0.01775,1800.0
1.9930E+03,-0.011427,-0.011890,0.01775,1800.0
1.9931E+03,-0.010430,-0.012773,0.01775,0.0
1.9932E+03,-0.009187,-0.013692,0.01775,0.0
1.9933E+03,-0.007880,-0.014492,0.01775,0.0
1.9934E+03,-0.006578,-0.015137,0.01775,0.0
1.9935E+03,-0.005486,-0.015569,0.01775,1800.0
1.9936E+03,-0.004293,-0.015938,0.01775,1800.0
1.9937E+03,-0.002761,-0.016260,0.01775,1800.0
1.9938E+03,-0.002197,-0.016363,0.01775,1800.0
1.9939E+03,-0.002114,-0.016377,0.01775,1800.0
1.9940E+03,-0.002543,-0.015650,0.01775,1800.0
1.9941E+03,-0.005128,-0.011273,0.01775,1800.0
1.9942E+03,-0.008249,-0.005986,0.01775,1800.0
1.9944E+03,-0.009825,-0.003317,0.01775,1800.0
1.9945E+03,-0.009884,-0.003108,0.01775,1800.0
1.9946E+03,-0.010120,-0.002143,0.01775,1800.0
1.9947E+03,-0.010330,-0.000666,0.01775,1800.0
1.9948E+03,-0.010330,0.000683,0.01775,1800.0
1.9949E+03,-0.010101,0.002197,0.01775,1800.0
1.9950E+03,-0.009676,0.003637,0.01775,1800.0
1.9951E+03,-0.009030,0.005026,0.01775,1800.0
1.9952E+03,-0.008199,0.006282,0.01775,1800.0
1.9953E+03,-0.007187,0.007417,0.01775,1800.0
1.9954E+03,-0.006057,0.008383,0.01775,1800.0
1.9955E+03,-0.004791,0.009149,0.01775,1800.0
1.9956E+03,-0.003383,0.009768,0.01775,1800.0
1.9957E+03,-0.002006,0.010159,0.01775,1800.0
1.9958E+03,-0.000453,0.010336,0.01775,1800.0
1.9959E+03,0.001034,0.010303,0.01775,1800.0
1.9960E+03,0.002495,0.010038,0.01775,1800.0
1.9961E+03,0.003956,0.009560,0.01775,1800.0
1.9962E+03,0.005282,0.008899,0.01775,1800.0
1.9963E+03,0.006483,0.007989,0.01775,1800.0
1.9964E+03,0.007583,0.006986,0.01775,1800.0
1.9965E+03,0.008445,0.005953,0.01775,1800.0
1.9966E+03,0.009234,0.004637,0.01775,1800.0
1.9967E+03,0.009811,0.003244,0.01775,1800.0
1.9968E+03,0.010182,0.001818,0.01775,1800.0
1.9969E+03,0.010342,0.000273,0.01775,1800.0
1.9970E+03,0.010286,-0.001223,0.01775,1800.0
1.9971E+03,0.010007,-0.002656,0.01775,1800.0
1.9972E+03,0.009516,-0.004075,0.01775,1800.0
1.9973E+03,0.008776,-0.005460,0.01775,1800.0
1.9974E+03,0.007914,-0.006646,0.01775,1800.0
1.9975E+03,0.006860,-0.007727,0.01775,1800.0
1.9976E+03,0.005659,-0.008647,0.01775,1800.0
1.9977E+03,0.004361,-0.009362,0.01775,1800.0
1.9978E+03,0.002956,-0.009900,0.01775,1800.0
1.9979E+03,0.001485,-0.010227,0.01775,1800.0
1.9980E+03,0.000033,-0.010335,0.01775,1800.0
1.9981E+03,-0.001501,-0.010237,0.01775,0.0
1.9982E+03,-0.002883,-0.009941,0.01775,0.0
1.9983E+03,-0.004215,-0.009461,0.01775,0.0
1.9984E+03,-0.005553,-0.008724,0.01775,0.0
1.9985E+03,-0.006756,-0.007825,0.01775,0.0
1.9986E+03,-0.007832,-0.006732,0.01775,0.0
1.9987E+03,-0.008728,-0.005530,0.01775,1800.0
1.9988E+03,-0.009420,-0.004241,0.01775,1800.0
1.9989E+03,-0.009790,-0.003414,0.01775,1800.0
1.9990E+03,-0.009825,-0.003317,0.01775,1800.0
1.9991E+03,-0.009115,-0.003699,0.01775,1800.0
1.9992E+03,-0.005669,-0.005557,0.01775,1800.0
1.9993E+03,0.000948,-0.009123,0.01775,1800.0
1.9994E+03,0.007314,-0.012554,0.01775,1800.0
1.9995E+03,0.007595,-0.012705,0.01775,1800.0
1.9996E+03,0.007604,-0.012710,0.01775,1800.0
1.9997E+03,0.007653,-0.012678,0.01775,1800.0
1.9998E+03,0.008559,-0.012058,0.01775,1800.0
1.9999E+03,0.009578,-0.011265,0.01775,1800.0
2.0000E+03,0.010672,-0.010230,0.01775,1800.0
2.0001E+03,0.011672,-0.009073,0.01775,1800.0
2.0002E+03,0.012545,-0.007839,0.01775,1800.0
2.0003E+03,0.013267,-0.006536,0.01775,1800.0
2.0004E+03,0.013853,-0.005228,0.01775,1800.0
2.0005E+03,0.014235,-0.004065,0.01775,1800.0
2.0006E+03,0.014557,-0.002675,0.01775,1800.0
2.0007E+03,0.014755,-0.001208,0.01775,1800.0
2.0008E+03,0.014786,0.000272,0.01775,1800.0
2.0009E+03,0.014677,0.001815,0.01775,1800.0
2.0010E+03,0.014482,0.003026,0.01775,1800.0
2.0011E+03,0.014242,0.004024,0.01775,1800.0
2.0012E+03,0.013853,0.005175,0.01775,1800.0
2.0013E+03,0.013269,0.006518,0.01775,1800.0
2.0014E+03,0.012545,0.007830,0.01775,1800.0
2.0015E+03,0.011670,0.009086,0.01775,1800.0
2.0016E+03,0.010808,0.010113,0.01775,1800.0
2.0017E+03,0.009739,0.011145,0.01775,1800.0
2.0018E+03,0.008525,0.012100,0.01775,1800.0
2.0019E+03,0.007207,0.012917,0.01775,1800.0
2.0020E+03,0.005861,0.013586,0.01775,1800.0
2.0021E+03,0.004497,0.014089,0.01775,1800.0
2.0022E+03,0.002995,0.014475,0.01775,1800.0
2.0023E+03,0.001488,0.014711,0.01775,1800.0
2.0024E+03,0.000026,0.014783,0.01775,1800.0
2.0025E+03,-0.001476,0.014712,0.01775,1800.0
2.0026E+03,-0.002994,0.014482,0.01775,1800.0
2.0027E+03,-0.004381,0.014133,0.01775,1800.0
2.0028E+03,-0.005808,0.013602,0.01775,1800.0
2.0029E+03,-0.007221,0.012929,0.01775,1800.0
2.0030E+03,-0.008462,0.012144,0.01775,1800.0
2.0031E+03,-0.009706,0.011175,0.01775,1800.0
2.0032E+03,-0.010673,0.010233,0.01775,1800.0
2.0033E+03,-0.011649,0.009112,0.01775,1800.0
2.0034E+03,-0.012510,0.007870,0.01775,1800.0
2.0035E+03,-0.013249,0.006572,0.01775,1800.0
2.0036E+03,-0.013840,0.005194,0.01775,1800.0
2.0037E+03,-0.014266,0.003933,0.01775,1800.0
2.0038E+03,-0.014489,0.002973,0.01775,1800.0
2.0039E+03,-0.014720,0.001485,0.01775,1800.0
2.0040E+03,-0.014800,0.000013,0.01775,1800.0
2.0041E+03,-0.014731,-0.001512,0.01775,1800.0
2.0042E+03,-0.014494,-0.002991,0.01775,1800.0
2.0043E+03,-0.014263,-0.003951,0.01775,1800.0
2.0044E+03,-0.013822,-0.005259,0.01775,1800.0
2.0045E+03,-0.013234,-0.006665,0.01775,1800.0
2.0046E+03,-0.012489,-0.007953,0.01775,1800.0
2.0047E+03,-0.011577,-0.009190,0.01775,1800.0
2.0048E+03,-0.010560,-0.010342,0.01775,1800.0
2.0049E+03,-0.009595,-0.011268,0.01775,1800.0
2.0050E+03,-0.008377,-0.012195,0.01775,1800.0
2.0051E+03,-0.007172,-0.012950,0.01775,1800.0
2.0052E+03,-0.005809,-0.013613,0.01775,1800.0
2.0053E+03,-0.004315,-0.014157,0.01775,1800.0
2.0054E+03,-0.002839,-0.014521,0.01775,0.0
2.0055E+03,-0.001366,-0.014726,0.01775,0.0
2.0056E+03,0.000100,-0.014789,0.01775,0.0
2.0057E+03,0.001635,-0.014695,0.01775,0.0
2.0058E+03,0.003137,-0.014446,0.01775,0.0
2.0059E+03,0.004562,-0.014064,0.01775,0.0
2.0060E+03,0.005943,-0.013536,0.01775,1800.0
2.0061E+03,0.007091,-0.012993,0.01775,1800.0
2.0062E+03,0.007604,-0.012710,0.01775,1800.0
2.0063E+03,0.007560,-0.012689,0.01775,1800.0
2.0064E+03,0.006738,-0.012307,0.01775,1800.0
2.0065E+03,0.000595,-0.009447,0.01775,1800.0
2.0066E+03,-0.006165,-0.006299,0.01775,1800.0
2.0067E+03,-0.010397,-0.004329,0.01775,1800.0
2.0069E+03,-0.011443,-0.003842,0.01775,1800.0
2.0070E+03,-0.011608,-0.003249,0.01775,1800.0
2.0071E+03,-0.011880,-0.001946,0.01775,1800.0
2.0072E+03,-0.012029,-0.000461,0.01775,1800.0
2.0073E+03,-0.011988,0.001052,0.01775,1800.0
2.0074E+03,-0.011775,0.002574,0.01775,1800.0
2.0075E+03,-0.011381,0.003997,0.01775,1800.0
2.0076E+03,-0.010812,0.005357,0.01775,1800.0
2.0077E+03,-0.010057,0.006639,0.01775,1800.0
2.0078E+03,-0.009107,0.007869,0.01775,1800.0
2.0079E+03,-0.008065,0.008946,0.01775,1800.0
2.0080E+03,-0.006917,0.009856,0.01775,1800.0
2.0081E+03,-0.005634,0.010639,0.01775,1800.0
2.0082E+03,-0.004243,0.011265,0.01775,1800.0
2.0083E+03,-0.002810,0.011698,0.01775,1800.0
2.0084E+03,-0.001493,0.011945,0.01775,1800.0
2.0085E+03,0.000021,0.012052,0.01775,1800.0
2.0086E+03,0.001526,0.011962,0.01775,1800.0
2.0087E+03,0.002995,0.011684,0.01775,1800.0
2.0088E+03,0.004439,0.011203,0.01775,1800.0
2.0089E+03,0.005851,0.010529,0.01775,1800.0
2.0090E+03,0.007115,0.009723,0.01775,1800.0
2.0091E+03,0.008234,0.008787,0.01775,1800.0
2.0092E+03,0.009258,0.007690,0.01775,1800.0
2.0093E+03,0.010154,0.006457,0.01775,1800.0
2.0094E+03,0.010870,0.005163,0.01775,1800.0
2.0095E+03,0.011425,0.003770,0.01775,1800.0
2.0096E+03,0.011830,0.002275,0.01775,1800.0
2.0097E+03,0.012019,0.000794,0.01775,1800.0
2.0098E+03,0.012024,-0.000709,0.01775,1800.0
2.0099E+03,0.011845,-0.002233,0.01775,1800.0
2.0100E+03,0.011480,-0.003699,0.01775,1800.0
2.0101E+03,0.011019,-0.004888,0.01775,1800.0
2.0102E+03,0.010321,-0.006207,0.01775,1800.0
2.0103E+03,0.009428,-0.007480,0.01775,1800.0
2.0104E+03,0.008414,-0.008597,0.01775,1800.0
2.0105E+03,0.007276,-0.009585,0.01775,1800.0
2.0106E+03,0.006023,-0.010429,0.01775,1800.0
2.0107E+03,0.004692,-0.011088,0.01775,1800.0
2.0108E+03,0.003271,-0.011591,0.01775,1800.0
2.0109E+03,0.001819,-0.011903,0.01775,1800.0
2.0110E+03,0.000336,-0.012047,0.01775,1800.0
2.0111E+03,-0.001250,-0.012003,0.01775,1800.0
2.0112E+03,-0.002695,-0.011749,0.01775,1800.0
