2.3656E+03,-0.008751,-0.009328,0.02201,0.0
2.3657E+03,-0.009809,-0.008221,0.02201,0.0
2.3658E+03,-0.010671,-0.007082,0.02201,0.0
2.3659E+03,-0.011471,-0.005702,0.02201,0.0
2.3660E+03,-0.012061,-0.004312,0.02201,0.0
2.3661E+03,-0.012472,-0.002884,0.02201,0.0
2.3662E+03,-0.012713,-0.001458,0.02201,0.0
2.3663E+03,-0.012805,-0.000385,0.02201,0.0
2.3665E+03,-0.012825,0.000000,0.02201,0.0
2.4000E+03,0.013088,-0.008555,0.02272,1800.0
2.4001E+03,0.013245,-0.008302,0.02272,1800.0
2.4002E+03,0.013799,-0.007298,0.02272,1800.0
2.4003E+03,0.014443,-0.005922,0.02272,1800.0
2.4004E+03,0.014951,-0.004503,0.02272,1800.0
2.4005E+03,0.015313,-0.003037,0.02272,1800.0
2.4006E+03,0.015534,-0.001536,0.02272,1800.0
2.4007E+03,0.015614,-0.000006,0.02272,1800.0
2.4008E+03,0.015557,0.001454,0.02272,1800.0
2.4009E+03,0.015352,0.002923,0.02272,1800.0
2.4010E+03,0.015003,0.004358,0.02272,1800.0
2.4011E+03,0.014494,0.005822,0.02272,1800.0
2.4012E+03,0.013919,0.007082,0.02272,1800.0
2.4013E+03,0.013187,0.008361,0.02272,1800.0
2.4014E+03,0.012317,0.009582,0.02272,1800.0
2.4015E+03,0.011331,0.010742,0.02272,1800.0
2.4016E+03,0.010254,0.011773,0.02272,1800.0
2.4017E+03,0.009090,0.012688,0.02272,1800.0
2.4018E+03,0.007811,0.013521,0.02272,1800.0
2.4019E+03,0.006434,0.014235,0.02272,1800.0
2.4020E+03,0.005007,0.014803,0.02272,1800.0
2.4021E+03,0.003631,0.015204,0.02272,1800.0
2.4022E+03,0.002147,0.015475,0.02272,1800.0
2.4023E+03,0.000581,0.015610,0.02272,1800.0
2.4024E+03,-0.000870,0.015591,0.02272,1800.0
2.4025E+03,-0.002129,0.015470,0.02272,1800.0
2.4026E+03,-0.003353,0.015246,0.02272,1800.0
2.4027E+03,-0.004724,0.014876,0.02272,1800.0
2.4028E+03,-0.006174,0.014340,0.02272,1800.0
2.4029E+03,-0.007376,0.013763,0.02272,1800.0
2.4030E+03,-0.008632,0.013015,0.02272,1800.0
2.4031E+03,-0.009911,0.012082,0.02272,1800.0
2.4032E+03,-0.010991,0.011119,0.02272,1800.0
2.4033E+03,-0.011998,0.010006,0.02272,1800.0
2.4034E+03,-0.012805,0.008945,0.02272,1800.0
2.4035E+03,-0.013504,0.007843,0.02272,1800.0
2.4036E+03,-0.014186,0.006518,0.02272,1800.0
2.4037E+03,-0.014743,0.005136,0.02272,1800.0
2.4038E+03,-0.015167,0.003685,0.02272,1800.0
2.4039E+03,-0.015460,0.002156,0.02272,1800.0
2.4040E+03,-0.015596,0.000639,0.02272,1800.0
2.4041E+03,-0.015596,-0.000851,0.02272,1800.0
2.4042E+03,-0.015443,-0.002356,0.02272,1800.0
2.4043E+03,-0.015163,-0.003750,0.02272,1800.0
2.4044E+03,-0.014738,-0.005204,0.02272,1800.0
2.4045E+03,-0.014146,-0.006618,0.02272,1800.0
2.4046E+03,-0.013533,-0.007797,0.02272,1800.0
2.4047E+03,-0.012875,-0.008846,0.02272,1800.0
2.4048E+03,-0.012011,-0.009973,0.02272,1800.0
2.4049E+03,-0.010993,-0.011082,0.02272,1800.0
2.4050E+03,-0.009908,-0.012066,0.02272,1800.0
2.4051E+03,-0.008717,-0.012951,0.02272,1800.0
2.4052E+03,-0.007412,-0.013745,0.02272,1800.0
2.4053E+03,-0.006062,-0.014388,0.02272,1800.0
2.4054E+03,-0.004615,-0.014923,0.02272,1800.0
2.4055E+03,-0.003218,-0.015295,0.02272,1800.0
2.4056E+03,-0.002196,-0.015476,0.02272,1800.0
2.4057E+03,-0.000728,-0.015607,0.02272,1800.0
2.4058E+03,0.000785,-0.015598,0.02272,1800.0
2.4059E+03,0.002219,-0.015462,0.02272,1800.0
2.4060E+03,0.003701,-0.015168,0.02272,1800.0
2.4061E+03,0.005170,-0.014731,0.02272,0.0
2.4062E+03,0.006582,-0.014154,0.02272,0.0
2.4063E+03,0.007793,-0.013526,0.02272,0.0
2.4064E+03,0.009053,-0.012726,0.02272,0.0
2.4065E+03,0.010210,-0.011819,0.02272,0.0
2.4066E+03,0.011307,-0.010782,0.02272,0.0
2.4067E+03,0.012311,-0.009634,0.02272,1800.0
2.4068E+03,0.013042,-0.008620,0.02272,1800.0
2.4069E+03,0.013087,-0.008556,0.02272,1800.0
2.4070E+03,0.013088,-0.008555,0.02272,1800.0
2.4071E+03,0.009655,-0.007260,0.02272,1800.0
2.4072E+03,0.003291,-0.004860,0.02272,1800.0
2.4073E+03,-0.004039,-0.002095,0.02272,1800.0
2.4074E+03,-0.009490,-0.000039,0.02272,1800.0
2.4076E+03,-0.011218,0.000613,0.02272,1800.0
2.4077E+03,-0.011198,0.000806,0.02272,1800.0
2.4078E+03,-0.011052,0.001956,0.02272,1800.0
2.4079E+03,-0.010690,0.003465,0.02272,1800.0
2.4080E+03,-0.010152,0.004819,0.02272,1800.0
2.4081E+03,-0.009485,0.005992,0.02272,1800.0
2.4082E+03,-0.008575,0.007220,0.02272,1800.0
2.4083E+03,-0.007506,0.008329,0.02272,1800.0
2.4084E+03,-0.006336,0.009254,0.02272,1800.0
2.4085E+03,-0.005034,0.010014,0.02272,1800.0
2.4086E+03,-0.003615,0.010610,0.02272,1800.0
2.4087E+03,-0.002180,0.011003,0.02272,1800.0
2.4088E+03,-0.000743,0.011196,0.02272,1800.0
2.4089E+03,0.000808,0.011190,0.02272,1800.0
2.4090E+03,0.002318,0.010993,0.02272,1800.0
2.4091E+03,0.003686,0.010616,0.02272,1800.0
2.4092E+03,0.005136,0.009989,0.02272,1800.0
2.4093E+03,0.006429,0.009195,0.02272,1800.0
2.4094E+03,0.007579,0.008275,0.02272,1800.0
2.4095E+03,0.008593,0.007201,0.02272,1800.0
2.4096E+03,0.009488,0.005965,0.02272,1800.0
2.4097E+03,0.010203,0.004650,0.02272,1800.0
2.4098E+03,0.010679,0.003410,0.02272,1800.0
2.4099E+03,0.011057,0.001947,0.02272,1800.0
2.4100E+03,0.011206,0.000449,0.02272,1800.0
2.4101E+03,0.011177,-0.001118,0.02272,1800.0
2.4102E+03,0.010924,-0.002628,0.02272,1800.0
2.4103E+03,0.010488,-0.004021,0.02272,1800.0
2.4104E+03,0.009884,-0.005322,0.02272,1800.0
2.4105E+03,0.009032,-0.006658,0.02272,1800.0
2.4106E+03,0.008029,-0.007826,0.02272,1800.0
2.4107E+03,0.006938,-0.008801,0.02272,1800.0
2.4108E+03,0.005719,-0.009645,0.02272,1800.0
2.4109E+03,0.004364,-0.010328,0.02272,1800.0
2.4110E+03,0.002931,-0.010819,0.02272,1800.0
2.4111E+03,0.001440,-0.011128,0.02272,1800.0
2.4112E+03,-0.000038,-0.011219,0.02272,1800.0
2.4113E+03,-0.001483,-0.011129,0.02272,1800.0
2.4114E+03,-0.002980,-0.010829,0.02272,1800.0
2.4115E+03,-0.004392,-0.010342,0.02272,1800.0
2.4116E+03,-0.005651,-0.009694,0.02272,1800.0
2.4117E+03,-0.006903,-0.008836,0.02272,1800.0
2.4118E+03,-0.007992,-0.007861,0.02272,0.0
2.4119E+03,-0.008960,-0.006736,0.02272,0.0
2.4120E+03,-0.009796,-0.005448,0.02272,0.0
2.4121E+03,-0.010459,-0.004063,0.02272,0.0
2.4122E+03,-0.010892,-0.002656,0.02272,1800.0
2.4123E+03,-0.011153,-0.001201,0.02272,1800.0
2.4124E+03,-0.011239,0.000186,0.02272,1800.0
2.4126E+03,-0.011218,0.000613,0.02272,1800.0
2.4127E+03,-0.010597,0.002126,0.02272,1800.0
2.4128E+03,-0.007894,0.008710,0.02272,1800.0
2.4129E+03,-0.006625,0.011804,0.02272,1800.0
2.4131E+03,-0.006388,0.012380,0.02272,1800.0
2.4132E+03,-0.006850,0.012121,0.02272,1800.0
2.4133E+03,-0.007753,0.011549,0.02272,1800.0
2.4134E+03,-0.008951,0.010657,0.02272,1800.0
2.4135E+03,-0.010016,0.009667,0.02272,1800.0
2.4136E+03,-0.011027,0.008498,0.02272,1800.0
2.4137E+03,-0.011876,0.007282,0.02272,1800.0
2.4138E+03,-0.012403,0.006334,0.02272,1800.0
2.4139E+03,-0.013014,0.004925,0.02272,1800.0
2.4140E+03,-0.013358,0.003933,0.02272,1800.0
2.4141E+03,-0.013653,0.002689,0.02272,1800.0
2.4142E+03,-0.013852,0.001246,0.02272,1800.0
2.4143E+03,-0.013903,-0.000296,0.02272,1800.0
2.4144E+03,-0.013784,-0.001844,0.02272,1800.0
2.4145E+03,-0.013551,-0.003179,0.02272,1800.0
2.4146E+03,-0.013241,-0.004287,0.02272,1800.0
2.4147E+03,-0.012773,-0.005521,0.02272,1800.0
2.4148E+03,-0.012142,-0.006817,0.02272,1800.0
2.4149E+03,-0.011562,-0.007762,0.02272,1800.0
2.4150E+03,-0.010737,-0.008861,0.02272,1800.0
2.4151E+03,-0.009677,-0.010000,0.02272,1800.0
2.4152E+03,-0.008536,-0.010991,0.02272,1800.0
2.4153E+03,-0.007298,-0.011844,0.02272,1800.0
2.4154E+03,-0.005986,-0.012553,0.02272,1800.0
2.4155E+03,-0.004813,-0.013059,0.02272,1800.0
2.4156E+03,-0.003686,-0.013412,0.02272,1800.0
2.4157E+03,-0.002337,-0.013717,0.02272,1800.0
2.4158E+03,-0.000813,-0.013887,0.02272,1800.0
2.4159E+03,0.000729,-0.013902,0.02272,1800.0
2.4160E+03,0.002249,-0.013743,0.02272,1800.0
2.4161E+03,0.003673,-0.013433,0.02272,1800.0
2.4162E+03,0.005093,-0.012960,0.02272,1800.0
2.4163E+03,0.006430,-0.012344,0.02272,1800.0
2.4164E+03,0.007721,-0.011573,0.02272,1800.0
2.4165E+03,0.008921,-0.010667,0.02272,1800.0
2.4166E+03,0.010063,-0.009595,0.02272,1800.0
2.4167E+03,0.011041,-0.008460,0.02272,1800.0
2.4168E+03,0.011794,-0.007372,0.02272,1800.0
2.4169E+03,0.012540,-0.006024,0.02272,1800.0
2.4170E+03,0.013130,-0.004620,0.02272,1800.0
2.4171E+03,0.013551,-0.003227,0.02272,1800.0
2.4172E+03,0.013823,-0.001678,0.02272,1800.0
2.4173E+03,0.013924,-0.000217,0.02272,1800.0
2.4174E+03,0.013860,0.001286,0.02272,1800.0
2.4175E+03,0.013636,0.002780,0.02272,1800.0
2.4176E+03,0.013259,0.004212,0.02272,1800.0
2.4177E+03,0.012733,0.005605,0.02272,1800.0
2.4178E+03,0.012036,0.006970,0.02272,1800.0
2.4179E+03,0.011229,0.008254,0.02272,1800.0
2.4180E+03,0.010298,0.009401,0.02272,1800.0
2.4181E+03,0.009199,0.010438,0.02272,1800.0
2.4182E+03,0.007974,0.011397,0.02272,1800.0
2.4183E+03,0.006723,0.012191,0.02272,1800.0
2.4184E+03,0.005340,0.012864,0.02272,1800.0
2.4185E+03,0.004112,0.013300,0.02272,1800.0
2.4186E+03,0.002591,0.013673,0.02272,0.0
2.4187E+03,0.001130,0.013869,0.02272,0.0
2.4188E+03,-0.000393,0.013903,0.02272,0.0
2.4189E+03,-0.001913,0.013773,0.02272,0.0
2.4190E+03,-0.003370,0.013491,0.02272,1800.0
2.4191E+03,-0.004565,0.013150,0.02272,1800.0
2.4192E+03,-0.005538,0.012766,0.02272,1800.0
2.4193E+03,-0.006386,0.012381,0.02272,1800.0
2.4194E+03,-0.006388,0.012380,0.02272,1800.0
2.4195E+03,-0.006521,0.012142,0.02272,1800.0
2.4196E+03,-0.008987,0.007730,0.02272,1800.0
2.4197E+03,-0.012374,0.001671,0.02272,1800.0
2.4198E+03,-0.012903,0.000726,0.02272,1800.0
2.4199E+03,-0.012916,0.000702,0.02272,1800.0
2.4200E+03,-0.012895,0.001078,0.02272,1800.0
2.4201E+03,-0.012721,0.002239,0.02272,1800.0
2.4202E+03,-0.012362,0.003734,0.02272,1800.0
2.4203E+03,-0.011915,0.004998,0.02272,1800.0
2.4204E+03,-0.011281,0.006298,0.02272,1800.0
2.4205E+03,-0.010454,0.007605,0.02272,1800.0
2.4206E+03,-0.009490,0.008778,0.02272,1800.0
2.4207E+03,-0.008395,0.009843,0.02272,1800.0
2.4208E+03,-0.007203,0.010749,0.02272,1800.0
2.4209E+03,-0.005888,0.011508,0.02272,1800.0
2.4210E+03,-0.004524,0.012107,0.02272,1800.0
2.4211E+03,-0.003071,0.012552,0.02272,1800.0
2.4212E+03,-0.001585,0.012817,0.02272,1800.0
2.4213E+03,-0.000066,0.012909,0.02272,1800.0
2.4214E+03,0.001413,0.012835,0.02272,1800.0
2.4215E+03,0.002884,0.012585,0.02272,1800.0
2.4216E+03,0.004381,0.012163,0.02272,1800.0
2.4217E+03,0.005715,0.011588,0.02272,1800.0
2.4218E+03,0.007038,0.010844,0.02272,1800.0
2.4219E+03,0.008245,0.009977,0.02272,1800.0
2.4220E+03,0.009225,0.009063,0.02272,1800.0
2.4221E+03,0.010222,0.007903,0.02272,1800.0
2.4222E+03,0.011085,0.006631,0.02272,1800.0
2.4223E+03,0.011766,0.005324,0.02272,1800.0
2.4224E+03,0.012310,0.003899,0.02272,1800.0
2.4225E+03,0.012684,0.002434,0.02272,1800.0
2.4226E+03,0.012883,0.000983,0.02272,1800.0
2.4227E+03,0.012906,-0.000537,0.02272,1800.0
2.4228E+03,0.012759,-0.002053,0.02272,1800.0
2.4229E+03,0.012446,-0.003494,0.02272,1800.0
2.4230E+03,0.011966,-0.004901,0.02272,1800.0
2.4231E+03,0.011298,-0.006302,0.02272,1800.0
2.4232E+03,0.010455,-0.007611,0.02272,1800.0
2.4233E+03,0.009487,-0.008780,0.02272,1800.0
2.4234E+03,0.008459,-0.009779,0.02272,1800.0
2.4235E+03,0.007279,-0.010672,0.02272,1800.0
2.4236E+03,0.005959,-0.011457,0.02272,1800.0
2.4237E+03,0.004747,-0.012029,0.02272,1800.0
2.4238E+03,0.003334,-0.012501,0.02272,1800.0
2.4239E+03,0.001793,-0.012792,0.02272,1800.0
2.4240E+03,0.000349,-0.012913,0.02272,1800.0
2.4241E+03,-0.001159,-0.012876,0.02272,1800.0
2.4242E+03,-0.002670,-0.012666,0.02272,1800.0
2.4243E+03,-0.004144,-0.012251,0.02272,1800.0
2.4244E+03,-0.005538,-0.011680,0.02272,1800.0
2.4245E+03,-0.006885,-0.010933,0.02272,1800.0
2.4246E+03,-0.008100,-0.010062,0.02272,1800.0
