3.3595E+03,-0.011370,0.005998,0.03834,0.0
3.3596E+03,-0.010617,0.007247,0.03834,0.0
3.3597E+03,-0.009690,0.008441,0.03834,0.0
3.3598E+03,-0.008628,0.009538,0.03834,0.0
3.3599E+03,-0.007463,0.010465,0.03834,0.0
3.3600E+03,-0.006174,0.011277,0.03834,0.0
3.3601E+03,-0.004989,0.011871,0.03834,0.0
3.3602E+03,-0.004627,0.012021,0.03834,0.0
3.3604E+03,-0.004624,0.012022,0.03834,0.0
3.3940E+03,-0.015488,0.003219,0.03905,1800.0
3.3941E+03,-0.015488,0.003218,0.03905,1800.0
3.3942E+03,-0.015527,0.003027,0.03905,1800.0
3.3943E+03,-0.015720,0.001656,0.03905,1800.0
3.3944E+03,-0.015803,0.000202,0.03905,1800.0
3.3945E+03,-0.015746,-0.001308,0.03905,1800.0
3.3946E+03,-0.015542,-0.002826,0.03905,1800.0
3.3947E+03,-0.015204,-0.004300,0.03905,1800.0
3.3948E+03,-0.014721,-0.005729,0.03905,1800.0
3.3949E+03,-0.014101,-0.007114,0.03905,1800.0
3.3950E+03,-0.013369,-0.008426,0.03905,1800.0
3.3951E+03,-0.012536,-0.009651,0.03905,1800.0
3.3952E+03,-0.011591,-0.010823,0.03905,1800.0
3.3953E+03,-0.010464,-0.011864,0.03905,1800.0
3.3954E+03,-0.009339,-0.012764,0.03905,1800.0
3.3955E+03,-0.008198,-0.013511,0.03905,1800.0
3.3956E+03,-0.006834,-0.014244,0.03905,1800.0
3.3957E+03,-0.005479,-0.014817,0.03905,1800.0
3.3958E+03,-0.004034,-0.015272,0.03905,1800.0
3.3959E+03,-0.002800,-0.015561,0.03905,1800.0
3.3960E+03,-0.001637,-0.015714,0.03905,1800.0
3.3961E+03,-0.000154,-0.015800,0.03905,1800.0
3.3962E+03,0.001372,-0.015745,0.03905,1800.0
3.3963E+03,0.002869,-0.015549,0.03905,1800.0
3.3964E+03,0.004296,-0.015222,0.03905,1800.0
3.3965E+03,0.005796,-0.014722,0.03905,1800.0
3.3966E+03,0.007130,-0.014108,0.03905,1800.0
3.3967E+03,0.008413,-0.013378,0.03905,1800.0
3.3968E+03,0.009635,-0.012525,0.03905,1800.0
3.3969E+03,0.010771,-0.011555,0.03905,1800.0
3.3970E+03,0.011859,-0.010433,0.03905,1800.0
3.3971E+03,0.012832,-0.009219,0.03905,1800.0
3.3972E+03,0.013636,-0.007978,0.03905,1800.0
3.3973E+03,0.014267,-0.006800,0.03905,1800.0
3.3974E+03,0.014867,-0.005377,0.03905,1800.0
3.3975E+03,0.015304,-0.003968,0.03905,1800.0
3.3976E+03,0.015631,-0.002451,0.03905,1800.0
3.3977E+03,0.015778,-0.001028,0.03905,1800.0
3.3978E+03,0.015795,0.000510,0.03905,1800.0
3.3979E+03,0.015673,0.002036,0.03905,1800.0
3.3980E+03,0.015412,0.003472,0.03905,1800.0
3.3981E+03,0.015021,0.004895,0.03905,1800.0
3.3982E+03,0.014489,0.006306,0.03905,1800.0
3.3983E+03,0.013801,0.007683,0.03905,1800.0
3.3984E+03,0.013002,0.008981,0.03905,1800.0
3.3985E+03,0.012106,0.010156,0.03905,1800.0
3.3986E+03,0.011061,0.011288,0.03905,1800.0
3.3987E+03,0.009956,0.012278,0.03905,1800.0
3.3988E+03,0.008710,0.013197,0.03905,1800.0
3.3989E+03,0.007486,0.013930,0.03905,1800.0
3.3990E+03,0.006256,0.014510,0.03905,1800.0
3.3991E+03,0.004840,0.015043,0.03905,1800.0
3.3992E+03,0.003368,0.015435,0.03905,1800.0
3.3993E+03,0.001868,0.015691,0.03905,1800.0
3.3994E+03,0.000369,0.015792,0.03905,1800.0
3.3995E+03,-0.001116,0.015759,0.03905,1800.0
3.3996E+03,-0.002435,0.015626,0.03905,1800.0
3.3997E+03,-0.003521,0.015407,0.03905,1800.0
3.3998E+03,-0.005018,0.014985,0.03905,1800.0
3.3999E+03,-0.006429,0.014447,0.03905,1800.0
3.4000E+03,-0.007722,0.013809,0.03905,1800.0
3.4001E+03,-0.009021,0.012986,0.03905,0.0
3.4002E+03,-0.010240,0.012042,0.03905,0.0
3.4003E+03,-0.011287,0.011061,0.03905,0.0
3.4004E+03,-0.012292,0.009923,0.03905,0.0
3.4005E+03,-0.013196,0.008690,0.03905,0.0
3.4006E+03,-0.013961,0.007382,0.03905,0.0
3.4007E+03,-0.014556,0.006141,0.03905,1800.0
3.4008E+03,-0.015086,0.004725,0.03905,1800.0
3.4009E+03,-0.015425,0.003500,0.03905,1800.0
3.4010E+03,-0.015488,0.003219,0.03905,1800.0
3.4011E+03,-0.015460,0.003236,0.03905,1800.0
3.4012E+03,-0.013705,0.004297,0.03905,1800.0
3.4013E+03,-0.007291,0.008177,0.03905,1800.0
3.4014E+03,-0.004086,0.010114,0.03905,1800.0
3.4015E+03,-0.003429,0.010512,0.03905,1800.0
3.4016E+03,-0.003426,0.010513,0.03905,1800.0
3.4017E+03,-0.002772,0.010679,0.03905,1800.0
3.4018E+03,-0.001488,0.010923,0.03905,1800.0
3.4019E+03,-0.000008,0.011025,0.03905,1800.0
3.4020E+03,0.001519,0.010922,0.03905,1800.0
3.4021E+03,0.003012,0.010611,0.03905,1800.0
3.4022E+03,0.004439,0.010108,0.03905,1800.0
3.4023E+03,0.005716,0.009453,0.03905,1800.0
3.4024E+03,0.006828,0.008676,0.03905,1800.0
3.4025E+03,0.007956,0.007635,0.03905,1800.0
3.4026E+03,0.008936,0.006462,0.03905,1800.0
3.4027E+03,0.009743,0.005161,0.03905,1800.0
3.4028E+03,0.010353,0.003778,0.03905,1800.0
3.4029E+03,0.010769,0.002375,0.03905,1800.0
3.4030E+03,0.010985,0.000911,0.03905,1800.0
3.4031E+03,0.011015,-0.000595,0.03905,1800.0
3.4032E+03,0.010832,-0.002054,0.03905,1800.0
3.4033E+03,0.010450,-0.003571,0.03905,1800.0
3.4034E+03,0.009859,-0.004974,0.03905,1800.0
3.4035E+03,0.009076,-0.006302,0.03905,1800.0
3.4036E+03,0.008128,-0.007461,0.03905,1800.0
3.4037E+03,0.007070,-0.008484,0.03905,1800.0
3.4038E+03,0.005819,-0.009371,0.03905,1800.0
3.4039E+03,0.004530,-0.010056,0.03905,1800.0
3.4040E+03,0.003139,-0.010566,0.03905,1800.0
3.4041E+03,0.001813,-0.010871,0.03905,1800.0
3.4042E+03,0.000284,-0.011018,0.03905,1800.0
3.4043E+03,-0.001260,-0.010955,0.03905,1800.0
3.4044E+03,-0.002724,-0.010697,0.03905,1800.0
3.4045E+03,-0.004092,-0.010267,0.03905,1800.0
3.4046E+03,-0.005493,-0.009589,0.03905,1800.0
3.4047E+03,-0.006748,-0.008745,0.03905,1800.0
3.4048E+03,-0.007829,-0.007777,0.03905,1800.0
3.4049E+03,-0.008801,-0.006650,0.03905,1800.0
3.4050E+03,-0.009622,-0.005371,0.03905,1800.0
3.4051E+03,-0.010270,-0.004018,0.03905,1800.0
3.4052E+03,-0.010717,-0.002571,0.03905,1800.0
3.4053E+03,-0.010970,-0.001073,0.03905,1800.0
3.4054E+03,-0.011022,0.000442,0.03905,1800.0
3.4055E+03,-0.010846,0.001975,0.03905,1800.0
3.4056E+03,-0.010490,0.003419,0.03905,0.0
3.4057E+03,-0.009951,0.004777,0.03905,0.0
3.4058E+03,-0.009267,0.006004,0.03905,0.0
3.4059E+03,-0.008363,0.007200,0.03905,0.0
3.4060E+03,-0.007345,0.008234,0.03905,0.0
3.4061E+03,-0.006151,0.009151,0.03905,1800.0
3.4062E+03,-0.004888,0.009913,0.03905,1800.0
3.4063E+03,-0.003859,0.010369,0.03905,1800.0
3.4064E+03,-0.003429,0.010512,0.03905,1800.0
3.4065E+03,-0.003492,0.010460,0.03905,1800.0
3.4066E+03,-0.005436,0.008860,0.03905,1800.0
3.4067E+03,-0.010496,0.004695,0.03905,1800.0
3.4069E+03,-0.014004,0.001808,0.03905,1800.0
3.4070E+03,-0.014005,0.001803,0.03905,1800.0
3.4071E+03,-0.014060,0.001294,0.03905,1800.0
3.4072E+03,-0.014110,-0.000077,0.03905,1800.0
3.4073E+03,-0.014002,-0.001635,0.03905,1800.0
3.4074E+03,-0.013756,-0.003097,0.03905,1800.0
3.4075E+03,-0.013400,-0.004365,0.03905,1800.0
3.4076E+03,-0.012847,-0.005791,0.03905,1800.0
3.4077E+03,-0.012137,-0.007172,0.03905,1800.0
3.4078E+03,-0.011316,-0.008408,0.03905,1800.0
3.4079E+03,-0.010352,-0.009582,0.03905,1800.0
3.4080E+03,-0.009328,-0.010588,0.03905,1800.0
3.4081E+03,-0.008115,-0.011546,0.03905,1800.0
3.4082E+03,-0.006833,-0.012348,0.03905,1800.0
3.4083E+03,-0.005431,-0.013016,0.03905,1800.0
3.4084E+03,-0.004001,-0.013517,0.03905,1800.0
3.4085E+03,-0.002558,-0.013864,0.03905,1800.0
3.4086E+03,-0.001120,-0.014053,0.03905,1800.0
3.4087E+03,0.000388,-0.014089,0.03905,1800.0
3.4088E+03,0.001936,-0.013961,0.03905,1800.0
3.4089E+03,0.003409,-0.013679,0.03905,1800.0
3.4090E+03,0.004811,-0.013251,0.03905,1800.0
3.4091E+03,0.006223,-0.012650,0.03905,1800.0
3.4092E+03,0.007459,-0.011983,0.03905,1800.0
3.4093E+03,0.008680,-0.011127,0.03905,1800.0
3.4094E+03,0.009754,-0.010192,0.03905,1800.0
3.4095E+03,0.010774,-0.009096,0.03905,1800.0
3.4096E+03,0.011697,-0.007874,0.03905,1800.0
3.4097E+03,0.012481,-0.006535,0.03905,1800.0
3.4098E+03,0.013130,-0.005143,0.03905,1800.0
3.4099E+03,0.013589,-0.003750,0.03905,1800.0
3.4100E+03,0.013903,-0.002307,0.03905,1800.0
3.4101E+03,0.014072,-0.000770,0.03905,1800.0
3.4102E+03,0.014076,0.000768,0.03905,1800.0
3.4103E+03,0.013927,0.002250,0.03905,1800.0
3.4104E+03,0.013621,0.003678,0.03905,1800.0
3.4105E+03,0.013139,0.005157,0.03905,1800.0
3.4106E+03,0.012515,0.006518,0.03905,1800.0
3.4107E+03,0.011761,0.007792,0.03905,1800.0
3.4108E+03,0.010846,0.009010,0.03905,1800.0
3.4109E+03,0.009920,0.010007,0.03905,1800.0
3.4110E+03,0.008819,0.010993,0.03905,1800.0
3.4111E+03,0.007807,0.011750,0.03905,1800.0
3.4112E+03,0.006765,0.012370,0.03905,1800.0
3.4113E+03,0.005390,0.013030,0.03905,1800.0
3.4114E+03,0.003987,0.013528,0.03905,1800.0
3.4115E+03,0.002508,0.013885,0.03905,1800.0
3.4116E+03,0.001064,0.014075,0.03905,1800.0
3.4117E+03,-0.000526,0.014103,0.03905,1800.0
3.4118E+03,-0.001984,0.013959,0.03905,1800.0
3.4119E+03,-0.003484,0.013667,0.03905,1800.0
3.4120E+03,-0.004894,0.013218,0.03905,1800.0
3.4121E+03,-0.006253,0.012636,0.03905,1800.0
3.4122E+03,-0.007583,0.011882,0.03905,1800.0
3.4123E+03,-0.008792,0.011022,0.03905,0.0
3.4124E+03,-0.009883,0.010054,0.03905,0.0
3.4125E+03,-0.010919,0.008925,0.03905,0.0
3.4126E+03,-0.011733,0.007828,0.03905,0.0
3.4127E+03,-0.012521,0.006511,0.03905,0.0
3.4128E+03,-0.013131,0.005150,0.03905,1800.0
3.4129E+03,-0.013606,0.003750,0.03905,1800.0
3.4130E+03,-0.013917,0.002289,0.03905,1800.0
3.4131E+03,-0.013996,0.001861,0.03905,1800.0
3.4132E+03,-0.014004,0.001808,0.03905,1800.0
3.4133E+03,-0.012387,0.003468,0.03905,1800.0
3.4134E+03,-0.008266,0.007699,0.03905,1800.0
3.4135E+03,-0.004594,0.011470,0.03905,1800.0
3.4136E+03,-0.003950,0.012131,0.03905,1800.0
3.4137E+03,-0.003920,0.012140,0.03905,1800.0
3.4138E+03,-0.003589,0.012225,0.03905,1800.0
3.4139E+03,-0.002174,0.012558,0.03905,1800.0
3.4140E+03,-0.000637,0.012730,0.03905,1800.0
3.4141E+03,0.000854,0.012711,0.03905,1800.0
3.4142E+03,0.002301,0.012535,0.03905,1800.0
3.4143E+03,0.003607,0.012209,0.03905,1800.0
3.4144E+03,0.005027,0.011693,0.03905,1800.0
3.4145E+03,0.006391,0.011006,0.03905,1800.0
3.4146E+03,0.007660,0.010166,0.03905,1800.0
3.4147E+03,0.008787,0.009202,0.03905,1800.0
3.4148E+03,0.009798,0.008128,0.03905,1800.0
3.4149E+03,0.010695,0.006914,0.03905,1800.0
3.4150E+03,0.011452,0.005597,0.03905,1800.0
3.4151E+03,0.012055,0.004146,0.03905,1800.0
3.4152E+03,0.012468,0.002687,0.03905,1800.0
3.4153E+03,0.012681,0.001257,0.03905,1800.0
3.4154E+03,0.012729,-0.000267,0.03905,1800.0
3.4155E+03,0.012605,-0.001753,0.03905,1800.0
3.4156E+03,0.012306,-0.003247,0.03905,1800.0
3.4157E+03,0.011822,-0.004714,0.03905,1800.0
3.4158E+03,0.011195,-0.006064,0.03905,1800.0
3.4159E+03,0.010418,-0.007311,0.03905,1800.0
3.4160E+03,0.009579,-0.008403,0.03905,1800.0
3.4161E+03,0.008522,-0.009464,0.03905,1800.0
3.4162E+03,0.007356,-0.010410,0.03905,1800.0
3.4163E+03,0.006090,-0.011203,0.03905,1800.0
3.4164E+03,0.004716,-0.011842,0.03905,1800.0
3.4165E+03,0.003263,-0.012312,0.03905,1800.0
3.4166E+03,0.001822,-0.012608,0.03905,1800.0
3.4167E+03,0.000318,-0.012726,0.03905,1800.0
3.4168E+03,-0.001216,-0.012662,0.03905,1800.0
3.4169E+03,-0.002706,-0.012436,0.03905,1800.0
3.4170E+03,-0.004154,-0.012029,0.03905,1800.0
3.4171E+03,-0.005573,-0.011450,0.03905,1800.0
3.4172E+03,-0.006880,-0.010714,0.03905,1800.0
3.4173E+03,-0.008100,-0.009837,0.03905,1800.0
3.4174E+03,-0.009151,-0.008884,0.03905,1800.0
3.4175E+03,-0.010194,-0.007656,0.03905,1800.0
3.4176E+03,-0.010982,-0.006474,0.03905,1800.0
3.4177E+03,-0.011676,-0.005095,0.03905,1800.0
3.4178E+03,-0.012150,-0.003796,0.03905,1800.0
3.4179E+03,-0.012514,-0.002315,0.03905,1800.0
3.4180E+03,-0.012703,-0.000861,0.03905,1800.0
3.4181E+03,-0.012715,0.000602,0.03905,1800.0
3.4182E+03,-0.012555,0.002103,0.03905,1800.0
3.4183E+03,-0.012220,0.003585,0.03905,1800.0
