5.1660E+03,0.012445,-0.000526,0.05538,0.0
5.1661E+03,0.012288,-0.001989,0.05538,0.0
5.1662E+03,0.011962,-0.003454,0.05538,0.0
5.1663E+03,0.011464,-0.004856,0.05538,0.0
5.1664E+03,0.010759,-0.006275,0.05538,0.0
5.1665E+03,0.009972,-0.007469,0.05538,0.0
5.1666E+03,0.008955,-0.008648,0.05538,0.0
5.1666E+03,0.008542,-0.009075,0.05538,0.0
5.1668E+03,0.008427,-0.009187,0.05538,0.0
5.2145E+03,0.004970,0.017168,0.05609,1800.0
5.2146E+03,0.004356,0.017325,0.05609,1800.0
5.2147E+03,0.003123,0.017578,0.05609,1800.0
5.2147E+03,0.001778,0.017763,0.05609,1800.0
5.2148E+03,0.000251,0.017851,0.05609,1800.0
5.2149E+03,-0.001262,0.017809,0.05609,1800.0
5.2150E+03,-0.002764,0.017638,0.05609,1800.0
5.2151E+03,-0.004237,0.017352,0.05609,1800.0
5.2152E+03,-0.005668,0.016946,0.05609,1800.0
5.2153E+03,-0.007101,0.016394,0.05609,1800.0
5.2154E+03,-0.008440,0.015742,0.05609,1800.0
5.2155E+03,-0.009674,0.015016,0.05609,1800.0
5.2156E+03,-0.010916,0.014130,0.05609,1800.0
5.2157E+03,-0.012088,0.013134,0.05609,1800.0
5.2159E+03,-0.013166,0.012050,0.05609,1800.0
5.2160E+03,-0.014130,0.010913,0.05609,1800.0
5.2161E+03,-0.014985,0.009703,0.05609,1800.0
5.2162E+03,-0.015755,0.008389,0.05609,1800.0
5.2163E+03,-0.016386,0.007101,0.05609,1800.0
5.2164E+03,-0.016814,0.006015,0.05609,1800.0
5.2165E+03,-0.017251,0.004631,0.05609,1800.0
5.2165E+03,-0.017566,0.003263,0.05609,1800.0
5.2166E+03,-0.017749,0.001982,0.05609,1800.0
5.2167E+03,-0.017846,0.000793,0.05609,1800.0
5.2168E+03,-0.017838,-0.000630,0.05609,1800.0
5.2169E+03,-0.017771,-0.001768,0.05609,1800.0
5.2170E+03,-0.017592,-0.003016,0.05609,1800.0
5.2171E+03,-0.017267,-0.004507,0.05609,1800.0
5.2172E+03,-0.016870,-0.005849,0.05609,1800.0
5.2173E+03,-0.016420,-0.007019,0.05609,1800.0
5.2174E+03,-0.015845,-0.008237,0.05609,1800.0
5.2176E+03,-0.015092,-0.009557,0.05609,1800.0
5.2177E+03,-0.014239,-0.010784,0.05609,1800.0
5.2178E+03,-0.013238,-0.011999,0.05609,1800.0
5.2179E+03,-0.012201,-0.013048,0.05609,1800.0
5.2180E+03,-0.011035,-0.014038,0.05609,1800.0
5.2181E+03,-0.009848,-0.014891,0.05609,1800.0
5.2182E+03,-0.008564,-0.015662,0.05609,1800.0
5.2182E+03,-0.007318,-0.016284,0.05609,1800.0
5.2183E+03,-0.005892,-0.016856,0.05609,1800.0
5.2184E+03,-0.004490,-0.017279,0.05609,1800.0
5.2185E+03,-0.003054,-0.017587,0.05609,1800.0
5.2186E+03,-0.001476,-0.017802,0.05609,1800.0
5.2187E+03,0.000009,-0.017865,0.05609,1800.0
5.2188E+03,0.001468,-0.017805,0.05609,1800.0
5.2189E+03,0.003003,-0.017607,0.05609,1800.0
5.2190E+03,0.004442,-0.017302,0.05609,1800.0
5.2191E+03,0.005879,-0.016860,0.05609,1800.0
5.2193E+03,0.007315,-0.016278,0.05609,1800.0
5.2194E+03,0.008680,-0.015603,0.05609,1800.0
5.2195E+03,0.009950,-0.014821,0.05609,1800.0
5.2196E+03,0.011157,-0.013934,0.05609,1800.0
5.2197E+03,0.012296,-0.012942,0.05609,1800.0
5.2198E+03,0.013346,-0.011856,0.05609,1800.0
5.2199E+03,0.014299,-0.010698,0.05609,1800.0
5.2199E+03,0.015085,-0.009568,0.05609,1800.0
5.2200E+03,0.015834,-0.008271,0.05609,1800.0
5.2201E+03,0.016457,-0.006928,0.05609,1800.0
5.2202E+03,0.016881,-0.005821,0.05609,1800.0
5.2203E+03,0.017272,-0.004528,0.05609,1800.0
5.2204E+03,0.017587,-0.003060,0.05609,1800.0
5.2205E+03,0.017781,-0.001570,0.05609,1800.0
5.2206E+03,0.017842,-0.000045,0.05609,1800.0
5.2207E+03,0.017791,0.001472,0.05609,1800.0
5.2208E+03,0.017611,0.002942,0.05609,1800.0
5.2209E+03,0.017294,0.004445,0.05609,1800.0
5.2211E+03,0.016891,0.005802,0.05609,1800.0
5.2212E+03,0.016510,0.006819,0.05609,1800.0
5.2213E+03,0.015846,0.008247,0.05609,1800.0
5.2214E+03,0.015140,0.009480,0.05609,1800.0
5.2215E+03,0.014243,0.010774,0.05609,1800.0
5.2216E+03,0.013314,0.011897,0.05609,0.0
5.2217E+03,0.012228,0.013001,0.05609,0.0
5.2217E+03,0.011220,0.013888,0.05609,0.0
5.2218E+03,0.010053,0.014757,0.05609,0.0
5.2219E+03,0.008751,0.015557,0.05609,0.0
5.2220E+03,0.007390,0.016256,0.05609,1800.0
5.2221E+03,0.006043,0.016812,0.05609,1800.0
5.2222E+03,0.004985,0.017163,0.05609,1800.0
5.2224E+03,0.004970,0.017168,0.05609,1800.0
5.2225E+03,0.006110,0.012325,0.05609,1800.0
5.2226E+03,0.007739,0.005402,0.05609,1800.0
5.2227E+03,0.008766,0.001043,0.05609,1800.0
5.2229E+03,0.009011,0.000000,0.05609,1800.0
5.2230E+03,0.009009,-0.000036,0.05609,1800.0
5.2231E+03,0.008948,-0.000696,0.05609,1800.0
5.2232E+03,0.008724,-0.002079,0.05609,1800.0
5.2233E+03,0.008282,-0.003447,0.05609,1800.0
5.2234E+03,0.007597,-0.004786,0.05609,1800.0
5.2234E+03,0.006777,-0.005924,0.05609,1800.0
5.2235E+03,0.005657,-0.006990,0.05609,1800.0
5.2236E+03,0.004484,-0.007784,0.05609,1800.0
5.2237E+03,0.003067,-0.008423,0.05609,1800.0
5.2238E+03,0.001676,-0.008815,0.05609,1800.0
5.2239E+03,0.000151,-0.008956,0.05609,1800.0
5.2240E+03,-0.001401,-0.008857,0.05609,1800.0
5.2241E+03,-0.002853,-0.008490,0.05609,1800.0
5.2242E+03,-0.004208,-0.007929,0.05609,1800.0
5.2243E+03,-0.005440,-0.007130,0.05609,1800.0
5.2244E+03,-0.006582,-0.006106,0.05609,1800.0
5.2246E+03,-0.007517,-0.004914,0.05609,1800.0
5.2247E+03,-0.008255,-0.003580,0.05609,1800.0
5.2248E+03,-0.008712,-0.002227,0.05609,1800.0
5.2249E+03,-0.008958,-0.000713,0.05609,1800.0
5.2250E+03,-0.008939,0.000768,0.05609,1800.0
5.2251E+03,-0.008694,0.002225,0.05609,1800.0
5.2252E+03,-0.008178,0.003666,0.05609,1800.0
5.2252E+03,-0.007510,0.004893,0.05609,1800.0
5.2253E+03,-0.006592,0.006087,0.05609,1800.0
5.2254E+03,-0.005507,0.007077,0.05609,1800.0
5.2255E+03,-0.004268,0.007904,0.05609,1800.0
5.2256E+03,-0.002913,0.008495,0.05609,1800.0
5.2257E+03,-0.001386,0.008881,0.05609,1800.0
5.2258E+03,0.000129,0.008997,0.05609,1800.0
5.2259E+03,0.001561,0.008855,0.05609,1800.0
5.2260E+03,0.003065,0.008430,0.05609,1800.0
5.2261E+03,0.004393,0.007826,0.05609,0.0
5.2263E+03,0.005627,0.006990,0.05609,0.0
5.2264E+03,0.006693,0.005957,0.05609,0.0
5.2265E+03,0.007607,0.004755,0.05609,0.0
5.2266E+03,0.008302,0.003392,0.05609,1800.0
5.2267E+03,0.008743,0.001982,0.05609,1800.0
5.2268E+03,0.008969,0.000703,0.05609,1800.0
5.2269E+03,0.009011,0.000000,0.05609,1800.0
5.2270E+03,0.009119,0.000201,0.05609,1800.0
5.2271E+03,0.012151,0.005842,0.05609,1800.0
5.2272E+03,0.013390,0.008147,0.05609,1800.0
5.2274E+03,0.013661,0.008651,0.05609,1800.0
5.2275E+03,0.013269,0.009273,0.05609,1800.0
5.2276E+03,0.012467,0.010318,0.05609,1800.0
5.2277E+03,0.011420,0.011416,0.05609,1800.0
5.2278E+03,0.010266,0.012468,0.05609,1800.0
5.2279E+03,0.009036,0.013390,0.05609,1800.0
5.2281E+03,0.007764,0.014175,0.05609,1800.0
5.2282E+03,0.006495,0.014801,0.05609,1800.0
5.2283E+03,0.005094,0.015342,0.05609,1800.0
5.2284E+03,0.003548,0.015766,0.05609,1800.0
5.2285E+03,0.002142,0.016022,0.05609,1800.0
5.2286E+03,0.000578,0.016139,0.05609,1800.0
5.2286E+03,-0.000759,0.016133,0.05609,1800.0
5.2287E+03,-0.002239,0.015991,0.05609,1800.0
5.2288E+03,-0.003748,0.015707,0.05609,1800.0
5.2289E+03,-0.005214,0.015286,0.05609,1800.0
5.2290E+03,-0.006621,0.014740,0.05609,1800.0
5.2291E+03,-0.007950,0.014065,0.05609,1800.0
5.2292E+03,-0.009231,0.013273,0.05609,1800.0
5.2293E+03,-0.010368,0.012402,0.05609,1800.0
5.2294E+03,-0.011490,0.011366,0.05609,1800.0
5.2295E+03,-0.012464,0.010206,0.05609,1800.0
5.2296E+03,-0.013375,0.009019,0.05609,1800.0
5.2298E+03,-0.014193,0.007713,0.05609,1800.0
5.2299E+03,-0.014852,0.006336,0.05609,1800.0
5.2300E+03,-0.015372,0.004949,0.05609,1800.0
5.2301E+03,-0.015758,0.003521,0.05609,1800.0
5.2302E+03,-0.016018,0.002042,0.05609,1800.0
5.2303E+03,-0.016138,0.000542,0.05609,1800.0
5.2304E+03,-0.016126,-0.000978,0.05609,1800.0
5.2304E+03,-0.015988,-0.002362,0.05609,1800.0
5.2305E+03,-0.015699,-0.003857,0.05609,1800.0
5.2306E+03,-0.015289,-0.005230,0.05609,1800.0
5.2307E+03,-0.014701,-0.006686,0.05609,1800.0
5.2308E+03,-0.014014,-0.008024,0.05609,1800.0
5.2309E+03,-0.013217,-0.009283,0.05609,1800.0
5.2310E+03,-0.012320,-0.010441,0.05609,1800.0
5.2311E+03,-0.011309,-0.011526,0.05609,1800.0
5.2312E+03,-0.010168,-0.012544,0.05609,1800.0
5.2313E+03,-0.008937,-0.013453,0.05609,1800.0
5.2314E+03,-0.007633,-0.014240,0.05609,1800.0
5.2316E+03,-0.006263,-0.014896,0.05609,1800.0
5.2317E+03,-0.004896,-0.015413,0.05609,1800.0
5.2318E+03,-0.003448,-0.015791,0.05609,1800.0
5.2319E+03,-0.001949,-0.016045,0.05609,1800.0
5.2320E+03,-0.000456,-0.016144,0.05609,1800.0
5.2321E+03,0.001042,-0.016118,0.05609,1800.0
5.2321E+03,0.002431,-0.015965,0.05609,1800.0
5.2322E+03,0.003914,-0.015667,0.05609,1800.0
5.2323E+03,0.005348,-0.015239,0.05609,1800.0
5.2324E+03,0.006775,-0.014661,0.05609,1800.0
5.2325E+03,0.008091,-0.013984,0.05609,1800.0
5.2326E+03,0.009328,-0.013190,0.05609,1800.0
5.2327E+03,0.010515,-0.012282,0.05609,1800.0
5.2328E+03,0.011623,-0.011235,0.05609,1800.0
5.2329E+03,0.012605,-0.010114,0.05609,1800.0
5.2330E+03,0.013507,-0.008866,0.05609,1800.0
5.2331E+03,0.014283,-0.007538,0.05609,1800.0
5.2333E+03,0.014935,-0.006145,0.05609,1800.0
5.2334E+03,0.015443,-0.004724,0.05609,1800.0
5.2335E+03,0.015811,-0.003269,0.05609,1800.0
5.2336E+03,0.016047,-0.001779,0.05609,0.0
5.2337E+03,0.016143,-0.000289,0.05609,0.0
5.2338E+03,0.016110,0.001181,0.05609,0.0
5.2339E+03,0.015934,0.002680,0.05609,0.0
5.2339E+03,0.015646,0.004057,0.05609,1800.0
5.2340E+03,0.015221,0.005441,0.05609,1800.0
5.2341E+03,0.014625,0.006851,0.05609,1800.0
5.2342E+03,0.013943,0.008160,0.05609,1800.0
5.2343E+03,0.013702,0.008583,0.05609,1800.0
5.2344E+03,0.013661,0.008651,0.05609,1800.0
5.2345E+03,0.013021,0.006773,0.05609,1800.0
5.2346E+03,0.011696,0.002883,0.05609,1800.0
5.2348E+03,0.010714,0.000000,0.05609,1800.0
5.2350E+03,0.010704,-0.000166,0.05609,1800.0
5.2351E+03,0.010627,-0.001066,0.05609,1800.0
5.2352E+03,0.010399,-0.002526,0.05609,1800.0
5.2353E+03,0.009921,-0.004009,0.05609,1800.0
5.2354E+03,0.009262,-0.005346,0.05609,1800.0
5.2355E+03,0.008431,-0.006555,0.05609,1800.0
5.2356E+03,0.007405,-0.007690,0.05609,1800.0
5.2356E+03,0.006399,-0.008550,0.05609,1800.0
5.2357E+03,0.005133,-0.009356,0.05609,1800.0
5.2358E+03,0.003750,-0.009986,0.05609,1800.0
5.2359E+03,0.002323,-0.010418,0.05609,1800.0
5.2360E+03,0.000810,-0.010658,0.05609,1800.0
5.2361E+03,-0.000654,-0.010668,0.05609,1800.0
5.2362E+03,-0.002183,-0.010467,0.05609,1800.0
5.2363E+03,-0.003634,-0.010059,0.05609,1800.0
5.2364E+03,-0.004984,-0.009460,0.05609,1800.0
5.2365E+03,-0.006230,-0.008688,0.05609,1800.0
5.2366E+03,-0.007395,-0.007704,0.05609,1800.0
5.2368E+03,-0.008419,-0.006545,0.05609,1800.0
5.2369E+03,-0.009258,-0.005314,0.05609,1800.0
5.2370E+03,-0.009900,-0.003982,0.05609,1800.0
5.2371E+03,-0.010361,-0.002565,0.05609,1800.0
5.2372E+03,-0.010620,-0.001098,0.05609,1800.0
5.2373E+03,-0.010666,0.000398,0.05609,1800.0
5.2374E+03,-0.010514,0.001897,0.05609,1800.0
5.2374E+03,-0.010200,0.003246,0.05609,1800.0
5.2375E+03,-0.009622,0.004661,0.05609,1800.0
5.2376E+03,-0.008839,0.005992,0.05609,1800.0
5.2377E+03,-0.007924,0.007160,0.05609,1800.0
5.2378E+03,-0.006836,0.008202,0.05609,1800.0
5.2379E+03,-0.005599,0.009086,0.05609,1800.0
5.2380E+03,-0.004303,0.009766,0.05609,1800.0
5.2381E+03,-0.002917,0.010261,0.05609,1800.0
5.2382E+03,-0.001415,0.010577,0.05609,1800.0
5.2383E+03,0.000107,0.010692,0.05609,1800.0
5.2385E+03,0.001561,0.010569,0.05609,1800.0
5.2386E+03,0.003020,0.010242,0.05609,1800.0
5.2387E+03,0.004420,0.009743,0.05609,1800.0
5.2388E+03,0.005787,0.009010,0.05609,0.0
5.2389E+03,0.007002,0.008079,0.05609,0.0
5.2390E+03,0.008027,0.007039,0.05609,0.0
5.2391E+03,0.008931,0.005849,0.05609,0.0
5.2391E+03,0.009604,0.004647,0.05609,0.0
5.2392E+03,0.010173,0.003224,0.05609,1800.0
5.2393E+03,0.010531,0.001745,0.05609,1800.0
5.2394E+03,0.010682,0.000540,0.05609,1800.0
5.2395E+03,0.010714,0.000000,0.05609,1800.0
5.2396E+03,0.010694,0.000069,0.05609,1800.0
5.2397E+03,0.010341,0.001252,0.05609,1800.0
5.2398E+03,0.008377,0.007840,0.05609,1800.0
5.2399E+03,0.007012,0.012417,0.05609,1800.0
5.2402E+03,0.006926,0.012706,0.05609,1800.0
5.2403E+03,0.006403,0.012967,0.05609,1800.0
5.2404E+03,0.005228,0.013470,0.05609,1800.0
5.2405E+03,0.003807,0.013935,0.05609,1800.0
5.2406E+03,0.002352,0.014256,0.05609,1800.0
5.2407E+03,0.000887,0.014420,0.05609,1800.0
5.2408E+03,-0.000607,0.014439,0.05609,1800.0
5.2408E+03,-0.001981,0.014323,0.05609,1800.0
5.2409E+03,-0.003420,0.014059,0.05609,1800.0
5.2410E+03,-0.004878,0.013610,0.05609,1800.0
5.2411E+03,-0.006326,0.013003,0.05609,1800.0
5.2412E+03,-0.007625,0.012281,0.05609,1800.0
5.2413E+03,-0.008850,0.011420,0.05609,1800.0
5.2414E+03,-0.009983,0.010443,0.05609,1800.0
5.2415E+03,-0.011019,0.009346,0.05609,1800.0
5.2416E+03,-0.011932,0.008141,0.05609,1800.0
5.2417E+03,-0.012722,0.006844,0.05609,1800.0
5.2418E+03,-0.013366,0.005487,0.05609,1800.0
5.2420E+03,-0.013851,0.004116,0.05609,1800.0
5.2421E+03,-0.014223,0.002625,0.05609,1800.0
5.2422E+03,-0.014410,0.001150,0.05609,1800.0
5.2423E+03,-0.014462,-0.000448,0.05609,1800.0
5.2424E+03,-0.014331,-0.001929,0.05609,1800.0
5.2425E+03,-0.014046,-0.003387,0.05609,1800.0
5.2426E+03,-0.013619,-0.004830,0.05609,1800.0
5.2426E+03,-0.013117,-0.006056,0.05609,1800.0
5.2427E+03,-0.012412,-0.007387,0.05609,1800.0
5.2428E+03,-0.011560,-0.008659,0.05609,1800.0
5.2429E+03,-0.010592,-0.009825,0.05609,1800.0
5.2430E+03,-0.009508,-0.010889,0.05609,1800.0
5.2431E+03,-0.008367,-0.011788,0.05609,1800.0
5.2432E+03,-0.007054,-0.012631,0.05609,1800.0
5.2433E+03,-0.005706,-0.013291,0.05609,1800.0
5.2434E+03,-0.004284,-0.013818,0.05609,1800.0
5.2435E+03,-0.002845,-0.014173,0.05609,1800.0
5.2437E+03,-0.001340,-0.014387,0.05609,1800.0
5.2438E+03,0.000185,-0.014451,0.05609,1800.0
5.2439E+03,0.001679,-0.014348,0.05609,1800.0
5.2440E+03,0.003114,-0.014110,0.05609,1800.0
5.2441E+03,0.004576,-0.013702,0.05609,1800.0
5.2442E+03,0.006018,-0.013132,0.05609,1800.0
5.2443E+03,0.007317,-0.012464,0.05609,1800.0
5.2443E+03,0.008417,-0.011756,0.05609,1800.0
5.2444E+03,0.009597,-0.010825,0.05609,1800.0
5.2445E+03,0.010745,-0.009689,0.05609,1800.0
5.2446E+03,0.011671,-0.008536,0.05609,1800.0
5.2447E+03,0.012438,-0.007366,0.05609,1800.0
5.2448E+03,0.013033,-0.006257,0.05609,1800.0
5.2449E+03,0.013577,-0.004933,0.05609,1800.0
5.2450E+03,0.014010,-0.003522,0.05609,1800.0
5.2451E+03,0.014295,-0.002065,0.05609,1800.0
5.2452E+03,0.014437,-0.000561,0.05609,1800.0
5.2454E+03,0.014415,0.000932,0.05609,1800.0
5.2455E+03,0.014244,0.002454,0.05609,1800.0
5.2456E+03,0.013951,0.003807,0.05609,1800.0
5.2457E+03,0.013682,0.004679,0.05609,1800.0
5.2458E+03,0.013105,0.006136,0.05609,0.0
5.2459E+03,0.012686,0.006957,0.05609,0.0
5.2460E+03,0.012239,0.007715,0.05609,0.0
5.2460E+03,0.011549,0.008682,0.05609,0.0
5.2461E+03,0.010609,0.009808,0.05609,0.0
5.2462E+03,0.009548,0.010838,0.05609,1800.0
5.2463E+03,0.008365,0.011777,0.05609,1800.0
5.2464E+03,0.007346,0.012464,0.05609,1800.0
5.2465E+03,0.006926,0.012706,0.05609,1800.0
5.2466E+03,0.006974,0.012595,0.05609,1800.0
5.2467E+03,0.007638,0.011059,0.05609,1800.0
5.2468E+03,0.010571,0.004272,0.05609,1800.0
5.2469E+03,0.012193,0.000519,0.05609,1800.0
5.2472E+03,0.012417,0.000000,0.05609,1800.0
5.2473E+03,0.012365,-0.000860,0.05609,1800.0
5.2474E+03,0.012183,-0.002223,0.05609,1800.0
5.2475E+03,0.011816,-0.003695,0.05609,1800.0
5.2476E+03,0.011278,-0.005102,0.05609,1800.0
5.2477E+03,0.010584,-0.006426,0.05609,1800.0
5.2477E+03,0.009818,-0.007551,0.05609,1800.0
5.2478E+03,0.008845,-0.008696,0.05609,1800.0
5.2479E+03,0.007830,-0.009693,0.05609,1800.0
5.2480E+03,0.006483,-0.010565,0.05609,1800.0
5.2481E+03,0.005231,-0.011234,0.05609,1800.0
5.2482E+03,0.003758,-0.011791,0.05609,1800.0
5.2483E+03,0.002340,-0.012152,0.05609,1800.0
5.2484E+03,0.000874,-0.012340,0.05609,1800.0
5.2485E+03,-0.000664,-0.012354,0.05609,1800.0
5.2486E+03,-0.002161,-0.012188,0.05609,1800.0
5.2487E+03,-0.003620,-0.011832,0.05609,1800.0
5.2489E+03,-0.005081,-0.011295,0.05609,1800.0
5.2490E+03,-0.006394,-0.010610,0.05609,1800.0
5.2491E+03,-0.007598,-0.009789,0.05609,1800.0
5.2492E+03,-0.008790,-0.008750,0.05609,1800.0
5.2493E+03,-0.009792,-0.007616,0.05609,1800.0
5.2494E+03,-0.010602,-0.006408,0.05609,1800.0
5.2495E+03,-0.011289,-0.005094,0.05609,1800.0
5.2495E+03,-0.011775,-0.003803,0.05609,1800.0
5.2496E+03,-0.012150,-0.002359,0.05609,1800.0
5.2497E+03,-0.012341,-0.000872,0.05609,1800.0
5.2498E+03,-0.012352,0.000653,0.05609,1800.0
5.2499E+03,-0.012195,0.002158,0.05609,1800.0
5.2500E+03,-0.011836,0.003620,0.05609,1800.0
5.2501E+03,-0.011318,0.005026,0.05609,1800.0
5.2502E+03,-0.010643,0.006356,0.05609,1800.0
5.2503E+03,-0.009782,0.007620,0.05609,1800.0
5.2504E+03,-0.008803,0.008739,0.05609,1800.0
5.2505E+03,-0.007635,0.009751,0.05609,1800.0
5.2507E+03,-0.006385,0.010612,0.05609,1800.0
5.2508E+03,-0.005097,0.011285,0.05609,1800.0
5.2509E+03,-0.003729,0.011809,0.05609,1800.0
5.2510E+03,-0.002272,0.012167,0.05609,1800.0
5.2511E+03,-0.000771,0.012350,0.05609,1800.0
5.2512E+03,0.000738,0.012354,0.05609,1800.0
5.2512E+03,0.002093,0.012197,0.05609,1800.0
5.2513E+03,0.003611,0.011851,0.05609,1800.0
5.2514E+03,0.004976,0.011352,0.05609,1800.0
5.2515E+03,0.006360,0.010639,0.05609,1800.0
5.2516E+03,0.007614,0.009775,0.05609,1800.0
