3.5377E+03,-0.011137,0.005687,0.04047,0.0
3.5378E+03,-0.010331,0.007020,0.04047,0.0
3.5379E+03,-0.009387,0.008227,0.04047,0.0
3.5380E+03,-0.008337,0.009287,0.04047,0.0
3.5381E+03,-0.007160,0.010228,0.04047,0.0
3.5382E+03,-0.005893,0.010999,0.04047,0.0
3.5383E+03,-0.004544,0.011624,0.04047,0.0
3.5384E+03,-0.003293,0.012050,0.04047,0.0
3.5385E+03,-0.002629,0.012230,0.04047,0.0
3.5386E+03,-0.002627,0.012231,0.04047,0.0
3.5725E+03,0.015465,0.004820,0.04118,1800.0
3.5726E+03,0.015450,0.004863,0.04118,1800.0
3.5727E+03,0.015212,0.005539,0.04118,1800.0
3.5728E+03,0.014650,0.006896,0.04118,1800.0
3.5729E+03,0.014015,0.008087,0.04118,1800.0
3.5730E+03,0.013166,0.009393,0.04118,1800.0
3.5731E+03,0.012249,0.010566,0.04118,1800.0
3.5732E+03,0.011236,0.011632,0.04118,1800.0
3.5733E+03,0.010092,0.012634,0.04118,1800.0
3.5734E+03,0.008854,0.013534,0.04118,1800.0
3.5735E+03,0.007544,0.014307,0.04118,1800.0
3.5736E+03,0.006159,0.014961,0.04118,1800.0
3.5737E+03,0.004748,0.015478,0.04118,1800.0
3.5738E+03,0.003358,0.015837,0.04118,1800.0
3.5739E+03,0.001839,0.016086,0.04118,1800.0
3.5740E+03,0.000319,0.016187,0.04118,1800.0
3.5741E+03,-0.000894,0.016161,0.04118,1800.0
3.5742E+03,-0.002099,0.016045,0.04118,1800.0
3.5743E+03,-0.003533,0.015780,0.04118,1800.0
3.5744E+03,-0.005009,0.015378,0.04118,1800.0
3.5745E+03,-0.006424,0.014842,0.04118,1800.0
3.5746E+03,-0.007770,0.014186,0.04118,1800.0
3.5747E+03,-0.008927,0.013493,0.04118,1800.0
3.5748E+03,-0.010168,0.012588,0.04118,1800.0
3.5749E+03,-0.011318,0.011582,0.04118,1800.0
3.5750E+03,-0.012345,0.010482,0.04118,1800.0
3.5751E+03,-0.013249,0.009299,0.04118,1800.0
3.5752E+03,-0.014058,0.008009,0.04118,1800.0
3.5753E+03,-0.014737,0.006690,0.04118,1800.0
3.5754E+03,-0.015293,0.005269,0.04118,1800.0
3.5755E+03,-0.015710,0.003840,0.04118,1800.0
3.5756E+03,-0.015999,0.002400,0.04118,1800.0
3.5757E+03,-0.016148,0.000929,0.04118,1800.0
3.5758E+03,-0.016165,-0.000580,0.04118,1800.0
3.5759E+03,-0.016039,-0.002135,0.04118,1800.0
3.5760E+03,-0.015762,-0.003654,0.04118,1800.0
3.5761E+03,-0.015368,-0.005089,0.04118,1800.0
3.5762E+03,-0.014855,-0.006441,0.04118,1800.0
3.5763E+03,-0.014147,-0.007860,0.04118,1800.0
3.5764E+03,-0.013465,-0.008968,0.04118,1800.0
3.5765E+03,-0.012590,-0.010156,0.04118,1800.0
3.5766E+03,-0.011577,-0.011298,0.04118,1800.0
3.5767E+03,-0.010478,-0.012320,0.04118,1800.0
3.5768E+03,-0.009298,-0.013235,0.04118,1800.0
3.5769E+03,-0.008000,-0.014056,0.04118,1800.0
3.5770E+03,-0.006636,-0.014755,0.04118,1800.0
3.5771E+03,-0.005260,-0.015304,0.04118,1800.0
3.5772E+03,-0.003786,-0.015730,0.04118,1800.0
3.5773E+03,-0.002312,-0.016025,0.04118,1800.0
3.5774E+03,-0.001151,-0.016152,0.04118,1800.0
3.5775E+03,0.000097,-0.016190,0.04118,1800.0
3.5776E+03,0.001525,-0.016111,0.04118,1800.0
3.5777E+03,0.003079,-0.015881,0.04118,1800.0
3.5778E+03,0.004537,-0.015526,0.04118,1800.0
3.5779E+03,0.005931,-0.015049,0.04118,1800.0
3.5780E+03,0.007259,-0.014424,0.04118,1800.0
3.5781E+03,0.008435,-0.013757,0.04118,1800.0
3.5782E+03,0.009738,-0.012920,0.04118,1800.0
3.5783E+03,0.010913,-0.011940,0.04118,1800.0
3.5784E+03,0.012004,-0.010858,0.04118,1800.0
3.5785E+03,0.012954,-0.009714,0.04118,1800.0
3.5786E+03,0.013788,-0.008474,0.04118,1800.0
3.5787E+03,0.014527,-0.007142,0.04118,1800.0
3.5788E+03,0.015123,-0.005747,0.04118,1800.0
3.5789E+03,0.015590,-0.004309,0.04118,0.0
3.5790E+03,0.015878,-0.003134,0.04118,0.0
3.5791E+03,0.016067,-0.001871,0.04118,0.0
3.5792E+03,0.016169,-0.000398,0.04118,0.0
3.5793E+03,0.016135,0.001068,0.04118,0.0
3.5794E+03,0.015994,0.002468,0.04118,1800.0
3.5795E+03,0.015768,0.003657,0.04118,1800.0
3.5796E+03,0.015481,0.004764,0.04118,1800.0
3.5798E+03,0.015465,0.004820,0.04118,1800.0
3.5799E+03,0.012890,0.005691,0.04118,1800.0
3.5800E+03,0.006252,0.007936,0.04118,1800.0
3.5801E+03,0.000546,0.009865,0.04118,1800.0
3.5803E+03,-0.001527,0.010566,0.04118,1800.0
3.5804E+03,-0.001254,0.010594,0.04118,1800.0
3.5805E+03,-0.000306,0.010646,0.04118,1800.0
3.5806E+03,0.001206,0.010583,0.04118,1800.0
3.5807E+03,0.002721,0.010307,0.04118,1800.0
3.5808E+03,0.004117,0.009844,0.04118,1800.0
3.5809E+03,0.005465,0.009173,0.04118,1800.0
3.5810E+03,0.006725,0.008284,0.04118,1800.0
3.5811E+03,0.007772,0.007217,0.04118,1800.0
3.5812E+03,0.008723,0.006099,0.04118,1800.0
3.5813E+03,0.009513,0.004788,0.04118,1800.0
3.5814E+03,0.010083,0.003411,0.04118,1800.0
3.5815E+03,0.010464,0.001960,0.04118,1800.0
3.5816E+03,0.010639,0.000600,0.04118,1800.0
3.5817E+03,0.010611,-0.000900,0.04118,1800.0
3.5818E+03,0.010387,-0.002399,0.04118,1800.0
3.5819E+03,0.009963,-0.003829,0.04118,1800.0
3.5820E+03,0.009320,-0.005196,0.04118,1800.0
3.5821E+03,0.008469,-0.006495,0.04118,1800.0
3.5822E+03,0.007482,-0.007587,0.04118,1800.0
3.5823E+03,0.006350,-0.008548,0.04118,1800.0
3.5824E+03,0.005105,-0.009350,0.04118,1800.0
3.5825E+03,0.003714,-0.009975,0.04118,1800.0
3.5826E+03,0.002289,-0.010397,0.04118,1800.0
3.5827E+03,0.000814,-0.010608,0.04118,1800.0
3.5828E+03,-0.000731,-0.010626,0.04118,1800.0
3.5829E+03,-0.002204,-0.010422,0.04118,1800.0
3.5830E+03,-0.003599,-0.010035,0.04118,1800.0
3.5831E+03,-0.005011,-0.009417,0.04118,1800.0
3.5832E+03,-0.006270,-0.008628,0.04118,1800.0
3.5833E+03,-0.007365,-0.007711,0.04118,1800.0
3.5834E+03,-0.008367,-0.006602,0.04118,1800.0
3.5835E+03,-0.009213,-0.005341,0.04118,1800.0
3.5836E+03,-0.009873,-0.004002,0.04118,1800.0
3.5837E+03,-0.010323,-0.002593,0.04118,1800.0
3.5838E+03,-0.010584,-0.001140,0.04118,1800.0
3.5839E+03,-0.010638,0.000364,0.04118,1800.0
3.5840E+03,-0.010477,0.001898,0.04118,1800.0
3.5841E+03,-0.010103,0.003372,0.04118,1800.0
3.5842E+03,-0.009548,0.004749,0.04118,0.0
3.5843E+03,-0.008782,0.006062,0.04118,0.0
3.5844E+03,-0.007849,0.007230,0.04118,0.0
3.5845E+03,-0.006777,0.008235,0.04118,0.0
3.5846E+03,-0.005576,0.009084,0.04118,0.0
3.5847E+03,-0.004173,0.009796,0.04118,1800.0
3.5848E+03,-0.002779,0.010291,0.04118,1800.0
3.5849E+03,-0.001844,0.010510,0.04118,1800.0
3.5850E+03,-0.001527,0.010566,0.04118,1800.0
3.5851E+03,-0.001403,0.010550,0.04118,1800.0
3.5852E+03,0.000897,0.010252,0.04118,1800.0
3.5853E+03,0.007575,0.009386,0.04118,1800.0
3.5856E+03,0.011458,0.008883,0.04118,1800.0
3.5857E+03,0.011041,0.009383,0.04118,1800.0
3.5858E+03,0.010102,0.010373,0.04118,1800.0
3.5859E+03,0.008939,0.011377,0.04118,1800.0
3.5860E+03,0.007689,0.012261,0.04118,1800.0
3.5861E+03,0.006382,0.012986,0.04118,1800.0
3.5862E+03,0.004998,0.013580,0.04118,1800.0
3.5863E+03,0.003540,0.014035,0.04118,1800.0
3.5864E+03,0.002056,0.014328,0.04118,1800.0
3.5865E+03,0.000545,0.014467,0.04118,1800.0
3.5866E+03,-0.000905,0.014463,0.04118,1800.0
3.5867E+03,-0.002396,0.014286,0.04118,1800.0
3.5868E+03,-0.003723,0.013998,0.04118,1800.0
3.5869E+03,-0.004797,0.013673,0.04118,1800.0
3.5870E+03,-0.006006,0.013171,0.04118,1800.0
3.5871E+03,-0.007352,0.012466,0.04118,1800.0
3.5872E+03,-0.008639,0.011609,0.04118,1800.0
3.5873E+03,-0.009796,0.010655,0.04118,1800.0
3.5874E+03,-0.010815,0.009620,0.04118,1800.0
3.5875E+03,-0.011656,0.008590,0.04118,1800.0
3.5876E+03,-0.012281,0.007682,0.04118,1800.0
3.5877E+03,-0.012779,0.006818,0.04118,1800.0
3.5878E+03,-0.013435,0.005426,0.04118,1800.0
3.5879E+03,-0.013914,0.004047,0.04118,1800.0
3.5880E+03,-0.014261,0.002551,0.04118,1800.0
3.5881E+03,-0.014439,0.001075,0.04118,1800.0
3.5882E+03,-0.014466,-0.000408,0.04118,1800.0
3.5883E+03,-0.014348,-0.001910,0.04118,1800.0
3.5884E+03,-0.014054,-0.003443,0.04118,1800.0
3.5885E+03,-0.013674,-0.004740,0.04118,1800.0
3.5886E+03,-0.013139,-0.006106,0.04118,1800.0
3.5887E+03,-0.012543,-0.007314,0.04118,1800.0
3.5888E+03,-0.011998,-0.008114,0.04118,1800.0
3.5889E+03,-0.011291,-0.009072,0.04118,1800.0
3.5890E+03,-0.010321,-0.010178,0.04118,1800.0
3.5891E+03,-0.009225,-0.011167,0.04118,1800.0
3.5892E+03,-0.007989,-0.012080,0.04118,1800.0
3.5893E+03,-0.006684,-0.012843,0.04118,1800.0
3.5894E+03,-0.005416,-0.013424,0.04118,1800.0
3.5895E+03,-0.004279,-0.013836,0.04118,1800.0
3.5896E+03,-0.002990,-0.014158,0.04118,1800.0
3.5897E+03,-0.001488,-0.014391,0.04118,1800.0
3.5898E+03,0.000017,-0.014472,0.04118,1800.0
3.5899E+03,0.001494,-0.014398,0.04118,1800.0
3.5900E+03,0.002986,-0.014170,0.04118,1800.0
3.5901E+03,0.004400,-0.013802,0.04118,1800.0
3.5902E+03,0.005821,-0.013271,0.04118,1800.0
3.5903E+03,0.007062,-0.012648,0.04118,1800.0
3.5904E+03,0.008304,-0.011854,0.04118,1800.0
3.5905E+03,0.009480,-0.010938,0.04118,1800.0
3.5906E+03,0.010559,-0.009893,0.04118,1800.0
3.5907E+03,0.011533,-0.008739,0.04118,1800.0
3.5908E+03,0.012380,-0.007498,0.04118,1800.0
3.5909E+03,0.013095,-0.006158,0.04118,1800.0
3.5910E+03,0.013677,-0.004739,0.04118,1800.0
3.5911E+03,0.014095,-0.003295,0.04118,1800.0
3.5912E+03,0.014369,-0.001818,0.04118,0.0
3.5913E+03,0.014486,-0.000335,0.04118,0.0
3.5914E+03,0.014445,0.001161,0.04118,0.0
3.5915E+03,0.014232,0.002686,0.04118,0.0
3.5916E+03,0.013874,0.004162,0.04118,0.0
3.5917E+03,0.013388,0.005514,0.04118,0.0
3.5918E+03,0.012732,0.006884,0.04118,1800.0
3.5919E+03,0.011943,0.008172,0.04118,1800.0
3.5920E+03,0.011530,0.008784,0.04118,1800.0
3.5921E+03,0.011458,0.008883,0.04118,1800.0
3.5922E+03,0.010838,0.009040,0.04118,1800.0
3.5923E+03,0.007134,0.009980,0.04118,1800.0
3.5924E+03,0.000115,0.011760,0.04118,1800.0
3.5925E+03,-0.001791,0.012244,0.04118,1800.0
3.5926E+03,-0.001796,0.012245,0.04118,1800.0
3.5927E+03,-0.001791,0.012246,0.04118,1800.0
3.5928E+03,-0.000727,0.012340,0.04118,1800.0
3.5929E+03,0.000716,0.012336,0.04118,1800.0
3.5930E+03,0.002206,0.012160,0.04118,1800.0
3.5931E+03,0.003658,0.011798,0.04118,1800.0
3.5932E+03,0.005035,0.011281,0.04118,1800.0
3.5933E+03,0.006363,0.010581,0.04118,1800.0
3.5934E+03,0.007632,0.009709,0.04118,1800.0
3.5935E+03,0.008741,0.008740,0.04118,1800.0
3.5936E+03,0.009726,0.007657,0.04118,1800.0
3.5937E+03,0.010539,0.006489,0.04118,1800.0
3.5938E+03,0.011220,0.005209,0.04118,1800.0
3.5939E+03,0.011773,0.003742,0.04118,1800.0
3.5940E+03,0.012132,0.002329,0.04118,1800.0
3.5941E+03,0.012324,0.000861,0.04118,1800.0
3.5942E+03,0.012327,-0.000701,0.04118,1800.0
3.5943E+03,0.012156,-0.002211,0.04118,1800.0
3.5944E+03,0.011800,-0.003643,0.04118,1800.0
3.5945E+03,0.011269,-0.005055,0.04118,1800.0
3.5946E+03,0.010569,-0.006402,0.04118,1800.0
3.5947E+03,0.009709,-0.007663,0.04118,1800.0
3.5948E+03,0.008705,-0.008798,0.04118,1800.0
3.5949E+03,0.007651,-0.009734,0.04118,1800.0
3.5950E+03,0.006314,-0.010629,0.04118,1800.0
3.5951E+03,0.004971,-0.011318,0.04118,1800.0
3.5952E+03,0.003615,-0.011817,0.04118,1800.0
3.5953E+03,0.002172,-0.012159,0.04118,1800.0
3.5954E+03,0.000652,-0.012338,0.04118,1800.0
3.5955E+03,-0.000734,-0.012333,0.04118,1800.0
3.5956E+03,-0.002216,-0.012154,0.04118,1800.0
3.5957E+03,-0.003637,-0.011806,0.04118,1800.0
3.5958E+03,-0.005111,-0.011251,0.04118,1800.0
3.5959E+03,-0.006446,-0.010557,0.04118,1800.0
3.5960E+03,-0.007674,-0.009716,0.04118,1800.0
3.5961E+03,-0.008772,-0.008728,0.04118,1800.0
3.5962E+03,-0.009773,-0.007568,0.04118,1800.0
3.5963E+03,-0.010621,-0.006307,0.04118,1800.0
3.5964E+03,-0.011294,-0.005006,0.04118,1800.0
3.5965E+03,-0.011813,-0.003602,0.04118,1800.0
3.5966E+03,-0.012170,-0.002141,0.04118,1800.0
3.5967E+03,-0.012337,-0.000618,0.04118,1800.0
3.5968E+03,-0.012315,0.000920,0.04118,1800.0
3.5969E+03,-0.012118,0.002390,0.04118,1800.0
3.5970E+03,-0.011749,0.003842,0.04118,1800.0
3.5971E+03,-0.011190,0.005260,0.04118,1800.0
