3.8347E+03,-0.009304,0.007332,0.04402,0.0
3.8348E+03,-0.008308,0.008448,0.04402,0.0
3.8349E+03,-0.007186,0.009424,0.04402,0.0
3.8350E+03,-0.005957,0.010255,0.04402,0.0
3.8351E+03,-0.004589,0.010937,0.04402,0.0
3.8352E+03,-0.003186,0.011434,0.04402,0.0
3.8353E+03,-0.001694,0.011752,0.04402,0.0
3.8354E+03,-0.000223,0.011873,0.04402,0.0
3.8355E+03,0.000208,0.011874,0.04402,0.0
3.8356E+03,0.000282,0.011873,0.04402,0.0
3.8696E+03,0.009634,0.013794,0.04473,1800.0
3.8697E+03,0.009197,0.014076,0.04473,1800.0
3.8698E+03,0.008148,0.014695,0.04473,1800.0
3.8699E+03,0.006816,0.015355,0.04473,1800.0
3.8700E+03,0.005419,0.015901,0.04473,1800.0
3.8701E+03,0.003933,0.016341,0.04473,1800.0
3.8702E+03,0.002655,0.016612,0.04473,1800.0
3.8703E+03,0.001592,0.016749,0.04473,1800.0
3.8704E+03,0.000339,0.016812,0.04473,1800.0
3.8705E+03,-0.001141,0.016763,0.04473,1800.0
3.8706E+03,-0.002646,0.016593,0.04473,1800.0
3.8707E+03,-0.004102,0.016293,0.04473,1800.0
3.8708E+03,-0.005561,0.015850,0.04473,1800.0
3.8709E+03,-0.006936,0.015298,0.04473,1800.0
3.8710E+03,-0.008256,0.014630,0.04473,1800.0
3.8711E+03,-0.009577,0.013807,0.04473,1800.0
3.8712E+03,-0.010778,0.012889,0.04473,1800.0
3.8713E+03,-0.011898,0.011875,0.04473,1800.0
3.8714E+03,-0.012905,0.010787,0.04473,1800.0
3.8715E+03,-0.013835,0.009555,0.04473,1800.0
3.8716E+03,-0.014624,0.008292,0.04473,1800.0
3.8717E+03,-0.015304,0.006958,0.04473,1800.0
3.8718E+03,-0.015853,0.005568,0.04473,1800.0
3.8719E+03,-0.016246,0.004270,0.04473,1800.0
3.8720E+03,-0.016561,0.002805,0.04473,1800.0
3.8721E+03,-0.016748,0.001316,0.04473,1800.0
3.8722E+03,-0.016800,-0.000204,0.04473,1800.0
3.8723E+03,-0.016713,-0.001708,0.04473,1800.0
3.8724E+03,-0.016506,-0.003175,0.04473,1800.0
3.8725E+03,-0.016159,-0.004648,0.04473,1800.0
3.8726E+03,-0.015691,-0.006041,0.04473,1800.0
3.8727E+03,-0.015060,-0.007478,0.04473,1800.0
3.8728E+03,-0.014352,-0.008763,0.04473,1800.0
3.8729E+03,-0.013510,-0.009990,0.04473,1800.0
3.8730E+03,-0.012544,-0.011174,0.04473,1800.0
3.8731E+03,-0.011492,-0.012263,0.04473,1800.0
3.8732E+03,-0.010311,-0.013258,0.04473,1800.0
3.8733E+03,-0.009097,-0.014123,0.04473,1800.0
3.8734E+03,-0.007842,-0.014856,0.04473,1800.0
3.8735E+03,-0.006481,-0.015505,0.04473,1800.0
3.8736E+03,-0.005209,-0.015980,0.04473,1800.0
3.8737E+03,-0.003671,-0.016406,0.04473,1800.0
3.8738E+03,-0.002204,-0.016675,0.04473,1800.0
3.8739E+03,-0.000725,-0.016795,0.04473,1800.0
3.8740E+03,0.000758,-0.016785,0.04473,1800.0
3.8741E+03,0.001678,-0.016729,0.04473,1800.0
3.8742E+03,0.002944,-0.016537,0.04473,1800.0
3.8743E+03,0.004419,-0.016208,0.04473,1800.0
3.8744E+03,0.005887,-0.015735,0.04473,1800.0
3.8745E+03,0.007290,-0.015134,0.04473,1800.0
3.8746E+03,0.008600,-0.014431,0.04473,1800.0
3.8747E+03,0.009870,-0.013603,0.04473,1800.0
3.8748E+03,0.011069,-0.012646,0.04473,1800.0
3.8749E+03,0.012132,-0.011640,0.04473,1800.0
3.8750E+03,0.013173,-0.010456,0.04473,1800.0
3.8751E+03,0.014033,-0.009257,0.04473,1800.0
3.8752E+03,0.014815,-0.007928,0.04473,1800.0
3.8753E+03,0.015388,-0.006747,0.04473,1800.0
3.8754E+03,0.015931,-0.005329,0.04473,1800.0
3.8755E+03,0.016348,-0.003851,0.04473,1800.0
3.8756E+03,0.016627,-0.002397,0.04473,1800.0
3.8757E+03,0.016775,-0.000926,0.04473,1800.0
3.8758E+03,0.016795,0.000586,0.04473,1800.0
3.8759E+03,0.016677,0.002052,0.04473,1800.0
3.8760E+03,0.016416,0.003612,0.04473,1800.0
3.8761E+03,0.016043,0.005053,0.04473,0.0
3.8762E+03,0.015546,0.006398,0.04473,0.0
3.8763E+03,0.014880,0.007814,0.04473,0.0
3.8764E+03,0.014135,0.009102,0.04473,0.0
3.8765E+03,0.013221,0.010362,0.04473,0.0
3.8766E+03,0.012257,0.011486,0.04473,1800.0
3.8767E+03,0.011191,0.012529,0.04473,1800.0
3.8768E+03,0.010158,0.013398,0.04473,1800.0
3.8769E+03,0.009635,0.013793,0.04473,1800.0
3.8770E+03,0.009632,0.013793,0.04473,1800.0
3.8771E+03,0.008969,0.013498,0.04473,1800.0
3.8772E+03,0.003972,0.011272,0.04473,1800.0
3.8773E+03,0.001238,0.010055,0.04473,1800.0
3.8774E+03,0.001110,0.009998,0.04473,1800.0
3.8775E+03,0.001114,0.009997,0.04473,1800.0
3.8776E+03,0.002028,0.009834,0.04473,1800.0
3.8777E+03,0.003370,0.009433,0.04473,1800.0
3.8778E+03,0.004734,0.008826,0.04473,1800.0
3.8779E+03,0.005999,0.008026,0.04473,1800.0
3.8780E+03,0.007143,0.007021,0.04473,1800.0
3.8781E+03,0.008142,0.005844,0.04473,1800.0
3.8782E+03,0.008923,0.004564,0.04473,1800.0
3.8783E+03,0.009514,0.003207,0.04473,1800.0
3.8784E+03,0.009894,0.001711,0.04473,1800.0
3.8785E+03,0.010046,0.000232,0.04473,1800.0
3.8786E+03,0.009965,-0.001266,0.04473,1800.0
3.8787E+03,0.009689,-0.002560,0.04473,1800.0
3.8788E+03,0.009177,-0.003997,0.04473,1800.0
3.8789E+03,0.008480,-0.005339,0.04473,1800.0
3.8790E+03,0.007584,-0.006544,0.04473,1800.0
3.8791E+03,0.006533,-0.007600,0.04473,1800.0
3.8792E+03,0.005324,-0.008483,0.04473,1800.0
3.8793E+03,0.003974,-0.009201,0.04473,1800.0
3.8794E+03,0.002562,-0.009693,0.04473,1800.0
3.8795E+03,0.001137,-0.009968,0.04473,1800.0
3.8796E+03,-0.000392,-0.010033,0.04473,1800.0
3.8797E+03,-0.001870,-0.009865,0.04473,1800.0
3.8798E+03,-0.003300,-0.009482,0.04473,1800.0
3.8799E+03,-0.004672,-0.008869,0.04473,1800.0
3.8800E+03,-0.005958,-0.008046,0.04473,1800.0
3.8801E+03,-0.007092,-0.007081,0.04473,1800.0
3.8802E+03,-0.008053,-0.005956,0.04473,1800.0
3.8803E+03,-0.008859,-0.004675,0.04473,1800.0
3.8804E+03,-0.009422,-0.003409,0.04473,1800.0
3.8805E+03,-0.009844,-0.001935,0.04473,1800.0
3.8806E+03,-0.010024,-0.000428,0.04473,1800.0
3.8807E+03,-0.009985,0.001071,0.04473,1800.0
3.8808E+03,-0.009715,0.002540,0.04473,1800.0
3.8809E+03,-0.009214,0.003974,0.04473,1800.0
3.8810E+03,-0.008504,0.005305,0.04473,1800.0
3.8811E+03,-0.007618,0.006513,0.04473,0.0
3.8812E+03,-0.006543,0.007585,0.04473,0.0
3.8813E+03,-0.005367,0.008459,0.04473,0.0
3.8814E+03,-0.004040,0.009165,0.04473,0.0
3.8815E+03,-0.002623,0.009673,0.04473,0.0
3.8816E+03,-0.001189,0.009947,0.04473,1800.0
3.8817E+03,0.000204,0.010043,0.04473,1800.0
3.8818E+03,0.001110,0.009998,0.04473,1800.0
3.8819E+03,0.001109,0.009998,0.04473,1800.0
3.8820E+03,0.001102,0.009994,0.04473,1800.0
3.8821E+03,-0.004024,0.007347,0.04473,1800.0
3.8822E+03,-0.010233,0.004141,0.04473,1800.0
3.8823E+03,-0.014014,0.002189,0.04473,1800.0
3.8824E+03,-0.015033,0.001663,0.04473,1800.0
3.8825E+03,-0.015034,0.001647,0.04473,1800.0
3.8826E+03,-0.015071,0.001030,0.04473,1800.0
3.8827E+03,-0.015092,-0.000343,0.04473,1800.0
3.8828E+03,-0.014996,-0.001795,0.04473,1800.0
3.8829E+03,-0.014754,-0.003238,0.04473,1800.0
3.8830E+03,-0.014325,-0.004791,0.04473,1800.0
3.8831E+03,-0.013803,-0.006166,0.04473,1800.0
3.8832E+03,-0.013130,-0.007471,0.04473,1800.0
3.8833E+03,-0.012287,-0.008802,0.04473,1800.0
3.8834E+03,-0.011328,-0.009989,0.04473,1800.0
3.8835E+03,-0.010333,-0.011018,0.04473,1800.0
3.8836E+03,-0.009199,-0.011970,0.04473,1800.0
3.8837E+03,-0.007929,-0.012845,0.04473,1800.0
3.8838E+03,-0.006593,-0.013583,0.04473,1800.0
3.8839E+03,-0.005346,-0.014118,0.04473,1800.0
3.8840E+03,-0.003906,-0.014589,0.04473,1800.0
3.8841E+03,-0.002454,-0.014906,0.04473,1800.0
3.8842E+03,-0.000999,-0.015079,0.04473,1800.0
3.8843E+03,0.000605,-0.015104,0.04473,1800.0
3.8844E+03,0.002008,-0.014977,0.04473,1800.0
3.8845E+03,0.003487,-0.014698,0.04473,1800.0
3.8846E+03,0.004959,-0.014262,0.04473,1800.0
3.8847E+03,0.006345,-0.013705,0.04473,1800.0
3.8848E+03,0.007685,-0.012992,0.04473,1800.0
3.8849E+03,0.008946,-0.012158,0.04473,1800.0
3.8850E+03,0.010124,-0.011198,0.04473,1800.0
3.8851E+03,0.011206,-0.010119,0.04473,1800.0
3.8852E+03,0.012144,-0.008976,0.04473,1800.0
3.8853E+03,0.012968,-0.007741,0.04473,1800.0
3.8854E+03,0.013700,-0.006389,0.04473,1800.0
3.8855E+03,0.014219,-0.005106,0.04473,1800.0
3.8856E+03,0.014646,-0.003710,0.04473,1800.0
3.8857E+03,0.014938,-0.002199,0.04473,1800.0
3.8858E+03,0.015084,-0.000703,0.04473,1800.0
3.8859E+03,0.015067,0.000830,0.04473,1800.0
3.8860E+03,0.014916,0.002324,0.04473,1800.0
3.8861E+03,0.014611,0.003792,0.04473,1800.0
3.8862E+03,0.014157,0.005246,0.04473,1800.0
3.8863E+03,0.013565,0.006619,0.04473,1800.0
3.8864E+03,0.012855,0.007936,0.04473,1800.0
3.8865E+03,0.012021,0.009144,0.04473,1800.0
3.8866E+03,0.011058,0.010307,0.04473,1800.0
3.8867E+03,0.009999,0.011334,0.04473,1800.0
3.8868E+03,0.008808,0.012282,0.04473,1800.0
3.8869E+03,0.007517,0.013098,0.04473,1800.0
3.8870E+03,0.006168,0.013785,0.04473,1800.0
3.8871E+03,0.004752,0.014329,0.04473,1800.0
3.8872E+03,0.003331,0.014726,0.04473,1800.0
3.8873E+03,0.001991,0.014965,0.04473,1800.0
3.8874E+03,0.000447,0.015090,0.04473,1800.0
3.8875E+03,-0.001018,0.015072,0.04473,1800.0
3.8876E+03,-0.002503,0.014896,0.04473,1800.0
3.8877E+03,-0.004044,0.014560,0.04473,1800.0
3.8878E+03,-0.005387,0.014126,0.04473,1800.0
3.8879E+03,-0.006834,0.013477,0.04473,1800.0
3.8880E+03,-0.008130,0.012722,0.04473,1800.0
3.8881E+03,-0.009371,0.011841,0.04473,1800.0
3.8882E+03,-0.010463,0.010882,0.04473,0.0
3.8883E+03,-0.011488,0.009794,0.04473,0.0
3.8884E+03,-0.012428,0.008566,0.04473,0.0
3.8885E+03,-0.013221,0.007292,0.04473,0.0
3.8886E+03,-0.013868,0.005966,0.04473,0.0
3.8887E+03,-0.014404,0.004542,0.04473,1800.0
3.8888E+03,-0.014788,0.003069,0.04473,1800.0
3.8889E+03,-0.015009,0.001825,0.04473,1800.0
3.8890E+03,-0.015031,0.001676,0.04473,1800.0
3.8891E+03,-0.015033,0.001663,0.04473,1800.0
3.8892E+03,-0.012714,0.003088,0.04473,1800.0
3.8893E+03,-0.006897,0.006661,0.04473,1800.0
3.8894E+03,-0.001005,0.010281,0.04473,1800.0
3.8895E+03,0.001240,0.011660,0.04473,1800.0
3.8896E+03,0.001290,0.011691,0.04473,1800.0
3.8897E+03,0.001527,0.011652,0.04473,1800.0
3.8898E+03,0.002447,0.011462,0.04473,1800.0
3.8899E+03,0.003886,0.011066,0.04473,1800.0
3.8900E+03,0.005299,0.010488,0.04473,1800.0
3.8901E+03,0.006626,0.009696,0.04473,1800.0
3.8902E+03,0.007778,0.008797,0.04473,1800.0
3.8903E+03,0.008876,0.007682,0.04473,1800.0
3.8904E+03,0.009770,0.006501,0.04473,1800.0
3.8905E+03,0.010502,0.005211,0.04473,1800.0
3.8906E+03,0.011094,0.003785,0.04473,1800.0
3.8907E+03,0.011452,0.002477,0.04473,1800.0
3.8908E+03,0.011686,0.001009,0.04473,1800.0
3.8909E+03,0.011719,-0.000509,0.04473,1800.0
3.8910E+03,0.011556,-0.001994,0.04473,1800.0
3.8911E+03,0.011228,-0.003410,0.04473,1800.0
3.8912E+03,0.010696,-0.004836,0.04473,1800.0
3.8913E+03,0.010004,-0.006170,0.04473,1800.0
3.8914E+03,0.009140,-0.007381,0.04473,1800.0
3.8915E+03,0.008100,-0.008475,0.04473,1800.0
3.8916E+03,0.006941,-0.009450,0.04473,1800.0
3.8917E+03,0.005641,-0.010281,0.04473,1800.0
3.8918E+03,0.004253,-0.010925,0.04473,1800.0
3.8919E+03,0.002841,-0.011372,0.04473,1800.0
3.8920E+03,0.001403,-0.011635,0.04473,1800.0
3.8921E+03,-0.000089,-0.011720,0.04473,1800.0
3.8922E+03,-0.001622,-0.011617,0.04473,1800.0
3.8923E+03,-0.003132,-0.011307,0.04473,1800.0
3.8924E+03,-0.004383,-0.010896,0.04473,1800.0
3.8925E+03,-0.005798,-0.010208,0.04473,1800.0
3.8926E+03,-0.007057,-0.009387,0.04473,1800.0
3.8927E+03,-0.008166,-0.008425,0.04473,1800.0
3.8928E+03,-0.009178,-0.007292,0.04473,1800.0
3.8929E+03,-0.010036,-0.006055,0.04473,1800.0
3.8930E+03,-0.010727,-0.004723,0.04473,1800.0
3.8931E+03,-0.011246,-0.003315,0.04473,1800.0
3.8932E+03,-0.011581,-0.001844,0.04473,1800.0
3.8933E+03,-0.011715,-0.000336,0.04473,1800.0
3.8934E+03,-0.011670,0.001159,0.04473,1800.0
3.8935E+03,-0.011439,0.002656,0.04473,1800.0
3.8936E+03,-0.011034,0.004038,0.04473,1800.0
3.8937E+03,-0.010405,0.005445,0.04473,1800.0
3.8938E+03,-0.009640,0.006693,0.04473,1800.0
3.8939E+03,-0.008652,0.007921,0.04473,1800.0
