2.8454E+03,-0.011945,-0.003606,0.02982,0.0
2.8455E+03,-0.012289,-0.002227,0.02982,0.0
2.8456E+03,-0.012461,-0.000715,0.02982,0.0
2.8457E+03,-0.012452,0.000866,0.02982,0.0
2.8458E+03,-0.012246,0.002374,0.02982,0.0
2.8459E+03,-0.011882,0.003776,0.02982,0.0
2.8460E+03,-0.011328,0.005193,0.02982,0.0
2.8461E+03,-0.010708,0.006412,0.02982,0.0
2.8462E+03,-0.010417,0.006905,0.02982,0.0
2.8463E+03,-0.010409,0.006918,0.02982,0.0
2.8670E+03,-0.003979,0.013758,0.03053,1800.0
2.8671E+03,-0.004148,0.013680,0.03053,1800.0
2.8672E+03,-0.005104,0.013324,0.03053,1800.0
2.8673E+03,-0.006497,0.012733,0.03053,1800.0
2.8674E+03,-0.007762,0.012003,0.03053,1800.0
2.8675E+03,-0.008865,0.011216,0.03053,1800.0
2.8676E+03,-0.009994,0.010244,0.03053,1800.0
2.8677E+03,-0.011018,0.009129,0.03053,1800.0
2.8678E+03,-0.011964,0.007851,0.03053,1800.0
2.8679E+03,-0.012718,0.006533,0.03053,1800.0
2.8680E+03,-0.013307,0.005223,0.03053,1800.0
2.8681E+03,-0.013778,0.003824,0.03053,1800.0
2.8682E+03,-0.014101,0.002318,0.03053,1800.0
2.8683E+03,-0.014268,0.000811,0.03053,1800.0
2.8684E+03,-0.014280,-0.000673,0.03053,1800.0
2.8685E+03,-0.014126,-0.002153,0.03053,1800.0
2.8686E+03,-0.013821,-0.003645,0.03053,1800.0
2.8687E+03,-0.013339,-0.005139,0.03053,1800.0
2.8688E+03,-0.012729,-0.006535,0.03053,1800.0
2.8689E+03,-0.011980,-0.007834,0.03053,1800.0
2.8690E+03,-0.011097,-0.009033,0.03053,1800.0
2.8691E+03,-0.010079,-0.010156,0.03053,1800.0
2.8692E+03,-0.009006,-0.011107,0.03053,1800.0
2.8693E+03,-0.007919,-0.011894,0.03053,1800.0
2.8694E+03,-0.006597,-0.012675,0.03053,1800.0
2.8695E+03,-0.005214,-0.013306,0.03053,1800.0
2.8696E+03,-0.003804,-0.013775,0.03053,1800.0
2.8697E+03,-0.002336,-0.014105,0.03053,1800.0
2.8698E+03,-0.000817,-0.014273,0.03053,1800.0
2.8699E+03,0.000677,-0.014285,0.03053,1800.0
2.8700E+03,0.002163,-0.014143,0.03053,1800.0
2.8701E+03,0.003621,-0.013844,0.03053,1800.0
2.8702E+03,0.005060,-0.013385,0.03053,1800.0
2.8703E+03,0.006494,-0.012734,0.03053,1800.0
2.8704E+03,0.007808,-0.011982,0.03053,1800.0
2.8705E+03,0.008996,-0.011109,0.03053,1800.0
2.8706E+03,0.010108,-0.010101,0.03053,1800.0
2.8707E+03,0.011100,-0.008954,0.03053,1800.0
2.8708E+03,0.011989,-0.007712,0.03053,1800.0
2.8709E+03,0.012771,-0.006423,0.03053,1800.0
2.8710E+03,0.013317,-0.005212,0.03053,1800.0
2.8711E+03,0.013792,-0.003794,0.03053,1800.0
2.8712E+03,0.014134,-0.002302,0.03053,1800.0
2.8713E+03,0.014284,-0.000816,0.03053,1800.0
2.8714E+03,0.014285,0.000660,0.03053,1800.0
2.8715E+03,0.014125,0.002195,0.03053,1800.0
2.8716E+03,0.013824,0.003632,0.03053,1800.0
2.8717E+03,0.013352,0.005098,0.03053,1800.0
2.8718E+03,0.012740,0.006472,0.03053,1800.0
2.8719E+03,0.011999,0.007765,0.03053,1800.0
2.8720E+03,0.011131,0.009004,0.03053,1800.0
2.8721E+03,0.010163,0.010109,0.03053,1800.0
2.8722E+03,0.009025,0.011087,0.03053,1800.0
2.8723E+03,0.007803,0.011989,0.03053,1800.0
2.8724E+03,0.006442,0.012773,0.03053,0.0
2.8725E+03,0.005134,0.013367,0.03053,0.0
2.8726E+03,0.003685,0.013813,0.03053,0.0
2.8727E+03,0.002164,0.014138,0.03053,0.0
2.8728E+03,0.000874,0.014268,0.03053,0.0
2.8729E+03,-0.000648,0.014274,0.03053,1800.0
2.8730E+03,-0.002168,0.014124,0.03053,1800.0
2.8731E+03,-0.003395,0.013902,0.03053,1800.0
2.8732E+03,-0.003979,0.013758,0.03053,1800.0
2.8733E+03,-0.004014,0.013723,0.03053,1800.0
2.8734E+03,-0.005055,0.012671,0.03053,1800.0
2.8735E+03,-0.009319,0.008365,0.03053,1800.0
2.8736E+03,-0.009708,0.007972,0.03053,1800.0
2.8737E+03,-0.009712,0.007968,0.03053,1800.0
2.8738E+03,-0.009476,0.008229,0.03053,1800.0
2.8739E+03,-0.008581,0.009133,0.03053,1800.0
2.8740E+03,-0.007438,0.010086,0.03053,1800.0
2.8741E+03,-0.006164,0.010906,0.03053,1800.0
2.8742E+03,-0.004827,0.011558,0.03053,1800.0
2.8743E+03,-0.003402,0.012056,0.03053,1800.0
2.8744E+03,-0.001894,0.012387,0.03053,1800.0
2.8745E+03,-0.000563,0.012524,0.03053,1800.0
2.8746E+03,0.000901,0.012508,0.03053,1800.0
2.8747E+03,0.002413,0.012327,0.03053,1800.0
2.8748E+03,0.003849,0.011945,0.03053,1800.0
2.8749E+03,0.005318,0.011351,0.03053,1800.0
2.8750E+03,0.006587,0.010671,0.03053,1800.0
2.8751E+03,0.007796,0.009815,0.03053,1800.0
2.8752E+03,0.008928,0.008783,0.03053,1800.0
2.8753E+03,0.009926,0.007642,0.03053,1800.0
2.8754E+03,0.010765,0.006418,0.03053,1800.0
2.8755E+03,0.011454,0.005060,0.03053,1800.0
2.8756E+03,0.012005,0.003600,0.03053,1800.0
2.8757E+03,0.012351,0.002161,0.03053,1800.0
2.8758E+03,0.012520,0.000691,0.03053,1800.0
2.8759E+03,0.012518,-0.000847,0.03053,1800.0
2.8760E+03,0.012343,-0.002303,0.03053,1800.0
2.8761E+03,0.011980,-0.003732,0.03053,1800.0
2.8762E+03,0.011467,-0.005036,0.03053,1800.0
2.8763E+03,0.010771,-0.006409,0.03053,1800.0
2.8764E+03,0.009912,-0.007660,0.03053,1800.0
2.8765E+03,0.008945,-0.008767,0.03053,1800.0
2.8766E+03,0.007860,-0.009752,0.03053,1800.0
2.8767E+03,0.006643,-0.010628,0.03053,1800.0
2.8768E+03,0.005337,-0.011343,0.03053,1800.0
2.8769E+03,0.003932,-0.011903,0.03053,1800.0
2.8770E+03,0.002454,-0.012307,0.03053,1800.0
2.8771E+03,0.000889,-0.012519,0.03053,1800.0
2.8772E+03,-0.000496,-0.012531,0.03053,1800.0
2.8773E+03,-0.002075,-0.012370,0.03053,1800.0
2.8774E+03,-0.003496,-0.012043,0.03053,1800.0
2.8775E+03,-0.004933,-0.011511,0.03053,1800.0
2.8776E+03,-0.006318,-0.010819,0.03053,1800.0
2.8777E+03,-0.007585,-0.009976,0.03053,1800.0
2.8778E+03,-0.008699,-0.009013,0.03053,1800.0
2.8779E+03,-0.009605,-0.008041,0.03053,1800.0
2.8780E+03,-0.010532,-0.006821,0.03053,1800.0
2.8781E+03,-0.011250,-0.005553,0.03053,1800.0
2.8782E+03,-0.011837,-0.004160,0.03053,1800.0
