3.6565E+03,-0.010138,0.006863,0.04189,0.0
3.6566E+03,-0.009222,0.008045,0.04189,0.0
3.6567E+03,-0.008176,0.009113,0.04189,0.0
3.6568E+03,-0.007006,0.010044,0.04189,0.0
3.6569E+03,-0.005649,0.010859,0.04189,0.0
3.6570E+03,-0.004335,0.011445,0.04189,0.0
3.6571E+03,-0.002865,0.011890,0.04189,0.0
3.6572E+03,-0.001688,0.012131,0.04189,0.0
3.6574E+03,-0.001301,0.012193,0.04189,0.0
3.6911E+03,-0.016434,0.000693,0.04260,1800.0
3.6912E+03,-0.016438,0.000585,0.04260,1800.0
3.6913E+03,-0.016423,-0.000230,0.04260,1800.0
3.6914E+03,-0.016332,-0.001727,0.04260,1800.0
3.6915E+03,-0.016117,-0.003194,0.04260,1800.0
3.6916E+03,-0.015758,-0.004666,0.04260,1800.0
3.6917E+03,-0.015330,-0.005933,0.04260,1800.0
3.6918E+03,-0.014719,-0.007314,0.04260,1800.0
3.6919E+03,-0.013959,-0.008664,0.04260,1800.0
3.6920E+03,-0.013091,-0.009919,0.04260,1800.0
3.6921E+03,-0.012172,-0.011036,0.04260,1800.0
3.6922E+03,-0.011095,-0.012104,0.04260,1800.0
3.6923E+03,-0.009949,-0.013067,0.04260,1800.0
3.6924E+03,-0.008731,-0.013911,0.04260,1800.0
3.6925E+03,-0.007475,-0.014639,0.04260,1800.0
3.6926E+03,-0.006337,-0.015165,0.04260,1800.0
3.6927E+03,-0.005167,-0.015597,0.04260,1800.0
3.6928E+03,-0.003696,-0.016012,0.04260,1800.0
3.6929E+03,-0.002190,-0.016301,0.04260,1800.0
3.6930E+03,-0.000731,-0.016416,0.04260,1800.0
3.6931E+03,0.000753,-0.016417,0.04260,1800.0
3.6932E+03,0.002224,-0.016280,0.04260,1800.0
3.6933E+03,0.003770,-0.015988,0.04260,1800.0
3.6934E+03,0.005110,-0.015603,0.04260,1800.0
3.6935E+03,0.006524,-0.015076,0.04260,1800.0
3.6936E+03,0.007848,-0.014433,0.04260,1800.0
3.6937E+03,0.009099,-0.013673,0.04260,1800.0
3.6938E+03,0.010323,-0.012783,0.04260,1800.0
3.6939E+03,0.011453,-0.011791,0.04260,1800.0
3.6940E+03,0.012473,-0.010708,0.04260,1800.0
3.6941E+03,0.013401,-0.009519,0.04260,1800.0
3.6942E+03,0.014251,-0.008188,0.04260,1800.0
3.6943E+03,0.014932,-0.006856,0.04260,1800.0
3.6944E+03,0.015488,-0.005471,0.04260,1800.0
3.6945E+03,0.015932,-0.003994,0.04260,1800.0
3.6946E+03,0.016231,-0.002492,0.04260,1800.0
3.6947E+03,0.016381,-0.001302,0.04260,1800.0
3.6948E+03,0.016422,-0.000177,0.04260,1800.0
3.6949E+03,0.016393,0.001118,0.04260,1800.0
3.6950E+03,0.016270,0.002248,0.04260,1800.0
3.6951E+03,0.016007,0.003727,0.04260,1800.0
3.6952E+03,0.015641,0.005065,0.04260,1800.0
3.6953E+03,0.015123,0.006434,0.04260,1800.0
3.6954E+03,0.014487,0.007763,0.04260,1800.0
3.6955E+03,0.013692,0.009070,0.04260,1800.0
3.6956E+03,0.012794,0.010299,0.04260,1800.0
3.6957E+03,0.011797,0.011429,0.04260,1800.0
3.6958E+03,0.010705,0.012460,0.04260,1800.0
3.6959E+03,0.009523,0.013376,0.04260,1800.0
3.6960E+03,0.008265,0.014193,0.04260,1800.0
3.6961E+03,0.006915,0.014906,0.04260,1800.0
3.6962E+03,0.005496,0.015483,0.04260,1800.0
3.6963E+03,0.004102,0.015914,0.04260,1800.0
3.6964E+03,0.002594,0.016240,0.04260,1800.0
3.6965E+03,0.001057,0.016403,0.04260,1800.0
3.6966E+03,-0.000409,0.016430,0.04260,1800.0
3.6967E+03,-0.001903,0.016312,0.04260,1800.0
3.6968E+03,-0.003412,0.016065,0.04260,1800.0
3.6969E+03,-0.004708,0.015733,0.04260,1800.0
3.6970E+03,-0.005988,0.015301,0.04260,1800.0
3.6971E+03,-0.007120,0.014813,0.04260,1800.0
3.6972E+03,-0.008287,0.014183,0.04260,1800.0
3.6973E+03,-0.009576,0.013352,0.04260,1800.0
3.6974E+03,-0.010758,0.012424,0.04260,1800.0
3.6975E+03,-0.011872,0.011377,0.04260,1800.0
3.6976E+03,-0.012877,0.010213,0.04260,0.0
3.6977E+03,-0.013739,0.009021,0.04260,0.0
3.6978E+03,-0.014508,0.007710,0.04260,0.0
3.6979E+03,-0.015154,0.006330,0.04260,0.0
3.6980E+03,-0.015659,0.004959,0.04260,0.0
3.6981E+03,-0.016042,0.003536,0.04260,1800.0
3.6982E+03,-0.016295,0.002012,0.04260,1800.0
3.6983E+03,-0.016417,0.000932,0.04260,1800.0
3.6984E+03,-0.016434,0.000693,0.04260,1800.0
3.6985E+03,-0.015946,0.000987,0.04260,1800.0
3.6986E+03,-0.014140,0.002075,0.04260,1800.0
3.6987E+03,-0.007590,0.006021,0.04260,1800.0
3.6988E+03,-0.001383,0.009760,0.04260,1800.0
3.6989E+03,-0.000342,0.010387,0.04260,1800.0
3.6990E+03,-0.000285,0.010422,0.04260,1800.0
3.6991E+03,-0.000101,0.010429,0.04260,1800.0
3.6992E+03,0.000942,0.010357,0.04260,1800.0
3.6993E+03,0.002406,0.010107,0.04260,1800.0
3.6994E+03,0.003833,0.009677,0.04260,1800.0
3.6995E+03,0.005203,0.008997,0.04260,1800.0
3.6996E+03,0.006474,0.008144,0.04260,1800.0
3.6997E+03,0.007557,0.007163,0.04260,1800.0
3.6998E+03,0.008527,0.005973,0.04260,1800.0
3.6999E+03,0.009323,0.004677,0.04260,1800.0
3.7000E+03,0.009876,0.003328,0.04260,1800.0
3.7001E+03,0.010240,0.001881,0.04260,1800.0
3.7002E+03,0.010403,0.000372,0.04260,1800.0
3.7003E+03,0.010350,-0.000964,0.04260,1800.0
3.7004E+03,0.010095,-0.002469,0.04260,1800.0
3.7005E+03,0.009632,-0.003925,0.04260,1800.0
3.7006E+03,0.008961,-0.005266,0.04260,1800.0
3.7007E+03,0.008121,-0.006497,0.04260,1800.0
3.7008E+03,0.007133,-0.007572,0.04260,1800.0
3.7009E+03,0.005973,-0.008532,0.04260,1800.0
3.7010E+03,0.004687,-0.009312,0.04260,1800.0
3.7011E+03,0.003255,-0.009900,0.04260,1800.0
3.7012E+03,0.001730,-0.010266,0.04260,1800.0
3.7013E+03,0.000266,-0.010412,0.04260,1800.0
3.7014E+03,-0.001199,-0.010329,0.04260,1800.0
3.7015E+03,-0.002684,-0.010044,0.04260,1800.0
3.7016E+03,-0.004125,-0.009548,0.04260,1800.0
3.7017E+03,-0.005440,-0.008854,0.04260,1800.0
3.7018E+03,-0.006659,-0.007981,0.04260,1800.0
3.7019E+03,-0.007772,-0.006909,0.04260,1800.0
3.7020E+03,-0.008699,-0.005705,0.04260,1800.0
3.7021E+03,-0.009365,-0.004574,0.04260,1800.0
3.7022E+03,-0.009918,-0.003220,0.04260,1800.0
3.7023E+03,-0.010259,-0.001667,0.04260,1800.0
3.7024E+03,-0.010407,-0.000226,0.04260,1800.0
3.7025E+03,-0.010329,0.001246,0.04260,1800.0
3.7026E+03,-0.010021,0.002759,0.04260,1800.0
3.7027E+03,-0.009509,0.004213,0.04260,1800.0
3.7028E+03,-0.008822,0.005497,0.04260,0.0
3.7029E+03,-0.007948,0.006698,0.04260,0.0
3.7030E+03,-0.006894,0.007789,0.04260,0.0
3.7031E+03,-0.005704,0.008688,0.04260,0.0
3.7032E+03,-0.004346,0.009462,0.04260,1800.0
3.7033E+03,-0.003025,0.009966,0.04260,1800.0
3.7034E+03,-0.001549,0.010308,0.04260,1800.0
3.7035E+03,-0.000379,0.010413,0.04260,1800.0
3.7037E+03,-0.000285,0.010422,0.04260,1800.0
3.7038E+03,0.003132,0.010289,0.04260,1800.0
3.7039E+03,0.008376,0.010084,0.04260,1800.0
3.7041E+03,0.010850,0.009987,0.04260,1800.0
3.7042E+03,0.010739,0.010100,0.04260,1800.0
3.7043E+03,0.010164,0.010649,0.04260,1800.0
3.7044E+03,0.009012,0.011657,0.04260,1800.0
3.7045E+03,0.007777,0.012521,0.04260,1800.0
3.7046E+03,0.006538,0.013265,0.04260,1800.0
3.7047E+03,0.005121,0.013819,0.04260,1800.0
3.7048E+03,0.003618,0.014279,0.04260,1800.0
3.7049E+03,0.002129,0.014569,0.04260,1800.0
3.7050E+03,0.000695,0.014708,0.04260,1800.0
3.7051E+03,-0.000813,0.014696,0.04260,1800.0
3.7052E+03,-0.002306,0.014541,0.04260,1800.0
3.7053E+03,-0.003776,0.014228,0.04260,1800.0
3.7054E+03,-0.005249,0.013752,0.04260,1800.0
3.7055E+03,-0.006487,0.013227,0.04260,1800.0
3.7056E+03,-0.007822,0.012493,0.04260,1800.0
3.7057E+03,-0.009038,0.011650,0.04260,1800.0
3.7058E+03,-0.010170,0.010662,0.04260,1800.0
3.7059E+03,-0.011219,0.009542,0.04260,1800.0
3.7060E+03,-0.012108,0.008375,0.04260,1800.0
3.7061E+03,-0.012667,0.007529,0.04260,1800.0
3.7062E+03,-0.013254,0.006408,0.04260,1800.0
3.7063E+03,-0.013841,0.005011,0.04260,1800.0
3.7064E+03,-0.014286,0.003563,0.04260,1800.0
3.7065E+03,-0.014573,0.002078,0.04260,1800.0
3.7066E+03,-0.014718,0.000539,0.04260,1800.0
3.7067E+03,-0.014696,-0.000988,0.04260,1800.0
3.7068E+03,-0.014534,-0.002453,0.04260,1800.0
3.7069E+03,-0.014224,-0.003881,0.04260,1800.0
3.7070E+03,-0.013749,-0.005298,0.04260,1800.0
3.7071E+03,-0.013136,-0.006687,0.04260,1800.0
3.7072E+03,-0.012625,-0.007610,0.04260,1800.0
3.7073E+03,-0.011928,-0.008621,0.04260,1800.0
3.7074E+03,-0.011013,-0.009777,0.04260,1800.0
3.7075E+03,-0.009964,-0.010837,0.04260,1800.0
3.7076E+03,-0.008815,-0.011795,0.04260,1800.0
3.7077E+03,-0.007593,-0.012619,0.04260,1800.0
3.7078E+03,-0.006302,-0.013314,0.04260,1800.0
3.7079E+03,-0.004893,-0.013899,0.04260,1800.0
3.7080E+03,-0.003400,-0.014336,0.04260,1800.0
3.7081E+03,-0.001947,-0.014615,0.04260,1800.0
3.7082E+03,-0.000396,-0.014726,0.04260,1800.0
3.7083E+03,0.001116,-0.014687,0.04260,1800.0
3.7084E+03,0.002599,-0.014495,0.04260,1800.0
3.7085E+03,0.004043,-0.014163,0.04260,1800.0
3.7086E+03,0.005431,-0.013683,0.04260,1800.0
3.7087E+03,0.006782,-0.013069,0.04260,1800.0
3.7088E+03,0.008104,-0.012285,0.04260,1800.0
3.7089E+03,0.009339,-0.011384,0.04260,1800.0
3.7090E+03,0.010323,-0.010517,0.04260,1800.0
3.7091E+03,0.011339,-0.009416,0.04260,1800.0
3.7092E+03,0.011922,-0.008668,0.04260,1800.0
3.7093E+03,0.012745,-0.007405,0.04260,1800.0
3.7094E+03,0.013408,-0.006100,0.04260,1800.0
3.7095E+03,0.013952,-0.004715,0.04260,1800.0
3.7096E+03,0.014353,-0.003287,0.04260,1800.0
3.7097E+03,0.014617,-0.001763,0.04260,1800.0
3.7098E+03,0.014721,-0.000287,0.04260,1800.0
3.7099E+03,0.014670,0.001203,0.04260,0.0
3.7100E+03,0.014468,0.002722,0.04260,0.0
3.7101E+03,0.014121,0.004173,0.04260,0.0
3.7102E+03,0.013615,0.005630,0.04260,0.0
3.7103E+03,0.012967,0.006997,0.04260,1800.0
3.7104E+03,0.012238,0.008230,0.04260,1800.0
3.7105E+03,0.011283,0.009477,0.04260,1800.0
3.7106E+03,0.010904,0.009924,0.04260,1800.0
3.7107E+03,0.010850,0.009987,0.04260,1800.0
3.7108E+03,0.010191,0.010112,0.04260,1800.0
3.7109E+03,0.005518,0.011000,0.04260,1800.0
3.7110E+03,0.000930,0.011872,0.04260,1800.0
3.7111E+03,-0.000373,0.012120,0.04260,1800.0
3.7112E+03,-0.000354,0.012121,0.04260,1800.0
3.7113E+03,0.000058,0.012111,0.04260,1800.0
3.7114E+03,0.001434,0.012037,0.04260,1800.0
3.7115E+03,0.002927,0.011762,0.04260,1800.0
3.7116E+03,0.004373,0.011309,0.04260,1800.0
3.7117E+03,0.005723,0.010673,0.04260,1800.0
3.7118E+03,0.007056,0.009840,0.04260,1800.0
3.7119E+03,0.008234,0.008882,0.04260,1800.0
3.7120E+03,0.009264,0.007797,0.04260,1800.0
3.7121E+03,0.010134,0.006605,0.04260,1800.0
3.7122E+03,0.010876,0.005291,0.04260,1800.0
3.7123E+03,0.011458,0.003894,0.04260,1800.0
3.7124E+03,0.011850,0.002467,0.04260,1800.0
3.7125E+03,0.012066,0.001123,0.04260,1800.0
3.7126E+03,0.012112,-0.000429,0.04260,1800.0
3.7127E+03,0.011969,-0.001909,0.04260,1800.0
3.7128E+03,0.011632,-0.003392,0.04260,1800.0
3.7129E+03,0.011151,-0.004732,0.04260,1800.0
3.7130E+03,0.010460,-0.006093,0.04260,1800.0
3.7131E+03,0.009648,-0.007323,0.04260,1800.0
3.7132E+03,0.008624,-0.008476,0.04260,1800.0
3.7133E+03,0.007502,-0.009489,0.04260,1800.0
3.7134E+03,0.006284,-0.010334,0.04260,1800.0
3.7135E+03,0.004956,-0.011053,0.04260,1800.0
3.7136E+03,0.003565,-0.011569,0.04260,1800.0
3.7137E+03,0.002073,-0.011929,0.04260,1800.0
3.7138E+03,0.000560,-0.012098,0.04260,1800.0
3.7139E+03,-0.000956,-0.012085,0.04260,1800.0
3.7140E+03,-0.002403,-0.011885,0.04260,1800.0
3.7141E+03,-0.003862,-0.011484,0.04260,1800.0
3.7142E+03,-0.005158,-0.010948,0.04260,1800.0
3.7143E+03,-0.006449,-0.010237,0.04260,1800.0
3.7144E+03,-0.007670,-0.009350,0.04260,1800.0
3.7145E+03,-0.008780,-0.008324,0.04260,1800.0
3.7146E+03,-0.009731,-0.007208,0.04260,1800.0
3.7147E+03,-0.010539,-0.005962,0.04260,1800.0
3.7148E+03,-0.011194,-0.004608,0.04260,1800.0
3.7149E+03,-0.011690,-0.003146,0.04260,1800.0
3.7150E+03,-0.012016,-0.001621,0.04260,1800.0
3.7151E+03,-0.012127,-0.000178,0.04260,1800.0
3.7152E+03,-0.012051,0.001338,0.04260,1800.0
3.7153E+03,-0.011781,0.002804,0.04260,1800.0
3.7154E+03,-0.011331,0.004246,0.04260,1800.0
3.7155E+03,-0.010693,0.005662,0.04260,1800.0
3.7156E+03,-0.009935,0.006915,0.04260,1800.0
