3.3003E+03,-0.012268,0.004249,0.03763,0.0
3.3004E+03,-0.011690,0.005647,0.03763,0.0
3.3005E+03,-0.010951,0.006977,0.03763,0.0
3.3006E+03,-0.010063,0.008226,0.03763,0.0
3.3007E+03,-0.009092,0.009298,0.03763,0.0
3.3008E+03,-0.007914,0.010313,0.03763,0.0
3.3009E+03,-0.006663,0.011153,0.03763,0.0
3.3010E+03,-0.005528,0.011760,0.03763,0.0
3.3011E+03,-0.005267,0.011893,0.03763,0.0
3.3012E+03,-0.005260,0.011896,0.03763,0.0
3.3348E+03,-0.015052,0.004433,0.03834,1800.0
3.3349E+03,-0.015058,0.004411,0.03834,1800.0
3.3350E+03,-0.015280,0.003492,0.03834,1800.0
3.3351E+03,-0.015538,0.002098,0.03834,1800.0
3.3352E+03,-0.015661,0.000601,0.03834,1800.0
3.3353E+03,-0.015650,-0.000906,0.03834,1800.0
3.3354E+03,-0.015495,-0.002358,0.03834,1800.0
3.3355E+03,-0.015206,-0.003819,0.03834,1800.0
3.3356E+03,-0.014806,-0.005204,0.03834,1800.0
3.3357E+03,-0.014476,-0.006058,0.03834,1800.0
3.3358E+03,-0.013810,-0.007451,0.03834,1800.0
3.3359E+03,-0.013023,-0.008742,0.03834,1800.0
3.3360E+03,-0.012144,-0.009926,0.03834,1800.0
3.3361E+03,-0.011222,-0.010943,0.03834,1800.0
3.3362E+03,-0.010085,-0.011993,0.03834,1800.0
3.3363E+03,-0.008874,-0.012921,0.03834,1800.0
3.3364E+03,-0.007635,-0.013690,0.03834,1800.0
3.3365E+03,-0.006328,-0.014340,0.03834,1800.0
3.3366E+03,-0.005036,-0.014857,0.03834,1800.0
3.3367E+03,-0.003992,-0.015166,0.03834,1800.0
3.3368E+03,-0.002542,-0.015478,0.03834,1800.0
3.3369E+03,-0.001071,-0.015655,0.03834,1800.0
3.3370E+03,0.000444,-0.015689,0.03834,1800.0
3.3371E+03,0.002007,-0.015554,0.03834,1800.0
3.3372E+03,0.003476,-0.015287,0.03834,1800.0
3.3373E+03,0.004878,-0.014902,0.03834,1800.0
3.3374E+03,0.006295,-0.014356,0.03834,1800.0
3.3375E+03,0.007625,-0.013696,0.03834,1800.0
3.3376E+03,0.008881,-0.012907,0.03834,1800.0
3.3377E+03,0.010088,-0.011991,0.03834,1800.0
3.3378E+03,0.011221,-0.010947,0.03834,1800.0
3.3379E+03,0.012161,-0.009900,0.03834,1800.0
3.3380E+03,0.013015,-0.008758,0.03834,1800.0
3.3381E+03,0.013811,-0.007452,0.03834,1800.0
3.3382E+03,0.014469,-0.006064,0.03834,1800.0
3.3383E+03,0.014962,-0.004683,0.03834,1800.0
3.3384E+03,0.015344,-0.003180,0.03834,1800.0
3.3385E+03,0.015591,-0.001665,0.03834,1800.0
3.3386E+03,0.015671,-0.000219,0.03834,1800.0
3.3387E+03,0.015618,0.001248,0.03834,1800.0
3.3388E+03,0.015438,0.002767,0.03834,1800.0
3.3389E+03,0.015111,0.004249,0.03834,1800.0
3.3390E+03,0.014626,0.005642,0.03834,1800.0
3.3391E+03,0.014013,0.007038,0.03834,1800.0
3.3392E+03,0.013271,0.008364,0.03834,1800.0
3.3393E+03,0.012391,0.009633,0.03834,1800.0
3.3394E+03,0.011385,0.010786,0.03834,1800.0
3.3395E+03,0.010302,0.011823,0.03834,1800.0
3.3396E+03,0.009281,0.012636,0.03834,1800.0
3.3397E+03,0.008001,0.013472,0.03834,1800.0
3.3398E+03,0.006650,0.014193,0.03834,1800.0
3.3399E+03,0.005260,0.014763,0.03834,1800.0
3.3400E+03,0.003843,0.015199,0.03834,1800.0
3.3401E+03,0.002400,0.015492,0.03834,1800.0
3.3402E+03,0.000852,0.015662,0.03834,1800.0
3.3403E+03,-0.000622,0.015675,0.03834,1800.0
3.3404E+03,-0.002145,0.015543,0.03834,1800.0
3.3405E+03,-0.003627,0.015259,0.03834,1800.0
3.3406E+03,-0.004783,0.014933,0.03834,1800.0
3.3407E+03,-0.005960,0.014507,0.03834,1800.0
3.3408E+03,-0.007306,0.013871,0.03834,1800.0
3.3409E+03,-0.008616,0.013094,0.03834,1800.0
3.3410E+03,-0.009796,0.012237,0.03834,0.0
3.3411E+03,-0.010902,0.011257,0.03834,0.0
3.3412E+03,-0.011950,0.010142,0.03834,0.0
3.3413E+03,-0.012794,0.009072,0.03834,0.0
3.3414E+03,-0.013584,0.007830,0.03834,1800.0
3.3415E+03,-0.014313,0.006427,0.03834,1800.0
3.3416E+03,-0.014681,0.005535,0.03834,1800.0
3.3417E+03,-0.015007,0.004566,0.03834,1800.0
3.3419E+03,-0.015052,0.004433,0.03834,1800.0
3.3420E+03,-0.011701,0.006255,0.03834,1800.0
3.3421E+03,-0.006632,0.009011,0.03834,1800.0
3.3422E+03,-0.004039,0.010421,0.03834,1800.0
3.3423E+03,-0.004011,0.010436,0.03834,1800.0
3.3424E+03,-0.003823,0.010502,0.03834,1800.0
3.3425E+03,-0.003062,0.010733,0.03834,1800.0
3.3426E+03,-0.001649,0.011039,0.03834,1800.0
3.3427E+03,-0.000198,0.011164,0.03834,1800.0
3.3428E+03,0.001424,0.011081,0.03834,1800.0
3.3429E+03,0.002917,0.010784,0.03834,1800.0
3.3430E+03,0.004187,0.010340,0.03834,1800.0
3.3431E+03,0.005515,0.009697,0.03834,1800.0
3.3432E+03,0.006759,0.008863,0.03834,1800.0
3.3433E+03,0.007882,0.007881,0.03834,1800.0
3.3434E+03,0.008870,0.006749,0.03834,1800.0
3.3435E+03,0.009715,0.005475,0.03834,1800.0
3.3436E+03,0.010369,0.004118,0.03834,1800.0
3.3437E+03,0.010819,0.002719,0.03834,1800.0
3.3438E+03,0.011094,0.001230,0.03834,1800.0
3.3439E+03,0.011166,-0.000303,0.03834,1800.0
3.3440E+03,0.011022,-0.001792,0.03834,1800.0
3.3441E+03,0.010704,-0.003180,0.03834,1800.0
3.3442E+03,0.010172,-0.004597,0.03834,1800.0
3.3443E+03,0.009404,-0.005986,0.03834,1800.0
3.3444E+03,0.008517,-0.007189,0.03834,1800.0
3.3445E+03,0.007479,-0.008271,0.03834,1800.0
3.3446E+03,0.006283,-0.009209,0.03834,1800.0
3.3447E+03,0.004999,-0.009969,0.03834,1800.0
3.3448E+03,0.003769,-0.010499,0.03834,1800.0
3.3449E+03,0.002321,-0.010918,0.03834,1800.0
3.3450E+03,0.000783,-0.011145,0.03834,1800.0
3.3451E+03,-0.000681,-0.011152,0.03834,1800.0
3.3452E+03,-0.002204,-0.010954,0.03834,1800.0
3.3453E+03,-0.003590,-0.010571,0.03834,1800.0
3.3454E+03,-0.004990,-0.009968,0.03834,1800.0
3.3455E+03,-0.006293,-0.009201,0.03834,1800.0
3.3456E+03,-0.007484,-0.008267,0.03834,1800.0
3.3457E+03,-0.008503,-0.007213,0.03834,1800.0
3.3458E+03,-0.009375,-0.006032,0.03834,1800.0
3.3459E+03,-0.010121,-0.004681,0.03834,1800.0
3.3460E+03,-0.010680,-0.003263,0.03834,1800.0
3.3461E+03,-0.011011,-0.001798,0.03834,1800.0
3.3462E+03,-0.011161,-0.000264,0.03834,1800.0
3.3463E+03,-0.011115,0.001182,0.03834,1800.0
3.3464E+03,-0.010832,0.002712,0.03834,0.0
3.3465E+03,-0.010428,0.003964,0.03834,0.0
3.3466E+03,-0.009785,0.005344,0.03834,0.0
3.3467E+03,-0.008956,0.006636,0.03834,0.0
3.3468E+03,-0.007973,0.007791,0.03834,0.0
3.3469E+03,-0.006874,0.008773,0.03834,0.0
3.3470E+03,-0.005652,0.009615,0.03834,1800.0
3.3471E+03,-0.004488,0.010233,0.03834,1800.0
3.3472E+03,-0.004011,0.010436,0.03834,1800.0
3.3473E+03,-0.004042,0.010383,0.03834,1800.0
3.3474E+03,-0.004413,0.009746,0.03834,1800.0
3.3475E+03,-0.008223,0.003218,0.03834,1800.0
3.3476E+03,-0.012086,-0.003400,0.03834,1800.0
3.3477E+03,-0.012959,-0.004896,0.03834,1800.0
3.3479E+03,-0.013048,-0.005048,0.03834,1800.0
3.3480E+03,-0.012749,-0.005726,0.03834,1800.0
3.3481E+03,-0.012127,-0.006926,0.03834,1800.0
3.3482E+03,-0.011399,-0.008077,0.03834,1800.0
3.3483E+03,-0.010468,-0.009264,0.03834,1800.0
3.3484E+03,-0.009418,-0.010332,0.03834,1800.0
3.3485E+03,-0.008292,-0.011270,0.03834,1800.0
3.3486E+03,-0.007034,-0.012095,0.03834,1800.0
3.3487E+03,-0.005683,-0.012777,0.03834,1800.0
3.3488E+03,-0.004254,-0.013316,0.03834,1800.0
3.3489E+03,-0.002754,-0.013696,0.03834,1800.0
3.3490E+03,-0.001236,-0.013910,0.03834,1800.0
3.3491E+03,0.000260,-0.013973,0.03834,1800.0
3.3492E+03,0.001691,-0.013870,0.03834,1800.0
3.3493E+03,0.003176,-0.013602,0.03834,1800.0
3.3494E+03,0.004685,-0.013167,0.03834,1800.0
3.3495E+03,0.006057,-0.012592,0.03834,1800.0
3.3496E+03,0.007391,-0.011867,0.03834,1800.0
3.3497E+03,0.008568,-0.011045,0.03834,1800.0
3.3498E+03,0.009711,-0.010078,0.03834,1800.0
3.3499E+03,0.010641,-0.009063,0.03834,1800.0
3.3500E+03,0.011582,-0.007818,0.03834,1800.0
3.3501E+03,0.012335,-0.006568,0.03834,1800.0
3.3502E+03,0.012962,-0.005207,0.03834,1800.0
3.3503E+03,0.013458,-0.003739,0.03834,1800.0
3.3504E+03,0.013787,-0.002255,0.03834,1800.0
3.3505E+03,0.013946,-0.000755,0.03834,1800.0
3.3506E+03,0.013949,0.000769,0.03834,1800.0
3.3507E+03,0.013798,0.002242,0.03834,1800.0
3.3508E+03,0.013483,0.003694,0.03834,1800.0
3.3509E+03,0.013012,0.005139,0.03834,1800.0
3.3510E+03,0.012399,0.006487,0.03834,1800.0
3.3511E+03,0.011616,0.007786,0.03834,1800.0
3.3512E+03,0.010730,0.008955,0.03834,1800.0
3.3513E+03,0.009711,0.010047,0.03834,1800.0
3.3514E+03,0.008551,0.011046,0.03834,1800.0
3.3515E+03,0.007300,0.011907,0.03834,1800.0
3.3516E+03,0.006106,0.012564,0.03834,1800.0
3.3517E+03,0.004714,0.013159,0.03834,1800.0
3.3518E+03,0.003267,0.013588,0.03834,1800.0
3.3519E+03,0.001751,0.013872,0.03834,1800.0
3.3520E+03,0.000300,0.013983,0.03834,1800.0
3.3521E+03,-0.001239,0.013934,0.03834,1800.0
3.3522E+03,-0.002735,0.013718,0.03834,1800.0
3.3523E+03,-0.004149,0.013349,0.03834,1800.0
3.3524E+03,-0.005258,0.012955,0.03834,1800.0
3.3525E+03,-0.006482,0.012381,0.03834,1800.0
3.3526E+03,-0.007755,0.011621,0.03834,1800.0
3.3527E+03,-0.008927,0.010750,0.03834,1800.0
3.3528E+03,-0.009994,0.009767,0.03834,1800.0
3.3529E+03,-0.010984,0.008634,0.03834,1800.0
3.3530E+03,-0.011856,0.007385,0.03834,1800.0
3.3531E+03,-0.012594,0.006069,0.03834,1800.0
3.3532E+03,-0.013188,0.004645,0.03834,0.0
3.3533E+03,-0.013582,0.003336,0.03834,0.0
3.3534E+03,-0.013795,0.002320,0.03834,0.0
3.3535E+03,-0.013944,0.000924,0.03834,0.0
3.3536E+03,-0.013959,-0.000600,0.03834,0.0
3.3537E+03,-0.013806,-0.002125,0.03834,0.0
3.3538E+03,-0.013494,-0.003620,0.03834,1800.0
3.3539E+03,-0.013184,-0.004671,0.03834,1800.0
3.3540E+03,-0.013048,-0.005048,0.03834,1800.0
3.3541E+03,-0.012989,-0.004928,0.03834,1800.0
3.3542E+03,-0.012168,-0.003265,0.03834,1800.0
3.3543E+03,-0.008901,0.003355,0.03834,1800.0
3.3544E+03,-0.005575,0.010095,0.03834,1800.0
3.3545E+03,-0.004637,0.011995,0.03834,1800.0
3.3546E+03,-0.004624,0.012022,0.03834,1800.0
3.3547E+03,-0.004571,0.012041,0.03834,1800.0
3.3548E+03,-0.003471,0.012382,0.03834,1800.0
3.3549E+03,-0.002049,0.012694,0.03834,1800.0
3.3550E+03,-0.000719,0.012834,0.03834,1800.0
3.3551E+03,0.000800,0.012828,0.03834,1800.0
3.3552E+03,0.002324,0.012640,0.03834,1800.0
3.3553E+03,0.003802,0.012285,0.03834,1800.0
3.3554E+03,0.005162,0.011781,0.03834,1800.0
3.3555E+03,0.006527,0.011094,0.03834,1800.0
3.3556E+03,0.007796,0.010245,0.03834,1800.0
3.3557E+03,0.008918,0.009284,0.03834,1800.0
3.3558E+03,0.009940,0.008171,0.03834,1800.0
3.3559E+03,0.010819,0.006945,0.03834,1800.0
3.3560E+03,0.011569,0.005598,0.03834,1800.0
3.3561E+03,0.012149,0.004200,0.03834,1800.0
3.3562E+03,0.012542,0.002792,0.03834,1800.0
3.3563E+03,0.012782,0.001343,0.03834,1800.0
3.3564E+03,0.012852,-0.000180,0.03834,1800.0
3.3565E+03,0.012751,-0.001701,0.03834,1800.0
3.3566E+03,0.012467,-0.003154,0.03834,1800.0
3.3567E+03,0.012064,-0.004506,0.03834,1800.0
3.3568E+03,0.011458,-0.005875,0.03834,1800.0
3.3569E+03,0.010678,-0.007171,0.03834,1800.0
3.3570E+03,0.009758,-0.008366,0.03834,1800.0
3.3571E+03,0.008710,-0.009454,0.03834,1800.0
3.3572E+03,0.007563,-0.010394,0.03834,1800.0
3.3573E+03,0.006308,-0.011204,0.03834,1800.0
3.3574E+03,0.004951,-0.011860,0.03834,1800.0
3.3575E+03,0.003522,-0.012362,0.03834,1800.0
3.3576E+03,0.002036,-0.012693,0.03834,1800.0
3.3577E+03,0.000548,-0.012846,0.03834,1800.0
3.3578E+03,-0.000946,-0.012833,0.03834,1800.0
3.3579E+03,-0.002393,-0.012642,0.03834,1800.0
3.3580E+03,-0.003881,-0.012282,0.03834,1800.0
3.3581E+03,-0.005277,-0.011736,0.03834,1800.0
3.3582E+03,-0.006653,-0.011010,0.03834,1800.0
3.3583E+03,-0.007857,-0.010176,0.03834,1800.0
3.3584E+03,-0.008869,-0.009303,0.03834,1800.0
3.3585E+03,-0.009902,-0.008186,0.03834,1800.0
3.3586E+03,-0.010802,-0.006966,0.03834,1800.0
3.3587E+03,-0.011544,-0.005644,0.03834,1800.0
3.3588E+03,-0.012143,-0.004249,0.03834,1800.0
3.3589E+03,-0.012539,-0.002854,0.03834,1800.0
3.3590E+03,-0.012812,-0.001322,0.03834,1800.0
3.3591E+03,-0.012880,0.000128,0.03834,1800.0
3.3592E+03,-0.012754,0.001713,0.03834,1800.0
3.3593E+03,-0.012462,0.003180,0.03834,1800.0
3.3594E+03,-0.012008,0.004604,0.03834,1800.0
