3.2413E+03,-0.012868,0.002593,0.03692,0.0
3.2414E+03,-0.012482,0.004039,0.03692,0.0
3.2415E+03,-0.011923,0.005453,0.03692,0.0
3.2416E+03,-0.011237,0.006761,0.03692,0.0
3.2417E+03,-0.010338,0.008046,0.03692,0.0
3.2418E+03,-0.009336,0.009187,0.03692,0.0
3.2419E+03,-0.008263,0.010172,0.03692,0.0
3.2420E+03,-0.007181,0.010961,0.03692,0.0
3.2421E+03,-0.006175,0.011587,0.03692,0.0
3.2422E+03,-0.006001,0.011683,0.03692,0.0
3.2758E+03,-0.014535,0.005565,0.03763,1800.0
3.2759E+03,-0.014572,0.005468,0.03763,1800.0
3.2760E+03,-0.014757,0.004904,0.03763,1800.0
3.2761E+03,-0.015167,0.003476,0.03763,1800.0
3.2762E+03,-0.015436,0.001974,0.03763,1800.0
3.2763E+03,-0.015549,0.000676,0.03763,1800.0
3.2764E+03,-0.015535,-0.000831,0.03763,1800.0
3.2765E+03,-0.015370,-0.002387,0.03763,1800.0
3.2766E+03,-0.015062,-0.003853,0.03763,1800.0
3.2767E+03,-0.014626,-0.005271,0.03763,1800.0
3.2768E+03,-0.014047,-0.006658,0.03763,1800.0
3.2769E+03,-0.013431,-0.007847,0.03763,1800.0
3.2770E+03,-0.012729,-0.008927,0.03763,1800.0
3.2771E+03,-0.011808,-0.010121,0.03763,1800.0
3.2772E+03,-0.010800,-0.011205,0.03763,1800.0
3.2773E+03,-0.009682,-0.012183,0.03763,1800.0
3.2774E+03,-0.008453,-0.013070,0.03763,1800.0
3.2775E+03,-0.007150,-0.013823,0.03763,1800.0
3.2776E+03,-0.006092,-0.014320,0.03763,1800.0
3.2777E+03,-0.004877,-0.014772,0.03763,1800.0
3.2778E+03,-0.003447,-0.015163,0.03763,1800.0
3.2779E+03,-0.001970,-0.015421,0.03763,1800.0
3.2780E+03,-0.000594,-0.015535,0.03763,1800.0
3.2781E+03,0.000934,-0.015524,0.03763,1800.0
3.2782E+03,0.002390,-0.015363,0.03763,1800.0
3.2783E+03,0.003860,-0.015074,0.03763,1800.0
3.2784E+03,0.005291,-0.014638,0.03763,1800.0
3.2785E+03,0.006331,-0.014222,0.03763,1800.0
3.2786E+03,0.007443,-0.013671,0.03763,1800.0
3.2787E+03,0.008730,-0.012885,0.03763,1800.0
3.2788E+03,0.009951,-0.011951,0.03763,1800.0
3.2789E+03,0.011092,-0.010896,0.03763,1800.0
3.2790E+03,0.012079,-0.009788,0.03763,1800.0
3.2791E+03,0.012965,-0.008585,0.03763,1800.0
3.2792E+03,0.013741,-0.007273,0.03763,1800.0
3.2793E+03,0.014381,-0.005908,0.03763,1800.0
3.2794E+03,0.014889,-0.004495,0.03763,1800.0
3.2795E+03,0.015257,-0.003009,0.03763,1800.0
3.2796E+03,0.015479,-0.001504,0.03763,1800.0
3.2797E+03,0.015566,-0.000183,0.03763,1800.0
3.2798E+03,0.015509,0.001267,0.03763,1800.0
3.2799E+03,0.015314,0.002740,0.03763,1800.0
3.2800E+03,0.014954,0.004266,0.03763,1800.0
3.2801E+03,0.014463,0.005719,0.03763,1800.0
3.2802E+03,0.013849,0.007064,0.03763,1800.0
3.2803E+03,0.013111,0.008352,0.03763,1800.0
3.2804E+03,0.012237,0.009594,0.03763,1800.0
3.2805E+03,0.011226,0.010756,0.03763,1800.0
3.2806E+03,0.010129,0.011796,0.03763,1800.0
3.2807E+03,0.008983,0.012692,0.03763,1800.0
3.2808E+03,0.007716,0.013516,0.03763,1800.0
3.2809E+03,0.006429,0.014177,0.03763,1800.0
3.2810E+03,0.005464,0.014576,0.03763,1800.0
3.2811E+03,0.004128,0.015003,0.03763,1800.0
3.2812E+03,0.002652,0.015326,0.03763,1800.0
3.2813E+03,0.001132,0.015509,0.03763,1800.0
3.2814E+03,-0.000197,0.015549,0.03763,1800.0
3.2815E+03,-0.001669,0.015454,0.03763,1800.0
3.2816E+03,-0.003165,0.015221,0.03763,1800.0
3.2817E+03,-0.004621,0.014847,0.03763,1800.0
3.2818E+03,-0.005920,0.014391,0.03763,1800.0
3.2819E+03,-0.006938,0.013926,0.03763,1800.0
3.2820E+03,-0.008188,0.013236,0.03763,0.0
3.2821E+03,-0.009501,0.012332,0.03763,0.0
3.2822E+03,-0.010662,0.011335,0.03763,0.0
3.2823E+03,-0.011693,0.010258,0.03763,0.0
3.2824E+03,-0.012606,0.009107,0.03763,0.0
3.2825E+03,-0.013320,0.008027,0.03763,1800.0
3.2826E+03,-0.013967,0.006832,0.03763,1800.0
3.2827E+03,-0.014400,0.005903,0.03763,1800.0
3.2828E+03,-0.014535,0.005565,0.03763,1800.0
3.2829E+03,-0.014316,0.005670,0.03763,1800.0
3.2830E+03,-0.012099,0.006733,0.03763,1800.0
3.2831E+03,-0.006294,0.009515,0.03763,1800.0
3.2832E+03,-0.004608,0.010323,0.03763,1800.0
3.2833E+03,-0.004571,0.010341,0.03763,1800.0
3.2834E+03,-0.004514,0.010364,0.03763,1800.0
3.2835E+03,-0.003350,0.010777,0.03763,1800.0
3.2836E+03,-0.001971,0.011106,0.03763,1800.0
3.2837E+03,-0.000444,0.011258,0.03763,1800.0
3.2838E+03,0.001051,0.011225,0.03763,1800.0
3.2839E+03,0.002494,0.010997,0.03763,1800.0
3.2840E+03,0.003956,0.010558,0.03763,1800.0
3.2841E+03,0.005344,0.009929,0.03763,1800.0
3.2842E+03,0.006620,0.009136,0.03763,1800.0
3.2843E+03,0.007783,0.008177,0.03763,1800.0
3.2844E+03,0.008772,0.007131,0.03763,1800.0
3.2845E+03,0.009653,0.005867,0.03763,1800.0
3.2846E+03,0.010360,0.004483,0.03763,1800.0
3.2847E+03,0.010855,0.003066,0.03763,1800.0
3.2848E+03,0.011144,0.001761,0.03763,1800.0
3.2849E+03,0.011271,0.000238,0.03763,1800.0
3.2850E+03,0.011203,-0.001256,0.03763,1800.0
3.2851E+03,0.010941,-0.002714,0.03763,1800.0
3.2852E+03,0.010477,-0.004173,0.03763,1800.0
3.2853E+03,0.009842,-0.005523,0.03763,1800.0
3.2854E+03,0.009038,-0.006757,0.03763,1800.0
3.2855E+03,0.008050,-0.007923,0.03763,1800.0
3.2856E+03,0.006884,-0.008963,0.03763,1800.0
3.2857E+03,0.005695,-0.009754,0.03763,1800.0
3.2858E+03,0.004330,-0.010423,0.03763,1800.0
3.2859E+03,0.002868,-0.010912,0.03763,1800.0
3.2860E+03,0.001416,-0.011184,0.03763,1800.0
3.2861E+03,-0.000056,-0.011273,0.03763,1800.0
3.2862E+03,-0.001545,-0.011171,0.03763,1800.0
3.2863E+03,-0.003024,-0.010863,0.03763,1800.0
3.2864E+03,-0.004447,-0.010360,0.03763,1800.0
3.2865E+03,-0.005649,-0.009771,0.03763,1800.0
3.2866E+03,-0.006912,-0.008933,0.03763,1800.0
3.2867E+03,-0.008038,-0.007939,0.03763,1800.0
3.2868E+03,-0.009071,-0.006722,0.03763,1800.0
3.2869E+03,-0.009852,-0.005509,0.03763,1800.0
3.2870E+03,-0.010484,-0.004171,0.03763,1800.0
3.2871E+03,-0.010941,-0.002738,0.03763,1800.0
3.2872E+03,-0.011208,-0.001201,0.03763,1800.0
3.2873E+03,-0.011268,0.000327,0.03763,1800.0
3.2874E+03,-0.011133,0.001813,0.03763,1800.0
3.2875E+03,-0.010791,0.003262,0.03763,0.0
3.2876E+03,-0.010269,0.004662,0.03763,0.0
3.2877E+03,-0.009551,0.006012,0.03763,0.0
3.2878E+03,-0.008679,0.007221,0.03763,0.0
3.2879E+03,-0.007673,0.008289,0.03763,1800.0
3.2880E+03,-0.006498,0.009245,0.03763,1800.0
3.2881E+03,-0.005213,0.010016,0.03763,1800.0
3.2882E+03,-0.004726,0.010268,0.03763,1800.0
3.2883E+03,-0.004571,0.010341,0.03763,1800.0
3.2884E+03,-0.005099,0.009953,0.03763,1800.0
3.2885E+03,-0.008774,0.007253,0.03763,1800.0
3.2886E+03,-0.012697,0.004371,0.03763,1800.0
3.2888E+03,-0.013298,0.003929,0.03763,1800.0
3.2889E+03,-0.013346,0.003735,0.03763,1800.0
3.2890E+03,-0.013613,0.002621,0.03763,1800.0
3.2891E+03,-0.013824,0.001075,0.03763,1800.0
3.2892E+03,-0.013855,-0.000404,0.03763,1800.0
3.2893E+03,-0.013734,-0.001846,0.03763,1800.0
3.2894E+03,-0.013440,-0.003343,0.03763,1800.0
3.2895E+03,-0.012978,-0.004823,0.03763,1800.0
3.2896E+03,-0.012397,-0.006165,0.03763,1800.0
3.2897E+03,-0.011660,-0.007459,0.03763,1800.0
3.2898E+03,-0.010766,-0.008703,0.03763,1800.0
3.2899E+03,-0.009854,-0.009731,0.03763,1800.0
3.2900E+03,-0.008734,-0.010759,0.03763,1800.0
3.2901E+03,-0.007557,-0.011621,0.03763,1800.0
3.2902E+03,-0.006277,-0.012364,0.03763,1800.0
3.2903E+03,-0.004910,-0.012970,0.03763,1800.0
3.2904E+03,-0.003957,-0.013291,0.03763,1800.0
3.2905E+03,-0.002565,-0.013607,0.03763,1800.0
3.2906E+03,-0.001014,-0.013808,0.03763,1800.0
3.2907E+03,0.000464,-0.013839,0.03763,1800.0
3.2908E+03,0.001958,-0.013704,0.03763,1800.0
3.2909E+03,0.003442,-0.013409,0.03763,1800.0
3.2910E+03,0.004871,-0.012961,0.03763,1800.0
3.2911E+03,0.006258,-0.012357,0.03763,1800.0
3.2912E+03,0.007540,-0.011617,0.03763,1800.0
3.2913E+03,0.008775,-0.010726,0.03763,1800.0
3.2914E+03,0.009884,-0.009715,0.03763,1800.0
3.2915E+03,0.010907,-0.008557,0.03763,1800.0
3.2916E+03,0.011738,-0.007374,0.03763,1800.0
3.2917E+03,0.012397,-0.006175,0.03763,1800.0
3.2918E+03,0.012994,-0.004784,0.03763,1800.0
3.2919E+03,0.013443,-0.003306,0.03763,1800.0
3.2920E+03,0.013703,-0.002037,0.03763,1800.0
3.2921E+03,0.013824,-0.000834,0.03763,1800.0
3.2922E+03,0.013833,0.000612,0.03763,1800.0
3.2923E+03,0.013696,0.002067,0.03763,1800.0
3.2924E+03,0.013386,0.003573,0.03763,1800.0
3.2925E+03,0.012925,0.005007,0.03763,1800.0
3.2926E+03,0.012323,0.006354,0.03763,1800.0
3.2927E+03,0.011557,0.007654,0.03763,1800.0
3.2928E+03,0.010631,0.008885,0.03763,1800.0
3.2929E+03,0.009580,0.009997,0.03763,1800.0
3.2930E+03,0.008440,0.010974,0.03763,1800.0
3.2931E+03,0.007198,0.011827,0.03763,1800.0
3.2932E+03,0.005850,0.012546,0.03763,1800.0
3.2933E+03,0.004449,0.013111,0.03763,1800.0
3.2934E+03,0.003161,0.013488,0.03763,1800.0
3.2935E+03,0.001692,0.013750,0.03763,1800.0
3.2936E+03,0.000219,0.013862,0.03763,1800.0
3.2937E+03,-0.001342,0.013799,0.03763,1800.0
3.2938E+03,-0.002810,0.013569,0.03763,1800.0
3.2939E+03,-0.004094,0.013237,0.03763,1800.0
3.2940E+03,-0.005205,0.012840,0.03763,1800.0
3.2941E+03,-0.006449,0.012256,0.03763,1800.0
3.2942E+03,-0.007737,0.011480,0.03763,0.0
3.2943E+03,-0.008959,0.010548,0.03763,0.0
3.2944E+03,-0.010071,0.009509,0.03763,0.0
3.2945E+03,-0.011015,0.008349,0.03763,0.0
3.2946E+03,-0.011848,0.007085,0.03763,1800.0
3.2947E+03,-0.012586,0.005778,0.03763,1800.0
3.2948E+03,-0.013094,0.004555,0.03763,1800.0
3.2950E+03,-0.013298,0.003929,0.03763,1800.0
3.2951E+03,-0.012819,0.004404,0.03763,1800.0
3.2952E+03,-0.008239,0.008943,0.03763,1800.0
3.2953E+03,-0.005760,0.011401,0.03763,1800.0
3.2954E+03,-0.005260,0.011896,0.03763,1800.0
3.2955E+03,-0.005228,0.011909,0.03763,1800.0
3.2956E+03,-0.004623,0.012132,0.03763,1800.0
3.2957E+03,-0.003268,0.012563,0.03763,1800.0
3.2958E+03,-0.001792,0.012861,0.03763,1800.0
3.2959E+03,-0.000250,0.012982,0.03763,1800.0
3.2960E+03,0.001214,0.012944,0.03763,1800.0
3.2961E+03,0.002710,0.012723,0.03763,1800.0
3.2962E+03,0.004149,0.012315,0.03763,1800.0
3.2963E+03,0.005502,0.011763,0.03763,1800.0
3.2964E+03,0.006886,0.011006,0.03763,1800.0
3.2965E+03,0.008133,0.010117,0.03763,1800.0
3.2966E+03,0.009222,0.009123,0.03763,1800.0
3.2967E+03,0.010211,0.008008,0.03763,1800.0
3.2968E+03,0.010999,0.006883,0.03763,1800.0
3.2969E+03,0.011746,0.005545,0.03763,1800.0
3.2970E+03,0.012304,0.004159,0.03763,1800.0
3.2971E+03,0.012696,0.002767,0.03763,1800.0
3.2972E+03,0.012948,0.001244,0.03763,1800.0
3.2973E+03,0.012992,-0.000267,0.03763,1800.0
3.2974E+03,0.012876,-0.001705,0.03763,1800.0
3.2975E+03,0.012582,-0.003203,0.03763,1800.0
3.2976E+03,0.012115,-0.004661,0.03763,1800.0
3.2977E+03,0.011495,-0.006033,0.03763,1800.0
3.2978E+03,0.010706,-0.007328,0.03763,1800.0
3.2979E+03,0.009792,-0.008530,0.03763,1800.0
3.2980E+03,0.008752,-0.009597,0.03763,1800.0
3.2981E+03,0.007595,-0.010527,0.03763,1800.0
3.2982E+03,0.006345,-0.011329,0.03763,1800.0
3.2983E+03,0.004942,-0.012015,0.03763,1800.0
3.2984E+03,0.003519,-0.012514,0.03763,1800.0
3.2985E+03,0.002259,-0.012791,0.03763,1800.0
3.2986E+03,0.000724,-0.012963,0.03763,1800.0
3.2987E+03,-0.000810,-0.012961,0.03763,1800.0
3.2988E+03,-0.002317,-0.012779,0.03763,1800.0
3.2989E+03,-0.003780,-0.012415,0.03763,1800.0
3.2990E+03,-0.005195,-0.011892,0.03763,1800.0
3.2991E+03,-0.006519,-0.011228,0.03763,1800.0
3.2992E+03,-0.007733,-0.010426,0.03763,1800.0
3.2993E+03,-0.008882,-0.009461,0.03763,1800.0
3.2994E+03,-0.009937,-0.008353,0.03763,1800.0
3.2995E+03,-0.010850,-0.007174,0.03763,1800.0
3.2996E+03,-0.011600,-0.005857,0.03763,1800.0
3.2997E+03,-0.012209,-0.004448,0.03763,1800.0
3.2998E+03,-0.012646,-0.002996,0.03763,1800.0
3.2999E+03,-0.012901,-0.001492,0.03763,1800.0
3.3000E+03,-0.012977,-0.000028,0.03763,1800.0
3.3001E+03,-0.012885,0.001479,0.03763,1800.0
3.3002E+03,-0.012673,0.002828,0.03763,1800.0
