4.4791E+03,0.001018,0.012914,0.04970,0.0
4.4792E+03,0.002502,0.012711,0.04970,0.0
4.4793E+03,0.003954,0.012336,0.04970,0.0
4.4794E+03,0.005356,0.011773,0.04970,0.0
4.4795E+03,0.006682,0.011082,0.04970,0.0
4.4795E+03,0.007786,0.010327,0.04970,0.0
4.4796E+03,0.008940,0.009348,0.04970,0.0
4.4797E+03,0.009980,0.008236,0.04970,0.0
4.4798E+03,0.010794,0.007180,0.04970,0.0
4.4800E+03,0.010854,0.007095,0.04970,0.0
4.5276E+03,0.017331,-0.001271,0.05041,1800.0
4.5277E+03,0.017331,-0.001270,0.05041,1800.0
4.5278E+03,0.017333,-0.001205,0.05041,1800.0
4.5279E+03,0.017376,-0.000042,0.05041,1800.0
4.5280E+03,0.017309,0.001373,0.05041,1800.0
4.5281E+03,0.017202,0.002411,0.05041,1800.0
4.5282E+03,0.016922,0.003833,0.05041,1800.0
4.5283E+03,0.016518,0.005311,0.05041,1800.0
4.5284E+03,0.016015,0.006697,0.05041,1800.0
4.5286E+03,0.015388,0.008022,0.05041,1800.0
4.5287E+03,0.014631,0.009328,0.05041,1800.0
4.5288E+03,0.013747,0.010592,0.05041,1800.0
4.5289E+03,0.012755,0.011775,0.05041,1800.0
4.5290E+03,0.011679,0.012852,0.05041,1800.0
4.5291E+03,0.010581,0.013773,0.05041,1800.0
4.5291E+03,0.009443,0.014570,0.05041,1800.0
4.5292E+03,0.008150,0.015333,0.05041,1800.0
4.5293E+03,0.006808,0.015968,0.05041,1800.0
4.5294E+03,0.005396,0.016493,0.05041,1800.0
4.5295E+03,0.003924,0.016903,0.05041,1800.0
4.5296E+03,0.002443,0.017184,0.05041,1800.0
4.5297E+03,0.000963,0.017331,0.05041,1800.0
4.5298E+03,-0.000565,0.017343,0.05041,1800.0
4.5299E+03,-0.002105,0.017230,0.05041,1800.0
4.5300E+03,-0.003564,0.016998,0.05041,1800.0
4.5301E+03,-0.005021,0.016629,0.05041,1800.0
4.5303E+03,-0.006433,0.016134,0.05041,1800.0
4.5304E+03,-0.007781,0.015526,0.05041,1800.0
4.5305E+03,-0.009125,0.014772,0.05041,1800.0
4.5306E+03,-0.010411,0.013891,0.05041,1800.0
4.5307E+03,-0.011539,0.012965,0.05041,1800.0
4.5308E+03,-0.012608,0.011921,0.05041,1800.0
4.5308E+03,-0.013520,0.010881,0.05041,1800.0
4.5309E+03,-0.014424,0.009659,0.05041,1800.0
4.5310E+03,-0.015190,0.008391,0.05041,1800.0
4.5311E+03,-0.015842,0.007100,0.05041,1800.0
4.5312E+03,-0.016325,0.005924,0.05041,1800.0
4.5313E+03,-0.016665,0.004881,0.05041,1800.0
4.5314E+03,-0.017045,0.003354,0.05041,1800.0
4.5315E+03,-0.017254,0.001873,0.05041,1800.0
4.5316E+03,-0.017351,0.000430,0.05041,1800.0
4.5317E+03,-0.017317,-0.001102,0.05041,1800.0
4.5318E+03,-0.017169,-0.002629,0.05041,1800.0
4.5320E+03,-0.016865,-0.004127,0.05041,1800.0
4.5321E+03,-0.016492,-0.005416,0.05041,1800.0
4.5322E+03,-0.016102,-0.006488,0.05041,1800.0
4.5323E+03,-0.015570,-0.007660,0.05041,1800.0
4.5324E+03,-0.014833,-0.009011,0.05041,1800.0
4.5325E+03,-0.013996,-0.010278,0.05041,1800.0
4.5326E+03,-0.013038,-0.011474,0.05041,1800.0
4.5326E+03,-0.012158,-0.012396,0.05041,1800.0
4.5327E+03,-0.011037,-0.013397,0.05041,1800.0
4.5328E+03,-0.009807,-0.014329,0.05041,1800.0
4.5329E+03,-0.008527,-0.015119,0.05041,1800.0
4.5330E+03,-0.007179,-0.015798,0.05041,1800.0
4.5331E+03,-0.005813,-0.016352,0.05041,1800.0
4.5332E+03,-0.004394,-0.016789,0.05041,1800.0
4.5333E+03,-0.002887,-0.017114,0.05041,1800.0
4.5334E+03,-0.001369,-0.017303,0.05041,1800.0
4.5335E+03,0.000151,-0.017362,0.05041,1800.0
4.5337E+03,0.001614,-0.017294,0.05041,1800.0
4.5338E+03,0.003145,-0.017087,0.05041,1800.0
4.5339E+03,0.004629,-0.016737,0.05041,1800.0
4.5340E+03,0.006014,-0.016289,0.05041,1800.0
4.5341E+03,0.007427,-0.015687,0.05041,1800.0
4.5342E+03,0.008747,-0.014997,0.05041,1800.0
4.5343E+03,0.010027,-0.014163,0.05041,1800.0
4.5343E+03,0.011115,-0.013324,0.05041,1800.0
4.5344E+03,0.012236,-0.012304,0.05041,1800.0
4.5345E+03,0.013274,-0.011190,0.05041,1800.0
4.5346E+03,0.014183,-0.010003,0.05041,0.0
4.5347E+03,0.015005,-0.008732,0.05041,0.0
4.5348E+03,0.015710,-0.007421,0.05041,0.0
4.5349E+03,0.016282,-0.006036,0.05041,0.0
4.5350E+03,0.016752,-0.004563,0.05041,1800.0
4.5351E+03,0.017078,-0.003107,0.05041,1800.0
4.5352E+03,0.017252,-0.001947,0.05041,1800.0
4.5354E+03,0.017319,-0.001381,0.05041,1800.0
4.5355E+03,0.017331,-0.001271,0.05041,1800.0
4.5356E+03,0.016853,-0.000972,0.05041,1800.0
4.5357E+03,0.013419,0.001174,0.05041,1800.0
4.5358E+03,0.009035,0.003913,0.05041,1800.0
4.5359E+03,0.008504,0.004245,0.05041,1800.0
4.5360E+03,0.008518,0.004215,0.05041,1800.0
4.5360E+03,0.008601,0.004031,0.05041,1800.0
4.5361E+03,0.009110,0.002618,0.05041,1800.0
4.5362E+03,0.009414,0.001174,0.05041,1800.0
4.5363E+03,0.009464,-0.000287,0.05041,1800.0
4.5364E+03,0.009293,-0.001792,0.05041,1800.0
4.5365E+03,0.008901,-0.003226,0.05041,1800.0
4.5366E+03,0.008271,-0.004582,0.05041,1800.0
4.5367E+03,0.007456,-0.005843,0.05041,1800.0
4.5368E+03,0.006423,-0.006945,0.05041,1800.0
4.5369E+03,0.005211,-0.007911,0.05041,1800.0
4.5370E+03,0.003936,-0.008624,0.05041,1800.0
4.5372E+03,0.002530,-0.009140,0.05041,1800.0
4.5373E+03,0.001074,-0.009436,0.05041,1800.0
4.5374E+03,-0.000448,-0.009477,0.05041,1800.0
4.5375E+03,-0.001969,-0.009276,0.05041,1800.0
4.5376E+03,-0.003353,-0.008862,0.05041,1800.0
4.5377E+03,-0.004722,-0.008206,0.05041,1800.0
4.5377E+03,-0.005860,-0.007429,0.05041,1800.0
4.5378E+03,-0.006957,-0.006411,0.05041,1800.0
4.5379E+03,-0.007893,-0.005228,0.05041,1800.0
4.5380E+03,-0.008636,-0.003875,0.05041,1800.0
4.5381E+03,-0.009143,-0.002482,0.05041,1800.0
4.5382E+03,-0.009433,-0.000996,0.05041,1800.0
4.5383E+03,-0.009483,0.000482,0.05041,1800.0
4.5384E+03,-0.009290,0.001966,0.05041,1800.0
4.5385E+03,-0.008834,0.003436,0.05041,1800.0
4.5386E+03,-0.008182,0.004802,0.05041,1800.0
4.5388E+03,-0.007341,0.005988,0.05041,1800.0
4.5389E+03,-0.006257,0.007098,0.05041,1800.0
4.5390E+03,-0.005059,0.007993,0.05041,1800.0
4.5391E+03,-0.003763,0.008696,0.05041,1800.0
4.5392E+03,-0.002311,0.009180,0.05041,1800.0
4.5393E+03,-0.000842,0.009434,0.05041,0.0
4.5394E+03,0.000600,0.009453,0.05041,0.0
4.5394E+03,0.001982,0.009280,0.05041,0.0
4.5395E+03,0.003488,0.008830,0.05041,0.0
4.5396E+03,0.004775,0.008199,0.05041,0.0
4.5397E+03,0.005997,0.007335,0.05041,0.0
4.5398E+03,0.007087,0.006294,0.05041,0.0
4.5399E+03,0.007987,0.005082,0.05041,1800.0
4.5400E+03,0.008413,0.004410,0.05041,1800.0
4.5401E+03,0.008504,0.004245,0.05041,1800.0
4.5402E+03,0.007832,0.004206,0.05041,1800.0
4.5403E+03,0.003865,0.003977,0.05041,1800.0
4.5405E+03,-0.004224,0.003510,0.05041,1800.0
4.5406E+03,-0.011384,0.003096,0.05041,1800.0
4.5409E+03,-0.015414,0.002863,0.05041,1800.0
4.5410E+03,-0.015491,0.002346,0.05041,1800.0
4.5411E+03,-0.015599,0.001388,0.05041,1800.0
4.5411E+03,-0.015650,0.000134,0.05041,1800.0
4.5412E+03,-0.015601,-0.001314,0.05041,1800.0
4.5413E+03,-0.015458,-0.002508,0.05041,1800.0
4.5414E+03,-0.015246,-0.003569,0.05041,1800.0
4.5415E+03,-0.014934,-0.004707,0.05041,1800.0
4.5416E+03,-0.014479,-0.005950,0.05041,1800.0
4.5417E+03,-0.013901,-0.007231,0.05041,1800.0
4.5418E+03,-0.013444,-0.008057,0.05041,1800.0
4.5419E+03,-0.012834,-0.008992,0.05041,1800.0
4.5420E+03,-0.012004,-0.010066,0.05041,1800.0
4.5421E+03,-0.011335,-0.010821,0.05041,1800.0
4.5423E+03,-0.010306,-0.011783,0.05041,1800.0
4.5424E+03,-0.009181,-0.012682,0.05041,1800.0
4.5425E+03,-0.007968,-0.013504,0.05041,1800.0
4.5426E+03,-0.006588,-0.014223,0.05041,1800.0
4.5427E+03,-0.005146,-0.014786,0.05041,1800.0
4.5428E+03,-0.003745,-0.015200,0.05041,1800.0
4.5428E+03,-0.002427,-0.015472,0.05041,1800.0
4.5429E+03,-0.000846,-0.015647,0.05041,1800.0
4.5430E+03,0.000653,-0.015657,0.05041,1800.0
4.5431E+03,0.002151,-0.015519,0.05041,1800.0
4.5432E+03,0.003582,-0.015245,0.05041,1800.0
4.5433E+03,0.005073,-0.014813,0.05041,1800.0
4.5434E+03,0.006421,-0.014279,0.05041,1800.0
4.5435E+03,0.007785,-0.013573,0.05041,1800.0
4.5436E+03,0.009059,-0.012764,0.05041,1800.0
4.5437E+03,0.010225,-0.011850,0.05041,1800.0
4.5438E+03,0.011331,-0.010801,0.05041,1800.0
4.5440E+03,0.012316,-0.009661,0.05041,1800.0
4.5441E+03,0.013185,-0.008451,0.05041,1800.0
4.5442E+03,0.013934,-0.007151,0.05041,1800.0
4.5443E+03,0.014588,-0.005727,0.05041,1800.0
4.5444E+03,0.015048,-0.004357,0.05041,1800.0
4.5445E+03,0.015400,-0.002842,0.05041,1800.0
4.5445E+03,0.015581,-0.001484,0.05041,1800.0
4.5446E+03,0.015647,0.000016,0.05041,1800.0
4.5447E+03,0.015578,0.001527,0.05041,1800.0
4.5448E+03,0.015355,0.003025,0.05041,1800.0
4.5449E+03,0.014996,0.004477,0.05041,1800.0
4.5450E+03,0.014520,0.005870,0.05041,1800.0
4.5451E+03,0.013905,0.007193,0.05041,1800.0
4.5452E+03,0.013154,0.008495,0.05041,1800.0
4.5453E+03,0.012256,0.009763,0.05041,1800.0
4.5454E+03,0.011236,0.010921,0.05041,1800.0
4.5455E+03,0.010155,0.011928,0.05041,1800.0
4.5457E+03,0.008984,0.012828,0.05041,1800.0
4.5458E+03,0.007751,0.013603,0.05041,1800.0
4.5459E+03,0.006350,0.014303,0.05041,1800.0
4.5460E+03,0.004947,0.014850,0.05041,1800.0
4.5461E+03,0.003497,0.015255,0.05041,1800.0
4.5462E+03,0.002015,0.015528,0.05041,1800.0
4.5463E+03,0.000550,0.015648,0.05041,1800.0
4.5463E+03,-0.000823,0.015640,0.05041,1800.0
4.5464E+03,-0.002343,0.015492,0.05041,1800.0
4.5465E+03,-0.003872,0.015185,0.05041,1800.0
4.5466E+03,-0.005242,0.014766,0.05041,1800.0
4.5467E+03,-0.006650,0.014177,0.05041,1800.0
4.5468E+03,-0.007996,0.013460,0.05041,1800.0
4.5469E+03,-0.009255,0.012622,0.05041,1800.0
4.5470E+03,-0.010419,0.011681,0.05041,1800.0
4.5471E+03,-0.011365,0.010772,0.05041,0.0
4.5472E+03,-0.012143,0.009889,0.05041,0.0
4.5474E+03,-0.012851,0.008952,0.05041,0.0
4.5475E+03,-0.013457,0.008027,0.05041,0.0
4.5476E+03,-0.013960,0.007100,0.05041,0.0
4.5477E+03,-0.014534,0.005842,0.05041,0.0
4.5478E+03,-0.015028,0.004426,0.05041,1800.0
4.5479E+03,-0.015378,0.003018,0.05041,1800.0
4.5480E+03,-0.015412,0.002873,0.05041,1800.0
4.5480E+03,-0.015414,0.002863,0.05041,1800.0
4.5481E+03,-0.013241,0.003047,0.05041,1800.0
4.5482E+03,-0.007156,0.003561,0.05041,1800.0
4.5483E+03,0.000671,0.004222,0.05041,1800.0
4.5484E+03,0.007075,0.004763,0.05041,1800.0
4.5486E+03,0.010022,0.005012,0.05041,1800.0
4.5487E+03,0.010084,0.004870,0.05041,1800.0
4.5488E+03,0.010455,0.003998,0.05041,1800.0
4.5489E+03,0.010905,0.002585,0.05041,1800.0
4.5490E+03,0.011135,0.001072,0.05041,1800.0
4.5492E+03,0.011166,-0.000405,0.05041,1800.0
4.5493E+03,0.011003,-0.001948,0.05041,1800.0
4.5494E+03,0.010637,-0.003438,0.05041,1800.0
4.5495E+03,0.010081,-0.004806,0.05041,1800.0
4.5496E+03,0.009345,-0.006115,0.05041,1800.0
4.5497E+03,0.008445,-0.007314,0.05041,1800.0
4.5498E+03,0.007412,-0.008365,0.05041,1800.0
4.5498E+03,0.006326,-0.009218,0.05041,1800.0
4.5499E+03,0.005041,-0.009985,0.05041,1800.0
4.5500E+03,0.003675,-0.010588,0.05041,1800.0
4.5501E+03,0.002212,-0.010965,0.05041,1800.0
4.5502E+03,0.000743,-0.011156,0.05041,1800.0
4.5503E+03,-0.000762,-0.011150,0.05041,1800.0
4.5504E+03,-0.002288,-0.010937,0.05041,1800.0
4.5505E+03,-0.003733,-0.010530,0.05041,1800.0
4.5506E+03,-0.005111,-0.009931,0.05041,1800.0
4.5507E+03,-0.006398,-0.009158,0.05041,1800.0
4.5508E+03,-0.007561,-0.008225,0.05041,1800.0
4.5510E+03,-0.008589,-0.007138,0.05041,1800.0
4.5511E+03,-0.009474,-0.005935,0.05041,1800.0
4.5512E+03,-0.010204,-0.004603,0.05041,1800.0
4.5513E+03,-0.010736,-0.003171,0.05041,1800.0
4.5514E+03,-0.011051,-0.001763,0.05041,1800.0
4.5515E+03,-0.011184,-0.000213,0.05041,1800.0
4.5516E+03,-0.011103,0.001260,0.05041,1800.0
4.5516E+03,-0.010857,0.002629,0.05041,1800.0
4.5517E+03,-0.010414,0.004047,0.05041,1800.0
4.5518E+03,-0.009792,0.005375,0.05041,1800.0
4.5519E+03,-0.008973,0.006642,0.05041,1800.0
4.5520E+03,-0.007984,0.007818,0.05041,1800.0
4.5521E+03,-0.006844,0.008841,0.05041,1800.0
4.5522E+03,-0.005668,0.009646,0.05041,1800.0
4.5523E+03,-0.004287,0.010335,0.05041,1800.0
4.5524E+03,-0.002854,0.010827,0.05041,1800.0
4.5525E+03,-0.001340,0.011107,0.05041,1800.0
4.5526E+03,0.000173,0.011181,0.05041,1800.0
4.5528E+03,0.001655,0.011048,0.05041,1800.0
4.5529E+03,0.003106,0.010737,0.05041,0.0
4.5530E+03,0.004507,0.010214,0.05041,0.0
4.5531E+03,0.005850,0.009510,0.05041,0.0
4.5532E+03,0.007098,0.008628,0.05041,0.0
4.5533E+03,0.008190,0.007605,0.05041,0.0
4.5533E+03,0.009033,0.006598,0.05041,1800.0
4.5534E+03,0.009768,0.005472,0.05041,1800.0
4.5535E+03,0.010015,0.005024,0.05041,1800.0
4.5536E+03,0.010022,0.005012,0.05041,1800.0
4.5537E+03,0.009075,0.004896,0.05041,1800.0
4.5538E+03,0.002053,0.004032,0.05041,1800.0
4.5539E+03,-0.005460,0.003107,0.05041,1800.0
4.5540E+03,-0.011524,0.002361,0.05041,1800.0
4.5542E+03,-0.013812,0.002080,0.05041,1800.0
4.5543E+03,-0.013823,0.002002,0.05041,1800.0
4.5545E+03,-0.013881,0.001354,0.05041,1800.0
4.5546E+03,-0.013950,-0.000150,0.05041,1800.0
4.5547E+03,-0.013864,-0.001708,0.05041,1800.0
4.5548E+03,-0.013660,-0.002904,0.05041,1800.0
4.5549E+03,-0.013323,-0.004188,0.05041,1800.0
4.5550E+03,-0.012822,-0.005525,0.05041,1800.0
4.5551E+03,-0.012136,-0.006892,0.05041,1800.0
4.5551E+03,-0.011410,-0.008028,0.05041,1800.0
4.5552E+03,-0.010499,-0.009183,0.05041,1800.0
4.5553E+03,-0.009448,-0.010263,0.05041,1800.0
4.5554E+03,-0.008256,-0.011243,0.05041,1800.0
4.5555E+03,-0.006977,-0.012083,0.05041,1800.0
4.5556E+03,-0.005630,-0.012774,0.05041,1800.0
4.5557E+03,-0.004293,-0.013285,0.05041,1800.0
4.5558E+03,-0.002808,-0.013686,0.05041,1800.0
4.5559E+03,-0.001358,-0.013902,0.05041,1800.0
4.5560E+03,0.000136,-0.013967,0.05041,1800.0
4.5561E+03,0.001697,-0.013852,0.05041,1800.0
4.5563E+03,0.003189,-0.013581,0.05041,1800.0
4.5564E+03,0.004619,-0.013167,0.05041,1800.0
4.5565E+03,0.006001,-0.012595,0.05041,1800.0
4.5566E+03,0.007317,-0.011874,0.05041,1800.0
4.5567E+03,0.008549,-0.011022,0.05041,1800.0
4.5568E+03,0.009695,-0.010029,0.05041,1800.0
4.5569E+03,0.010751,-0.008895,0.05041,1800.0
4.5569E+03,0.011569,-0.007833,0.05041,1800.0
4.5570E+03,0.012090,-0.006995,0.05041,1800.0
4.5571E+03,0.012711,-0.005781,0.05041,1800.0
4.5572E+03,0.013255,-0.004375,0.05041,1800.0
4.5573E+03,0.013643,-0.002927,0.05041,1800.0
4.5574E+03,0.013874,-0.001440,0.05041,1800.0
4.5575E+03,0.013945,0.000051,0.05041,1800.0
4.5576E+03,0.013863,0.001527,0.05041,1800.0
4.5577E+03,0.013617,0.003012,0.05041,1800.0
4.5578E+03,0.013214,0.004475,0.05041,1800.0
4.5580E+03,0.012657,0.005863,0.05041,1800.0
4.5581E+03,0.011951,0.007210,0.05041,1800.0
4.5582E+03,0.011125,0.008438,0.05041,1800.0
4.5583E+03,0.010172,0.009573,0.05041,1800.0
4.5584E+03,0.009066,0.010626,0.05041,1800.0
4.5585E+03,0.007816,0.011567,0.05041,1800.0
4.5586E+03,0.006577,0.012314,0.05041,1800.0
4.5586E+03,0.005363,0.012876,0.05041,1800.0
4.5587E+03,0.003920,0.013385,0.05041,1800.0
4.5588E+03,0.002450,0.013733,0.05041,1800.0
4.5589E+03,0.000960,0.013920,0.05041,1800.0
4.5590E+03,-0.000561,0.013941,0.05041,1800.0
4.5591E+03,-0.002017,0.013807,0.05041,1800.0
4.5592E+03,-0.003495,0.013513,0.05041,1800.0
4.5593E+03,-0.005006,0.013038,0.05041,1800.0
4.5594E+03,-0.006340,0.012448,0.05041,1800.0
4.5595E+03,-0.007682,0.011658,0.05041,1800.0
4.5596E+03,-0.008839,0.010804,0.05041,1800.0
4.5598E+03,-0.009953,0.009775,0.05041,0.0
4.5599E+03,-0.010938,0.008663,0.05041,0.0
4.5600E+03,-0.011806,0.007419,0.05041,0.0
4.5601E+03,-0.012549,0.006092,0.05041,0.0
4.5602E+03,-0.013117,0.004748,0.05041,0.0
4.5603E+03,-0.013501,0.003550,0.05041,0.0
4.5603E+03,-0.013694,0.002743,0.05041,1800.0
4.5605E+03,-0.013812,0.002080,0.05041,1800.0
4.5606E+03,-0.013805,0.002081,0.05041,1800.0
4.5607E+03,-0.008424,0.002866,0.05041,1800.0
4.5608E+03,-0.001053,0.003942,0.05041,1800.0
4.5609E+03,0.006696,0.005072,0.05041,1800.0
4.5610E+03,0.010603,0.005642,0.05041,1800.0
4.5611E+03,0.011540,0.005779,0.05041,1800.0
4.5612E+03,0.011546,0.005766,0.05041,1800.0
4.5613E+03,0.011772,0.005240,0.05041,1800.0
4.5615E+03,0.012262,0.003959,0.05041,1800.0
4.5616E+03,0.012650,0.002461,0.05041,1800.0
4.5617E+03,0.012849,0.000984,0.05041,1800.0
4.5618E+03,0.012884,-0.000487,0.05041,1800.0
4.5619E+03,0.012730,-0.002010,0.05041,1800.0
4.5620E+03,0.012418,-0.003437,0.05041,1800.0
4.5621E+03,0.011913,-0.004898,0.05041,1800.0
4.5621E+03,0.011335,-0.006116,0.05041,1800.0
4.5622E+03,0.010526,-0.007406,0.05041,1800.0
4.5623E+03,0.009594,-0.008584,0.05041,1800.0
4.5624E+03,0.008559,-0.009627,0.05041,1800.0
4.5625E+03,0.007384,-0.010546,0.05041,1800.0
4.5626E+03,0.006121,-0.011330,0.05041,1800.0
4.5627E+03,0.004720,-0.011985,0.05041,1800.0
4.5628E+03,0.003235,-0.012476,0.05041,1800.0
4.5629E+03,0.001754,-0.012775,0.05041,1800.0
4.5630E+03,0.000299,-0.012885,0.05041,1800.0
4.5631E+03,-0.001163,-0.012838,0.05041,1800.0
4.5633E+03,-0.002641,-0.012609,0.05041,1800.0
4.5634E+03,-0.004065,-0.012225,0.05041,1800.0
4.5635E+03,-0.005498,-0.011635,0.05041,1800.0
4.5636E+03,-0.006844,-0.010899,0.05041,1800.0
4.5637E+03,-0.008064,-0.010038,0.05041,1800.0
4.5638E+03,-0.009192,-0.009017,0.05041,1800.0
4.5638E+03,-0.010109,-0.008000,0.05041,1800.0
4.5639E+03,-0.010947,-0.006822,0.05041,1800.0
4.5640E+03,-0.011696,-0.005458,0.05041,1800.0
4.5641E+03,-0.012235,-0.004062,0.05041,1800.0
4.5642E+03,-0.012626,-0.002553,0.05041,1800.0
4.5643E+03,-0.012830,-0.001119,0.05041,1800.0
4.5644E+03,-0.012868,0.000376,0.05041,1800.0
4.5645E+03,-0.012731,0.001919,0.05041,1800.0
4.5646E+03,-0.012424,0.003404,0.05041,1800.0
4.5647E+03,-0.011944,0.004818,0.05041,1800.0
4.5649E+03,-0.011303,0.006180,0.05041,1800.0
4.5650E+03,-0.010514,0.007436,0.05041,1800.0
4.5651E+03,-0.009588,0.008600,0.05041,1800.0
4.5652E+03,-0.008492,0.009691,0.05041,1800.0
4.5653E+03,-0.007309,0.010614,0.05041,1800.0
4.5654E+03,-0.006017,0.011408,0.05041,1800.0
4.5655E+03,-0.004664,0.012016,0.05041,1800.0
4.5655E+03,-0.003353,0.012434,0.05041,1800.0
4.5656E+03,-0.001904,0.012736,0.05041,1800.0
4.5657E+03,-0.000465,0.012865,0.05041,1800.0
4.5658E+03,0.001029,0.012826,0.05041,1800.0
4.5659E+03,0.002576,0.012604,0.05041,1800.0
