2.6483E+03,-0.009063,-0.007471,0.02556,0.0
2.6484E+03,-0.009919,-0.006269,0.02556,0.0
2.6485E+03,-0.010607,-0.004994,0.02556,0.0
2.6486E+03,-0.011162,-0.003585,0.02556,0.0
2.6487E+03,-0.011520,-0.002117,0.02556,0.0
2.6488E+03,-0.011698,-0.000602,0.02556,0.0
2.6489E+03,-0.011682,0.000885,0.02556,0.0
2.6490E+03,-0.011491,0.002271,0.02556,0.0
2.6491E+03,-0.011307,0.003164,0.02556,0.0
2.6492E+03,-0.011303,0.003178,0.02556,0.0
2.6698E+03,-0.007428,0.013044,0.02627,1800.0
2.6699E+03,-0.007461,0.013025,0.02627,1800.0
2.6700E+03,-0.008023,0.012660,0.02627,1800.0
2.6701E+03,-0.009174,0.011851,0.02627,1800.0
2.6702E+03,-0.010305,0.010883,0.02627,1800.0
2.6703E+03,-0.011367,0.009768,0.02627,1800.0
2.6704E+03,-0.012322,0.008545,0.02627,1800.0
2.6705E+03,-0.013067,0.007362,0.02627,1800.0
2.6706E+03,-0.013563,0.006394,0.02627,1800.0
2.6707E+03,-0.013925,0.005565,0.02627,1800.0
2.6708E+03,-0.014367,0.004265,0.02627,1800.0
2.6709E+03,-0.014720,0.002806,0.02627,1800.0
2.6710E+03,-0.014924,0.001351,0.02627,1800.0
2.6711E+03,-0.014981,-0.000172,0.02627,1800.0
2.6712E+03,-0.014895,-0.001676,0.02627,1800.0
2.6713E+03,-0.014658,-0.003112,0.02627,1800.0
2.6714E+03,-0.014282,-0.004548,0.02627,1800.0
2.6715E+03,-0.013857,-0.005736,0.02627,1800.0
2.6716E+03,-0.013421,-0.006692,0.02627,1800.0
2.6717E+03,-0.012888,-0.007676,0.02627,1800.0
2.6718E+03,-0.011996,-0.009008,0.02627,1800.0
2.6719E+03,-0.011046,-0.010132,0.02627,1800.0
2.6720E+03,-0.009977,-0.011188,0.02627,1800.0
2.6721E+03,-0.008835,-0.012105,0.02627,1800.0
2.6722E+03,-0.007548,-0.012942,0.02627,1800.0
2.6723E+03,-0.006188,-0.013644,0.02627,1800.0
2.6724E+03,-0.004937,-0.014153,0.02627,1800.0
2.6725E+03,-0.003489,-0.014575,0.02627,1800.0
2.6726E+03,-0.002054,-0.014846,0.02627,1800.0
2.6727E+03,-0.000513,-0.014990,0.02627,1800.0
2.6728E+03,0.001015,-0.014967,0.02627,1800.0
2.6729E+03,0.002500,-0.014789,0.02627,1800.0
2.6730E+03,0.004000,-0.014454,0.02627,1800.0
2.6731E+03,0.005394,-0.013987,0.02627,1800.0
2.6732E+03,0.006773,-0.013366,0.02627,1800.0
2.6733E+03,0.008077,-0.012628,0.02627,1800.0
2.6734E+03,0.009080,-0.011939,0.02627,1800.0
2.6735E+03,0.009831,-0.011329,0.02627,1800.0
2.6736E+03,0.010637,-0.010553,0.02627,1800.0
2.6737E+03,0.011630,-0.009457,0.02627,1800.0
2.6738E+03,0.012525,-0.008233,0.02627,1800.0
2.6739E+03,0.013303,-0.006930,0.02627,1800.0
2.6740E+03,0.013913,-0.005614,0.02627,1800.0
2.6741E+03,0.014355,-0.004324,0.02627,1800.0
2.6742E+03,0.014715,-0.002860,0.02627,1800.0
2.6743E+03,0.014926,-0.001366,0.02627,1800.0
2.6744E+03,0.014979,0.000145,0.02627,1800.0
2.6745E+03,0.014886,0.001701,0.02627,1800.0
2.6746E+03,0.014637,0.003199,0.02627,1800.0
2.6747E+03,0.014248,0.004639,0.02627,1800.0
2.6748E+03,0.013700,0.006070,0.02627,1800.0
2.6749E+03,0.013024,0.007421,0.02627,1800.0
2.6750E+03,0.012223,0.008682,0.02627,1800.0
2.6751E+03,0.011326,0.009843,0.02627,1800.0
2.6752E+03,0.010268,0.010942,0.02627,1800.0
2.6753E+03,0.009597,0.011536,0.02627,1800.0
2.6754E+03,0.008892,0.012081,0.02627,1800.0
2.6755E+03,0.007608,0.012911,0.02627,1800.0
2.6756E+03,0.006310,0.013592,0.02627,1800.0
2.6757E+03,0.004928,0.014146,0.02627,1800.0
2.6758E+03,0.003602,0.014550,0.02627,1800.0
2.6759E+03,0.002117,0.014836,0.02627,0.0
2.6760E+03,0.000652,0.014972,0.02627,0.0
2.6761E+03,-0.000874,0.014968,0.02627,0.0
2.6762E+03,-0.002366,0.014807,0.02627,0.0
2.6763E+03,-0.003890,0.014486,0.02627,1800.0
2.6764E+03,-0.005286,0.014043,0.02627,1800.0
2.6765E+03,-0.006659,0.013430,0.02627,1800.0
2.6766E+03,-0.007304,0.013109,0.02627,1800.0
2.6767E+03,-0.007428,0.013044,0.02627,1800.0
2.6768E+03,-0.007733,0.012303,0.02627,1800.0
2.6769E+03,-0.009564,0.007844,0.02627,1800.0
2.6770E+03,-0.011080,0.004155,0.02627,1800.0
2.6771E+03,-0.011323,0.003564,0.02627,1800.0
2.6772E+03,-0.011280,0.003683,0.02627,1800.0
2.6773E+03,-0.011050,0.004269,0.02627,1800.0
2.6774E+03,-0.010463,0.005573,0.02627,1800.0
2.6775E+03,-0.009744,0.006757,0.02627,1800.0
2.6776E+03,-0.008800,0.007940,0.02627,1800.0
2.6777E+03,-0.007698,0.009015,0.02627,1800.0
2.6778E+03,-0.006481,0.009911,0.02627,1800.0
2.6779E+03,-0.005232,0.010623,0.02627,1800.0
2.6780E+03,-0.003860,0.011190,0.02627,1800.0
2.6781E+03,-0.002387,0.011591,0.02627,1800.0
2.6782E+03,-0.000877,0.011804,0.02627,1800.0
2.6783E+03,0.000635,0.011827,0.02627,1800.0
2.6784E+03,0.002104,0.011653,0.02627,1800.0
2.6785E+03,0.003578,0.011300,0.02627,1800.0
2.6786E+03,0.004992,0.010757,0.02627,1800.0
2.6787E+03,0.006337,0.010027,0.02627,1800.0
2.6788E+03,0.007558,0.009136,0.02627,1800.0
2.6789E+03,0.008676,0.008065,0.02627,1800.0
2.6790E+03,0.009600,0.006943,0.02627,1800.0
2.6791E+03,0.010408,0.005643,0.02627,1800.0
2.6792E+03,0.010970,0.004449,0.02627,1800.0
2.6793E+03,0.011428,0.003082,0.02627,1800.0
2.6794E+03,0.011728,0.001615,0.02627,1800.0
2.6795E+03,0.011842,0.000073,0.02627,1800.0
2.6796E+03,0.011767,-0.001465,0.02627,1800.0
2.6797E+03,0.011477,-0.002950,0.02627,1800.0
2.6798E+03,0.011007,-0.004422,0.02627,1800.0
2.6799E+03,0.010401,-0.005708,0.02627,1800.0
2.6800E+03,0.009572,-0.006984,0.02627,1800.0
2.6801E+03,0.008582,-0.008172,0.02627,1800.0
2.6802E+03,0.007483,-0.009174,0.02627,1800.0
2.6803E+03,0.006277,-0.010041,0.02627,1800.0
2.6804E+03,0.004939,-0.010757,0.02627,1800.0
2.6805E+03,0.003532,-0.011296,0.02627,1800.0
2.6806E+03,0.002070,-0.011655,0.02627,1800.0
2.6807E+03,0.000541,-0.011831,0.02627,1800.0
2.6808E+03,-0.000971,-0.011800,0.02627,1800.0
2.6809E+03,-0.002281,-0.011643,0.02627,1800.0
2.6810E+03,-0.003784,-0.011238,0.02627,1800.0
2.6811E+03,-0.005157,-0.010675,0.02627,1800.0
2.6812E+03,-0.006414,-0.009968,0.02627,1800.0
2.6813E+03,-0.007636,-0.009048,0.02627,1800.0
2.6814E+03,-0.008735,-0.007992,0.02627,1800.0
