3.9661E+03,0.001368,0.013271,0.04544,0.0
3.9662E+03,0.002688,0.013061,0.04544,0.0
3.9663E+03,0.004130,0.012663,0.04544,0.0
3.9664E+03,0.005513,0.012122,0.04544,0.0
3.9665E+03,0.006820,0.011427,0.04544,0.0
3.9666E+03,0.008049,0.010597,0.04544,0.0
3.9667E+03,0.009200,0.009603,0.04544,0.0
3.9668E+03,0.010250,0.008488,0.04544,0.0
3.9669E+03,0.010964,0.007577,0.04544,0.0
3.9670E+03,0.011092,0.007397,0.04544,0.0
4.0142E+03,0.005263,0.016171,0.04615,1800.0
4.0143E+03,0.005097,0.016219,0.04615,1800.0
4.0144E+03,0.004208,0.016449,0.04615,1800.0
4.0145E+03,0.002726,0.016756,0.04615,1800.0
4.0146E+03,0.001213,0.016938,0.04615,1800.0
4.0147E+03,-0.000288,0.016981,0.04615,1800.0
4.0148E+03,-0.001817,0.016887,0.04615,1800.0
4.0149E+03,-0.003297,0.016665,0.04615,1800.0
4.0150E+03,-0.004754,0.016324,0.04615,1800.0
4.0151E+03,-0.006187,0.015822,0.04615,1800.0
4.0152E+03,-0.007571,0.015207,0.04615,1800.0
4.0153E+03,-0.008857,0.014496,0.04615,1800.0
4.0154E+03,-0.010079,0.013671,0.04615,1800.0
4.0155E+03,-0.011276,0.012691,0.04615,1800.0
4.0156E+03,-0.012364,0.011635,0.04615,1800.0
4.0157E+03,-0.013330,0.010523,0.04615,1800.0
4.0158E+03,-0.014211,0.009286,0.04615,1800.0
4.0159E+03,-0.014997,0.007969,0.04615,1800.0
4.0160E+03,-0.015519,0.006907,0.04615,1800.0
4.0161E+03,-0.015858,0.005997,0.04615,1800.0
4.0162E+03,-0.016350,0.004630,0.04615,1800.0
4.0163E+03,-0.016700,0.003160,0.04615,1800.0
4.0164E+03,-0.016905,0.001598,0.04615,1800.0
4.0165E+03,-0.016980,0.000063,0.04615,1800.0
4.0166E+03,-0.016924,-0.001439,0.04615,1800.0
4.0167E+03,-0.016727,-0.002905,0.04615,1800.0
4.0168E+03,-0.016415,-0.004332,0.04615,1800.0
4.0169E+03,-0.015987,-0.005724,0.04615,1800.0
4.0170E+03,-0.015522,-0.006919,0.04615,1800.0
4.0171E+03,-0.015032,-0.007902,0.04615,1800.0
4.0172E+03,-0.014295,-0.009186,0.04615,1800.0
4.0173E+03,-0.013386,-0.010462,0.04615,1800.0
4.0174E+03,-0.012384,-0.011641,0.04615,1800.0
4.0175E+03,-0.011304,-0.012691,0.04615,1800.0
4.0176E+03,-0.010189,-0.013591,0.04615,1800.0
4.0177E+03,-0.009050,-0.014363,0.04615,1800.0
4.0178E+03,-0.007720,-0.015124,0.04615,1800.0
4.0179E+03,-0.006355,-0.015744,0.04615,1800.0
4.0180E+03,-0.004959,-0.016236,0.04615,1800.0
4.0181E+03,-0.003506,-0.016614,0.04615,1800.0
4.0182E+03,-0.001983,-0.016866,0.04615,1800.0
4.0183E+03,-0.000508,-0.016982,0.04615,1800.0
4.0184E+03,0.000973,-0.016959,0.04615,1800.0
4.0185E+03,0.002562,-0.016804,0.04615,1800.0
4.0186E+03,0.003981,-0.016527,0.04615,1800.0
4.0187E+03,0.005416,-0.016099,0.04615,1800.0
4.0188E+03,0.006826,-0.015547,0.04615,1800.0
4.0189E+03,0.008207,-0.014872,0.04615,1800.0
4.0190E+03,0.009488,-0.014081,0.04615,1800.0
4.0191E+03,0.010655,-0.013217,0.04615,1800.0
4.0192E+03,0.011793,-0.012211,0.04615,1800.0
4.0193E+03,0.012866,-0.011081,0.04615,1800.0
4.0194E+03,0.013706,-0.010032,0.04615,1800.0
4.0195E+03,0.014560,-0.008750,0.04615,1800.0
4.0196E+03,0.015283,-0.007426,0.04615,1800.0
4.0197E+03,0.015867,-0.006093,0.04615,1800.0
4.0198E+03,0.016234,-0.005048,0.04615,1800.0
4.0199E+03,0.016556,-0.003824,0.04615,1800.0
4.0200E+03,0.016811,-0.002407,0.04615,1800.0
4.0201E+03,0.016955,-0.000877,0.04615,1800.0
4.0202E+03,0.016968,0.000610,0.04615,1800.0
4.0203E+03,0.016852,0.002094,0.04615,1800.0
4.0204E+03,0.016596,0.003569,0.04615,1800.0
4.0205E+03,0.016224,0.005012,0.04615,1800.0
4.0206E+03,0.015712,0.006465,0.04615,1800.0
4.0207E+03,0.015063,0.007842,0.04615,1800.0
4.0208E+03,0.014295,0.009185,0.04615,0.0
4.0209E+03,0.013475,0.010365,0.04615,0.0
4.0210E+03,0.012542,0.011545,0.04615,0.0
4.0211E+03,0.011544,0.012473,0.04615,0.0
4.0212E+03,0.010374,0.013440,0.04615,0.0
4.0213E+03,0.009120,0.014322,0.04615,0.0
4.0214E+03,0.007782,0.015088,0.04615,0.0
4.0215E+03,0.006433,0.015712,0.04615,1800.0
4.0216E+03,0.005473,0.016094,0.04615,1800.0
4.0217E+03,0.005263,0.016171,0.04615,1800.0
4.0218E+03,0.004992,0.015740,0.04615,1800.0
4.0219E+03,0.003544,0.013438,0.04615,1800.0
4.0220E+03,-0.000607,0.006838,0.04615,1800.0
4.0221E+03,-0.004943,-0.000054,0.04615,1800.0
4.0222E+03,-0.007977,-0.004877,0.04615,1800.0
4.0224E+03,-0.008286,-0.005369,0.04615,1800.0
4.0225E+03,-0.008586,-0.004848,0.04615,1800.0
4.0226E+03,-0.009108,-0.003708,0.04615,1800.0
4.0227E+03,-0.009563,-0.002311,0.04615,1800.0
4.0228E+03,-0.009788,-0.001001,0.04615,1800.0
4.0229E+03,-0.009838,0.000502,0.04615,1800.0
4.0230E+03,-0.009649,0.001972,0.04615,1800.0
4.0231E+03,-0.009245,0.003444,0.04615,1800.0
4.0232E+03,-0.008620,0.004786,0.04615,1800.0
4.0233E+03,-0.007794,0.006055,0.04615,1800.0
4.0234E+03,-0.006703,0.007209,0.04615,1800.0
4.0235E+03,-0.005539,0.008147,0.04615,1800.0
4.0236E+03,-0.004233,0.008880,0.04615,1800.0
4.0237E+03,-0.002813,0.009417,0.04615,1800.0
4.0238E+03,-0.001382,0.009746,0.04615,1800.0
4.0239E+03,0.000078,0.009836,0.04615,1800.0
4.0240E+03,0.001609,0.009710,0.04615,1800.0
4.0241E+03,0.003090,0.009345,0.04615,1800.0
4.0242E+03,0.004494,0.008780,0.04615,1800.0
4.0243E+03,0.005754,0.008001,0.04615,1800.0
4.0244E+03,0.006936,0.007029,0.04615,1800.0
4.0245E+03,0.007792,0.006029,0.04615,1800.0
4.0246E+03,0.008609,0.004777,0.04615,1800.0
4.0247E+03,0.009227,0.003409,0.04615,1800.0
4.0248E+03,0.009635,0.001992,0.04615,1800.0
4.0249E+03,0.009821,0.000489,0.04615,1800.0
4.0250E+03,0.009783,-0.001035,0.04615,1800.0
4.0251E+03,0.009517,-0.002483,0.04615,1800.0
4.0252E+03,0.009043,-0.003887,0.04615,1800.0
4.0253E+03,0.008340,-0.005244,0.04615,1800.0
4.0254E+03,0.007443,-0.006460,0.04615,1800.0
4.0255E+03,0.006388,-0.007514,0.04615,1800.0
4.0256E+03,0.005167,-0.008401,0.04615,1800.0
4.0257E+03,0.003765,-0.009104,0.04615,1800.0
4.0258E+03,0.002402,-0.009555,0.04615,1800.0
4.0259E+03,0.000900,-0.009793,0.04615,0.0
4.0260E+03,-0.000644,-0.009821,0.04615,0.0
4.0261E+03,-0.002124,-0.009607,0.04615,0.0
4.0262E+03,-0.003426,-0.009219,0.04615,0.0
4.0263E+03,-0.004809,-0.008587,0.04615,1800.0
4.0264E+03,-0.006041,-0.007778,0.04615,1800.0
4.0265E+03,-0.007151,-0.006786,0.04615,1800.0
4.0266E+03,-0.008061,-0.005685,0.04615,1800.0
4.0267E+03,-0.008278,-0.005380,0.04615,1800.0
4.0268E+03,-0.008286,-0.005369,0.04615,1800.0
4.0269E+03,-0.010083,-0.003848,0.04615,1800.0
4.0270E+03,-0.013897,-0.000619,0.04615,1800.0
4.0271E+03,-0.015290,0.000559,0.04615,1800.0
4.0272E+03,-0.015294,0.000563,0.04615,1800.0
4.0273E+03,-0.015294,0.000238,0.04615,1800.0
4.0274E+03,-0.015260,-0.000758,0.04615,1800.0
4.0275E+03,-0.015114,-0.002241,0.04615,1800.0
4.0276E+03,-0.014822,-0.003715,0.04615,1800.0
4.0277E+03,-0.014394,-0.005136,0.04615,1800.0
4.0278E+03,-0.013831,-0.006520,0.04615,1800.0
4.0279E+03,-0.013145,-0.007915,0.04615,1800.0
4.0280E+03,-0.012334,-0.009032,0.04615,1800.0
4.0281E+03,-0.011414,-0.010162,0.04615,1800.0
4.0282E+03,-0.010328,-0.011259,0.04615,1800.0
4.0283E+03,-0.009155,-0.012227,0.04615,1800.0
4.0284E+03,-0.007917,-0.013069,0.04615,1800.0
4.0285E+03,-0.006574,-0.013786,0.04615,1800.0
4.0286E+03,-0.005172,-0.014378,0.04615,1800.0
4.0287E+03,-0.003745,-0.014818,0.04615,1800.0
4.0288E+03,-0.002275,-0.015116,0.04615,1800.0
4.0289E+03,-0.000883,-0.015268,0.04615,1800.0
4.0290E+03,0.000706,-0.015279,0.04615,1800.0
4.0291E+03,0.002211,-0.015135,0.04615,1800.0
4.0292E+03,0.003667,-0.014842,0.04615,1800.0
4.0293E+03,0.005084,-0.014414,0.04615,1800.0
4.0294E+03,0.006491,-0.013836,0.04615,1800.0
4.0295E+03,0.007827,-0.013118,0.04615,1800.0
4.0296E+03,0.009111,-0.012261,0.04615,1800.0
4.0297E+03,0.010175,-0.011396,0.04615,1800.0
4.0298E+03,0.011230,-0.010362,0.04615,1800.0
4.0299E+03,0.012179,-0.009234,0.04615,1800.0
4.0300E+03,0.013041,-0.007972,0.04615,1800.0
4.0301E+03,0.013799,-0.006598,0.04615,1800.0
4.0302E+03,0.014373,-0.005226,0.04615,1800.0
4.0303E+03,0.014797,-0.003835,0.04615,1800.0
4.0304E+03,0.015109,-0.002300,0.04615,1800.0
4.0305E+03,0.015256,-0.000804,0.04615,1800.0
4.0306E+03,0.015267,0.000712,0.04615,1800.0
4.0307E+03,0.015124,0.002191,0.04615,1800.0
4.0308E+03,0.014845,0.003618,0.04615,1800.0
4.0309E+03,0.014421,0.005045,0.04615,1800.0
4.0310E+03,0.013842,0.006465,0.04615,1800.0
4.0311E+03,0.013130,0.007822,0.04615,1800.0
4.0312E+03,0.012282,0.009099,0.04615,1800.0
4.0313E+03,0.011389,0.010205,0.04615,1800.0
4.0314E+03,0.010391,0.011214,0.04615,1800.0
4.0315E+03,0.009237,0.012179,0.04615,1800.0
4.0316E+03,0.008024,0.013004,0.04615,1800.0
4.0317E+03,0.006715,0.013724,0.04615,1800.0
4.0318E+03,0.005303,0.014330,0.04615,1800.0
4.0319E+03,0.003848,0.014784,0.04615,1800.0
4.0320E+03,0.002387,0.015090,0.04615,1800.0
4.0321E+03,0.000911,0.015250,0.04615,1800.0
4.0322E+03,-0.000611,0.015265,0.04615,1800.0
4.0323E+03,-0.002162,0.015129,0.04615,1800.0
4.0324E+03,-0.003597,0.014860,0.04615,1800.0
4.0325E+03,-0.005019,0.014445,0.04615,1800.0
4.0326E+03,-0.006484,0.013844,0.04615,1800.0
4.0327E+03,-0.007780,0.013158,0.04615,1800.0
4.0328E+03,-0.009052,0.012322,0.04615,1800.0
4.0329E+03,-0.010177,0.011395,0.04615,1800.0
4.0330E+03,-0.011274,0.010312,0.04615,0.0
4.0331E+03,-0.012161,0.009244,0.04615,0.0
4.0332E+03,-0.013017,0.007996,0.04615,0.0
4.0333E+03,-0.013744,0.006672,0.04615,0.0
4.0334E+03,-0.014332,0.005303,0.04615,1800.0
4.0335E+03,-0.014780,0.003890,0.04615,1800.0
4.0336E+03,-0.015094,0.002456,0.04615,1800.0
4.0337E+03,-0.015265,0.000926,0.04615,1800.0
4.0338E+03,-0.015292,0.000593,0.04615,1800.0
4.0339E+03,-0.015294,0.000563,0.04615,1800.0
4.0340E+03,-0.014162,-0.000824,0.04615,1800.0
4.0341E+03,-0.011069,-0.004614,0.04615,1800.0
4.0342E+03,-0.009815,-0.006150,0.04615,1800.0
4.0343E+03,-0.009812,-0.006154,0.04615,1800.0
4.0344E+03,-0.009980,-0.005851,0.04615,1800.0
4.0345E+03,-0.010417,-0.004977,0.04615,1800.0
4.0346E+03,-0.010973,-0.003601,0.04615,1800.0
4.0347E+03,-0.011351,-0.002185,0.04615,1800.0
4.0348E+03,-0.011534,-0.000818,0.04615,1800.0
4.0349E+03,-0.011540,0.000663,0.04615,1800.0
4.0350E+03,-0.011353,0.002168,0.04615,1800.0
4.0351E+03,-0.010957,0.003655,0.04615,1800.0
4.0352E+03,-0.010392,0.005014,0.04615,1800.0
4.0353E+03,-0.009657,0.006318,0.04615,1800.0
4.0354E+03,-0.008734,0.007548,0.04615,1800.0
4.0355E+03,-0.007673,0.008633,0.04615,1800.0
4.0356E+03,-0.006494,0.009540,0.04615,1800.0
4.0357E+03,-0.005220,0.010295,0.04615,1800.0
4.0358E+03,-0.003847,0.010898,0.04615,1800.0
4.0359E+03,-0.002362,0.011317,0.04615,1800.0
4.0360E+03,-0.000898,0.011531,0.04615,1800.0
4.0361E+03,0.000646,0.011542,0.04615,1800.0
4.0362E+03,0.002079,0.011370,0.04615,1800.0
4.0363E+03,0.003057,0.011148,0.04615,1800.0
4.0364E+03,0.004403,0.010675,0.04615,1800.0
4.0365E+03,0.005636,0.010076,0.04615,1800.0
4.0366E+03,0.006898,0.009247,0.04615,1800.0
4.0367E+03,0.008039,0.008287,0.04615,1800.0
4.0368E+03,0.009027,0.007194,0.04615,1800.0
4.0369E+03,0.009892,0.005973,0.04615,1800.0
4.0370E+03,0.010601,0.004609,0.04615,1800.0
4.0371E+03,0.011103,0.003200,0.04615,1800.0
4.0372E+03,0.011439,0.001665,0.04615,1800.0
4.0373E+03,0.011572,0.000174,0.04615,1800.0
4.0374E+03,0.011489,-0.001299,0.04615,1800.0
4.0375E+03,0.011194,-0.002807,0.04615,1800.0
4.0376E+03,0.010740,-0.004236,0.04615,1800.0
4.0377E+03,0.010098,-0.005599,0.04615,1800.0
4.0378E+03,0.009285,-0.006868,0.04615,1800.0
4.0379E+03,0.008315,-0.008000,0.04615,1800.0
4.0380E+03,0.007213,-0.009009,0.04615,1800.0
4.0381E+03,0.005986,-0.009884,0.04615,1800.0
4.0382E+03,0.004796,-0.010526,0.04615,1800.0
4.0383E+03,0.003419,-0.011049,0.04615,1800.0
4.0384E+03,0.002464,-0.011303,0.04615,1800.0
4.0385E+03,0.001012,-0.011511,0.04615,1800.0
4.0386E+03,-0.000480,-0.011536,0.04615,1800.0
4.0387E+03,-0.001959,-0.011384,0.04615,0.0
4.0388E+03,-0.003459,-0.011008,0.04615,0.0
4.0389E+03,-0.004882,-0.010458,0.04615,0.0
4.0390E+03,-0.006175,-0.009745,0.04615,1800.0
4.0391E+03,-0.007367,-0.008894,0.04615,1800.0
4.0392E+03,-0.008447,-0.007880,0.04615,1800.0
4.0393E+03,-0.009342,-0.006817,0.04615,1800.0
4.0394E+03,-0.009812,-0.006154,0.04615,1800.0
4.0395E+03,-0.009816,-0.006147,0.04615,1800.0
4.0396E+03,-0.009947,-0.005953,0.04615,1800.0
4.0397E+03,-0.013107,-0.001234,0.04615,1800.0
4.0398E+03,-0.013586,-0.000519,0.04615,1800.0
4.0399E+03,-0.013594,-0.000507,0.04615,1800.0
4.0400E+03,-0.013567,-0.000870,0.04615,1800.0
4.0401E+03,-0.013437,-0.001924,0.04615,1800.0
4.0402E+03,-0.013147,-0.003376,0.04615,1800.0
4.0403E+03,-0.012699,-0.004799,0.04615,1800.0
4.0404E+03,-0.012079,-0.006201,0.04615,1800.0
4.0405E+03,-0.011347,-0.007471,0.04615,1800.0
4.0406E+03,-0.010401,-0.008742,0.04615,1800.0
4.0407E+03,-0.009374,-0.009846,0.04615,1800.0
4.0408E+03,-0.008224,-0.010818,0.04615,1800.0
4.0409E+03,-0.007026,-0.011625,0.04615,1800.0
4.0410E+03,-0.005707,-0.012324,0.04615,1800.0
4.0411E+03,-0.004261,-0.012888,0.04615,1800.0
4.0412E+03,-0.002806,-0.013283,0.04615,1800.0
4.0413E+03,-0.001351,-0.013507,0.04615,1800.0
4.0414E+03,0.000125,-0.013573,0.04615,1800.0
4.0415E+03,0.001609,-0.013482,0.04615,1800.0
4.0416E+03,0.002945,-0.013254,0.04615,1800.0
4.0417E+03,0.004435,-0.012849,0.04615,1800.0
4.0418E+03,0.005814,-0.012287,0.04615,1800.0
4.0419E+03,0.007174,-0.011533,0.04615,1800.0
4.0420E+03,0.008413,-0.010670,0.04615,1800.0
4.0421E+03,0.009504,-0.009699,0.04615,1800.0
4.0422E+03,0.010556,-0.008534,0.04615,1800.0
4.0423E+03,0.011424,-0.007329,0.04615,1800.0
4.0424E+03,0.012163,-0.006020,0.04615,1800.0
4.0425E+03,0.012770,-0.004603,0.04615,1800.0
4.0426E+03,0.013199,-0.003168,0.04615,1800.0
4.0427E+03,0.013468,-0.001701,0.04615,1800.0
4.0428E+03,0.013585,-0.000165,0.04615,1800.0
4.0429E+03,0.013522,0.001322,0.04615,1800.0
4.0430E+03,0.013298,0.002805,0.04615,1800.0
4.0431E+03,0.012900,0.004277,0.04615,1800.0
4.0432E+03,0.012352,0.005682,0.04615,1800.0
4.0433E+03,0.011726,0.006840,0.04615,1800.0
4.0434E+03,0.010910,0.008080,0.04615,1800.0
4.0435E+03,0.009923,0.009261,0.04615,1800.0
4.0436E+03,0.008824,0.010308,0.04615,1800.0
4.0437E+03,0.007648,0.011215,0.04615,1800.0
4.0438E+03,0.006382,0.011982,0.04615,1800.0
4.0439E+03,0.005025,0.012611,0.04615,1800.0
4.0440E+03,0.003537,0.013119,0.04615,1800.0
4.0441E+03,0.002082,0.013435,0.04615,1800.0
4.0442E+03,0.000659,0.013579,0.04615,1800.0
4.0443E+03,-0.000833,0.013567,0.04615,1800.0
4.0444E+03,-0.002405,0.013370,0.04615,1800.0
4.0445E+03,-0.003828,0.013029,0.04615,1800.0
4.0446E+03,-0.005224,0.012534,0.04615,1800.0
4.0447E+03,-0.006618,0.011848,0.04615,1800.0
4.0448E+03,-0.007884,0.011050,0.04615,1800.0
4.0449E+03,-0.009042,0.010122,0.04615,1800.0
4.0450E+03,-0.010125,0.009048,0.04615,0.0
4.0451E+03,-0.010974,0.007995,0.04615,0.0
4.0452E+03,-0.011815,0.006704,0.04615,0.0
4.0453E+03,-0.012491,0.005380,0.04615,0.0
4.0454E+03,-0.013011,0.003921,0.04615,0.0
4.0455E+03,-0.013364,0.002463,0.04615,0.0
4.0456E+03,-0.013546,0.000981,0.04615,0.0
4.0457E+03,-0.013591,-0.000192,0.04615,1800.0
4.0459E+03,-0.013594,-0.000507,0.04615,1800.0
4.0460E+03,-0.010913,0.001047,0.04615,1800.0
4.0461E+03,-0.005341,0.004278,0.04615,1800.0
4.0462E+03,0.001232,0.008088,0.04615,1800.0
4.0463E+03,0.006402,0.011086,0.04615,1800.0
4.0464E+03,0.006872,0.011358,0.04615,1800.0
4.0465E+03,0.006874,0.011357,0.04615,1800.0
4.0466E+03,0.007012,0.011271,0.04615,1800.0
4.0467E+03,0.008241,0.010397,0.04615,1800.0
4.0468E+03,0.009270,0.009470,0.04615,1800.0
4.0469E+03,0.010243,0.008413,0.04615,1800.0
4.0470E+03,0.011125,0.007178,0.04615,1800.0
4.0471E+03,0.011883,0.005837,0.04615,1800.0
4.0472E+03,0.012468,0.004467,0.04615,1800.0
4.0473E+03,0.012891,0.003037,0.04615,1800.0
4.0474E+03,0.013162,0.001534,0.04615,1800.0
4.0475E+03,0.013264,0.000007,0.04615,1800.0
4.0476E+03,0.013189,-0.001454,0.04615,1800.0
4.0477E+03,0.012948,-0.002922,0.04615,1800.0
4.0478E+03,0.012507,-0.004424,0.04615,1800.0
4.0479E+03,0.011935,-0.005782,0.04615,1800.0
4.0480E+03,0.011193,-0.007092,0.04615,1800.0
4.0481E+03,0.010319,-0.008299,0.04615,1800.0
4.0482E+03,0.009324,-0.009399,0.04615,1800.0
4.0483E+03,0.008186,-0.010410,0.04615,1800.0
4.0484E+03,0.006915,-0.011293,0.04615,1800.0
4.0485E+03,0.005751,-0.011941,0.04615,1800.0
4.0486E+03,0.004556,-0.012455,0.04615,1800.0
4.0487E+03,0.003529,-0.012772,0.04615,1800.0
4.0488E+03,0.001986,-0.013116,0.04615,1800.0
4.0489E+03,0.000559,-0.013251,0.04615,1800.0
4.0490E+03,-0.000969,-0.013225,0.04615,1800.0
4.0491E+03,-0.002500,-0.013020,0.04615,1800.0
4.0492E+03,-0.003975,-0.012645,0.04615,1800.0
4.0493E+03,-0.005364,-0.012122,0.04615,1800.0
4.0494E+03,-0.006674,-0.011449,0.04615,1800.0
4.0495E+03,-0.007934,-0.010605,0.04615,1800.0
4.0496E+03,-0.009096,-0.009623,0.04615,1800.0
4.0497E+03,-0.010129,-0.008531,0.04615,1800.0
4.0498E+03,-0.011053,-0.007305,0.04615,1800.0
4.0499E+03,-0.011805,-0.006020,0.04615,1800.0
4.0500E+03,-0.012409,-0.004688,0.04615,1800.0
4.0501E+03,-0.012864,-0.003259,0.04615,1800.0
4.0502E+03,-0.013119,-0.001937,0.04615,1800.0
4.0503E+03,-0.013253,-0.000444,0.04615,1800.0
4.0504E+03,-0.013204,0.001090,0.04615,1800.0
4.0505E+03,-0.013000,0.002566,0.04615,1800.0
4.0506E+03,-0.012611,0.004028,0.04615,1800.0
4.0507E+03,-0.012071,0.005455,0.04615,1800.0
4.0508E+03,-0.011389,0.006754,0.04615,1800.0
4.0509E+03,-0.010552,0.008005,0.04615,1800.0
4.0510E+03,-0.009567,0.009173,0.04615,1800.0
4.0511E+03,-0.008489,0.010184,0.04615,1800.0
4.0512E+03,-0.007288,0.011093,0.04615,1800.0
4.0513E+03,-0.005994,0.011843,0.04615,1800.0
4.0514E+03,-0.004540,0.012459,0.04615,1800.0
4.0515E+03,-0.003159,0.012878,0.04615,1800.0
