4.9946E+03,0.004982,0.011547,0.05396,0.0
4.9947E+03,0.006321,0.010876,0.05396,0.0
4.9948E+03,0.007539,0.010069,0.05396,0.0
4.9950E+03,0.008689,0.009086,0.05396,0.0
4.9951E+03,0.009736,0.007951,0.05396,0.0
4.9952E+03,0.010618,0.006730,0.05396,0.0
4.9953E+03,0.011330,0.005437,0.05396,0.0
4.9954E+03,0.011835,0.004229,0.05396,0.0
4.9955E+03,0.012058,0.003612,0.05396,0.0
5.0429E+03,0.012685,0.012408,0.05467,1800.0
5.0430E+03,0.012671,0.012422,0.05467,1800.0
5.0431E+03,0.012063,0.012994,0.05467,1800.0
5.0433E+03,0.010966,0.013928,0.05467,1800.0
5.0434E+03,0.009727,0.014820,0.05467,1800.0
5.0435E+03,0.008421,0.015602,0.05467,1800.0
5.0436E+03,0.007085,0.016255,0.05467,1800.0
5.0437E+03,0.005678,0.016805,0.05467,1800.0
5.0438E+03,0.004208,0.017234,0.05467,1800.0
5.0438E+03,0.002889,0.017502,0.05467,1800.0
5.0439E+03,0.001405,0.017680,0.05467,1800.0
5.0440E+03,-0.000059,0.017734,0.05467,1800.0
5.0441E+03,-0.001593,0.017652,0.05467,1800.0
5.0442E+03,-0.003104,0.017454,0.05467,1800.0
5.0443E+03,-0.004531,0.017141,0.05467,1800.0
5.0444E+03,-0.005958,0.016697,0.05467,1800.0
5.0445E+03,-0.007385,0.016117,0.05467,1800.0
5.0446E+03,-0.008714,0.015444,0.05467,1800.0
5.0447E+03,-0.009981,0.014658,0.05467,1800.0
5.0448E+03,-0.011218,0.013747,0.05467,1800.0
5.0450E+03,-0.012344,0.012745,0.05467,1800.0
5.0451E+03,-0.013405,0.011617,0.05467,1800.0
5.0452E+03,-0.014305,0.010492,0.05467,1800.0
5.0453E+03,-0.015128,0.009254,0.05467,1800.0
5.0454E+03,-0.015849,0.007937,0.05467,1800.0
5.0455E+03,-0.016468,0.006554,0.05467,1800.0
5.0455E+03,-0.016927,0.005262,0.05467,1800.0
5.0456E+03,-0.017319,0.003783,0.05467,1800.0
5.0457E+03,-0.017579,0.002294,0.05467,1800.0
5.0458E+03,-0.017710,0.000825,0.05467,1800.0
5.0459E+03,-0.017726,-0.000719,0.05467,1800.0
5.0460E+03,-0.017601,-0.002220,0.05467,1800.0
5.0461E+03,-0.017355,-0.003662,0.05467,1800.0
5.0462E+03,-0.016961,-0.005178,0.05467,1800.0
5.0463E+03,-0.016451,-0.006627,0.05467,1800.0
5.0464E+03,-0.015851,-0.007947,0.05467,1800.0
5.0465E+03,-0.015113,-0.009259,0.05467,1800.0
5.0467E+03,-0.014255,-0.010533,0.05467,1800.0
5.0468E+03,-0.013296,-0.011723,0.05467,1800.0
5.0469E+03,-0.012277,-0.012793,0.05467,1800.0
5.0470E+03,-0.011165,-0.013766,0.05467,1800.0
5.0471E+03,-0.009923,-0.014698,0.05467,1800.0
5.0472E+03,-0.008697,-0.015460,0.05467,1800.0
5.0472E+03,-0.007498,-0.016085,0.05467,1800.0
5.0473E+03,-0.006040,-0.016676,0.05467,1800.0
5.0474E+03,-0.004648,-0.017117,0.05467,1800.0
5.0475E+03,-0.003167,-0.017447,0.05467,1800.0
5.0476E+03,-0.001695,-0.017650,0.05467,1800.0
5.0477E+03,-0.000178,-0.017723,0.05467,1800.0
5.0478E+03,0.001315,-0.017684,0.05467,1800.0
5.0479E+03,0.002829,-0.017498,0.05467,1800.0
5.0480E+03,0.004362,-0.017183,0.05467,1800.0
5.0481E+03,0.005789,-0.016761,0.05467,1800.0
5.0482E+03,0.007220,-0.016198,0.05467,1800.0
5.0484E+03,0.008557,-0.015540,0.05467,1800.0
5.0485E+03,0.009810,-0.014784,0.05467,1800.0
5.0486E+03,0.011053,-0.013876,0.05467,1800.0
5.0487E+03,0.012211,-0.012869,0.05467,1800.0
5.0488E+03,0.013247,-0.011794,0.05467,1800.0
5.0489E+03,0.014190,-0.010625,0.05467,1800.0
5.0490E+03,0.015033,-0.009390,0.05467,1800.0
5.0490E+03,0.015712,-0.008215,0.05467,1800.0
5.0491E+03,0.016350,-0.006852,0.05467,1800.0
5.0492E+03,0.016870,-0.005443,0.05467,1800.0
5.0493E+03,0.017280,-0.003971,0.05467,1800.0
5.0494E+03,0.017552,-0.002551,0.05467,1800.0
5.0495E+03,0.017711,-0.001034,0.05467,1800.0
5.0496E+03,0.017729,0.000496,0.05467,1800.0
5.0497E+03,0.017626,0.001937,0.05467,0.0
5.0498E+03,0.017396,0.003446,0.05467,0.0
5.0499E+03,0.017014,0.004965,0.05467,0.0
5.0501E+03,0.016528,0.006404,0.05467,0.0
5.0502E+03,0.015942,0.007750,0.05467,0.0
5.0503E+03,0.015239,0.009054,0.05467,1800.0
5.0504E+03,0.014409,0.010331,0.05467,1800.0
5.0505E+03,0.013485,0.011507,0.05467,1800.0
5.0506E+03,0.012759,0.012330,0.05467,1800.0
5.0507E+03,0.012685,0.012408,0.05467,1800.0
5.0508E+03,0.011773,0.009718,0.05467,1800.0
5.0509E+03,0.009513,0.003050,0.05467,1800.0
5.0510E+03,0.009030,0.001626,0.05467,1800.0
5.0511E+03,0.008995,0.001523,0.05467,1800.0
5.0512E+03,0.009037,0.001274,0.05467,1800.0
5.0513E+03,0.009085,0.000229,0.05467,1800.0
5.0514E+03,0.008997,-0.001270,0.05467,1800.0
5.0515E+03,0.008672,-0.002749,0.05467,1800.0
5.0516E+03,0.008085,-0.004152,0.05467,1800.0
5.0518E+03,0.007278,-0.005476,0.05467,1800.0
5.0519E+03,0.006316,-0.006566,0.05467,1800.0
5.0520E+03,0.005127,-0.007547,0.05467,1800.0
5.0521E+03,0.003784,-0.008289,0.05467,1800.0
5.0522E+03,0.002476,-0.008768,0.05467,1800.0
5.0523E+03,0.000967,-0.009041,0.05467,1800.0
5.0524E+03,-0.000590,-0.009074,0.05467,1800.0
5.0524E+03,-0.001945,-0.008879,0.05467,1800.0
5.0525E+03,-0.003352,-0.008459,0.05467,1800.0
5.0526E+03,-0.004653,-0.007809,0.05467,1800.0
5.0527E+03,-0.005880,-0.006938,0.05467,1800.0
5.0528E+03,-0.006974,-0.005840,0.05467,1800.0
5.0529E+03,-0.007870,-0.004595,0.05467,1800.0
5.0530E+03,-0.008524,-0.003237,0.05467,1800.0
5.0531E+03,-0.008935,-0.001862,0.05467,1800.0
5.0532E+03,-0.009107,-0.000306,0.05467,1800.0
5.0533E+03,-0.009023,0.001192,0.05467,1800.0
5.0534E+03,-0.008702,0.002668,0.05467,1800.0
5.0536E+03,-0.008147,0.004031,0.05467,1800.0
5.0537E+03,-0.007402,0.005281,0.05467,1800.0
5.0538E+03,-0.006432,0.006418,0.05467,1800.0
5.0539E+03,-0.005265,0.007407,0.05467,1800.0
5.0540E+03,-0.003954,0.008188,0.05467,1800.0
5.0541E+03,-0.002563,0.008734,0.05467,1800.0
5.0541E+03,-0.001310,0.009026,0.05467,1800.0
5.0542E+03,0.000201,0.009117,0.05467,1800.0
5.0543E+03,0.001773,0.008942,0.05467,0.0
5.0544E+03,0.003233,0.008505,0.05467,0.0
5.0545E+03,0.004585,0.007855,0.05467,0.0
5.0546E+03,0.005767,0.007043,0.05467,0.0
5.0547E+03,0.006819,0.006011,0.05467,0.0
5.0548E+03,0.007720,0.004810,0.05467,1800.0
5.0549E+03,0.008412,0.003428,0.05467,1800.0
5.0550E+03,0.008851,0.002164,0.05467,1800.0
5.0551E+03,0.008995,0.001523,0.05467,1800.0
5.0553E+03,0.008996,0.001525,0.05467,1800.0
5.0554E+03,0.009442,0.002266,0.05467,1800.0
5.0555E+03,0.012503,0.007347,0.05467,1800.0
5.0556E+03,0.013329,0.008719,0.05467,1800.0
5.0558E+03,0.013399,0.008835,0.05467,1800.0
5.0558E+03,0.012992,0.009407,0.05467,1800.0
5.0559E+03,0.012167,0.010431,0.05467,1800.0
5.0560E+03,0.011106,0.011544,0.05467,1800.0
5.0561E+03,0.009953,0.012560,0.05467,1800.0
5.0562E+03,0.008741,0.013437,0.05467,1800.0
5.0563E+03,0.007462,0.014192,0.05467,1800.0
5.0564E+03,0.006148,0.014813,0.05467,1800.0
5.0565E+03,0.004742,0.015319,0.05467,1800.0
5.0566E+03,0.003246,0.015710,0.05467,1800.0
5.0567E+03,0.001801,0.015935,0.05467,1800.0
5.0568E+03,0.000298,0.016032,0.05467,1800.0
5.0570E+03,-0.001282,0.015969,0.05467,1800.0
5.0571E+03,-0.002779,0.015784,0.05467,1800.0
5.0572E+03,-0.004248,0.015455,0.05467,1800.0
5.0573E+03,-0.005683,0.014982,0.05467,1800.0
5.0574E+03,-0.007054,0.014392,0.05467,1800.0
5.0575E+03,-0.008364,0.013672,0.05467,1800.0
5.0575E+03,-0.009478,0.012933,0.05467,1800.0
5.0576E+03,-0.010641,0.012006,0.05467,1800.0
5.0577E+03,-0.011778,0.010894,0.05467,1800.0
5.0578E+03,-0.012686,0.009815,0.05467,1800.0
5.0579E+03,-0.013585,0.008514,0.05467,1800.0
5.0580E+03,-0.014300,0.007241,0.05467,1800.0
5.0581E+03,-0.014921,0.005844,0.05467,1800.0
5.0582E+03,-0.015406,0.004422,0.05467,1800.0
5.0583E+03,-0.015748,0.002948,0.05467,1800.0
5.0584E+03,-0.015957,0.001448,0.05467,1800.0
5.0585E+03,-0.016025,-0.000045,0.05467,1800.0
5.0587E+03,-0.015949,-0.001555,0.05467,1800.0
5.0588E+03,-0.015742,-0.003056,0.05467,1800.0
5.0589E+03,-0.015397,-0.004478,0.05467,1800.0
5.0590E+03,-0.014895,-0.005954,0.05467,1800.0
5.0591E+03,-0.014303,-0.007272,0.05467,1800.0
5.0592E+03,-0.013543,-0.008579,0.05467,1800.0
5.0593E+03,-0.012683,-0.009808,0.05467,1800.0
5.0593E+03,-0.011801,-0.010840,0.05467,1800.0
5.0594E+03,-0.010723,-0.011906,0.05467,1800.0
5.0595E+03,-0.009537,-0.012877,0.05467,1800.0
5.0596E+03,-0.008278,-0.013724,0.05467,1800.0
5.0597E+03,-0.006976,-0.014428,0.05467,1800.0
5.0598E+03,-0.005603,-0.015022,0.05467,1800.0
5.0599E+03,-0.004157,-0.015489,0.05467,1800.0
5.0600E+03,-0.002680,-0.015816,0.05467,1800.0
5.0601E+03,-0.001216,-0.015997,0.05467,1800.0
5.0602E+03,0.000365,-0.016033,0.05467,1800.0
5.0604E+03,0.001778,-0.015936,0.05467,1800.0
5.0605E+03,0.003330,-0.015679,0.05467,1800.0
5.0606E+03,0.004826,-0.015284,0.05467,1800.0
5.0607E+03,0.006207,-0.014773,0.05467,1800.0
5.0608E+03,0.007540,-0.014141,0.05467,1800.0
5.0609E+03,0.008845,-0.013363,0.05467,1800.0
5.0609E+03,0.009956,-0.012566,0.05467,1800.0
5.0610E+03,0.011079,-0.011586,0.05467,1800.0
5.0611E+03,0.012127,-0.010499,0.05467,1800.0
5.0612E+03,0.013050,-0.009327,0.05467,1800.0
5.0613E+03,0.013887,-0.008032,0.05467,1800.0
5.0614E+03,0.014313,-0.007236,0.05467,1800.0
5.0615E+03,0.014898,-0.005916,0.05467,1800.0
5.0616E+03,0.015386,-0.004472,0.05467,1800.0
5.0617E+03,0.015740,-0.003017,0.05467,1800.0
5.0618E+03,0.015947,-0.001552,0.05467,0.0
5.0619E+03,0.016020,-0.000085,0.05467,0.0
5.0621E+03,0.015965,0.001410,0.05467,0.0
5.0622E+03,0.015755,0.002939,0.05467,0.0
5.0623E+03,0.015412,0.004405,0.05467,1800.0
5.0624E+03,0.014925,0.005878,0.05467,1800.0
5.0625E+03,0.014303,0.007259,0.05467,1800.0
5.0626E+03,0.013587,0.008526,0.05467,1800.0
5.0627E+03,0.013419,0.008803,0.05467,1800.0
5.0627E+03,0.013399,0.008835,0.05467,1800.0
5.0628E+03,0.012772,0.007225,0.05467,1800.0
5.0629E+03,0.011408,0.003720,0.05467,1800.0
5.0631E+03,0.010669,0.001821,0.05467,1800.0
5.0632E+03,0.010706,0.001477,0.05467,1800.0
5.0633E+03,0.010801,0.000230,0.05467,1800.0
5.0634E+03,0.010743,-0.001221,0.05467,1800.0
5.0635E+03,0.010478,-0.002702,0.05467,1800.0
5.0636E+03,0.009976,-0.004195,0.05467,1800.0
5.0638E+03,0.009325,-0.005475,0.05467,1800.0
5.0639E+03,0.008460,-0.006723,0.05467,1800.0
5.0640E+03,0.007416,-0.007854,0.05467,1800.0
5.0641E+03,0.006261,-0.008808,0.05467,1800.0
5.0642E+03,0.004957,-0.009583,0.05467,1800.0
5.0643E+03,0.003568,-0.010186,0.05467,1800.0
5.0644E+03,0.002122,-0.010588,0.05467,1800.0
5.0644E+03,0.000779,-0.010775,0.05467,1800.0
5.0645E+03,-0.000712,-0.010785,0.05467,1800.0
5.0646E+03,-0.002207,-0.010590,0.05467,1800.0
5.0647E+03,-0.003704,-0.010171,0.05467,1800.0
5.0648E+03,-0.005070,-0.009562,0.05467,1800.0
5.0649E+03,-0.006287,-0.008801,0.05467,1800.0
5.0650E+03,-0.007458,-0.007807,0.05467,1800.0
5.0651E+03,-0.008479,-0.006686,0.05467,1800.0
5.0652E+03,-0.009310,-0.005466,0.05467,1800.0
5.0653E+03,-0.009978,-0.004107,0.05467,1800.0
5.0655E+03,-0.010463,-0.002686,0.05467,1800.0
5.0656E+03,-0.010725,-0.001240,0.05467,1800.0
5.0657E+03,-0.010797,0.000279,0.05467,1800.0
5.0658E+03,-0.010653,0.001824,0.05467,1800.0
5.0659E+03,-0.010322,0.003227,0.05467,1800.0
5.0660E+03,-0.009763,0.004689,0.05467,1800.0
5.0661E+03,-0.009047,0.005940,0.05467,1800.0
5.0661E+03,-0.008192,0.007029,0.05467,1800.0
5.0662E+03,-0.007152,0.008098,0.05467,1800.0
5.0663E+03,-0.005920,0.009024,0.05467,1800.0
5.0664E+03,-0.004605,0.009769,0.05467,1800.0
5.0665E+03,-0.003236,0.010302,0.05467,1800.0
5.0666E+03,-0.001804,0.010642,0.05467,1800.0
5.0667E+03,-0.000314,0.010794,0.05467,1800.0
5.0668E+03,0.001218,0.010737,0.05467,1800.0
5.0669E+03,0.002718,0.010467,0.05467,1800.0
5.0670E+03,0.004175,0.009978,0.05467,0.0
5.0671E+03,0.005470,0.009336,0.05467,0.0
5.0673E+03,0.006750,0.008446,0.05467,0.0
5.0674E+03,0.007849,0.007442,0.05467,0.0
5.0675E+03,0.008780,0.006297,0.05467,0.0
5.0676E+03,0.009562,0.005010,0.05467,1800.0
5.0677E+03,0.010176,0.003595,0.05467,1800.0
5.0678E+03,0.010546,0.002370,0.05467,1800.0
5.0679E+03,0.010669,0.001821,0.05467,1800.0
5.0680E+03,0.010263,0.002915,0.05467,1800.0
5.0681E+03,0.008368,0.008030,0.05467,1800.0
5.0684E+03,0.006628,0.012726,0.05467,1800.0
5.0685E+03,0.006331,0.012870,0.05467,1800.0
5.0686E+03,0.005188,0.013353,0.05467,1800.0
5.0687E+03,0.003803,0.013811,0.05467,1800.0
5.0688E+03,0.002316,0.014132,0.05467,1800.0
5.0690E+03,0.000824,0.014301,0.05467,1800.0
5.0691E+03,-0.000626,0.014309,0.05467,1800.0
5.0692E+03,-0.002131,0.014169,0.05467,1800.0
5.0693E+03,-0.003621,0.013863,0.05467,1800.0
5.0694E+03,-0.005109,0.013394,0.05467,1800.0
5.0695E+03,-0.006430,0.012821,0.05467,1800.0
5.0696E+03,-0.007782,0.012046,0.05467,1800.0
5.0696E+03,-0.008901,0.011227,0.05467,1800.0
5.0697E+03,-0.010026,0.010240,0.05467,1800.0
5.0698E+03,-0.011038,0.009126,0.05467,1800.0
5.0699E+03,-0.011920,0.007937,0.05467,1800.0
5.0700E+03,-0.012545,0.006946,0.05467,1800.0
5.0701E+03,-0.013010,0.006005,0.05467,1800.0
5.0702E+03,-0.013491,0.004823,0.05467,1800.0
5.0703E+03,-0.013872,0.003622,0.05467,1800.0
5.0704E+03,-0.014092,0.002650,0.05467,1800.0
5.0705E+03,-0.014238,0.001675,0.05467,1800.0
5.0706E+03,-0.014337,0.000134,0.05467,1800.0
5.0708E+03,-0.014277,-0.001318,0.05467,1800.0
5.0709E+03,-0.014151,-0.002326,0.05467,1800.0
5.0710E+03,-0.013943,-0.003349,0.05467,1800.0
5.0711E+03,-0.013575,-0.004582,0.05467,1800.0
5.0712E+03,-0.013126,-0.005745,0.05467,1800.0
5.0713E+03,-0.012650,-0.006736,0.05467,1800.0
5.0713E+03,-0.012134,-0.007622,0.05467,1800.0
5.0714E+03,-0.011354,-0.008736,0.05467,1800.0
5.0715E+03,-0.010350,-0.009921,0.05467,1800.0
5.0716E+03,-0.009257,-0.010948,0.05467,1800.0
5.0717E+03,-0.008058,-0.011863,0.05467,1800.0
5.0718E+03,-0.006801,-0.012620,0.05467,1800.0
5.0719E+03,-0.005436,-0.013261,0.05467,1800.0
5.0720E+03,-0.004026,-0.013753,0.05467,1800.0
5.0721E+03,-0.002527,-0.014100,0.05467,1800.0
5.0722E+03,-0.001017,-0.014287,0.05467,1800.0
5.0723E+03,0.000477,-0.014313,0.05467,1800.0
5.0725E+03,0.001977,-0.014187,0.05467,1800.0
5.0726E+03,0.003471,-0.013896,0.05467,1800.0
5.0727E+03,0.004913,-0.013459,0.05467,1800.0
5.0728E+03,0.006295,-0.012871,0.05467,1800.0
5.0729E+03,0.007614,-0.012146,0.05467,1800.0
5.0730E+03,0.008818,-0.011312,0.05467,1800.0
5.0730E+03,0.009840,-0.010431,0.05467,1800.0
5.0731E+03,0.010886,-0.009315,0.05467,1800.0
5.0732E+03,0.011808,-0.008107,0.05467,1800.0
5.0733E+03,0.012578,-0.006783,0.05467,1800.0
5.0734E+03,0.013202,-0.005515,0.05467,1800.0
5.0735E+03,0.013657,-0.004325,0.05467,1800.0
5.0736E+03,0.013996,-0.003045,0.05467,1800.0
5.0737E+03,0.014236,-0.001570,0.05467,1800.0
5.0738E+03,0.014328,-0.000008,0.05467,1800.0
5.0739E+03,0.014254,0.001475,0.05467,1800.0
5.0740E+03,0.014023,0.002994,0.05467,1800.0
5.0742E+03,0.013643,0.004418,0.05467,1800.0
5.0743E+03,0.013184,0.005634,0.05467,0.0
5.0744E+03,0.012604,0.006829,0.05467,0.0
5.0745E+03,0.011836,0.008078,0.05467,0.0
5.0746E+03,0.010915,0.009274,0.05467,0.0
5.0747E+03,0.009969,0.010287,0.05467,0.0
5.0748E+03,0.009085,0.011088,0.05467,1800.0
5.0748E+03,0.008180,0.011758,0.05467,1800.0
5.0749E+03,0.007091,0.012466,0.05467,1800.0
5.0750E+03,0.006628,0.012726,0.05467,1800.0
5.0751E+03,0.006671,0.012646,0.05467,1800.0
5.0752E+03,0.007029,0.011981,0.05467,1800.0
5.0753E+03,0.010635,0.005289,0.05467,1800.0
5.0754E+03,0.012127,0.002520,0.05467,1800.0
5.0755E+03,0.012343,0.002119,0.05467,1800.0
5.0756E+03,0.012352,0.002068,0.05467,1800.0
5.0757E+03,0.012447,0.001178,0.05467,1800.0
5.0759E+03,0.012492,-0.000251,0.05467,1800.0
5.0760E+03,0.012372,-0.001771,0.05467,1800.0
5.0761E+03,0.012069,-0.003277,0.05467,1800.0
5.0762E+03,0.011593,-0.004692,0.05467,1800.0
5.0763E+03,0.010966,-0.006027,0.05467,1800.0
5.0764E+03,0.010154,-0.007320,0.05467,1800.0
5.0765E+03,0.009231,-0.008466,0.05467,1800.0
5.0765E+03,0.008230,-0.009436,0.05467,1800.0
5.0766E+03,0.007070,-0.010333,0.05467,1800.0
5.0767E+03,0.005781,-0.011093,0.05467,1800.0
5.0768E+03,0.004363,-0.011715,0.05467,1800.0
5.0769E+03,0.002887,-0.012158,0.05467,1800.0
5.0770E+03,0.001400,-0.012421,0.05467,1800.0
5.0771E+03,-0.000101,-0.012497,0.05467,1800.0
5.0772E+03,-0.001601,-0.012397,0.05467,1800.0
5.0773E+03,-0.003071,-0.012121,0.05467,1800.0
5.0774E+03,-0.004515,-0.011672,0.05467,1800.0
5.0776E+03,-0.005843,-0.011073,0.05467,1800.0
5.0777E+03,-0.007134,-0.010291,0.05467,1800.0
5.0778E+03,-0.008299,-0.009368,0.05467,1800.0
5.0779E+03,-0.009363,-0.008296,0.05467,1800.0
5.0780E+03,-0.010312,-0.007084,0.05467,1800.0
5.0781E+03,-0.011088,-0.005804,0.05467,1800.0
5.0782E+03,-0.011694,-0.004419,0.05467,1800.0
5.0782E+03,-0.012114,-0.003105,0.05467,1800.0
5.0783E+03,-0.012400,-0.001617,0.05467,1800.0
5.0784E+03,-0.012505,-0.000150,0.05467,1800.0
5.0785E+03,-0.012448,0.001315,0.05467,1800.0
5.0786E+03,-0.012192,0.002847,0.05467,1800.0
5.0787E+03,-0.011765,0.004291,0.05467,1800.0
5.0788E+03,-0.011173,0.005642,0.05467,1800.0
5.0789E+03,-0.010389,0.006962,0.05467,1800.0
5.0790E+03,-0.009498,0.008132,0.05467,1800.0
5.0791E+03,-0.008439,0.009218,0.05467,1800.0
5.0792E+03,-0.007237,0.010184,0.05467,1800.0
5.0794E+03,-0.005962,0.010994,0.05467,1800.0
5.0795E+03,-0.004612,0.011619,0.05467,1800.0
5.0796E+03,-0.003192,0.012089,0.05467,1800.0
5.0797E+03,-0.001725,0.012387,0.05467,1800.0
5.0798E+03,-0.000229,0.012505,0.05467,1800.0
5.0799E+03,0.001277,0.012453,0.05467,1800.0
5.0799E+03,0.002661,0.012250,0.05467,1800.0
5.0800E+03,0.004107,0.011827,0.05467,1800.0
5.0801E+03,0.005453,0.011262,0.05467,1800.0
