2.6025E+03,-0.011079,-0.007344,0.02485,0.0
2.6026E+03,-0.011840,-0.006065,0.02485,0.0
2.6027E+03,-0.012446,-0.004703,0.02485,0.0
2.6028E+03,-0.012907,-0.003247,0.02485,0.0
2.6029E+03,-0.013172,-0.001869,0.02485,0.0
2.6030E+03,-0.013297,-0.000409,0.02485,0.0
2.6031E+03,-0.013257,0.001076,0.02485,0.0
2.6032E+03,-0.013106,0.002322,0.02485,0.0
2.6034E+03,-0.013043,0.002717,0.02485,0.0
2.6367E+03,0.006573,-0.013635,0.02556,1800.0
2.6368E+03,0.006628,-0.013606,0.02556,1800.0
2.6369E+03,0.007672,-0.013028,0.02556,1800.0
2.6370E+03,0.008923,-0.012194,0.02556,1800.0
2.6371E+03,0.010083,-0.011254,0.02556,1800.0
2.6372E+03,0.011148,-0.010201,0.02556,1800.0
2.6373E+03,0.012098,-0.009047,0.02556,1800.0
2.6374E+03,0.012942,-0.007798,0.02556,1800.0
2.6375E+03,0.013670,-0.006445,0.02556,1800.0
2.6376E+03,0.014248,-0.005047,0.02556,1800.0
2.6377E+03,0.014641,-0.003797,0.02556,1800.0
2.6378E+03,0.014956,-0.002298,0.02556,1800.0
2.6379E+03,0.015099,-0.000753,0.02556,1800.0
2.6380E+03,0.015098,0.000717,0.02556,1800.0
2.6381E+03,0.014955,0.002195,0.02556,1800.0
2.6382E+03,0.014658,0.003675,0.02556,1800.0
2.6383E+03,0.014209,0.005139,0.02556,1800.0
2.6384E+03,0.013621,0.006542,0.02556,1800.0
2.6385E+03,0.012899,0.007866,0.02556,1800.0
2.6386E+03,0.012051,0.009115,0.02556,1800.0
2.6387E+03,0.011092,0.010273,0.02556,1800.0
2.6388E+03,0.010043,0.011298,0.02556,1800.0
2.6389E+03,0.008884,0.012230,0.02556,1800.0
2.6390E+03,0.007598,0.013083,0.02556,1800.0
2.6391E+03,0.006235,0.013783,0.02556,1800.0
2.6392E+03,0.004913,0.014299,0.02556,1800.0
2.6393E+03,0.003454,0.014736,0.02556,1800.0
2.6394E+03,0.002064,0.014978,0.02556,1800.0
2.6395E+03,0.000546,0.015097,0.02556,1800.0
2.6396E+03,-0.000929,0.015084,0.02556,1800.0
2.6397E+03,-0.002421,0.014914,0.02556,1800.0
2.6398E+03,-0.003805,0.014629,0.02556,1800.0
2.6399E+03,-0.004926,0.014290,0.02556,1800.0
2.6400E+03,-0.006180,0.013801,0.02556,1800.0
2.6401E+03,-0.007511,0.013136,0.02556,1800.0
2.6402E+03,-0.008808,0.012298,0.02556,1800.0
2.6403E+03,-0.009979,0.011363,0.02556,1800.0
2.6404E+03,-0.011031,0.010336,0.02556,1800.0
2.6405E+03,-0.012002,0.009189,0.02556,1800.0
2.6406E+03,-0.012879,0.007892,0.02556,1800.0
2.6407E+03,-0.013612,0.006566,0.02556,1800.0
2.6408E+03,-0.014191,0.005183,0.02556,1800.0
2.6409E+03,-0.014633,0.003762,0.02556,1800.0
2.6410E+03,-0.014931,0.002317,0.02556,1800.0
2.6411E+03,-0.015090,0.000939,0.02556,1800.0
2.6412E+03,-0.015115,-0.000617,0.02556,1800.0
2.6413E+03,-0.014985,-0.002094,0.02556,1800.0
2.6414E+03,-0.014714,-0.003517,0.02556,1800.0
2.6415E+03,-0.014254,-0.005031,0.02556,1800.0
2.6416E+03,-0.013698,-0.006383,0.02556,1800.0
2.6417E+03,-0.012970,-0.007732,0.02556,1800.0
2.6418E+03,-0.012146,-0.008990,0.02556,1800.0
2.6419E+03,-0.011237,-0.010143,0.02556,1800.0
2.6420E+03,-0.010186,-0.011208,0.02556,1800.0
2.6421E+03,-0.009001,-0.012145,0.02556,1800.0
2.6422E+03,-0.007753,-0.012969,0.02556,1800.0
2.6423E+03,-0.006410,-0.013690,0.02556,1800.0
2.6424E+03,-0.005091,-0.014247,0.02556,1800.0
2.6425E+03,-0.004086,-0.014569,0.02556,0.0
2.6426E+03,-0.002686,-0.014885,0.02556,0.0
2.6427E+03,-0.001151,-0.015077,0.02556,0.0
2.6428E+03,0.000212,-0.015111,0.02556,0.0
2.6429E+03,0.001695,-0.015013,0.02556,0.0
2.6430E+03,0.003179,-0.014770,0.02556,0.0
2.6431E+03,0.004642,-0.014384,0.02556,0.0
2.6432E+03,0.005888,-0.013932,0.02556,1800.0
2.6433E+03,0.006573,-0.013635,0.02556,1800.0
2.6434E+03,0.006562,-0.013625,0.02556,1800.0
2.6435E+03,0.006093,-0.013184,0.02556,1800.0
2.6436E+03,0.001665,-0.009019,0.02556,1800.0
2.6437E+03,-0.004158,-0.003542,0.02556,1800.0
2.6438E+03,-0.009807,0.001771,0.02556,1800.0
2.6439E+03,-0.011121,0.003007,0.02556,1800.0
2.6440E+03,-0.011303,0.003178,0.02556,1800.0
2.6441E+03,-0.011279,0.003261,0.02556,1800.0
2.6442E+03,-0.010973,0.004115,0.02556,1800.0
2.6443E+03,-0.010362,0.005456,0.02556,1800.0
2.6444E+03,-0.009558,0.006767,0.02556,1800.0
2.6445E+03,-0.008589,0.007963,0.02556,1800.0
2.6446E+03,-0.007642,0.008890,0.02556,1800.0
2.6447E+03,-0.006421,0.009829,0.02556,1800.0
2.6448E+03,-0.005095,0.010572,0.02556,1800.0
2.6449E+03,-0.003780,0.011109,0.02556,1800.0
2.6450E+03,-0.002327,0.011491,0.02556,1800.0
2.6451E+03,-0.000786,0.011685,0.02556,1800.0
2.6452E+03,0.000741,0.011696,0.02556,1800.0
2.6453E+03,0.002200,0.011507,0.02556,1800.0
2.6454E+03,0.003642,0.011129,0.02556,1800.0
2.6455E+03,0.005034,0.010574,0.02556,1800.0
2.6456E+03,0.006351,0.009841,0.02556,1800.0
2.6457E+03,0.007617,0.008923,0.02556,1800.0
2.6458E+03,0.008685,0.007869,0.02556,1800.0
2.6459E+03,0.009607,0.006727,0.02556,1800.0
2.6460E+03,0.010408,0.005439,0.02556,1800.0
2.6461E+03,0.011016,0.004043,0.02556,1800.0
2.6462E+03,0.011423,0.002672,0.02556,1800.0
2.6463E+03,0.011635,0.001298,0.02556,1800.0
2.6464E+03,0.011706,-0.000257,0.02556,1800.0
2.6465E+03,0.011595,-0.001720,0.02556,1800.0
2.6466E+03,0.011279,-0.003156,0.02556,1800.0
2.6467E+03,0.010766,-0.004599,0.02556,1800.0
2.6468E+03,0.010091,-0.005962,0.02556,1800.0
2.6469E+03,0.009238,-0.007209,0.02556,1800.0
2.6470E+03,0.008235,-0.008358,0.02556,1800.0
2.6471E+03,0.007142,-0.009310,0.02556,1800.0
2.6472E+03,0.005903,-0.010140,0.02556,1800.0
2.6473E+03,0.004528,-0.010826,0.02556,1800.0
2.6474E+03,0.003082,-0.011309,0.02556,1800.0
2.6475E+03,0.001571,-0.011617,0.02556,1800.0
2.6476E+03,0.000082,-0.011712,0.02556,1800.0
2.6477E+03,-0.001392,-0.011630,0.02556,1800.0
2.6478E+03,-0.002837,-0.011368,0.02556,1800.0
2.6479E+03,-0.004258,-0.010911,0.02556,1800.0
2.6480E+03,-0.005639,-0.010266,0.02556,1800.0
2.6481E+03,-0.006810,-0.009544,0.02556,1800.0
2.6482E+03,-0.008005,-0.008569,0.02556,1800.0
