4.9090E+03,0.012475,0.001952,0.05325,0.0
4.9091E+03,0.012618,0.000453,0.05325,0.0
4.9092E+03,0.012578,-0.001049,0.05325,0.0
4.9093E+03,0.012367,-0.002536,0.05325,0.0
4.9094E+03,0.011983,-0.003999,0.05325,0.0
4.9095E+03,0.011449,-0.005346,0.05325,0.0
4.9096E+03,0.010741,-0.006678,0.05325,0.0
4.9096E+03,0.010192,-0.007488,0.05325,0.0
4.9098E+03,0.010104,-0.007619,0.05325,0.0
4.9568E+03,0.006964,0.016259,0.05396,1800.0
4.9569E+03,0.006765,0.016338,0.05396,1800.0
4.9570E+03,0.005908,0.016646,0.05396,1800.0
4.9572E+03,0.004424,0.017112,0.05396,1800.0
4.9573E+03,0.003010,0.017413,0.05396,1800.0
4.9574E+03,0.001440,0.017618,0.05396,1800.0
4.9575E+03,0.000012,0.017680,0.05396,1800.0
4.9576E+03,-0.001479,0.017620,0.05396,1800.0
4.9577E+03,-0.003042,0.017407,0.05396,1800.0
4.9578E+03,-0.004542,0.017074,0.05396,1800.0
4.9578E+03,-0.005827,0.016675,0.05396,1800.0
4.9579E+03,-0.007199,0.016137,0.05396,1800.0
4.9580E+03,-0.008517,0.015475,0.05396,1800.0
4.9581E+03,-0.009801,0.014696,0.05396,1800.0
4.9582E+03,-0.011045,0.013791,0.05396,1800.0
4.9583E+03,-0.012205,0.012782,0.05396,1800.0
4.9584E+03,-0.013206,0.011747,0.05396,1800.0
4.9585E+03,-0.014160,0.010589,0.05396,1800.0
4.9586E+03,-0.015057,0.009275,0.05396,1800.0
4.9587E+03,-0.015753,0.008016,0.05396,1800.0
4.9589E+03,-0.016372,0.006636,0.05396,1800.0
4.9590E+03,-0.016813,0.005432,0.05396,1800.0
4.9591E+03,-0.017162,0.004112,0.05396,1800.0
4.9592E+03,-0.017444,0.002717,0.05396,1800.0
4.9593E+03,-0.017619,0.001268,0.05396,1800.0
4.9594E+03,-0.017661,-0.000264,0.05396,1800.0
4.9595E+03,-0.017570,-0.001793,0.05396,1800.0
4.9595E+03,-0.017393,-0.003134,0.05396,1800.0
4.9596E+03,-0.017072,-0.004615,0.05396,1800.0
4.9597E+03,-0.016756,-0.005663,0.05396,1800.0
4.9598E+03,-0.016214,-0.007041,0.05396,1800.0
4.9599E+03,-0.015549,-0.008392,0.05396,1800.0
4.9600E+03,-0.014769,-0.009697,0.05396,1800.0
4.9601E+03,-0.013918,-0.010887,0.05396,1800.0
4.9602E+03,-0.012940,-0.012024,0.05396,1800.0
4.9603E+03,-0.011867,-0.013084,0.05396,1800.0
4.9604E+03,-0.010721,-0.014038,0.05396,1800.0
4.9605E+03,-0.009496,-0.014902,0.05396,1800.0
4.9607E+03,-0.008184,-0.015658,0.05396,1800.0
4.9608E+03,-0.006784,-0.016320,0.05396,1800.0
4.9609E+03,-0.005431,-0.016825,0.05396,1800.0
4.9610E+03,-0.003940,-0.017241,0.05396,1800.0
4.9611E+03,-0.002520,-0.017497,0.05396,1800.0
4.9612E+03,-0.001003,-0.017644,0.05396,1800.0
4.9612E+03,0.000363,-0.017667,0.05396,1800.0
4.9613E+03,0.001874,-0.017563,0.05396,1800.0
4.9614E+03,0.003391,-0.017338,0.05396,1800.0
4.9615E+03,0.004872,-0.016980,0.05396,1800.0
4.9616E+03,0.006310,-0.016504,0.05396,1800.0
4.9617E+03,0.007706,-0.015900,0.05396,1800.0
4.9618E+03,0.009007,-0.015206,0.05396,1800.0
4.9619E+03,0.010272,-0.014384,0.05396,1800.0
4.9620E+03,0.011493,-0.013440,0.05396,1800.0
4.9621E+03,0.012532,-0.012469,0.05396,1800.0
4.9622E+03,0.013559,-0.011331,0.05396,1800.0
4.9624E+03,0.014479,-0.010133,0.05396,1800.0
4.9625E+03,0.015272,-0.008882,0.05396,1800.0
4.9626E+03,0.015969,-0.007546,0.05396,1800.0
4.9627E+03,0.016566,-0.006121,0.05396,1800.0
4.9628E+03,0.017035,-0.004672,0.05396,1800.0
4.9629E+03,0.017373,-0.003236,0.05396,1800.0
4.9629E+03,0.017562,-0.001907,0.05396,1800.0
4.9630E+03,0.017667,-0.000361,0.05396,1800.0
4.9631E+03,0.017642,0.001111,0.05396,1800.0
4.9632E+03,0.017488,0.002619,0.05396,1800.0
4.9633E+03,0.017193,0.004104,0.05396,1800.0
4.9634E+03,0.016779,0.005535,0.05396,1800.0
4.9635E+03,0.016244,0.006949,0.05396,1800.0
4.9636E+03,0.015583,0.008321,0.05396,1800.0
4.9637E+03,0.014807,0.009632,0.05396,0.0
4.9638E+03,0.013933,0.010850,0.05396,0.0
4.9639E+03,0.012958,0.012013,0.05396,0.0
4.9641E+03,0.011881,0.013080,0.05396,0.0
4.9642E+03,0.010767,0.014007,0.05396,0.0
4.9643E+03,0.009504,0.014898,0.05396,1800.0
4.9644E+03,0.008183,0.015671,0.05396,1800.0
4.9645E+03,0.007022,0.016233,0.05396,1800.0
4.9646E+03,0.006969,0.016257,0.05396,1800.0
4.9646E+03,0.006964,0.016259,0.05396,1800.0
4.9647E+03,0.007351,0.013395,0.05396,1800.0
4.9648E+03,0.008210,0.007029,0.05396,1800.0
4.9649E+03,0.008735,0.003136,0.05396,1800.0
4.9650E+03,0.008804,0.002625,0.05396,1800.0
4.9651E+03,0.008812,0.002599,0.05396,1800.0
4.9652E+03,0.008903,0.002173,0.05396,1800.0
4.9653E+03,0.009142,0.000764,0.05396,1800.0
4.9654E+03,0.009139,-0.000733,0.05396,1800.0
4.9655E+03,0.008916,-0.002232,0.05396,1800.0
4.9656E+03,0.008431,-0.003650,0.05396,1800.0
4.9658E+03,0.007714,-0.004970,0.05396,1800.0
4.9659E+03,0.006796,-0.006147,0.05396,1800.0
4.9660E+03,0.005669,-0.007189,0.05396,1800.0
4.9661E+03,0.004437,-0.008012,0.05396,1800.0
4.9662E+03,0.003071,-0.008618,0.05396,1800.0
4.9663E+03,0.001593,-0.009008,0.05396,1800.0
4.9664E+03,0.000066,-0.009151,0.05396,1800.0
4.9664E+03,-0.001306,-0.009071,0.05396,1800.0
4.9665E+03,-0.002762,-0.008742,0.05396,1800.0
4.9666E+03,-0.004148,-0.008188,0.05396,1800.0
4.9667E+03,-0.005442,-0.007398,0.05396,1800.0
4.9668E+03,-0.006511,-0.006459,0.05396,1800.0
4.9669E+03,-0.007493,-0.005266,0.05396,1800.0
4.9670E+03,-0.008249,-0.003997,0.05396,1800.0
4.9671E+03,-0.008776,-0.002600,0.05396,1800.0
4.9672E+03,-0.009087,-0.001131,0.05396,1800.0
4.9673E+03,-0.009136,0.000402,0.05396,1800.0
4.9675E+03,-0.008952,0.001915,0.05396,1800.0
4.9676E+03,-0.008536,0.003336,0.05396,1800.0
4.9677E+03,-0.007877,0.004676,0.05396,1800.0
4.9678E+03,-0.007014,0.005900,0.05396,1800.0
4.9679E+03,-0.005957,0.006975,0.05396,1800.0
4.9680E+03,-0.004739,0.007879,0.05396,1800.0
4.9681E+03,-0.003337,0.008551,0.05396,1800.0
4.9681E+03,-0.002099,0.008921,0.05396,1800.0
4.9682E+03,-0.000620,0.009137,0.05396,1800.0
4.9683E+03,0.000907,0.009105,0.05396,0.0
4.9684E+03,0.002397,0.008837,0.05396,0.0
4.9685E+03,0.003779,0.008340,0.05396,0.0
4.9686E+03,0.005064,0.007623,0.05396,0.0
4.9687E+03,0.006248,0.006699,0.05396,0.0
4.9688E+03,0.007263,0.005586,0.05396,1800.0
4.9689E+03,0.008132,0.004261,0.05396,1800.0
4.9690E+03,0.008710,0.002921,0.05396,1800.0
4.9691E+03,0.008802,0.002631,0.05396,1800.0
4.9693E+03,0.008804,0.002625,0.05396,1800.0
4.9694E+03,0.008746,0.004087,0.05396,1800.0
4.9695E+03,0.008498,0.010395,0.05396,1800.0
4.9696E+03,0.008384,0.013296,0.05396,1800.0
4.9698E+03,0.008371,0.013620,0.05396,1800.0
4.9698E+03,0.008079,0.013785,0.05396,1800.0
4.9699E+03,0.007096,0.014310,0.05396,1800.0
4.9700E+03,0.005680,0.014926,0.05396,1800.0
4.9701E+03,0.004252,0.015403,0.05396,1800.0
4.9702E+03,0.002792,0.015734,0.05396,1800.0
4.9703E+03,0.001303,0.015926,0.05396,1800.0
4.9704E+03,-0.000205,0.015971,0.05396,1800.0
4.9705E+03,-0.001739,0.015872,0.05396,1800.0
4.9706E+03,-0.003263,0.015627,0.05396,1800.0
4.9707E+03,-0.004727,0.015245,0.05396,1800.0
4.9708E+03,-0.006125,0.014740,0.05396,1800.0
4.9710E+03,-0.007476,0.014108,0.05396,1800.0
4.9711E+03,-0.008777,0.013337,0.05396,1800.0
4.9712E+03,-0.009996,0.012446,0.05396,1800.0
4.9713E+03,-0.011148,0.011440,0.05396,1800.0
4.9714E+03,-0.012150,0.010373,0.05396,1800.0
4.9715E+03,-0.013115,0.009138,0.05396,1800.0
4.9716E+03,-0.013880,0.007911,0.05396,1800.0
4.9716E+03,-0.014495,0.006697,0.05396,1800.0
4.9717E+03,-0.015069,0.005264,0.05396,1800.0
4.9718E+03,-0.015495,0.003833,0.05396,1800.0
4.9719E+03,-0.015781,0.002388,0.05396,1800.0
4.9720E+03,-0.015935,0.001133,0.05396,1800.0
4.9721E+03,-0.015966,-0.000038,0.05396,1800.0
4.9722E+03,-0.015915,-0.001330,0.05396,1800.0
4.9723E+03,-0.015785,-0.002402,0.05396,1800.0
4.9724E+03,-0.015493,-0.003896,0.05396,1800.0
4.9725E+03,-0.015067,-0.005325,0.05396,1800.0
4.9727E+03,-0.014476,-0.006760,0.05396,1800.0
4.9728E+03,-0.013808,-0.008036,0.05396,1800.0
4.9729E+03,-0.012988,-0.009288,0.05396,1800.0
4.9730E+03,-0.012141,-0.010371,0.05396,1800.0
4.9731E+03,-0.011394,-0.011194,0.05396,1800.0
4.9732E+03,-0.010420,-0.012088,0.05396,1800.0
4.9733E+03,-0.009223,-0.013033,0.05396,1800.0
4.9733E+03,-0.008087,-0.013768,0.05396,1800.0
4.9734E+03,-0.006814,-0.014454,0.05396,1800.0
4.9735E+03,-0.005456,-0.015052,0.05396,1800.0
4.9736E+03,-0.004005,-0.015498,0.05396,1800.0
4.9737E+03,-0.002431,-0.015797,0.05396,1800.0
4.9738E+03,-0.000975,-0.015945,0.05396,1800.0
4.9739E+03,0.000587,-0.015961,0.05396,1800.0
4.9740E+03,0.002085,-0.015829,0.05396,1800.0
4.9741E+03,0.003559,-0.015566,0.05396,1800.0
4.9742E+03,0.005012,-0.015157,0.05396,1800.0
4.9744E+03,0.006440,-0.014606,0.05396,1800.0
4.9745E+03,0.007788,-0.013937,0.05396,1800.0
4.9746E+03,0.009037,-0.013158,0.05396,1800.0
4.9747E+03,0.010238,-0.012254,0.05396,1800.0
4.9748E+03,0.011353,-0.011233,0.05396,1800.0
4.9749E+03,0.012353,-0.010127,0.05396,1800.0
4.9750E+03,0.013283,-0.008890,0.05396,1800.0
4.9750E+03,0.013781,-0.008090,0.05396,1800.0
4.9751E+03,0.014468,-0.006757,0.05396,1800.0
4.9752E+03,0.014948,-0.005617,0.05396,1800.0
4.9753E+03,0.015334,-0.004442,0.05396,1800.0
4.9754E+03,0.015659,-0.003089,0.05396,1800.0
4.9755E+03,0.015881,-0.001625,0.05396,1800.0
4.9756E+03,0.015958,-0.000121,0.05396,1800.0
4.9757E+03,0.015925,0.001252,0.05396,1800.0
4.9758E+03,0.015794,0.002352,0.05396,1800.0
4.9759E+03,0.015512,0.003810,0.05396,1800.0
4.9760E+03,0.015084,0.005270,0.05396,0.0
4.9762E+03,0.014529,0.006665,0.05396,0.0
4.9763E+03,0.013843,0.007969,0.05396,0.0
4.9764E+03,0.013217,0.008966,0.05396,0.0
4.9765E+03,0.012366,0.010101,0.05396,0.0
4.9766E+03,0.011331,0.011243,0.05396,1800.0
4.9767E+03,0.010217,0.012263,0.05396,1800.0
4.9767E+03,0.009196,0.013054,0.05396,1800.0
4.9768E+03,0.008399,0.013602,0.05396,1800.0
4.9769E+03,0.008371,0.013620,0.05396,1800.0
4.9770E+03,0.008504,0.012944,0.05396,1800.0
4.9771E+03,0.009360,0.008578,0.05396,1800.0
4.9772E+03,0.010424,0.003155,0.05396,1800.0
4.9773E+03,0.010430,0.003122,0.05396,1800.0
4.9774E+03,0.010431,0.003118,0.05396,1800.0
4.9775E+03,0.010543,0.002731,0.05396,1800.0
4.9776E+03,0.010755,0.001559,0.05396,1800.0
4.9777E+03,0.010855,0.000014,0.05396,1800.0
4.9779E+03,0.010752,-0.001480,0.05396,1800.0
4.9780E+03,0.010453,-0.002941,0.05396,1800.0
4.9781E+03,0.009950,-0.004403,0.05396,1800.0
4.9782E+03,0.009274,-0.005738,0.05396,1800.0
4.9783E+03,0.008392,-0.006910,0.05396,1800.0
4.9784E+03,0.007336,-0.008033,0.05396,1800.0
4.9784E+03,0.006245,-0.008908,0.05396,1800.0
4.9785E+03,0.004980,-0.009678,0.05396,1800.0
4.9786E+03,0.003589,-0.010255,0.05396,1800.0
4.9787E+03,0.002191,-0.010637,0.05396,1800.0
4.9788E+03,0.000683,-0.010836,0.05396,1800.0
4.9789E+03,-0.000841,-0.010825,0.05396,1800.0
4.9790E+03,-0.002331,-0.010610,0.05396,1800.0
4.9791E+03,-0.003772,-0.010183,0.05396,1800.0
4.9792E+03,-0.005108,-0.009570,0.05396,1800.0
4.9793E+03,-0.006334,-0.008776,0.05396,1800.0
4.9794E+03,-0.007536,-0.007838,0.05396,1800.0
4.9796E+03,-0.008568,-0.006725,0.05396,1800.0
4.9797E+03,-0.009416,-0.005448,0.05396,1800.0
4.9798E+03,-0.010085,-0.004057,0.05396,1800.0
4.9799E+03,-0.010549,-0.002637,0.05396,1800.0
4.9800E+03,-0.010798,-0.001141,0.05396,1800.0
4.9801E+03,-0.010859,0.000353,0.05396,1800.0
4.9801E+03,-0.010730,0.001692,0.05396,1800.0
4.9802E+03,-0.010396,0.003128,0.05396,1800.0
4.9803E+03,-0.009877,0.004518,0.05396,1800.0
4.9804E+03,-0.009129,0.005903,0.05396,1800.0
4.9805E+03,-0.008235,0.007101,0.05396,1800.0
4.9806E+03,-0.007187,0.008165,0.05396,1800.0
4.9807E+03,-0.006044,0.009054,0.05396,1800.0
4.9808E+03,-0.004724,0.009801,0.05396,1800.0
4.9809E+03,-0.003265,0.010371,0.05396,1800.0
4.9810E+03,-0.001789,0.010719,0.05396,1800.0
4.9811E+03,-0.000290,0.010855,0.05396,1800.0
4.9813E+03,0.001192,0.010792,0.05396,1800.0
4.9814E+03,0.002669,0.010523,0.05396,1800.0
4.9815E+03,0.004080,0.010071,0.05396,0.0
4.9816E+03,0.005382,0.009438,0.05396,0.0
4.9817E+03,0.006632,0.008600,0.05396,0.0
4.9818E+03,0.007791,0.007573,0.05396,0.0
4.9819E+03,0.008778,0.006423,0.05396,0.0
4.9819E+03,0.009498,0.005305,0.05396,1800.0
4.9820E+03,0.010140,0.003924,0.05396,1800.0
4.9821E+03,0.010390,0.003246,0.05396,1800.0
4.9822E+03,0.010431,0.003118,0.05396,1800.0
4.9823E+03,0.010027,0.002873,0.05396,1800.0
4.9824E+03,0.005791,0.000303,0.05396,1800.0
4.9825E+03,-0.000818,-0.003708,0.05396,1800.0
4.9826E+03,-0.006823,-0.007351,0.05396,1800.0
4.9827E+03,-0.010548,-0.009612,0.05396,1800.0
4.9828E+03,-0.010559,-0.009618,0.05396,1800.0
4.9830E+03,-0.010519,-0.009661,0.05396,1800.0
4.9831E+03,-0.010213,-0.009982,0.05396,1800.0
4.9832E+03,-0.009098,-0.011007,0.05396,1800.0
4.9833E+03,-0.007891,-0.011897,0.05396,1800.0
4.9834E+03,-0.006596,-0.012653,0.05396,1800.0
4.9835E+03,-0.005216,-0.013280,0.05396,1800.0
4.9836E+03,-0.003806,-0.013744,0.05396,1800.0
4.9836E+03,-0.002472,-0.014043,0.05396,1800.0
4.9837E+03,-0.000978,-0.014230,0.05396,1800.0
4.9838E+03,0.000478,-0.014258,0.05396,1800.0
4.9839E+03,0.001979,-0.014124,0.05396,1800.0
4.9840E+03,0.003508,-0.013832,0.05396,1800.0
4.9841E+03,0.004945,-0.013397,0.05396,1800.0
4.9842E+03,0.006300,-0.012816,0.05396,1800.0
4.9843E+03,0.007642,-0.012057,0.05396,1800.0
4.9844E+03,0.008882,-0.011169,0.05396,1800.0
4.9845E+03,0.009963,-0.010211,0.05396,1800.0
4.9847E+03,0.011000,-0.009079,0.05396,1800.0
4.9848E+03,0.011907,-0.007850,0.05396,1800.0
4.9849E+03,0.012556,-0.006776,0.05396,1800.0
4.9850E+03,0.013114,-0.005594,0.05396,1800.0
4.9851E+03,0.013638,-0.004165,0.05396,1800.0
4.9852E+03,0.014002,-0.002778,0.05396,1800.0
4.9853E+03,0.014188,-0.001522,0.05396,1800.0
4.9853E+03,0.014264,-0.000493,0.05396,1800.0
4.9854E+03,0.014231,0.001108,0.05396,1800.0
4.9855E+03,0.014044,0.002523,0.05396,1800.0
4.9856E+03,0.013816,0.003582,0.05396,1800.0
4.9857E+03,0.013401,0.004879,0.05396,1800.0
4.9858E+03,0.012834,0.006219,0.05396,1800.0
4.9859E+03,0.012124,0.007509,0.05396,1800.0
4.9860E+03,0.011267,0.008739,0.05396,1800.0
4.9861E+03,0.010274,0.009889,0.05396,1800.0
4.9862E+03,0.009144,0.010944,0.05396,1800.0
4.9864E+03,0.007931,0.011859,0.05396,1800.0
4.9865E+03,0.006666,0.012622,0.05396,1800.0
4.9866E+03,0.005335,0.013245,0.05396,1800.0
4.9867E+03,0.003944,0.013728,0.05396,1800.0
4.9868E+03,0.002464,0.014059,0.05396,1800.0
4.9869E+03,0.000950,0.014238,0.05396,1800.0
4.9870E+03,-0.000588,0.014254,0.05396,1800.0
4.9870E+03,-0.001916,0.014135,0.05396,1800.0
4.9871E+03,-0.003375,0.013855,0.05396,1800.0
4.9872E+03,-0.004860,0.013407,0.05396,1800.0
4.9873E+03,-0.006266,0.012814,0.05396,1800.0
4.9874E+03,-0.007529,0.012118,0.05396,1800.0
4.9875E+03,-0.008798,0.011233,0.05396,1800.0
4.9876E+03,-0.009972,0.010214,0.05396,1800.0
4.9877E+03,-0.010952,0.009164,0.05396,1800.0
4.9878E+03,-0.011850,0.007957,0.05396,1800.0
4.9879E+03,-0.012633,0.006633,0.05396,1800.0
4.9881E+03,-0.013269,0.005232,0.05396,1800.0
4.9882E+03,-0.013725,0.003885,0.05396,1800.0
4.9883E+03,-0.014007,0.002697,0.05396,1800.0
4.9884E+03,-0.014194,0.001390,0.05396,1800.0
4.9885E+03,-0.014254,-0.000125,0.05396,0.0
4.9886E+03,-0.014166,-0.001607,0.05396,0.0
4.9887E+03,-0.013962,-0.002970,0.05396,0.0
4.9887E+03,-0.013711,-0.003969,0.05396,0.0
4.9888E+03,-0.013244,-0.005335,0.05396,0.0
4.9889E+03,-0.012589,-0.006731,0.05396,0.0
4.9890E+03,-0.011800,-0.008030,0.05396,0.0
4.9891E+03,-0.010895,-0.009215,0.05396,1800.0
4.9892E+03,-0.010597,-0.009575,0.05396,1800.0
4.9893E+03,-0.010559,-0.009618,0.05396,1800.0
4.9894E+03,-0.009208,-0.008828,0.05396,1800.0
4.9895E+03,-0.004789,-0.006243,0.05396,1800.0
4.9896E+03,0.001965,-0.002292,0.05396,1800.0
4.9898E+03,0.008170,0.001337,0.05396,1800.0
4.9899E+03,0.012053,0.003609,0.05396,1800.0
4.9900E+03,0.012058,0.003612,0.05396,1800.0
4.9901E+03,0.012068,0.003576,0.05396,1800.0
4.9902E+03,0.012240,0.002984,0.05396,1800.0
4.9903E+03,0.012495,0.001491,0.05396,1800.0
4.9904E+03,0.012580,-0.000011,0.05396,1800.0
4.9904E+03,0.012480,-0.001407,0.05396,1800.0
4.9905E+03,0.012232,-0.002862,0.05396,1800.0
4.9906E+03,0.011809,-0.004275,0.05396,1800.0
4.9907E+03,0.011210,-0.005674,0.05396,1800.0
4.9908E+03,0.010452,-0.006970,0.05396,1800.0
4.9909E+03,0.009546,-0.008174,0.05396,1800.0
4.9910E+03,0.008498,-0.009268,0.05396,1800.0
4.9911E+03,0.007344,-0.010219,0.05396,1800.0
4.9912E+03,0.006029,-0.011045,0.05396,1800.0
4.9913E+03,0.004659,-0.011680,0.05396,1800.0
4.9914E+03,0.003293,-0.012138,0.05396,1800.0
4.9916E+03,0.001780,-0.012447,0.05396,1800.0
4.9917E+03,0.000247,-0.012570,0.05396,1800.0
4.9918E+03,-0.001200,-0.012514,0.05396,1800.0
4.9919E+03,-0.002648,-0.012285,0.05396,1800.0
4.9920E+03,-0.004096,-0.011875,0.05396,1800.0
4.9921E+03,-0.005518,-0.011285,0.05396,1800.0
4.9921E+03,-0.006753,-0.010618,0.05396,1800.0
4.9922E+03,-0.007915,-0.009779,0.05396,1800.0
4.9923E+03,-0.009088,-0.008706,0.05396,1800.0
4.9924E+03,-0.010005,-0.007628,0.05396,1800.0
4.9925E+03,-0.010861,-0.006331,0.05396,1800.0
4.9926E+03,-0.011545,-0.004961,0.05396,1800.0
4.9927E+03,-0.012059,-0.003520,0.05396,1800.0
4.9928E+03,-0.012389,-0.002063,0.05396,1800.0
4.9929E+03,-0.012552,-0.000604,0.05396,1800.0
4.9930E+03,-0.012529,0.000864,0.05396,1800.0
4.9931E+03,-0.012340,0.002346,0.05396,1800.0
4.9933E+03,-0.011973,0.003812,0.05396,1800.0
4.9934E+03,-0.011438,0.005213,0.05396,1800.0
4.9935E+03,-0.010727,0.006573,0.05396,1800.0
4.9936E+03,-0.009885,0.007796,0.05396,1800.0
4.9937E+03,-0.008893,0.008918,0.05396,1800.0
4.9938E+03,-0.007754,0.009915,0.05396,1800.0
4.9938E+03,-0.006617,0.010686,0.05396,1800.0
4.9939E+03,-0.005269,0.011405,0.05396,1800.0
4.9940E+03,-0.003874,0.011955,0.05396,1800.0
4.9941E+03,-0.002436,0.012326,0.05396,1800.0
4.9942E+03,-0.000948,0.012530,0.05396,1800.0
4.9943E+03,0.000574,0.012555,0.05396,1800.0
4.9944E+03,0.002063,0.012394,0.05396,1800.0
4.9945E+03,0.003502,0.012071,0.05396,1800.0
