1.0538E+03,0.002086,-0.012611,0.00923,0.0
1.0539E+03,0.000626,-0.012780,0.00923,0.0
1.0540E+03,-0.000826,-0.012765,0.00923,0.0
1.0541E+03,-0.002400,-0.012577,0.00923,0.0
1.0542E+03,-0.003847,-0.012207,0.00923,0.0
1.0543E+03,-0.005122,-0.011707,0.00923,0.0
1.0544E+03,-0.006437,-0.011048,0.00923,0.0
1.0545E+03,-0.007660,-0.010233,0.00923,0.0
1.0546E+03,-0.008270,-0.009773,0.00923,0.0
1.0547E+03,-0.008371,-0.009687,0.00923,0.0
1.1013E+03,0.001351,0.017354,0.00994,1800.0
1.1014E+03,0.001264,0.017359,0.00994,1800.0
1.1015E+03,0.000582,0.017377,0.00994,1800.0
1.1016E+03,-0.000873,0.017365,0.00994,1800.0
1.1017E+03,-0.002408,0.017226,0.00994,1800.0
1.1018E+03,-0.003881,0.016962,0.00994,1800.0
1.1019E+03,-0.005338,0.016564,0.00994,1800.0
1.1020E+03,-0.006788,0.016021,0.00994,1800.0
1.1021E+03,-0.008093,0.015400,0.00994,1800.0
1.1022E+03,-0.009381,0.014649,0.00994,1800.0
1.1023E+03,-0.010599,0.013782,0.00994,1800.0
1.1024E+03,-0.011668,0.012885,0.00994,1800.0
1.1025E+03,-0.012762,0.011807,0.00994,1800.0
1.1026E+03,-0.013732,0.010670,0.00994,1800.0
1.1027E+03,-0.014590,0.009453,0.00994,1800.0
1.1028E+03,-0.015350,0.008172,0.00994,1800.0
1.1029E+03,-0.016013,0.006811,0.00994,1800.0
1.1030E+03,-0.016410,0.005788,0.00994,1800.0
1.1031E+03,-0.016833,0.004417,0.00994,1800.0
1.1032E+03,-0.017156,0.002857,0.00994,1800.0
1.1033E+03,-0.017333,0.001366,0.00994,1800.0
1.1034E+03,-0.017391,-0.000129,0.00994,1800.0
1.1035E+03,-0.017317,-0.001580,0.00994,1800.0
1.1036E+03,-0.017102,-0.003089,0.00994,1800.0
1.1037E+03,-0.016763,-0.004600,0.00994,1800.0
1.1038E+03,-0.016388,-0.005825,0.00994,1800.0
1.1039E+03,-0.015941,-0.006938,0.00994,1800.0
1.1040E+03,-0.015288,-0.008293,0.00994,1800.0
1.1041E+03,-0.014605,-0.009456,0.00994,1800.0
1.1042E+03,-0.013707,-0.010718,0.00994,1800.0
1.1043E+03,-0.012697,-0.011894,0.00994,1800.0
1.1044E+03,-0.011619,-0.012948,0.00994,1800.0
1.1045E+03,-0.010469,-0.013885,0.00994,1800.0
1.1046E+03,-0.009231,-0.014732,0.00994,1800.0
1.1047E+03,-0.007909,-0.015487,0.00994,1800.0
1.1048E+03,-0.006567,-0.016102,0.00994,1800.0
1.1049E+03,-0.005149,-0.016601,0.00994,1800.0
1.1050E+03,-0.003651,-0.016998,0.00994,1800.0
1.1051E+03,-0.002154,-0.017259,0.00994,1800.0
1.1052E+03,-0.000657,-0.017383,0.00994,1800.0
1.1053E+03,0.000782,-0.017380,0.00994,1800.0
1.1054E+03,0.002256,-0.017255,0.00994,1800.0
1.1055E+03,0.003762,-0.016988,0.00994,1800.0
1.1056E+03,0.005202,-0.016602,0.00994,1800.0
1.1057E+03,0.006612,-0.016084,0.00994,1800.0
1.1058E+03,0.007901,-0.015485,0.00994,1800.0
1.1059E+03,0.009198,-0.014755,0.00994,1800.0
1.1060E+03,0.010433,-0.013908,0.00994,1800.0
1.1061E+03,0.011629,-0.012925,0.00994,1800.0
1.1062E+03,0.012700,-0.011873,0.00994,1800.0
1.1063E+03,0.013686,-0.010732,0.00994,1800.0
1.1064E+03,0.014565,-0.009528,0.00994,1800.0
1.1065E+03,0.015303,-0.008277,0.00994,1800.0
1.1066E+03,0.015973,-0.006901,0.00994,1800.0
1.1067E+03,0.016504,-0.005495,0.00994,1800.0
1.1068E+03,0.016933,-0.003980,0.00994,1800.0
1.1069E+03,0.017199,-0.002533,0.00994,1800.0
1.1070E+03,0.017351,-0.001054,0.00994,1800.0
1.1071E+03,0.017377,0.000459,0.00994,1800.0
1.1072E+03,0.017269,0.001995,0.00994,1800.0
1.1073E+03,0.017030,0.003491,0.00994,1800.0
1.1074E+03,0.016669,0.004925,0.00994,1800.0
1.1075E+03,0.016184,0.006376,0.00994,1800.0
1.1076E+03,0.015636,0.007635,0.00994,1800.0
1.1077E+03,0.014934,0.008933,0.00994,1800.0
1.1078E+03,0.014074,0.010225,0.00994,1800.0
1.1079E+03,0.013164,0.011370,0.00994,1800.0
1.1080E+03,0.012128,0.012467,0.00994,1800.0
1.1081E+03,0.010971,0.013487,0.00994,0.0
1.1082E+03,0.009808,0.014355,0.00994,0.0
1.1083E+03,0.008554,0.015135,0.00994,0.0
1.1084E+03,0.007168,0.015841,0.00994,0.0
1.1085E+03,0.005738,0.016412,0.00994,0.0
1.1086E+03,0.004337,0.016840,0.00994,0.0
1.1087E+03,0.002927,0.017146,0.00994,1800.0
1.1088E+03,0.001552,0.017336,0.00994,1800.0
1.1090E+03,0.001351,0.017354,0.00994,1800.0
1.1091E+03,0.000549,0.014945,0.00994,1800.0
1.1092E+03,-0.001657,0.008316,0.00994,1800.0
1.1093E+03,-0.003949,0.001431,0.00994,1800.0
1.1094E+03,-0.005885,-0.004384,0.00994,1800.0
1.1096E+03,-0.006667,-0.006733,0.00994,1800.0
1.1097E+03,-0.006847,-0.006533,0.00994,1800.0
1.1098E+03,-0.007458,-0.005799,0.00994,1800.0
1.1099E+03,-0.008280,-0.004546,0.00994,1800.0
1.1100E+03,-0.008911,-0.003177,0.00994,1800.0
1.1101E+03,-0.009298,-0.001730,0.00994,1800.0
1.1102E+03,-0.009455,-0.000235,0.00994,1800.0
1.1103E+03,-0.009355,0.001300,0.00994,1800.0
1.1104E+03,-0.009011,0.002814,0.00994,1800.0
1.1105E+03,-0.008436,0.004208,0.00994,1800.0
1.1106E+03,-0.007688,0.005481,0.00994,1800.0
1.1107E+03,-0.006734,0.006602,0.00994,1800.0
1.1108E+03,-0.005623,0.007578,0.00994,1800.0
1.1109E+03,-0.004350,0.008374,0.00994,1800.0
1.1110E+03,-0.002948,0.008967,0.00994,1800.0
1.1111E+03,-0.001650,0.009313,0.00994,1800.0
1.1112E+03,-0.000076,0.009472,0.00994,1800.0
1.1113E+03,0.001369,0.009356,0.00994,1800.0
1.1114E+03,0.002841,0.009015,0.00994,1800.0
1.1115E+03,0.004238,0.008432,0.00994,1800.0
1.1116E+03,0.005494,0.007676,0.00994,1800.0
1.1117E+03,0.006632,0.006706,0.00994,1800.0
1.1118E+03,0.007621,0.005554,0.00994,1800.0
1.1119E+03,0.008422,0.004248,0.00994,1800.0
1.1120E+03,0.008995,0.002860,0.00994,1800.0
1.1121E+03,0.009326,0.001453,0.00994,1800.0
1.1122E+03,0.009450,-0.000056,0.00994,1800.0
1.1123E+03,0.009317,-0.001574,0.00994,1800.0
1.1124E+03,0.008972,-0.003014,0.00994,1800.0
1.1125E+03,0.008383,-0.004394,0.00994,1800.0
1.1126E+03,0.007532,-0.005702,0.00994,1800.0
1.1127E+03,0.006567,-0.006785,0.00994,1800.0
1.1128E+03,0.005536,-0.007646,0.00994,1800.0
1.1129E+03,0.004200,-0.008438,0.00994,1800.0
1.1130E+03,0.002810,-0.009007,0.00994,0.0
1.1131E+03,0.001395,-0.009335,0.00994,0.0
1.1132E+03,-0.000122,-0.009428,0.00994,0.0
1.1133E+03,-0.001668,-0.009297,0.00994,0.0
1.1134E+03,-0.003158,-0.008913,0.00994,0.0
1.1135E+03,-0.004535,-0.008307,0.00994,1800.0
1.1136E+03,-0.005742,-0.007530,0.00994,1800.0
1.1137E+03,-0.006543,-0.006840,0.00994,1800.0
1.1138E+03,-0.006667,-0.006733,0.00994,1800.0
1.1139E+03,-0.006629,-0.006753,0.00994,1800.0
1.1140E+03,-0.002763,-0.008794,0.00994,1800.0
1.1141E+03,0.003363,-0.012028,0.00994,1800.0
1.1142E+03,0.006797,-0.013841,0.00994,1800.0
1.1143E+03,0.007111,-0.014007,0.00994,1800.0
1.1144E+03,0.007132,-0.013996,0.00994,1800.0
1.1145E+03,0.007354,-0.013869,0.00994,1800.0
1.1146E+03,0.008555,-0.013158,0.00994,1800.0
1.1147E+03,0.009797,-0.012274,0.00994,1800.0
1.1148E+03,0.010896,-0.011305,0.00994,1800.0
1.1149E+03,0.011980,-0.010131,0.00994,1800.0
1.1150E+03,0.012854,-0.009001,0.00994,1800.0
1.1151E+03,0.013635,-0.007751,0.00994,1800.0
1.1152E+03,0.014162,-0.006766,0.00994,1800.0
1.1153E+03,0.014651,-0.005586,0.00994,1800.0
1.1154E+03,0.015124,-0.004140,0.00994,1800.0
1.1155E+03,0.015450,-0.002698,0.00994,1800.0
1.1156E+03,0.015629,-0.001387,0.00994,1800.0
1.1157E+03,0.015683,-0.000263,0.00994,1800.0
1.1158E+03,0.015643,0.001279,0.00994,1800.0
1.1159E+03,0.015450,0.002784,0.00994,1800.0
1.1160E+03,0.015122,0.004217,0.00994,1800.0
1.1161E+03,0.014631,0.005658,0.00994,1800.0
1.1162E+03,0.014083,0.006904,0.00994,1800.0
1.1163E+03,0.013356,0.008229,0.00994,1800.0
1.1164E+03,0.012486,0.009489,0.00994,1800.0
1.1165E+03,0.011519,0.010641,0.00994,1800.0
1.1166E+03,0.010479,0.011674,0.00994,1800.0
1.1167E+03,0.009336,0.012604,0.00994,1800.0
1.1168E+03,0.008087,0.013447,0.00994,1800.0
1.1169E+03,0.006762,0.014163,0.00994,1800.0
1.1170E+03,0.005348,0.014757,0.00994,1800.0
1.1171E+03,0.003845,0.015223,0.00994,1800.0
1.1172E+03,0.002390,0.015513,0.00994,1800.0
1.1173E+03,0.000883,0.015666,0.00994,1800.0
1.1174E+03,-0.000566,0.015680,0.00994,1800.0
1.1175E+03,-0.002037,0.015553,0.00994,1800.0
1.1176E+03,-0.003515,0.015283,0.00994,1800.0
1.1177E+03,-0.004976,0.014872,0.00994,1800.0
1.1178E+03,-0.006384,0.014326,0.00994,1800.0
1.1179E+03,-0.007728,0.013648,0.00994,1800.0
1.1180E+03,-0.008910,0.012917,0.00994,1800.0
1.1181E+03,-0.010145,0.011973,0.00994,1800.0
1.1182E+03,-0.011264,0.010945,0.00994,1800.0
1.1183E+03,-0.012225,0.009849,0.00994,1800.0
1.1184E+03,-0.013104,0.008633,0.00994,1800.0
1.1185E+03,-0.013863,0.007339,0.00994,1800.0
1.1186E+03,-0.014496,0.005988,0.00994,1800.0
1.1187E+03,-0.015005,0.004561,0.00994,1800.0
1.1188E+03,-0.015328,0.003382,0.00994,1800.0
1.1189E+03,-0.015530,0.002218,0.00994,1800.0
1.1190E+03,-0.015662,0.000735,0.00994,1800.0
1.1191E+03,-0.015663,-0.000780,0.00994,1800.0
1.1192E+03,-0.015540,-0.002194,0.00994,1800.0
1.1193E+03,-0.015325,-0.003385,0.00994,1800.0
1.1194E+03,-0.015037,-0.004509,0.00994,1800.0
1.1195E+03,-0.014519,-0.005971,0.00994,1800.0
1.1196E+03,-0.013875,-0.007338,0.00994,1800.0
1.1197E+03,-0.013163,-0.008529,0.00994,1800.0
1.1198E+03,-0.012282,-0.009753,0.00994,1800.0
1.1199E+03,-0.011292,-0.010880,0.00994,1800.0
1.1200E+03,-0.010199,-0.011917,0.00994,1800.0
1.1201E+03,-0.009005,-0.012843,0.00994,1800.0
1.1202E+03,-0.007723,-0.013652,0.00994,1800.0
1.1203E+03,-0.006371,-0.014339,0.00994,1800.0
1.1204E+03,-0.004973,-0.014890,0.00994,1800.0
1.1205E+03,-0.003603,-0.015277,0.00994,0.0
1.1206E+03,-0.002091,-0.015566,0.00994,0.0
1.1207E+03,-0.000601,-0.015683,0.00994,0.0
1.1208E+03,0.000974,-0.015663,0.00994,0.0
1.1209E+03,0.002438,-0.015502,0.00994,0.0
1.1210E+03,0.003921,-0.015187,0.00994,0.0
1.1211E+03,0.005360,-0.014739,0.00994,1800.0
1.1212E+03,0.006519,-0.014278,0.00994,1800.0
1.1213E+03,0.007111,-0.014007,0.00994,1800.0
1.1214E+03,0.007108,-0.014006,0.00994,1800.0
1.1215E+03,0.006348,-0.013698,0.00994,1800.0
1.1216E+03,0.000755,-0.011433,0.00994,1800.0
1.1217E+03,-0.006668,-0.008428,0.00994,1800.0
1.1218E+03,-0.007762,-0.007984,0.00994,1800.0
1.1219E+03,-0.007864,-0.007943,0.00994,1800.0
1.1220E+03,-0.007938,-0.007863,0.00994,1800.0
1.1221E+03,-0.008665,-0.007001,0.00994,1800.0
1.1222E+03,-0.009510,-0.005796,0.00994,1800.0
1.1223E+03,-0.010211,-0.004442,0.00994,1800.0
1.1224E+03,-0.010717,-0.003034,0.00994,1800.0
1.1225E+03,-0.011025,-0.001583,0.00994,1800.0
1.1226E+03,-0.011152,-0.000051,0.00994,1800.0
1.1227E+03,-0.011053,0.001491,0.00994,1800.0
1.1228E+03,-0.010750,0.002964,0.00994,1800.0
1.1229E+03,-0.010282,0.004344,0.00994,1800.0
1.1230E+03,-0.009607,0.005690,0.00994,1800.0
1.1231E+03,-0.008714,0.006954,0.00994,1800.0
1.1232E+03,-0.007818,0.007937,0.00994,1800.0
1.1233E+03,-0.006691,0.008907,0.00994,1800.0
1.1234E+03,-0.005441,0.009718,0.00994,1800.0
1.1235E+03,-0.004100,0.010361,0.00994,1800.0
1.1236E+03,-0.002663,0.010814,0.00994,1800.0
1.1237E+03,-0.001148,0.011081,0.00994,1800.0
1.1238E+03,0.000387,0.011139,0.00994,1800.0
1.1239E+03,0.001852,0.010996,0.00994,1800.0
1.1240E+03,0.003302,0.010652,0.00994,1800.0
1.1241E+03,0.004750,0.010109,0.00994,1800.0
1.1242E+03,0.006047,0.009375,0.00994,1800.0
1.1243E+03,0.007261,0.008456,0.00994,1800.0
1.1244E+03,0.008325,0.007403,0.00994,1800.0
1.1245E+03,0.009228,0.006254,0.00994,1800.0
1.1246E+03,0.009982,0.004927,0.00994,1800.0
1.1247E+03,0.010567,0.003525,0.00994,1800.0
1.1248E+03,0.010944,0.002105,0.00994,1800.0
1.1249E+03,0.011120,0.000780,0.00994,1800.0
1.1250E+03,0.011120,-0.000742,0.00994,1800.0
1.1251E+03,0.010938,-0.002200,0.00994,1800.0
1.1252E+03,0.010551,-0.003651,0.00994,1800.0
1.1253E+03,0.009942,-0.005075,0.00994,1800.0
1.1254E+03,0.009136,-0.006397,0.00994,1800.0
1.1255E+03,0.008239,-0.007519,0.00994,1800.0
1.1256E+03,0.007110,-0.008573,0.00994,1800.0
1.1257E+03,0.005879,-0.009460,0.00994,1800.0
1.1258E+03,0.004580,-0.010150,0.00994,1800.0
1.1259E+03,0.003190,-0.010679,0.00994,1800.0
1.1260E+03,0.001727,-0.011006,0.00994,0.0
1.1261E+03,0.000239,-0.011138,0.00994,0.0
1.1262E+03,-0.001292,-0.011076,0.00994,0.0
1.1263E+03,-0.002774,-0.010802,0.00994,0.0
1.1264E+03,-0.004243,-0.010319,0.00994,0.0
1.1265E+03,-0.005573,-0.009672,0.00994,0.0
1.1266E+03,-0.006810,-0.008847,0.00994,0.0
1.1267E+03,-0.007622,-0.008157,0.00994,1800.0
1.1268E+03,-0.007864,-0.007943,0.00994,1800.0
1.1269E+03,-0.007837,-0.007909,0.00994,1800.0
1.1270E+03,-0.005804,-0.005381,0.00994,1800.0
1.1271E+03,-0.001422,0.000069,0.00994,1800.0
1.1272E+03,0.003294,0.005935,0.00994,1800.0
1.1273E+03,0.007325,0.010949,0.00994,1800.0
1.1275E+03,0.007848,0.011600,0.00994,1800.0
1.1276E+03,0.007843,0.011603,0.00994,1800.0
1.1277E+03,0.006848,0.012209,0.00994,1800.0
1.1278E+03,0.005482,0.012874,0.00994,1800.0
1.1279E+03,0.004129,0.013364,0.00994,1800.0
1.1280E+03,0.002684,0.013722,0.00994,1800.0
1.1281E+03,0.001191,0.013925,0.00994,1800.0
1.1282E+03,-0.000291,0.013982,0.00994,1800.0
1.1283E+03,-0.001813,0.013861,0.00994,1800.0
1.1284E+03,-0.003185,0.013620,0.00994,1800.0
1.1285E+03,-0.004584,0.013213,0.00994,1800.0
1.1286E+03,-0.006034,0.012633,0.00994,1800.0
1.1287E+03,-0.007348,0.011918,0.00994,1800.0
1.1288E+03,-0.008622,0.011028,0.00994,1800.0
1.1289E+03,-0.009696,0.010089,0.00994,1800.0
1.1290E+03,-0.010740,0.008949,0.00994,1800.0
1.1291E+03,-0.011644,0.007751,0.00994,1800.0
1.1292E+03,-0.012408,0.006442,0.00994,1800.0
1.1293E+03,-0.012982,0.005215,0.00994,1800.0
1.1294E+03,-0.013397,0.004006,0.00994,1800.0
1.1295E+03,-0.013716,0.002731,0.00994,1800.0
1.1296E+03,-0.013907,0.001514,0.00994,1800.0
1.1297E+03,-0.013983,0.000253,0.00994,1800.0
1.1298E+03,-0.013944,-0.001187,0.00994,1800.0
1.1299E+03,-0.013826,-0.002153,0.00994,1800.0
1.1300E+03,-0.013522,-0.003621,0.00994,1800.0
1.1301E+03,-0.013185,-0.004691,0.00994,1800.0
1.1302E+03,-0.012693,-0.005866,0.00994,1800.0
1.1303E+03,-0.012007,-0.007174,0.00994,1800.0
1.1304E+03,-0.011182,-0.008392,0.00994,1800.0
1.1305E+03,-0.010214,-0.009546,0.00994,1800.0
1.1306E+03,-0.009114,-0.010604,0.00994,1800.0
1.1307E+03,-0.007910,-0.011530,0.00994,1800.0
1.1308E+03,-0.006603,-0.012325,0.00994,1800.0
1.1309E+03,-0.005279,-0.012965,0.00994,1800.0
1.1310E+03,-0.003847,-0.013458,0.00994,1800.0
1.1311E+03,-0.002362,-0.013801,0.00994,1800.0
1.1312E+03,-0.000860,-0.013963,0.00994,1800.0
1.1313E+03,0.000600,-0.013979,0.00994,1800.0
1.1314E+03,0.002131,-0.013824,0.00994,1800.0
1.1315E+03,0.003567,-0.013524,0.00994,1800.0
1.1316E+03,0.005003,-0.013054,0.00994,1800.0
1.1317E+03,0.006374,-0.012442,0.00994,1800.0
1.1318E+03,0.007657,-0.011701,0.00994,1800.0
1.1319E+03,0.008765,-0.010891,0.00994,1800.0
1.1320E+03,0.009937,-0.009851,0.00994,1800.0
1.1321E+03,0.010931,-0.008738,0.00994,1800.0
1.1322E+03,0.011775,-0.007576,0.00994,1800.0
1.1323E+03,0.012545,-0.006213,0.00994,1800.0
1.1324E+03,0.013116,-0.004842,0.00994,1800.0
1.1325E+03,0.013567,-0.003403,0.00994,1800.0
1.1326E+03,0.013851,-0.001891,0.00994,1800.0
1.1327E+03,0.013975,-0.000374,0.00994,1800.0
1.1328E+03,0.013937,0.001088,0.00994,1800.0
1.1329E+03,0.013743,0.002539,0.00994,0.0
1.1330E+03,0.013395,0.004001,0.00994,0.0
1.1331E+03,0.012893,0.005426,0.00994,0.0
1.1332E+03,0.012234,0.006772,0.00994,0.0
1.1333E+03,0.011440,0.008059,0.00994,0.0
1.1334E+03,0.010506,0.009254,0.00994,0.0
1.1335E+03,0.009461,0.010313,0.00994,1800.0
1.1336E+03,0.008407,0.011184,0.00994,1800.0
1.1337E+03,0.007939,0.011537,0.00994,1800.0
1.1338E+03,0.007848,0.011600,0.00994,1800.0
1.1339E+03,0.006942,0.010487,0.00994,1800.0
1.1340E+03,0.003660,0.006459,0.00994,1800.0
1.1341E+03,-0.001312,0.000357,0.00994,1800.0
1.1342E+03,-0.006062,-0.005474,0.00994,1800.0
1.1343E+03,-0.009050,-0.009142,0.00994,1800.0
1.1344E+03,-0.009060,-0.009154,0.00994,1800.0
1.1345E+03,-0.009095,-0.009115,0.00994,1800.0
1.1346E+03,-0.009495,-0.008677,0.00994,1800.0
1.1347E+03,-0.010422,-0.007526,0.00994,1800.0
1.1348E+03,-0.011212,-0.006274,0.00994,1800.0
1.1349E+03,-0.011874,-0.004898,0.00994,1800.0
1.1350E+03,-0.012368,-0.003476,0.00994,1800.0
1.1351E+03,-0.012682,-0.002047,0.00994,1800.0
1.1352E+03,-0.012828,-0.000529,0.00994,1800.0
1.1353E+03,-0.012820,0.000864,0.00994,1800.0
1.1354E+03,-0.012629,0.002344,0.00994,1800.0
1.1355E+03,-0.012279,0.003786,0.00994,1800.0
1.1356E+03,-0.011757,0.005207,0.00994,1800.0
1.1357E+03,-0.011072,0.006547,0.00994,1800.0
1.1358E+03,-0.010266,0.007755,0.00994,1800.0
1.1359E+03,-0.009265,0.008922,0.00994,1800.0
1.1360E+03,-0.008102,0.009962,0.00994,1800.0
1.1361E+03,-0.006912,0.010833,0.00994,1800.0
1.1362E+03,-0.005624,0.011548,0.00994,1800.0
1.1363E+03,-0.004190,0.012132,0.00994,1800.0
1.1364E+03,-0.002741,0.012548,0.00994,1800.0
1.1365E+03,-0.001304,0.012780,0.00994,1800.0
1.1366E+03,0.000215,0.012847,0.00994,1800.0
1.1367E+03,0.001748,0.012738,0.00994,1800.0
1.1368E+03,0.003218,0.012451,0.00994,1800.0
1.1369E+03,0.004658,0.011989,0.00994,1800.0
1.1370E+03,0.005913,0.011408,0.00994,1800.0
1.1371E+03,0.007189,0.010643,0.00994,1800.0
1.1372E+03,0.008357,0.009759,0.00994,1800.0
1.1373E+03,0.009425,0.008725,0.00994,1800.0
1.1374E+03,0.010406,0.007527,0.00994,1800.0
1.1375E+03,0.011214,0.006268,0.00994,1800.0
1.1376E+03,0.011851,0.004947,0.00994,1800.0
1.1377E+03,0.012352,0.003516,0.00994,1800.0
1.1378E+03,0.012682,0.002052,0.00994,1800.0
1.1379E+03,0.012834,0.000576,0.00994,1800.0
1.1380E+03,0.012821,-0.000939,0.00994,1800.0
1.1381E+03,0.012629,-0.002436,0.00994,1800.0
1.1382E+03,0.012236,-0.003953,0.00994,1800.0
1.1383E+03,0.011678,-0.005372,0.00994,1800.0
1.1384E+03,0.010981,-0.006682,0.00994,1800.0
1.1385E+03,0.010150,-0.007883,0.00994,1800.0
1.1386E+03,0.009129,-0.009025,0.00994,1800.0
1.1387E+03,0.007982,-0.010059,0.00994,1800.0
1.1388E+03,0.006902,-0.010829,0.00994,1800.0
1.1389E+03,0.005631,-0.011541,0.00994,1800.0
1.1390E+03,0.004206,-0.012154,0.00994,1800.0
1.1391E+03,0.002723,-0.012573,0.00994,1800.0
