2.7470E+03,-0.011058,-0.004886,0.02769,0.0
2.7471E+03,-0.011565,-0.003532,0.02769,0.0
2.7472E+03,-0.011916,-0.002044,0.02769,0.0
2.7473E+03,-0.012087,-0.000489,0.02769,0.0
2.7474E+03,-0.012066,0.000953,0.02769,0.0
2.7475E+03,-0.011863,0.002483,0.02769,0.0
2.7476E+03,-0.011455,0.003927,0.02769,0.0
2.7477E+03,-0.011196,0.004628,0.02769,0.0
2.7479E+03,-0.011148,0.004755,0.02769,0.0
2.7680E+03,-0.010086,0.010605,0.02840,1800.0
2.7681E+03,-0.010093,0.010598,0.02840,1800.0
2.7682E+03,-0.010362,0.010317,0.02840,1800.0
2.7683E+03,-0.011272,0.009300,0.02840,1800.0
2.7684E+03,-0.012183,0.008074,0.02840,1800.0
2.7685E+03,-0.012929,0.006835,0.02840,1800.0
2.7686E+03,-0.013557,0.005480,0.02840,1800.0
2.7687E+03,-0.013904,0.004531,0.02840,1800.0
2.7688E+03,-0.014258,0.003189,0.02840,1800.0
2.7689E+03,-0.014511,0.001733,0.02840,1800.0
2.7690E+03,-0.014606,0.000188,0.02840,1800.0
2.7691E+03,-0.014549,-0.001295,0.02840,1800.0
2.7692E+03,-0.014341,-0.002773,0.02840,1800.0
2.7693E+03,-0.014061,-0.004046,0.02840,1800.0
2.7694E+03,-0.013741,-0.005023,0.02840,1800.0
2.7695E+03,-0.013164,-0.006343,0.02840,1800.0
2.7696E+03,-0.012445,-0.007678,0.02840,1800.0
2.7697E+03,-0.011599,-0.008906,0.02840,1800.0
2.7698E+03,-0.010653,-0.010008,0.02840,1800.0
2.7699E+03,-0.009551,-0.011066,0.02840,1800.0
2.7700E+03,-0.008387,-0.011967,0.02840,1800.0
2.7701E+03,-0.007100,-0.012763,0.02840,1800.0
2.7702E+03,-0.005849,-0.013392,0.02840,1800.0
2.7703E+03,-0.004688,-0.013849,0.02840,1800.0
2.7704E+03,-0.003531,-0.014185,0.02840,1800.0
2.7705E+03,-0.002324,-0.014430,0.02840,1800.0
2.7706E+03,-0.001028,-0.014576,0.02840,1800.0
2.7707E+03,0.000454,-0.014606,0.02840,1800.0
2.7708E+03,0.001925,-0.014502,0.02840,1800.0
2.7709E+03,0.003454,-0.014211,0.02840,1800.0
2.7710E+03,0.004887,-0.013785,0.02840,1800.0
2.7711E+03,0.006263,-0.013206,0.02840,1800.0
2.7712E+03,0.007449,-0.012566,0.02840,1800.0
2.7713E+03,0.008728,-0.011714,0.02840,1800.0
2.7714E+03,0.009883,-0.010754,0.02840,1800.0
2.7715E+03,0.010924,-0.009694,0.02840,1800.0
2.7716E+03,0.011874,-0.008506,0.02840,1800.0
2.7717E+03,0.012694,-0.007232,0.02840,1800.0
2.7718E+03,0.013360,-0.005921,0.02840,1800.0
2.7719E+03,0.013917,-0.004501,0.02840,1800.0
2.7720E+03,0.014316,-0.002982,0.02840,1800.0
2.7721E+03,0.014548,-0.001504,0.02840,1800.0
2.7722E+03,0.014624,-0.000060,0.02840,1800.0
2.7723E+03,0.014532,0.001491,0.02840,1800.0
2.7724E+03,0.014305,0.002991,0.02840,1800.0
2.7725E+03,0.013920,0.004426,0.02840,1800.0
2.7726E+03,0.013398,0.005816,0.02840,1800.0
2.7727E+03,0.012719,0.007179,0.02840,1800.0
2.7728E+03,0.011918,0.008449,0.02840,1800.0
2.7729E+03,0.011098,0.009497,0.02840,1800.0
2.7730E+03,0.010044,0.010629,0.02840,1800.0
2.7731E+03,0.008930,0.011578,0.02840,1800.0
2.7732E+03,0.007659,0.012457,0.02840,1800.0
2.7733E+03,0.006358,0.013175,0.02840,1800.0
2.7734E+03,0.004936,0.013755,0.02840,1800.0
2.7735E+03,0.003499,0.014187,0.02840,1800.0
2.7736E+03,0.002060,0.014466,0.02840,1800.0
2.7737E+03,0.000526,0.014595,0.02840,1800.0
2.7738E+03,-0.001018,0.014571,0.02840,1800.0
2.7739E+03,-0.002284,0.014445,0.02840,0.0
2.7740E+03,-0.003429,0.014203,0.02840,0.0
2.7741E+03,-0.004732,0.013832,0.02840,0.0
2.7742E+03,-0.005749,0.013435,0.02840,1800.0
2.7743E+03,-0.007050,0.012809,0.02840,1800.0
2.7744E+03,-0.008331,0.012028,0.02840,1800.0
2.7745E+03,-0.009473,0.011143,0.02840,1800.0
2.7746E+03,-0.010000,0.010681,0.02840,1800.0
2.7747E+03,-0.010086,0.010605,0.02840,1800.0
2.7748E+03,-0.010159,0.010130,0.02840,1800.0
2.7749E+03,-0.010537,0.007659,0.02840,1800.0
2.7751E+03,-0.010836,0.005706,0.02840,1800.0
2.7752E+03,-0.010699,0.005938,0.02840,1800.0
2.7753E+03,-0.010098,0.006881,0.02840,1800.0
2.7754E+03,-0.009183,0.008081,0.02840,1800.0
2.7755E+03,-0.008102,0.009165,0.02840,1800.0
2.7756E+03,-0.006921,0.010099,0.02840,1800.0
2.7757E+03,-0.005634,0.010851,0.02840,1800.0
2.7758E+03,-0.004286,0.011446,0.02840,1800.0
2.7759E+03,-0.002844,0.011887,0.02840,1800.0
2.7760E+03,-0.001303,0.012144,0.02840,1800.0
2.7761E+03,0.000200,0.012207,0.02840,1800.0
2.7762E+03,0.001689,0.012094,0.02840,1800.0
2.7763E+03,0.003157,0.011802,0.02840,1800.0
2.7764E+03,0.004429,0.011388,0.02840,1800.0
2.7765E+03,0.005859,0.010732,0.02840,1800.0
2.7766E+03,0.007137,0.009935,0.02840,1800.0
2.7767E+03,0.008229,0.009049,0.02840,1800.0
2.7768E+03,0.009348,0.007897,0.02840,1800.0
2.7769E+03,0.010218,0.006703,0.02840,1800.0
2.7770E+03,0.010962,0.005398,0.02840,1800.0
2.7771E+03,0.011551,0.003983,0.02840,1800.0
2.7772E+03,0.011945,0.002562,0.02840,1800.0
2.7773E+03,0.012159,0.001106,0.02840,1800.0
2.7774E+03,0.012206,-0.000395,0.02840,1800.0
2.7775E+03,0.012062,-0.001913,0.02840,1800.0
2.7776E+03,0.011737,-0.003418,0.02840,1800.0
2.7777E+03,0.011233,-0.004820,0.02840,1800.0
2.7778E+03,0.010544,-0.006192,0.02840,1800.0
2.7779E+03,0.009720,-0.007432,0.02840,1800.0
2.7780E+03,0.008785,-0.008521,0.02840,1800.0
2.7781E+03,0.007615,-0.009553,0.02840,1800.0
2.7782E+03,0.006512,-0.010334,0.02840,1800.0
2.7783E+03,0.005172,-0.011065,0.02840,1800.0
2.7784E+03,0.003766,-0.011620,0.02840,1800.0
2.7785E+03,0.002308,-0.011990,0.02840,1800.0
2.7786E+03,0.000818,-0.012191,0.02840,1800.0
2.7787E+03,-0.000641,-0.012200,0.02840,1800.0
2.7788E+03,-0.002097,-0.012041,0.02840,1800.0
2.7789E+03,-0.003576,-0.011693,0.02840,1800.0
2.7790E+03,-0.005030,-0.011147,0.02840,1800.0
2.7791E+03,-0.006301,-0.010427,0.02840,1800.0
2.7792E+03,-0.007567,-0.009609,0.02840,1800.0
2.7793E+03,-0.008674,-0.008598,0.02840,1800.0
2.7794E+03,-0.009661,-0.007476,0.02840,1800.0
2.7795E+03,-0.010504,-0.006244,0.02840,1800.0
2.7796E+03,-0.011191,-0.004878,0.02840,1800.0
