7.9850E+02,0.003722,-0.012045,0.00710,0.0
7.9860E+02,0.002236,-0.012400,0.00710,0.0
7.9870E+02,0.000698,-0.012577,0.00710,0.0
7.9880E+02,-0.000743,-0.012575,0.00710,0.0
7.9890E+02,-0.002255,-0.012388,0.00710,0.0
7.9900E+02,-0.003763,-0.012018,0.00710,0.0
7.9910E+02,-0.005149,-0.011497,0.00710,0.0
7.9920E+02,-0.006153,-0.011017,0.00710,0.0
7.9941E+02,-0.006527,-0.010810,0.00710,0.0
8.4601E+02,-0.000655,0.017581,0.00781,1800.0
8.4611E+02,-0.000724,0.017577,0.00781,1800.0
8.4621E+02,-0.001185,0.017542,0.00781,1800.0
8.4631E+02,-0.002675,0.017386,0.00781,1800.0
8.4640E+02,-0.004052,0.017109,0.00781,1800.0
8.4650E+02,-0.005449,0.016714,0.00781,1800.0
8.4660E+02,-0.006832,0.016195,0.00781,1800.0
8.4670E+02,-0.008223,0.015527,0.00781,1800.0
8.4680E+02,-0.009510,0.014778,0.00781,1800.0
8.4690E+02,-0.010713,0.013926,0.00781,1800.0
8.4700E+02,-0.011885,0.012947,0.00781,1800.0
8.4710E+02,-0.012970,0.011858,0.00781,1800.0
8.4720E+02,-0.013950,0.010689,0.00781,1800.0
8.4730E+02,-0.014823,0.009448,0.00781,1800.0
8.4740E+02,-0.015593,0.008131,0.00781,1800.0
8.4751E+02,-0.016235,0.006765,0.00781,1800.0
8.4761E+02,-0.016725,0.005434,0.00781,1800.0
8.4771E+02,-0.017121,0.003973,0.00781,1800.0
8.4781E+02,-0.017406,0.002442,0.00781,1800.0
8.4791E+02,-0.017530,0.001340,0.00781,1800.0
8.4801E+02,-0.017572,0.000026,0.00781,1800.0
8.4810E+02,-0.017554,-0.001058,0.00781,1800.0
8.4820E+02,-0.017438,-0.002174,0.00781,1800.0
8.4830E+02,-0.017187,-0.003682,0.00781,1800.0
8.4840E+02,-0.016806,-0.005146,0.00781,1800.0
8.4850E+02,-0.016331,-0.006523,0.00781,1800.0
8.4860E+02,-0.015704,-0.007927,0.00781,1800.0
8.4870E+02,-0.014951,-0.009256,0.00781,1800.0
8.4880E+02,-0.014103,-0.010498,0.00781,1800.0
8.4890E+02,-0.013161,-0.011648,0.00781,1800.0
8.4900E+02,-0.012136,-0.012715,0.00781,1800.0
8.4910E+02,-0.011005,-0.013699,0.00781,1800.0
8.4921E+02,-0.009784,-0.014595,0.00781,1800.0
8.4931E+02,-0.008482,-0.015389,0.00781,1800.0
8.4941E+02,-0.007141,-0.016058,0.00781,1800.0
8.4951E+02,-0.005781,-0.016602,0.00781,1800.0
8.4961E+02,-0.004302,-0.017044,0.00781,1800.0
8.4971E+02,-0.002785,-0.017361,0.00781,1800.0
8.4980E+02,-0.001431,-0.017529,0.00781,1800.0
8.4990E+02,0.000084,-0.017584,0.00781,1800.0
8.5000E+02,0.001516,-0.017516,0.00781,1800.0
8.5010E+02,0.003052,-0.017301,0.00781,1800.0
8.5020E+02,0.004503,-0.016991,0.00781,1800.0
8.5030E+02,0.005909,-0.016551,0.00781,1800.0
8.5040E+02,0.007335,-0.015968,0.00781,1800.0
8.5050E+02,0.008709,-0.015263,0.00781,1800.0
8.5060E+02,0.009995,-0.014452,0.00781,1800.0
8.5070E+02,0.011199,-0.013547,0.00781,1800.0
8.5080E+02,0.012320,-0.012548,0.00781,1800.0
8.5091E+02,0.013306,-0.011501,0.00781,1800.0
8.5101E+02,0.014193,-0.010386,0.00781,1800.0
8.5111E+02,0.014917,-0.009309,0.00781,1800.0
8.5121E+02,0.015642,-0.008023,0.00781,1800.0
8.5131E+02,0.016272,-0.006652,0.00781,1800.0
8.5141E+02,0.016764,-0.005280,0.00781,1800.0
8.5150E+02,0.017111,-0.003964,0.00781,1800.0
8.5160E+02,0.017382,-0.002609,0.00781,1800.0
8.5170E+02,0.017512,-0.001448,0.00781,1800.0
8.5180E+02,0.017570,-0.000126,0.00781,1800.0
8.5190E+02,0.017539,0.001283,0.00781,1800.0
8.5200E+02,0.017424,0.002326,0.00781,1800.0
8.5210E+02,0.017182,0.003766,0.00781,1800.0
8.5220E+02,0.016779,0.005269,0.00781,1800.0
8.5230E+02,0.016286,0.006619,0.00781,1800.0
8.5240E+02,0.015638,0.008016,0.00781,1800.0
8.5250E+02,0.014904,0.009320,0.00781,1800.0
8.5261E+02,0.014190,0.010384,0.00781,1800.0
8.5271E+02,0.013347,0.011434,0.00781,1800.0
8.5281E+02,0.012313,0.012533,0.00781,1800.0
8.5291E+02,0.011202,0.013540,0.00781,1800.0
8.5301E+02,0.010034,0.014427,0.00781,0.0
8.5311E+02,0.008743,0.015249,0.00781,0.0
8.5321E+02,0.007385,0.015954,0.00781,0.0
8.5330E+02,0.006119,0.016488,0.00781,0.0
8.5340E+02,0.004748,0.016932,0.00781,0.0
8.5350E+02,0.003286,0.017268,0.00781,0.0
8.5360E+02,0.001784,0.017485,0.00781,0.0
8.5370E+02,0.000276,0.017573,0.00781,1800.0
8.5380E+02,-0.000486,0.017584,0.00781,1800.0
8.5390E+02,-0.000655,0.017581,0.00781,1800.0
8.5400E+02,-0.000812,0.016719,0.00781,1800.0
8.5410E+02,-0.001588,0.012452,0.00781,1800.0
8.5420E+02,-0.003002,0.004673,0.00781,1800.0
8.5430E+02,-0.004343,-0.002700,0.00781,1800.0
8.5461E+02,-0.005244,-0.007656,0.00781,1800.0
8.5471E+02,-0.005783,-0.007253,0.00781,1800.0
8.5481E+02,-0.006742,-0.006271,0.00781,1800.0
8.5491E+02,-0.007717,-0.005055,0.00781,1800.0
8.5501E+02,-0.008457,-0.003733,0.00781,1800.0
8.5510E+02,-0.008911,-0.002461,0.00781,1800.0
8.5520E+02,-0.009199,-0.000995,0.00781,1800.0
8.5530E+02,-0.009241,0.000473,0.00781,1800.0
8.5540E+02,-0.009061,0.001962,0.00781,1800.0
8.5550E+02,-0.008651,0.003412,0.00781,1800.0
8.5560E+02,-0.007966,0.004758,0.00781,1800.0
8.5570E+02,-0.007135,0.005919,0.00781,1800.0
8.5580E+02,-0.006042,0.007019,0.00781,1800.0
8.5590E+02,-0.004780,0.007925,0.00781,1800.0
8.5600E+02,-0.003418,0.008594,0.00781,1800.0
8.5610E+02,-0.002028,0.009025,0.00781,1800.0
8.5621E+02,-0.000564,0.009225,0.00781,1800.0
8.5631E+02,0.000952,0.009194,0.00781,1800.0
8.5641E+02,0.002425,0.008928,0.00781,1800.0
8.5651E+02,0.003807,0.008431,0.00781,1800.0
8.5661E+02,0.005137,0.007690,0.00781,1800.0
8.5671E+02,0.006377,0.006721,0.00781,1800.0
8.5680E+02,0.007247,0.005789,0.00781,1800.0
8.5690E+02,0.008098,0.004502,0.00781,1800.0
8.5700E+02,0.008726,0.003085,0.00781,1800.0
8.5710E+02,0.009096,0.001683,0.00781,1800.0
8.5720E+02,0.009247,0.000188,0.00781,1800.0
8.5730E+02,0.009155,-0.001304,0.00781,1800.0
8.5740E+02,0.008822,-0.002756,0.00781,1800.0
8.5750E+02,0.008253,-0.004164,0.00781,1800.0
8.5760E+02,0.007465,-0.005463,0.00781,1800.0
8.5770E+02,0.006487,-0.006607,0.00781,1800.0
8.5780E+02,0.005373,-0.007542,0.00781,0.0
8.5791E+02,0.004107,-0.008320,0.00781,0.0
8.5801E+02,0.002690,-0.008874,0.00781,0.0
8.5811E+02,0.001196,-0.009196,0.00781,0.0
8.5821E+02,-0.000333,-0.009255,0.00781,0.0
8.5831E+02,-0.001843,-0.009070,0.00781,0.0
8.5841E+02,-0.003239,-0.008669,0.00781,1800.0
8.5850E+02,-0.004453,-0.008103,0.00781,1800.0
8.5860E+02,-0.005183,-0.007697,0.00781,1800.0
8.5870E+02,-0.005244,-0.007656,0.00781,1800.0
8.5880E+02,-0.004454,-0.008175,0.00781,1800.0
8.5890E+02,-0.001075,-0.010391,0.00781,1800.0
8.5900E+02,0.004873,-0.014294,0.00781,1800.0
8.5910E+02,0.005694,-0.014833,0.00781,1800.0
8.5930E+02,0.005697,-0.014835,0.00781,1800.0
8.5940E+02,0.006606,-0.014443,0.00781,1800.0
8.5950E+02,0.007892,-0.013773,0.00781,1800.0
8.5960E+02,0.009171,-0.012953,0.00781,1800.0
8.5971E+02,0.010356,-0.012027,0.00781,1800.0
8.5981E+02,0.011432,-0.011004,0.00781,1800.0
8.5991E+02,0.012423,-0.009874,0.00781,1800.0
8.6001E+02,0.013324,-0.008626,0.00781,1800.0
8.6011E+02,0.014073,-0.007357,0.00781,1800.0
8.6021E+02,0.014642,-0.006148,0.00781,1800.0
8.6030E+02,0.015021,-0.005171,0.00781,1800.0
8.6040E+02,0.015449,-0.003694,0.00781,1800.0
8.6050E+02,0.015722,-0.002187,0.00781,1800.0
8.6060E+02,0.015854,-0.000701,0.00781,1800.0
8.6070E+02,0.015845,0.000832,0.00781,1800.0
8.6080E+02,0.015699,0.002304,0.00781,1800.0
8.6090E+02,0.015413,0.003767,0.00781,1800.0
8.6100E+02,0.014984,0.005228,0.00781,1800.0
8.6110E+02,0.014423,0.006623,0.00781,1800.0
8.6120E+02,0.013716,0.008003,0.00781,1800.0
8.6130E+02,0.012892,0.009269,0.00781,1800.0
8.6141E+02,0.012008,0.010395,0.00781,1800.0
8.6151E+02,0.010944,0.011522,0.00781,1800.0
8.6161E+02,0.009782,0.012516,0.00781,1800.0
8.6171E+02,0.008605,0.013348,0.00781,1800.0
8.6181E+02,0.007250,0.014123,0.00781,1800.0
8.6191E+02,0.005861,0.014749,0.00781,1800.0
8.6200E+02,0.004576,0.015194,0.00781,1800.0
8.6210E+02,0.003135,0.015560,0.00781,1800.0
8.6220E+02,0.001685,0.015783,0.00781,1800.0
8.6230E+02,0.000178,0.015876,0.00781,1800.0
8.6240E+02,-0.001385,0.015820,0.00781,1800.0
8.6250E+02,-0.002845,0.015625,0.00781,1800.0
8.6260E+02,-0.004337,0.015285,0.00781,1800.0
8.6270E+02,-0.005679,0.014838,0.00781,1800.0
8.6280E+02,-0.007100,0.014198,0.00781,1800.0
8.6290E+02,-0.008407,0.013470,0.00781,1800.0
8.6300E+02,-0.009651,0.012605,0.00781,1800.0
8.6311E+02,-0.010782,0.011591,0.00781,1800.0
8.6321E+02,-0.011853,0.010510,0.00781,1800.0
8.6331E+02,-0.012820,0.009349,0.00781,1800.0
8.6341E+02,-0.013650,0.008100,0.00781,1800.0
8.6351E+02,-0.014350,0.006785,0.00781,1800.0
8.6361E+02,-0.014905,0.005476,0.00781,1800.0
8.6370E+02,-0.015255,0.004419,0.00781,1800.0
8.6380E+02,-0.015590,0.003072,0.00781,1800.0
8.6390E+02,-0.015755,0.002038,0.00781,1800.0
8.6400E+02,-0.015857,0.000586,0.00781,1800.0
8.6410E+02,-0.015844,-0.000889,0.00781,1800.0
8.6420E+02,-0.015736,-0.002114,0.00781,1800.0
8.6430E+02,-0.015516,-0.003351,0.00781,1800.0
8.6440E+02,-0.015227,-0.004514,0.00781,1800.0
8.6450E+02,-0.014795,-0.005743,0.00781,1800.0
8.6460E+02,-0.014179,-0.007129,0.00781,1800.0
8.6470E+02,-0.013470,-0.008397,0.00781,1800.0
8.6481E+02,-0.012597,-0.009665,0.00781,1800.0
8.6491E+02,-0.011614,-0.010832,0.00781,1800.0
8.6501E+02,-0.010551,-0.011870,0.00781,1800.0
8.6511E+02,-0.009413,-0.012858,0.00781,1800.0
8.6521E+02,-0.008078,-0.013684,0.00781,1800.0
8.6531E+02,-0.006745,-0.014371,0.00781,1800.0
8.6540E+02,-0.005491,-0.014888,0.00781,1800.0
8.6550E+02,-0.004064,-0.015343,0.00781,0.0
8.6560E+02,-0.002630,-0.015654,0.00781,0.0
8.6570E+02,-0.001136,-0.015828,0.00781,0.0
8.6580E+02,0.000406,-0.015872,0.00781,0.0
8.6590E+02,0.001864,-0.015769,0.00781,1800.0
8.6600E+02,0.003388,-0.015518,0.00781,1800.0
8.6610E+02,0.004873,-0.015126,0.00781,1800.0
8.6620E+02,0.005670,-0.014844,0.00781,1800.0
8.6630E+02,0.005697,-0.014835,0.00781,1800.0
8.6640E+02,0.005655,-0.014815,0.00781,1800.0
8.6651E+02,0.001161,-0.012633,0.00781,1800.0
8.6661E+02,-0.004191,-0.010036,0.00781,1800.0
8.6671E+02,-0.006201,-0.009060,0.00781,1800.0
8.6681E+02,-0.006206,-0.009058,0.00781,1800.0
8.6691E+02,-0.006416,-0.008909,0.00781,1800.0
8.6701E+02,-0.007166,-0.008290,0.00781,1800.0
8.6711E+02,-0.008241,-0.007216,0.00781,1800.0
8.6720E+02,-0.009069,-0.006173,0.00781,1800.0
8.6730E+02,-0.009879,-0.004803,0.00781,1800.0
8.6740E+02,-0.010420,-0.003419,0.00781,1800.0
8.6750E+02,-0.010785,-0.001979,0.00781,1800.0
8.6760E+02,-0.010947,-0.000458,0.00781,1800.0
8.6770E+02,-0.010903,0.001028,0.00781,1800.0
8.6780E+02,-0.010663,0.002507,0.00781,1800.0
8.6790E+02,-0.010221,0.003934,0.00781,1800.0
8.6800E+02,-0.009590,0.005293,0.00781,1800.0
8.6810E+02,-0.008759,0.006574,0.00781,1800.0
8.6820E+02,-0.007796,0.007698,0.00781,1800.0
8.6831E+02,-0.006694,0.008676,0.00781,1800.0
8.6841E+02,-0.005392,0.009558,0.00781,1800.0
8.6851E+02,-0.004027,0.010214,0.00781,1800.0
8.6861E+02,-0.002690,0.010644,0.00781,1800.0
8.6871E+02,-0.001139,0.010901,0.00781,1800.0
8.6881E+02,0.000390,0.010949,0.00781,1800.0
8.6890E+02,0.001708,0.010825,0.00781,1800.0
8.6900E+02,0.003164,0.010486,0.00781,1800.0
8.6910E+02,0.004597,0.009935,0.00781,1800.0
8.6920E+02,0.005905,0.009229,0.00781,1800.0
8.6930E+02,0.007063,0.008373,0.00781,1800.0
8.6940E+02,0.008155,0.007329,0.00781,1800.0
8.6950E+02,0.009086,0.006146,0.00781,1800.0
8.6960E+02,0.009873,0.004807,0.00781,1800.0
8.6970E+02,0.010429,0.003425,0.00781,1800.0
8.6980E+02,0.010794,0.001904,0.00781,1800.0
8.6990E+02,0.010960,0.000420,0.00781,1800.0
8.7001E+02,0.010914,-0.001029,0.00781,1800.0
8.7011E+02,0.010656,-0.002505,0.00781,1800.0
8.7021E+02,0.010227,-0.003931,0.00781,1800.0
8.7031E+02,0.009585,-0.005292,0.00781,1800.0
8.7041E+02,0.008766,-0.006565,0.00781,1800.0
8.7051E+02,0.007799,-0.007694,0.00781,1800.0
8.7060E+02,0.006804,-0.008612,0.00781,1800.0
8.7070E+02,0.005547,-0.009464,0.00781,1800.0
8.7080E+02,0.004191,-0.010141,0.00781,0.0
8.7090E+02,0.002754,-0.010619,0.00781,0.0
8.7100E+02,0.001299,-0.010894,0.00781,0.0
8.7110E+02,-0.000248,-0.010942,0.00781,0.0
8.7120E+02,-0.001735,-0.010819,0.00781,1800.0
8.7130E+02,-0.003180,-0.010482,0.00781,1800.0
8.7140E+02,-0.004604,-0.009934,0.00781,1800.0
8.7150E+02,-0.005692,-0.009376,0.00781,1800.0
8.7160E+02,-0.006206,-0.009058,0.00781,1800.0
8.7170E+02,-0.006205,-0.009078,0.00781,1800.0
8.7181E+02,-0.006171,-0.009792,0.00781,1800.0
8.7211E+02,-0.006026,-0.012850,0.00781,1800.0
8.7221E+02,-0.005405,-0.013118,0.00781,1800.0
8.7231E+02,-0.004106,-0.013564,0.00781,1800.0
8.7240E+02,-0.002793,-0.013889,0.00781,1800.0
8.7250E+02,-0.001292,-0.014112,0.00781,1800.0
8.7260E+02,0.000194,-0.014170,0.00781,1800.0
8.7270E+02,0.001656,-0.014072,0.00781,1800.0
8.7280E+02,0.003144,-0.013817,0.00781,1800.0
8.7290E+02,0.004654,-0.013398,0.00781,1800.0
8.7300E+02,0.005999,-0.012847,0.00781,1800.0
8.7310E+02,0.007367,-0.012132,0.00781,1800.0
8.7320E+02,0.008579,-0.011289,0.00781,1800.0
8.7330E+02,0.009752,-0.010295,0.00781,1800.0
8.7340E+02,0.010770,-0.009216,0.00781,1800.0
8.7351E+02,0.011682,-0.008017,0.00781,1800.0
8.7361E+02,0.012467,-0.006721,0.00781,1800.0
8.7371E+02,0.013116,-0.005366,0.00781,1800.0
8.7381E+02,0.013544,-0.004174,0.00781,1800.0
8.7391E+02,0.013840,-0.003046,0.00781,1800.0
8.7401E+02,0.014066,-0.001683,0.00781,1800.0
8.7410E+02,0.014169,-0.000316,0.00781,1800.0
8.7420E+02,0.014127,0.001259,0.00781,1800.0
8.7430E+02,0.013933,0.002662,0.00781,1800.0
8.7440E+02,0.013700,0.003672,0.00781,1800.0
8.7450E+02,0.013274,0.004974,0.00781,1800.0
8.7460E+02,0.012679,0.006324,0.00781,1800.0
8.7470E+02,0.011922,0.007650,0.00781,1800.0
8.7480E+02,0.011047,0.008874,0.00781,1800.0
8.7490E+02,0.010038,0.009996,0.00781,1800.0
8.7500E+02,0.008933,0.010998,0.00781,1800.0
8.7510E+02,0.007726,0.011876,0.00781,1800.0
8.7521E+02,0.006374,0.012656,0.00781,1800.0
8.7531E+02,0.005063,0.013246,0.00781,1800.0
8.7541E+02,0.003612,0.013716,0.00781,1800.0
8.7551E+02,0.002110,0.014033,0.00781,1800.0
8.7561E+02,0.000637,0.014175,0.00781,1800.0
8.7571E+02,-0.000930,0.014145,0.00781,1800.0
8.7580E+02,-0.002276,0.013983,0.00781,1800.0
8.7590E+02,-0.003762,0.013657,0.00781,1800.0
8.7600E+02,-0.005173,0.013194,0.00781,1800.0
8.7610E+02,-0.006505,0.012583,0.00781,1800.0
8.7620E+02,-0.007805,0.011825,0.00781,1800.0
8.7630E+02,-0.009017,0.010917,0.00781,1800.0
8.7640E+02,-0.010113,0.009859,0.00781,1800.0
8.7650E+02,-0.011160,0.008752,0.00781,1800.0
8.7660E+02,-0.012043,0.007493,0.00781,1800.0
8.7670E+02,-0.012755,0.006199,0.00781,1800.0
8.7680E+02,-0.013207,0.005167,0.00781,1800.0
8.7691E+02,-0.013607,0.003985,0.00781,1800.0
8.7701E+02,-0.013927,0.002588,0.00781,1800.0
8.7711E+02,-0.014128,0.001090,0.00781,1800.0
8.7721E+02,-0.014157,-0.000435,0.00781,1800.0
8.7731E+02,-0.014034,-0.001928,0.00781,1800.0
8.7741E+02,-0.013745,-0.003415,0.00781,1800.0
8.7750E+02,-0.013362,-0.004736,0.00781,1800.0
8.7760E+02,-0.012837,-0.006028,0.00781,0.0
8.7770E+02,-0.012261,-0.007131,0.00781,0.0
8.7780E+02,-0.011507,-0.008293,0.00781,0.0
8.7790E+02,-0.010971,-0.009001,0.00781,1800.0
8.7800E+02,-0.010012,-0.010039,0.00781,1800.0
8.7810E+02,-0.008856,-0.011057,0.00781,1800.0
8.7820E+02,-0.007654,-0.011925,0.00781,1800.0
8.7830E+02,-0.006514,-0.012593,0.00781,1800.0
8.7840E+02,-0.006030,-0.012848,0.00781,1800.0
8.7850E+02,-0.006026,-0.012850,0.00781,1800.0
8.7860E+02,-0.006393,-0.012082,0.00781,1800.0
8.7881E+02,-0.007167,-0.010460,0.00781,1800.0
8.7891E+02,-0.007215,-0.010425,0.00781,1800.0
8.7901E+02,-0.007957,-0.009874,0.00781,1800.0
8.7911E+02,-0.009099,-0.008827,0.00781,1800.0
8.7921E+02,-0.010046,-0.007707,0.00781,1800.0
8.7930E+02,-0.010814,-0.006565,0.00781,1800.0
8.7940E+02,-0.011523,-0.005233,0.00781,1800.0
8.7950E+02,-0.012058,-0.003830,0.00781,1800.0
8.7960E+02,-0.012429,-0.002368,0.00781,1800.0
8.7970E+02,-0.012629,-0.000881,0.00781,1800.0
8.7980E+02,-0.012644,0.000620,0.00781,1800.0
8.7990E+02,-0.012486,0.002122,0.00781,1800.0
8.8000E+02,-0.012170,0.003535,0.00781,1800.0
8.8010E+02,-0.011649,0.004989,0.00781,1800.0
8.8020E+02,-0.010948,0.006395,0.00781,1800.0
8.8030E+02,-0.010126,0.007621,0.00781,1800.0
8.8041E+02,-0.009175,0.008742,0.00781,1800.0
8.8051E+02,-0.008041,0.009775,0.00781,1800.0
8.8061E+02,-0.006854,0.010650,0.00781,1800.0
8.8071E+02,-0.005549,0.011373,0.00781,1800.0
8.8081E+02,-0.004167,0.011948,0.00781,1800.0
8.8091E+02,-0.002720,0.012363,0.00781,1800.0
8.8100E+02,-0.001358,0.012598,0.00781,1800.0
8.8110E+02,0.000107,0.012679,0.00781,1800.0
8.8120E+02,0.001690,0.012562,0.00781,1800.0
8.8130E+02,0.003178,0.012272,0.00781,1800.0
8.8140E+02,0.004618,0.011794,0.00781,1800.0
8.8150E+02,0.005941,0.011176,0.00781,1800.0
8.8160E+02,0.007234,0.010382,0.00781,1800.0
8.8170E+02,0.008427,0.009444,0.00781,1800.0
8.8180E+02,0.009483,0.008383,0.00781,1800.0
8.8190E+02,0.010411,0.007191,0.00781,1800.0
8.8200E+02,0.011189,0.005920,0.00781,1800.0
8.8210E+02,0.011789,0.004569,0.00781,1800.0
8.8221E+02,0.012244,0.003113,0.00781,1800.0
8.8231E+02,0.012557,0.001650,0.00781,1800.0
8.8241E+02,0.012670,0.000232,0.00781,1800.0
8.8251E+02,0.012605,-0.001386,0.00781,1800.0
8.8261E+02,0.012361,-0.002843,0.00781,1800.0
8.8271E+02,0.011936,-0.004274,0.00781,1800.0
8.8280E+02,0.011382,-0.005544,0.00781,1800.0
8.8290E+02,0.010646,-0.006840,0.00781,1800.0
8.8300E+02,0.009784,-0.008031,0.00781,1800.0
8.8310E+02,0.008752,-0.009144,0.00781,1800.0
8.8320E+02,0.007593,-0.010132,0.00781,1800.0
8.8330E+02,0.006357,-0.010954,0.00781,1800.0
8.8340E+02,0.005009,-0.011631,0.00781,1800.0
