1.6600E+02,0.001018,-0.018059,0.00213,0.0
1.6610E+02,0.001016,-0.018065,0.00213,1800.0
1.6620E+02,0.001168,-0.018051,0.00213,1800.0
1.6630E+02,0.002272,-0.017924,0.00213,1800.0
1.6640E+02,0.003688,-0.017673,0.00213,1800.0
1.6651E+02,0.005159,-0.017299,0.00213,1800.0
1.6661E+02,0.006613,-0.016818,0.00213,1800.0
1.6671E+02,0.007976,-0.016216,0.00213,1800.0
1.6681E+02,0.009331,-0.015472,0.00213,1800.0
1.6691E+02,0.010569,-0.014664,0.00213,1800.0
1.6701E+02,0.011707,-0.013783,0.00213,1800.0
1.6710E+02,0.012710,-0.012858,0.00213,1800.0
1.6720E+02,0.013773,-0.011700,0.00213,1800.0
1.6730E+02,0.014665,-0.010558,0.00213,1800.0
1.6740E+02,0.015496,-0.009298,0.00213,1800.0
1.6750E+02,0.016228,-0.007944,0.00213,1800.0
1.6760E+02,0.016834,-0.006551,0.00213,1800.0
1.6770E+02,0.017317,-0.005150,0.00213,1800.0
1.6780E+02,0.017683,-0.003718,0.00213,1800.0
1.6790E+02,0.017940,-0.002229,0.00213,1800.0
1.6800E+02,0.018056,-0.000722,0.00213,1800.0
1.6810E+02,0.018056,0.000864,0.00213,1800.0
1.6821E+02,0.017932,0.002333,0.00213,1800.0
1.6831E+02,0.017691,0.003771,0.00213,1800.0
1.6841E+02,0.017314,0.005193,0.00213,1800.0
1.6851E+02,0.016810,0.006634,0.00213,1800.0
1.6861E+02,0.016190,0.008021,0.00213,1800.0
1.6871E+02,0.015455,0.009368,0.00213,1800.0
1.6880E+02,0.014694,0.010517,0.00213,1800.0
1.6890E+02,0.013751,0.011716,0.00213,1800.0
1.6900E+02,0.012736,0.012818,0.00213,1800.0
1.6910E+02,0.011670,0.013801,0.00213,1800.0
1.6920E+02,0.010449,0.014757,0.00213,1800.0
1.6930E+02,0.009186,0.015575,0.00213,1800.0
1.6940E+02,0.007900,0.016263,0.00213,1800.0
1.6950E+02,0.006476,0.016879,0.00213,1800.0
1.6960E+02,0.005010,0.017369,0.00213,1800.0
1.6970E+02,0.003575,0.017716,0.00213,1800.0
1.6980E+02,0.002123,0.017944,0.00213,1800.0
1.6991E+02,0.000604,0.018054,0.00213,1800.0
1.7001E+02,-0.000897,0.018051,0.00213,1800.0
1.7011E+02,-0.002371,0.017916,0.00213,1800.0
1.7021E+02,-0.003880,0.017641,0.00213,1800.0
1.7031E+02,-0.005377,0.017259,0.00213,1800.0
1.7041E+02,-0.006771,0.016761,0.00213,1800.0
1.7050E+02,-0.008010,0.016217,0.00213,1800.0
1.7060E+02,-0.009357,0.015467,0.00213,1800.0
1.7070E+02,-0.010561,0.014666,0.00213,1800.0
1.7080E+02,-0.011789,0.013700,0.00213,1800.0
1.7090E+02,-0.012888,0.012666,0.00213,1800.0
1.7100E+02,-0.013863,0.011587,0.00213,1800.0
1.7110E+02,-0.014772,0.010397,0.00213,1800.0
1.7120E+02,-0.015618,0.009083,0.00213,1800.0
1.7130E+02,-0.016327,0.007747,0.00213,1800.0
1.7140E+02,-0.016897,0.006413,0.00213,1800.0
1.7150E+02,-0.017386,0.004923,0.00213,1800.0
1.7161E+02,-0.017739,0.003489,0.00213,1800.0
1.7171E+02,-0.017974,0.001993,0.00213,1800.0
1.7181E+02,-0.018074,0.000508,0.00213,1800.0
1.7191E+02,-0.018044,-0.000993,0.00213,1800.0
1.7201E+02,-0.017893,-0.002513,0.00213,1800.0
1.7211E+02,-0.017630,-0.003983,0.00213,1800.0
1.7220E+02,-0.017275,-0.005294,0.00213,1800.0
1.7230E+02,-0.016756,-0.006749,0.00213,1800.0
1.7240E+02,-0.016126,-0.008145,0.00213,1800.0
1.7250E+02,-0.015405,-0.009457,0.00213,1800.0
1.7260E+02,-0.014555,-0.010722,0.00213,1800.0
1.7270E+02,-0.013620,-0.011886,0.00213,1800.0
1.7280E+02,-0.012657,-0.012914,0.00213,1800.0
1.7290E+02,-0.011539,-0.014000,0.00213,1800.0
1.7300E+02,-0.010334,-0.014849,0.00213,0.0
1.7310E+02,-0.009026,-0.015660,0.00213,0.0
1.7320E+02,-0.007669,-0.016360,0.00213,0.0
1.7331E+02,-0.006257,-0.016950,0.00213,0.0
1.7341E+02,-0.004862,-0.017407,0.00213,0.0
1.7351E+02,-0.003417,-0.017743,0.00213,1800.0
1.7361E+02,-0.001892,-0.017966,0.00213,1800.0
1.7371E+02,-0.000370,-0.018066,0.00213,1800.0
1.7381E+02,0.000778,-0.018071,0.00213,1800.0
1.7400E+02,0.001016,-0.018065,0.00213,1800.0
1.7410E+02,0.000509,-0.015982,0.00213,1800.0
1.7420E+02,-0.000940,-0.010028,0.00213,1800.0
1.7430E+02,-0.001261,-0.008713,0.00213,1800.0
1.7440E+02,-0.001264,-0.008699,0.00213,1800.0
1.7450E+02,-0.001515,-0.008651,0.00213,1800.0
1.7460E+02,-0.002555,-0.008357,0.00213,1800.0
1.7470E+02,-0.003954,-0.007803,0.00213,1800.0
1.7480E+02,-0.005223,-0.007024,0.00213,1800.0
1.7490E+02,-0.006389,-0.005986,0.00213,1800.0
1.7500E+02,-0.007325,-0.004803,0.00213,1800.0
1.7511E+02,-0.008017,-0.003575,0.00213,1800.0
1.7521E+02,-0.008516,-0.002130,0.00213,1800.0
1.7531E+02,-0.008750,-0.000639,0.00213,1800.0
1.7541E+02,-0.008710,0.000928,0.00213,1800.0
1.7551E+02,-0.008424,0.002429,0.00213,1800.0
1.7560E+02,-0.007934,0.003680,0.00213,1800.0
1.7570E+02,-0.007212,0.004941,0.00213,1800.0
1.7580E+02,-0.006287,0.006084,0.00213,1800.0
1.7590E+02,-0.005126,0.007084,0.00213,1800.0
1.7600E+02,-0.003820,0.007876,0.00213,1800.0
1.7610E+02,-0.002417,0.008421,0.00213,1800.0
1.7620E+02,-0.001006,0.008712,0.00213,1800.0
1.7630E+02,0.000506,0.008764,0.00213,1800.0
1.7640E+02,0.002045,0.008531,0.00213,1800.0
1.7650E+02,0.003479,0.008042,0.00213,1800.0
1.7660E+02,0.004778,0.007342,0.00213,1800.0
1.7671E+02,0.005980,0.006389,0.00213,1800.0
1.7681E+02,0.006985,0.005275,0.00213,1800.0
1.7691E+02,0.007772,0.003998,0.00213,1800.0
1.7701E+02,0.008344,0.002653,0.00213,1800.0
1.7711E+02,0.008657,0.001230,0.00213,1800.0
1.7721E+02,0.008747,-0.000279,0.00213,1800.0
1.7730E+02,0.008608,-0.001619,0.00213,1800.0
1.7740E+02,0.008210,-0.003081,0.00213,1800.0
1.7750E+02,0.007544,-0.004472,0.00213,0.0
1.7760E+02,0.006694,-0.005669,0.00213,0.0
1.7770E+02,0.005618,-0.006727,0.00213,0.0
1.7780E+02,0.004333,-0.007604,0.00213,0.0
1.7790E+02,0.002991,-0.008224,0.00213,1800.0
1.7800E+02,0.001565,-0.008609,0.00213,1800.0
1.7810E+02,0.000090,-0.008742,0.00213,1800.0
1.7820E+02,-0.000944,-0.008729,0.00213,1800.0
1.7830E+02,-0.001264,-0.008699,0.00213,1800.0
1.7840E+02,-0.001133,-0.008998,0.00213,1800.0
1.7851E+02,-0.000252,-0.011006,0.00213,1800.0
1.7861E+02,0.002042,-0.016234,0.00213,1800.0
1.7881E+02,0.002055,-0.016264,0.00213,1800.0
1.7891E+02,0.002416,-0.016205,0.00213,1800.0
1.7900E+02,0.003120,-0.016080,0.00213,1800.0
1.7910E+02,0.004288,-0.015796,0.00213,1800.0
1.7920E+02,0.005702,-0.015338,0.00213,1800.0
1.7930E+02,0.007132,-0.014729,0.00213,1800.0
1.7940E+02,0.008442,-0.014022,0.00213,1800.0
1.7950E+02,0.009640,-0.013229,0.00213,1800.0
1.7960E+02,0.010814,-0.012293,0.00213,1800.0
1.7970E+02,0.011871,-0.011269,0.00213,1800.0
1.7980E+02,0.012645,-0.010330,0.00213,1800.0
1.7990E+02,0.013225,-0.009674,0.00213,1800.0
1.8000E+02,0.014081,-0.008360,0.00213,1800.0
1.8010E+02,0.014766,-0.007083,0.00213,1800.0
1.8021E+02,0.015349,-0.005683,0.00213,1800.0
1.8031E+02,0.015810,-0.004230,0.00213,1800.0
1.8041E+02,0.016135,-0.002754,0.00213,1800.0
1.8051E+02,0.016313,-0.001263,0.00213,1800.0
1.8061E+02,0.016362,0.000239,0.00213,1800.0
1.8070E+02,0.016314,0.001491,0.00213,1800.0
1.8080E+02,0.016177,0.002585,0.00213,1800.0
1.8090E+02,0.015894,0.003956,0.00213,1800.0
1.8100E+02,0.015454,0.005436,0.00213,1800.0
1.8110E+02,0.015121,0.006295,0.00213,1800.0
1.8120E+02,0.014715,0.007194,0.00213,1800.0
1.8130E+02,0.013992,0.008497,0.00213,1800.0
1.8140E+02,0.013162,0.009733,0.00213,1800.0
1.8150E+02,0.012200,0.010904,0.00213,1800.0
1.8160E+02,0.011131,0.011996,0.00213,1800.0
1.8170E+02,0.009972,0.012976,0.00213,1800.0
1.8180E+02,0.008745,0.013835,0.00213,1800.0
1.8191E+02,0.007461,0.014569,0.00213,1800.0
1.8201E+02,0.006049,0.015218,0.00213,1800.0
1.8211E+02,0.004656,0.015698,0.00213,1800.0
1.8221E+02,0.003321,0.016048,0.00213,1800.0
1.8231E+02,0.002412,0.016205,0.00213,1800.0
1.8241E+02,0.000946,0.016348,0.00213,1800.0
1.8250E+02,-0.000420,0.016363,0.00213,1800.0
1.8260E+02,-0.001906,0.016255,0.00213,1800.0
1.8270E+02,-0.003360,0.016020,0.00213,1800.0
1.8280E+02,-0.004804,0.015642,0.00213,1800.0
1.8290E+02,-0.006239,0.015130,0.00213,1800.0
1.8300E+02,-0.007616,0.014494,0.00213,1800.0
1.8310E+02,-0.008890,0.013744,0.00213,1800.0
1.8320E+02,-0.010093,0.012900,0.00213,1800.0
1.8330E+02,-0.011255,0.011902,0.00213,1800.0
1.8340E+02,-0.012267,0.010853,0.00213,1800.0
1.8350E+02,-0.013194,0.009706,0.00213,1800.0
1.8361E+02,-0.013783,0.008852,0.00213,1800.0
1.8371E+02,-0.014456,0.007690,0.00213,1800.0
1.8381E+02,-0.015087,0.006338,0.00213,1800.0
1.8391E+02,-0.015616,0.004892,0.00213,1800.0
1.8401E+02,-0.015985,0.003557,0.00213,1800.0
1.8411E+02,-0.016205,0.002350,0.00213,1800.0
1.8420E+02,-0.016328,0.001185,0.00213,1800.0
1.8430E+02,-0.016367,-0.000315,0.00213,1800.0
1.8440E+02,-0.016297,-0.001680,0.00213,1800.0
1.8450E+02,-0.016166,-0.002672,0.00213,1800.0
1.8460E+02,-0.015947,-0.003749,0.00213,1800.0
1.8470E+02,-0.015530,-0.005188,0.00213,1800.0
1.8480E+02,-0.015009,-0.006532,0.00213,1800.0
1.8490E+02,-0.014343,-0.007887,0.00213,1800.0
1.8500E+02,-0.013553,-0.009180,0.00213,1800.0
1.8510E+02,-0.012648,-0.010377,0.00213,1800.0
1.8520E+02,-0.011652,-0.011497,0.00213,1800.0
1.8531E+02,-0.010533,-0.012528,0.00213,1800.0
1.8541E+02,-0.009318,-0.013458,0.00213,1800.0
1.8551E+02,-0.008088,-0.014237,0.00213,0.0
1.8561E+02,-0.006759,-0.014923,0.00213,0.0
1.8571E+02,-0.005410,-0.015502,0.00213,0.0
1.8581E+02,-0.003895,-0.015920,0.00213,0.0
1.8590E+02,-0.002538,-0.016173,0.00213,0.0
1.8600E+02,-0.001042,-0.016337,0.00213,1800.0
1.8610E+02,0.000427,-0.016361,0.00213,1800.0
1.8620E+02,0.001582,-0.016307,0.00213,1800.0
1.8630E+02,0.002055,-0.016264,0.00213,1800.0
1.8640E+02,0.002039,-0.016238,0.00213,1800.0
1.8650E+02,0.001028,-0.014558,0.00213,1800.0
1.8660E+02,-0.001272,-0.010737,0.00213,1800.0
1.8670E+02,-0.001484,-0.010386,0.00213,1800.0
1.8680E+02,-0.001500,-0.010383,0.00213,1800.0
1.8690E+02,-0.001807,-0.010329,0.00213,1800.0
1.8701E+02,-0.003281,-0.009943,0.00213,1800.0
1.8711E+02,-0.004667,-0.009364,0.00213,1800.0
1.8721E+02,-0.005986,-0.008582,0.00213,1800.0
1.8731E+02,-0.007154,-0.007632,0.00213,1800.0
1.8741E+02,-0.008177,-0.006495,0.00213,1800.0
1.8751E+02,-0.009031,-0.005266,0.00213,1800.0
1.8760E+02,-0.009631,-0.004077,0.00213,1800.0
1.8770E+02,-0.010127,-0.002626,0.00213,1800.0
1.8780E+02,-0.010403,-0.001138,0.00213,1800.0
1.8790E+02,-0.010468,0.000319,0.00213,1800.0
1.8800E+02,-0.010334,0.001779,0.00213,1800.0
1.8810E+02,-0.009955,0.003274,0.00213,1800.0
1.8820E+02,-0.009371,0.004649,0.00213,1800.0
1.8830E+02,-0.008577,0.005982,0.00213,1800.0
1.8840E+02,-0.007665,0.007126,0.00213,1800.0
1.8850E+02,-0.006534,0.008163,0.00213,1800.0
1.8860E+02,-0.005276,0.009017,0.00213,1800.0
1.8871E+02,-0.003951,0.009675,0.00213,1800.0
1.8881E+02,-0.002522,0.010155,0.00213,1800.0
1.8891E+02,-0.001012,0.010410,0.00213,1800.0
1.8901E+02,0.000469,0.010450,0.00213,1800.0
1.8911E+02,0.001900,0.010292,0.00213,1800.0
1.8921E+02,0.003388,0.009922,0.00213,1800.0
1.8930E+02,0.004661,0.009375,0.00213,1800.0
1.8940E+02,0.005954,0.008604,0.00213,1800.0
1.8950E+02,0.007090,0.007680,0.00213,1800.0
1.8960E+02,0.008123,0.006580,0.00213,1800.0
1.8970E+02,0.009005,0.005305,0.00213,1800.0
1.8980E+02,0.009672,0.003960,0.00213,1800.0
1.8990E+02,0.010131,0.002560,0.00213,1800.0
1.9000E+02,0.010405,0.001057,0.00213,1800.0
1.9010E+02,0.010458,-0.000463,0.00213,1800.0
1.9020E+02,0.010285,-0.001924,0.00213,1800.0
1.9030E+02,0.009904,-0.003401,0.00213,1800.0
1.9041E+02,0.009326,-0.004789,0.00213,1800.0
1.9051E+02,0.008541,-0.006077,0.00213,0.0
1.9061E+02,0.007575,-0.007215,0.00213,0.0
1.9071E+02,0.006449,-0.008229,0.00213,0.0
1.9081E+02,0.005193,-0.009081,0.00213,0.0
1.9091E+02,0.003840,-0.009723,0.00213,1800.0
1.9100E+02,0.002545,-0.010134,0.00213,1800.0
1.9110E+02,0.001047,-0.010401,0.00213,1800.0
1.9120E+02,-0.000383,-0.010456,0.00213,1800.0
1.9130E+02,-0.001456,-0.010389,0.00213,1800.0
1.9140E+02,-0.001484,-0.010386,0.00213,1800.0
1.9150E+02,-0.001481,-0.010488,0.00213,1800.0
1.9160E+02,-0.001362,-0.014029,0.00213,1800.0
1.9170E+02,-0.001343,-0.014587,0.00213,1800.0
1.9180E+02,-0.001342,-0.014631,0.00213,1800.0
1.9190E+02,-0.001129,-0.014643,0.00213,1800.0
1.9200E+02,-0.000048,-0.014665,0.00213,1800.0
1.9211E+02,0.001439,-0.014585,0.00213,1800.0
1.9221E+02,0.002925,-0.014371,0.00213,1800.0
1.9231E+02,0.004370,-0.014001,0.00213,1800.0
1.9241E+02,0.005758,-0.013487,0.00213,1800.0
1.9251E+02,0.007126,-0.012827,0.00213,1800.0
1.9261E+02,0.008399,-0.012034,0.00213,1800.0
1.9270E+02,0.009514,-0.011193,0.00213,1800.0
1.9280E+02,0.010600,-0.010147,0.00213,1800.0
1.9290E+02,0.011575,-0.009013,0.00213,1800.0
1.9300E+02,0.012454,-0.007743,0.00213,1800.0
1.9310E+02,0.013172,-0.006435,0.00213,1800.0
1.9320E+02,0.013764,-0.005058,0.00213,1800.0
1.9330E+02,0.014203,-0.003645,0.00213,1800.0
1.9340E+02,0.014495,-0.002199,0.00213,1800.0
1.9350E+02,0.014649,-0.000681,0.00213,1800.0
1.9360E+02,0.014642,0.000846,0.00213,1800.0
1.9370E+02,0.014482,0.002381,0.00213,1800.0
1.9380E+02,0.014162,0.003841,0.00213,1800.0
1.9391E+02,0.013714,0.005251,0.00213,1800.0
1.9401E+02,0.013071,0.006673,0.00213,1800.0
1.9411E+02,0.012343,0.007938,0.00213,1800.0
1.9421E+02,0.011447,0.009164,0.00213,1800.0
1.9431E+02,0.010471,0.010273,0.00213,1800.0
1.9440E+02,0.009493,0.011172,0.00213,1800.0
1.9450E+02,0.008281,0.012099,0.00213,1800.0
1.9460E+02,0.006955,0.012910,0.00213,1800.0
1.9470E+02,0.005584,0.013568,0.00213,1800.0
1.9480E+02,0.004166,0.014064,0.00213,1800.0
1.9490E+02,0.002705,0.014430,0.00213,1800.0
1.9500E+02,0.001223,0.014632,0.00213,1800.0
1.9510E+02,-0.000303,0.014675,0.00213,1800.0
1.9520E+02,-0.001818,0.014562,0.00213,1800.0
1.9530E+02,-0.003252,0.014302,0.00213,1800.0
1.9540E+02,-0.004707,0.013888,0.00213,1800.0
1.9550E+02,-0.006077,0.013352,0.00213,1800.0
1.9561E+02,-0.007420,0.012644,0.00213,1800.0
1.9571E+02,-0.008683,0.011818,0.00213,1800.0
1.9581E+02,-0.009832,0.010878,0.00213,1800.0
1.9591E+02,-0.010910,0.009804,0.00213,1800.0
1.9601E+02,-0.011853,0.008645,0.00213,1800.0
1.9610E+02,-0.012634,0.007482,0.00213,1800.0
1.9620E+02,-0.013305,0.006195,0.00213,1800.0
1.9630E+02,-0.013884,0.004752,0.00213,1800.0
1.9640E+02,-0.014292,0.003314,0.00213,1800.0
1.9650E+02,-0.014552,0.001819,0.00213,1800.0
1.9660E+02,-0.014660,0.000285,0.00213,1800.0
1.9670E+02,-0.014608,-0.001235,0.00213,1800.0
1.9680E+02,-0.014412,-0.002700,0.00213,1800.0
1.9690E+02,-0.014080,-0.004122,0.00213,1800.0
1.9700E+02,-0.013587,-0.005516,0.00213,1800.0
1.9710E+02,-0.012953,-0.006885,0.00213,1800.0
1.9720E+02,-0.012150,-0.008221,0.00213,1800.0
1.9731E+02,-0.011258,-0.009428,0.00213,0.0
1.9741E+02,-0.010219,-0.010537,0.00213,0.0
1.9751E+02,-0.009128,-0.011496,0.00213,0.0
1.9761E+02,-0.007844,-0.012399,0.00213,0.0
1.9771E+02,-0.006572,-0.013117,0.00213,0.0
1.9781E+02,-0.005193,-0.013714,0.00213,0.0
1.9790E+02,-0.003886,-0.014136,0.00213,0.0
1.9800E+02,-0.002433,-0.014461,0.00213,1800.0
1.9810E+02,-0.001434,-0.014619,0.00213,1800.0
1.9820E+02,-0.001342,-0.014631,0.00213,1800.0
1.9830E+02,-0.001189,-0.014049,0.00213,1800.0
1.9840E+02,-0.000247,-0.010461,0.00213,1800.0
1.9850E+02,0.001669,-0.003168,0.00213,1800.0
1.9860E+02,0.003751,0.004758,0.00213,1800.0
1.9870E+02,0.005221,0.010355,0.00213,1800.0
1.9880E+02,0.005376,0.010945,0.00213,1800.0
1.9890E+02,0.005377,0.010947,0.00213,1800.0
1.9901E+02,0.005802,0.010708,0.00213,1800.0
1.9911E+02,0.006752,0.010106,0.00213,1800.0
1.9921E+02,0.007947,0.009191,0.00213,1800.0
1.9931E+02,0.009055,0.008108,0.00213,1800.0
1.9941E+02,0.009989,0.006939,0.00213,1800.0
1.9951E+02,0.010783,0.005645,0.00213,1800.0
1.9960E+02,0.011363,0.004417,0.00213,1800.0
1.9970E+02,0.011813,0.003001,0.00213,1800.0
1.9980E+02,0.012079,0.001587,0.00213,1800.0
1.9990E+02,0.012176,0.000103,0.00213,1800.0
2.0000E+02,0.012080,-0.001436,0.00213,1800.0
2.0010E+02,0.011798,-0.002930,0.00213,1800.0
2.0020E+02,0.011329,-0.004381,0.00213,1800.0
2.0030E+02,0.010697,-0.005770,0.00213,1800.0
2.0040E+02,0.009924,-0.007020,0.00213,1800.0
2.0050E+02,0.009000,-0.008171,0.00213,1800.0
2.0060E+02,0.007874,-0.009270,0.00213,1800.0
2.0071E+02,0.006676,-0.010180,0.00213,1800.0
2.0081E+02,0.005418,-0.010908,0.00213,1800.0
2.0091E+02,0.004033,-0.011511,0.00213,1800.0
2.0101E+02,0.002538,-0.011912,0.00213,1800.0
2.0111E+02,0.001086,-0.012126,0.00213,1800.0
2.0121E+02,-0.000442,-0.012155,0.00213,1800.0
2.0130E+02,-0.001761,-0.012024,0.00213,1800.0
2.0140E+02,-0.003238,-0.011715,0.00213,1800.0
2.0150E+02,-0.004687,-0.011210,0.00213,1800.0
2.0160E+02,-0.006031,-0.010552,0.00213,1800.0
2.0170E+02,-0.007291,-0.009735,0.00213,1800.0
2.0180E+02,-0.008442,-0.008757,0.00213,1800.0
2.0190E+02,-0.009460,-0.007667,0.00213,1800.0
2.0200E+02,-0.010365,-0.006423,0.00213,1800.0
2.0210E+02,-0.011060,-0.005131,0.00213,1800.0
2.0220E+02,-0.011586,-0.003737,0.00213,1800.0
2.0230E+02,-0.011959,-0.002275,0.00213,1800.0
2.0241E+02,-0.012135,-0.000794,0.00213,1800.0
2.0251E+02,-0.012133,0.000711,0.00213,1800.0
2.0261E+02,-0.011945,0.002227,0.00213,1800.0
2.0271E+02,-0.011571,0.003708,0.00213,1800.0
2.0281E+02,-0.011036,0.005101,0.00213,1800.0
2.0291E+02,-0.010334,0.006405,0.00213,1800.0
2.0300E+02,-0.009548,0.007553,0.00213,1800.0
2.0310E+02,-0.008555,0.008670,0.00213,1800.0
2.0320E+02,-0.007455,0.009642,0.00213,1800.0
2.0330E+02,-0.006148,0.010512,0.00213,1800.0
2.0340E+02,-0.004867,0.011158,0.00213,1800.0
