2.7797E+03,-0.011717,-0.003448,0.02840,0.0
2.7798E+03,-0.012052,-0.001977,0.02840,0.0
2.7799E+03,-0.012206,-0.000620,0.02840,0.0
2.7800E+03,-0.012192,0.000847,0.02840,0.0
2.7801E+03,-0.012012,0.002346,0.02840,0.0
2.7802E+03,-0.011619,0.003834,0.02840,0.0
2.7803E+03,-0.011060,0.005219,0.02840,0.0
2.7804E+03,-0.010863,0.005649,0.02840,0.0
2.7806E+03,-0.010836,0.005706,0.02840,0.0
2.8009E+03,-0.014511,0.000000,0.02911,1800.0
2.8010E+03,-0.014510,-0.000038,0.02911,1800.0
2.8011E+03,-0.014496,-0.000319,0.02911,1800.0
2.8012E+03,-0.014387,-0.001792,0.02911,1800.0
2.8013E+03,-0.014123,-0.003291,0.02911,1800.0
2.8014E+03,-0.013701,-0.004708,0.02911,1800.0
2.8015E+03,-0.013134,-0.006110,0.02911,1800.0
2.8016E+03,-0.012394,-0.007482,0.02911,1800.0
2.8017E+03,-0.011567,-0.008712,0.02911,1800.0
2.8018E+03,-0.010628,-0.009840,0.02911,1800.0
2.8019E+03,-0.009525,-0.010907,0.02911,1800.0
2.8020E+03,-0.008321,-0.011849,0.02911,1800.0
2.8021E+03,-0.007068,-0.012643,0.02911,1800.0
2.8022E+03,-0.005721,-0.013312,0.02911,1800.0
2.8023E+03,-0.004297,-0.013837,0.02911,1800.0
2.8024E+03,-0.003017,-0.014186,0.02911,1800.0
2.8025E+03,-0.001507,-0.014410,0.02911,1800.0
2.8026E+03,0.000048,-0.014487,0.02911,1800.0
2.8027E+03,0.001572,-0.014403,0.02911,1800.0
2.8028E+03,0.003009,-0.014163,0.02911,1800.0
2.8029E+03,0.004448,-0.013785,0.02911,1800.0
2.8030E+03,0.005884,-0.013228,0.02911,1800.0
2.8031E+03,0.007238,-0.012543,0.02911,1800.0
2.8032E+03,0.008415,-0.011801,0.02911,1800.0
2.8033E+03,0.009388,-0.011044,0.02911,1800.0
2.8034E+03,0.010278,-0.010228,0.02911,1800.0
2.8035E+03,0.010983,-0.009470,0.02911,1800.0
2.8036E+03,0.011839,-0.008370,0.02911,1800.0
2.8037E+03,0.012636,-0.007099,0.02911,1800.0
2.8038E+03,0.013284,-0.005792,0.02911,1800.0
2.8039E+03,0.013803,-0.004393,0.02911,1800.0
2.8040E+03,0.014191,-0.002901,0.02911,1800.0
2.8041E+03,0.014395,-0.001563,0.02911,1800.0
2.8042E+03,0.014479,-0.000084,0.02911,1800.0
2.8043E+03,0.014409,0.001426,0.02911,1800.0
2.8044E+03,0.014180,0.002949,0.02911,1800.0
2.8045E+03,0.013797,0.004417,0.02911,1800.0
2.8046E+03,0.013275,0.005837,0.02911,1800.0
2.8047E+03,0.012599,0.007172,0.02911,1800.0
2.8048E+03,0.011779,0.008455,0.02911,1800.0
2.8049E+03,0.011011,0.009435,0.02911,1800.0
2.8050E+03,0.010283,0.010223,0.02911,1800.0
2.8051E+03,0.009409,0.011026,0.02911,1800.0
2.8052E+03,0.008427,0.011788,0.02911,1800.0
2.8053E+03,0.007223,0.012547,0.02911,1800.0
2.8054E+03,0.005880,0.013232,0.02911,1800.0
2.8055E+03,0.004508,0.013766,0.02911,1800.0
2.8056E+03,0.003064,0.014153,0.02911,1800.0
2.8057E+03,0.001531,0.014407,0.02911,1800.0
2.8058E+03,0.000167,0.014497,0.02911,1800.0
2.8059E+03,-0.001299,0.014441,0.02911,1800.0
2.8060E+03,-0.002788,0.014225,0.02911,1800.0
2.8061E+03,-0.004291,0.013835,0.02911,1800.0
2.8062E+03,-0.005719,0.013308,0.02911,1800.0
2.8063E+03,-0.007029,0.012665,0.02911,1800.0
2.8064E+03,-0.008267,0.011889,0.02911,1800.0
2.8065E+03,-0.009452,0.010971,0.02911,1800.0
2.8066E+03,-0.010569,0.009896,0.02911,0.0
2.8067E+03,-0.011580,0.008701,0.02911,0.0
2.8068E+03,-0.012410,0.007482,0.02911,0.0
2.8069E+03,-0.013088,0.006214,0.02911,0.0
2.8070E+03,-0.013687,0.004767,0.02911,1800.0
2.8071E+03,-0.014126,0.003292,0.02911,1800.0
2.8072E+03,-0.014375,0.001866,0.02911,1800.0
2.8073E+03,-0.014484,0.000454,0.02911,1800.0
2.8074E+03,-0.014510,0.000037,0.02911,1800.0
2.8075E+03,-0.014511,0.000000,0.02911,1800.0
2.8076E+03,-0.013578,0.001515,0.02911,1800.0
2.8077E+03,-0.011817,0.004371,0.02911,1800.0
2.8079E+03,-0.010861,0.005922,0.02911,1800.0
2.8080E+03,-0.010757,0.006094,0.02911,1800.0
2.8081E+03,-0.010184,0.007009,0.02911,1800.0
2.8082E+03,-0.009229,0.008221,0.02911,1800.0
2.8083E+03,-0.008161,0.009281,0.02911,1800.0
2.8084E+03,-0.006939,0.010212,0.02911,1800.0
2.8085E+03,-0.005640,0.010980,0.02911,1800.0
2.8086E+03,-0.004296,0.011571,0.02911,1800.0
2.8087E+03,-0.002837,0.012010,0.02911,1800.0
2.8088E+03,-0.001335,0.012263,0.02911,1800.0
2.8089E+03,0.000115,0.012338,0.02911,1800.0
2.8090E+03,0.001554,0.012242,0.02911,1800.0
2.8091E+03,0.003069,0.011953,0.02911,1800.0
2.8092E+03,0.004444,0.011531,0.02911,1800.0
2.8093E+03,0.005816,0.010917,0.02911,1800.0
2.8094E+03,0.007085,0.010120,0.02911,1800.0
2.8095E+03,0.008278,0.009166,0.02911,1800.0
2.8096E+03,0.009294,0.008138,0.02911,1800.0
2.8097E+03,0.010221,0.006920,0.02911,1800.0
2.8098E+03,0.010964,0.005661,0.02911,1800.0
2.8099E+03,0.011573,0.004281,0.02911,1800.0
2.8100E+03,0.012006,0.002844,0.02911,1800.0
2.8101E+03,0.012257,0.001390,0.02911,1800.0
2.8102E+03,0.012346,-0.000130,0.02911,1800.0
2.8103E+03,0.012237,-0.001660,0.02911,1800.0
2.8104E+03,0.011947,-0.003117,0.02911,1800.0
2.8105E+03,0.011480,-0.004579,0.02911,1800.0
2.8106E+03,0.010847,-0.005941,0.02911,1800.0
2.8107E+03,0.010049,-0.007182,0.02911,1800.0
2.8108E+03,0.009076,-0.008374,0.02911,1800.0
2.8109E+03,0.008101,-0.009317,0.02911,1800.0
2.8110E+03,0.006882,-0.010238,0.02911,1800.0
2.8111E+03,0.005604,-0.010991,0.02911,1800.0
2.8112E+03,0.004252,-0.011585,0.02911,1800.0
2.8113E+03,0.002782,-0.012021,0.02911,1800.0
2.8114E+03,0.001285,-0.012281,0.02911,1800.0
2.8115E+03,-0.000171,-0.012344,0.02911,1800.0
2.8116E+03,-0.001748,-0.012229,0.02911,1800.0
2.8117E+03,-0.003140,-0.011954,0.02911,1800.0
2.8118E+03,-0.004520,-0.011467,0.02911,1800.0
2.8119E+03,-0.005980,-0.010795,0.02911,1800.0
2.8120E+03,-0.007175,-0.009991,0.02911,1800.0
2.8121E+03,-0.008351,-0.009073,0.02911,1800.0
2.8122E+03,-0.009424,-0.007957,0.02911,1800.0
2.8123E+03,-0.010332,-0.006743,0.02911,1800.0
2.8124E+03,-0.011062,-0.005421,0.02911,1800.0
