4.2964E+03,0.013536,0.002451,0.04828,0.0
4.3557E+03,0.011691,0.012684,0.04899,1800.0
4.3557E+03,0.011663,0.012709,0.04899,1800.0
4.3558E+03,0.011112,0.013164,0.04899,1800.0
4.3559E+03,0.009947,0.014070,0.04899,1800.0
4.3560E+03,0.008702,0.014876,0.04899,1800.0
4.3561E+03,0.007298,0.015616,0.04899,1800.0
4.3562E+03,0.005925,0.016191,0.04899,1800.0
4.3563E+03,0.004524,0.016641,0.04899,1800.0
4.3564E+03,0.003068,0.016970,0.04899,1800.0
4.3565E+03,0.001582,0.017171,0.04899,1800.0
4.3566E+03,0.000044,0.017229,0.04899,1800.0
4.3568E+03,-0.001433,0.017173,0.04899,1800.0
4.3569E+03,-0.002926,0.016981,0.04899,1800.0
4.3570E+03,-0.004436,0.016648,0.04899,1800.0
4.3571E+03,-0.005876,0.016196,0.04899,1800.0
4.3572E+03,-0.007249,0.015630,0.04899,1800.0
4.3573E+03,-0.008603,0.014937,0.04899,1800.0
4.3574E+03,-0.009865,0.014131,0.04899,1800.0
4.3574E+03,-0.010940,0.013328,0.04899,1800.0
4.3575E+03,-0.012050,0.012338,0.04899,1800.0
4.3576E+03,-0.013056,0.011262,0.04899,1800.0
4.3577E+03,-0.013988,0.010064,0.04899,1800.0
4.3578E+03,-0.014820,0.008789,0.04899,1800.0
4.3579E+03,-0.015528,0.007466,0.04899,1800.0
4.3580E+03,-0.016124,0.006069,0.04899,1800.0
4.3581E+03,-0.016596,0.004614,0.04899,1800.0
4.3582E+03,-0.016931,0.003192,0.04899,1800.0
4.3583E+03,-0.017126,0.001931,0.04899,1800.0
4.3585E+03,-0.017218,0.000856,0.04899,1800.0
4.3586E+03,-0.017238,-0.000154,0.04899,1800.0
4.3587E+03,-0.017202,-0.001159,0.04899,1800.0
4.3588E+03,-0.017095,-0.002264,0.04899,1800.0
4.3589E+03,-0.016864,-0.003563,0.04899,1800.0
4.3590E+03,-0.016499,-0.004972,0.04899,1800.0
4.3591E+03,-0.016013,-0.006378,0.04899,1800.0
4.3591E+03,-0.015447,-0.007630,0.04899,1800.0
4.3592E+03,-0.014713,-0.008963,0.04899,1800.0
4.3593E+03,-0.013883,-0.010200,0.04899,1800.0
4.3594E+03,-0.012944,-0.011373,0.04899,1800.0
4.3595E+03,-0.011882,-0.012489,0.04899,1800.0
4.3596E+03,-0.010761,-0.013461,0.04899,1800.0
4.3597E+03,-0.009569,-0.014343,0.04899,1800.0
4.3598E+03,-0.008253,-0.015148,0.04899,1800.0
4.3599E+03,-0.006853,-0.015819,0.04899,1800.0
4.3600E+03,-0.005460,-0.016345,0.04899,1800.0
4.3601E+03,-0.004083,-0.016747,0.04899,1800.0
4.3603E+03,-0.002561,-0.017038,0.04899,1800.0
4.3604E+03,-0.001060,-0.017195,0.04899,1800.0
4.3605E+03,0.000410,-0.017223,0.04899,1800.0
4.3606E+03,0.001945,-0.017113,0.04899,1800.0
4.3607E+03,0.003461,-0.016884,0.04899,1800.0
4.3608E+03,0.004879,-0.016527,0.04899,1800.0
4.3608E+03,0.006190,-0.016091,0.04899,1800.0
4.3609E+03,0.007565,-0.015498,0.04899,1800.0
4.3610E+03,0.008934,-0.014746,0.04899,1800.0
4.3611E+03,0.010168,-0.013919,0.04899,1800.0
4.3612E+03,0.011345,-0.012972,0.04899,1800.0
4.3613E+03,0.012438,-0.011934,0.04899,1800.0
4.3614E+03,0.013422,-0.010802,0.04899,1800.0
4.3615E+03,0.014301,-0.009606,0.04899,1800.0
4.3616E+03,0.015094,-0.008298,0.04899,1800.0
4.3617E+03,0.015776,-0.006938,0.04899,1800.0
4.3618E+03,0.016304,-0.005580,0.04899,1800.0
4.3620E+03,0.016729,-0.004120,0.04899,1800.0
4.3621E+03,0.017029,-0.002678,0.04899,1800.0
4.3622E+03,0.017179,-0.001505,0.04899,1800.0
4.3623E+03,0.017243,-0.000273,0.04899,1800.0
4.3624E+03,0.017205,0.001152,0.04899,1800.0
4.3625E+03,0.017103,0.002210,0.04899,1800.0
4.3626E+03,0.016844,0.003636,0.04899,0.0
4.3626E+03,0.016500,0.004954,0.04899,0.0
4.3627E+03,0.016005,0.006362,0.04899,0.0
4.3628E+03,0.015410,0.007717,0.04899,0.0
4.3629E+03,0.014700,0.008997,0.04899,1800.0
4.3630E+03,0.013840,0.010263,0.04899,1800.0
4.3631E+03,0.012852,0.011483,0.04899,1800.0
4.3632E+03,0.011898,0.012495,0.04899,1800.0
4.3633E+03,0.011697,0.012679,0.04899,1800.0
4.3634E+03,0.011691,0.012684,0.04899,1800.0
4.3635E+03,0.010596,0.011002,0.04899,1800.0
4.3636E+03,0.008140,0.007228,0.04899,1800.0
4.3639E+03,0.007424,0.006128,0.04899,1800.0
4.3640E+03,0.007663,0.005808,0.04899,1800.0
4.3641E+03,0.008231,0.004925,0.04899,1800.0
4.3642E+03,0.008886,0.003609,0.04899,1800.0
4.3643E+03,0.009348,0.002148,0.04899,1800.0
4.3643E+03,0.009581,0.000803,0.04899,1800.0
4.3644E+03,0.009594,-0.000648,0.04899,1800.0
4.3645E+03,0.009385,-0.002146,0.04899,1800.0
4.3646E+03,0.008921,-0.003557,0.04899,1800.0
4.3647E+03,0.008220,-0.004941,0.04899,1800.0
4.3648E+03,0.007366,-0.006155,0.04899,1800.0
4.3649E+03,0.006326,-0.007207,0.04899,1800.0
4.3650E+03,0.005124,-0.008101,0.04899,1800.0
4.3651E+03,0.003770,-0.008811,0.04899,1800.0
4.3652E+03,0.002328,-0.009304,0.04899,1800.0
4.3654E+03,0.000839,-0.009548,0.04899,1800.0
4.3655E+03,-0.000701,-0.009576,0.04899,1800.0
4.3656E+03,-0.002166,-0.009359,0.04899,1800.0
4.3657E+03,-0.003609,-0.008912,0.04899,1800.0
4.3658E+03,-0.004900,-0.008279,0.04899,1800.0
4.3659E+03,-0.006111,-0.007408,0.04899,1800.0
4.3660E+03,-0.007216,-0.006340,0.04899,1800.0
4.3660E+03,-0.008045,-0.005216,0.04899,1800.0
4.3661E+03,-0.008761,-0.003881,0.04899,1800.0
4.3662E+03,-0.009268,-0.002494,0.04899,1800.0
4.3663E+03,-0.009530,-0.001050,0.04899,1800.0
4.3664E+03,-0.009583,0.000438,0.04899,1800.0
4.3665E+03,-0.009400,0.001944,0.04899,1800.0
4.3666E+03,-0.008974,0.003413,0.04899,1800.0
4.3667E+03,-0.008319,0.004813,0.04899,1800.0
4.3668E+03,-0.007521,0.006012,0.04899,1800.0
4.3669E+03,-0.006428,0.007144,0.04899,1800.0
4.3670E+03,-0.005247,0.008055,0.04899,1800.0
4.3672E+03,-0.003956,0.008741,0.04899,1800.0
4.3673E+03,-0.002585,0.009259,0.04899,1800.0
4.3674E+03,-0.001112,0.009533,0.04899,0.0
4.3675E+03,0.000388,0.009585,0.04899,0.0
4.3676E+03,0.001885,0.009399,0.04899,0.0
4.3677E+03,0.003345,0.008983,0.04899,0.0
4.3677E+03,0.004595,0.008430,0.04899,0.0
4.3678E+03,0.005908,0.007572,0.04899,1800.0
4.3679E+03,0.007005,0.006597,0.04899,1800.0
4.3680E+03,0.007418,0.006134,0.04899,1800.0
4.3681E+03,0.007424,0.006128,0.04899,1800.0
4.3682E+03,0.006601,0.005837,0.04899,1800.0
4.3683E+03,0.000945,0.003841,0.04899,1800.0
4.3684E+03,-0.006242,0.001304,0.04899,1800.0
4.3685E+03,-0.012539,-0.000918,0.04899,1800.0
4.3686E+03,-0.015422,-0.001936,0.04899,1800.0
4.3687E+03,-0.015426,-0.001937,0.04899,1800.0
4.3689E+03,-0.015415,-0.002009,0.04899,1800.0
4.3690E+03,-0.015317,-0.002554,0.04899,1800.0
4.3691E+03,-0.015013,-0.004000,0.04899,1800.0
4.3692E+03,-0.014548,-0.005467,0.04899,1800.0
4.3693E+03,-0.013940,-0.006876,0.04899,1800.0
4.3694E+03,-0.013233,-0.008153,0.04899,1800.0
4.3694E+03,-0.012425,-0.009314,0.04899,1800.0
4.3695E+03,-0.011461,-0.010478,0.04899,1800.0
4.3696E+03,-0.010395,-0.011532,0.04899,1800.0
4.3697E+03,-0.009255,-0.012465,0.04899,1800.0
4.3698E+03,-0.008020,-0.013301,0.04899,1800.0
4.3699E+03,-0.006665,-0.014026,0.04899,1800.0
4.3700E+03,-0.005310,-0.014594,0.04899,1800.0
4.3701E+03,-0.003806,-0.015063,0.04899,1800.0
4.3702E+03,-0.002349,-0.015362,0.04899,1800.0
4.3703E+03,-0.000891,-0.015525,0.04899,1800.0
4.3704E+03,0.000604,-0.015528,0.04899,1800.0
4.3706E+03,0.002136,-0.015390,0.04899,1800.0
4.3707E+03,0.003628,-0.015108,0.04899,1800.0
4.3708E+03,0.005052,-0.014684,0.04899,1800.0
4.3709E+03,0.006437,-0.014130,0.04899,1800.0
4.3710E+03,0.007793,-0.013428,0.04899,1800.0
4.3711E+03,0.009058,-0.012613,0.04899,1800.0
4.3712E+03,0.010219,-0.011692,0.04899,1800.0
4.3712E+03,0.011221,-0.010742,0.04899,1800.0
4.3713E+03,0.012214,-0.009602,0.04899,1800.0
4.3714E+03,0.013070,-0.008416,0.04899,1800.0
4.3715E+03,0.013817,-0.007109,0.04899,1800.0
4.3716E+03,0.014464,-0.005694,0.04899,1800.0
4.3717E+03,0.014929,-0.004282,0.04899,1800.0
4.3718E+03,0.015183,-0.003309,0.04899,1800.0
4.3719E+03,0.015401,-0.001942,0.04899,1800.0
4.3720E+03,0.015520,-0.000462,0.04899,1800.0
4.3721E+03,0.015491,0.000998,0.04899,1800.0
4.3722E+03,0.015328,0.002492,0.04899,1800.0
4.3724E+03,0.015007,0.003990,0.04899,1800.0
4.3725E+03,0.014534,0.005468,0.04899,1800.0
4.3726E+03,0.013962,0.006827,0.04899,1800.0
4.3727E+03,0.013250,0.008126,0.04899,1800.0
4.3728E+03,0.012356,0.009434,0.04899,1800.0
4.3729E+03,0.011398,0.010561,0.04899,1800.0
4.3729E+03,0.010408,0.011525,0.04899,1800.0
4.3730E+03,0.009251,0.012477,0.04899,1800.0
4.3731E+03,0.008003,0.013304,0.04899,1800.0
4.3732E+03,0.006686,0.014016,0.04899,1800.0
4.3733E+03,0.005307,0.014591,0.04899,1800.0
4.3734E+03,0.003868,0.015038,0.04899,1800.0
4.3735E+03,0.002401,0.015349,0.04899,1800.0
4.3736E+03,0.000924,0.015509,0.04899,1800.0
4.3737E+03,-0.000630,0.015524,0.04899,1800.0
4.3738E+03,-0.002118,0.015407,0.04899,1800.0
4.3739E+03,-0.003631,0.015109,0.04899,1800.0
4.3741E+03,-0.005046,0.014699,0.04899,1800.0
4.3742E+03,-0.006408,0.014146,0.04899,1800.0
4.3743E+03,-0.007796,0.013430,0.04899,1800.0
4.3744E+03,-0.009056,0.012611,0.04899,1800.0
4.3745E+03,-0.010204,0.011702,0.04899,1800.0
4.3746E+03,-0.011304,0.010642,0.04899,1800.0
4.3747E+03,-0.012311,0.009466,0.04899,1800.0
4.3747E+03,-0.013074,0.008381,0.04899,0.0
4.3748E+03,-0.013813,0.007125,0.04899,0.0
4.3749E+03,-0.014458,0.005705,0.04899,0.0
4.3750E+03,-0.014949,0.004265,0.04899,0.0
4.3751E+03,-0.015278,0.002824,0.04899,0.0
4.3752E+03,-0.015470,0.001311,0.04899,0.0
4.3753E+03,-0.015534,-0.000202,0.04899,0.0
4.3754E+03,-0.015467,-0.001457,0.04899,1800.0
4.3755E+03,-0.015426,-0.001936,0.04899,1800.0
4.3756E+03,-0.015426,-0.001937,0.04899,1800.0
4.3758E+03,-0.013430,-0.001179,0.04899,1800.0
4.3759E+03,-0.007591,0.001037,0.04899,1800.0
4.3760E+03,-0.000135,0.003868,0.04899,1800.0
4.3761E+03,0.006227,0.006283,0.04899,1800.0
4.3763E+03,0.008720,0.007229,0.04899,1800.0
4.3764E+03,0.008738,0.007206,0.04899,1800.0
4.3764E+03,0.009321,0.006407,0.04899,1800.0
4.3765E+03,0.010037,0.005182,0.04899,1800.0
4.3766E+03,0.010644,0.003763,0.04899,1800.0
4.3767E+03,0.011063,0.002278,0.04899,1800.0
4.3768E+03,0.011266,0.000807,0.04899,1800.0
4.3769E+03,0.011277,-0.000685,0.04899,1800.0
4.3770E+03,0.011083,-0.002197,0.04899,1800.0
4.3771E+03,0.010699,-0.003643,0.04899,1800.0
4.3772E+03,0.010150,-0.005011,0.04899,1800.0
4.3773E+03,0.009443,-0.006251,0.04899,1800.0
4.3774E+03,0.008460,-0.007512,0.04899,1800.0
4.3776E+03,0.007374,-0.008579,0.04899,1800.0
4.3777E+03,0.006181,-0.009470,0.04899,1800.0
4.3778E+03,0.004876,-0.010187,0.04899,1800.0
4.3779E+03,0.003477,-0.010740,0.04899,1800.0
4.3780E+03,0.002003,-0.011116,0.04899,1800.0
4.3781E+03,0.000508,-0.011286,0.04899,1800.0
4.3782E+03,-0.000982,-0.011254,0.04899,1800.0
4.3782E+03,-0.002318,-0.011065,0.04899,1800.0
4.3783E+03,-0.003722,-0.010685,0.04899,1800.0
4.3784E+03,-0.005193,-0.010056,0.04899,1800.0
4.3785E+03,-0.006427,-0.009308,0.04899,1800.0
4.3786E+03,-0.007584,-0.008389,0.04899,1800.0
4.3787E+03,-0.008622,-0.007317,0.04899,1800.0
4.3788E+03,-0.009524,-0.006088,0.04899,1800.0
4.3789E+03,-0.010234,-0.004769,0.04899,1800.0
4.3790E+03,-0.010792,-0.003321,0.04899,1800.0
4.3791E+03,-0.011138,-0.001835,0.04899,1800.0
4.3793E+03,-0.011292,-0.000351,0.04899,1800.0
4.3794E+03,-0.011237,0.001176,0.04899,1800.0
4.3795E+03,-0.010986,0.002653,0.04899,1800.0
4.3796E+03,-0.010552,0.004069,0.04899,1800.0
4.3797E+03,-0.009915,0.005448,0.04899,1800.0
4.3798E+03,-0.009112,0.006712,0.04899,1800.0
4.3799E+03,-0.008136,0.007868,0.04899,1800.0
4.3799E+03,-0.007164,0.008747,0.04899,1800.0
4.3800E+03,-0.005911,0.009624,0.04899,1800.0
4.3801E+03,-0.004574,0.010326,0.04899,1800.0
4.3802E+03,-0.003186,0.010842,0.04899,1800.0
4.3803E+03,-0.001739,0.011158,0.04899,1800.0
4.3804E+03,-0.000246,0.011291,0.04899,0.0
4.3805E+03,0.001274,0.011232,0.04899,0.0
4.3806E+03,0.002751,0.010968,0.04899,0.0
4.3807E+03,0.004248,0.010484,0.04899,1800.0
4.3808E+03,0.005543,0.009866,0.04899,1800.0
4.3809E+03,0.006815,0.009029,0.04899,1800.0
4.3811E+03,0.007950,0.008052,0.04899,1800.0
4.3812E+03,0.008593,0.007371,0.04899,1800.0
4.3813E+03,0.008720,0.007229,0.04899,1800.0
4.3814E+03,0.008752,0.007365,0.04899,1800.0
4.3815E+03,0.009122,0.008912,0.04899,1800.0
4.3817E+03,0.009418,0.010155,0.04899,1800.0
4.3817E+03,0.009287,0.010270,0.04899,1800.0
4.3818E+03,0.008634,0.010815,0.04899,1800.0
4.3819E+03,0.007408,0.011692,0.04899,1800.0
4.3820E+03,0.006116,0.012427,0.04899,1800.0
4.3821E+03,0.004759,0.012992,0.04899,1800.0
4.3822E+03,0.003331,0.013428,0.04899,1800.0
4.3823E+03,0.001823,0.013710,0.04899,1800.0
4.3824E+03,0.000334,0.013819,0.04899,1800.0
4.3825E+03,-0.001135,0.013776,0.04899,1800.0
4.3826E+03,-0.002643,0.013571,0.04899,1800.0
4.3828E+03,-0.004124,0.013191,0.04899,1800.0
4.3829E+03,-0.005501,0.012687,0.04899,1800.0
4.3830E+03,-0.006853,0.012012,0.04899,1800.0
4.3831E+03,-0.008154,0.011170,0.04899,1800.0
4.3832E+03,-0.009286,0.010270,0.04899,1800.0
4.3833E+03,-0.010412,0.009128,0.04899,1800.0
4.3834E+03,-0.011315,0.007970,0.04899,1800.0
4.3834E+03,-0.012031,0.006821,0.04899,1800.0
4.3835E+03,-0.012706,0.005444,0.04899,1800.0
4.3836E+03,-0.013215,0.004044,0.04899,1800.0
4.3837E+03,-0.013574,0.002633,0.04899,1800.0
4.3838E+03,-0.013768,0.001129,0.04899,1800.0
4.3839E+03,-0.013816,-0.000428,0.04899,1800.0
4.3840E+03,-0.013702,-0.001916,0.04899,1800.0
4.3841E+03,-0.013461,-0.003199,0.04899,1800.0
4.3842E+03,-0.013186,-0.004196,0.04899,1800.0
4.3843E+03,-0.012646,-0.005640,0.04899,1800.0
4.3844E+03,-0.011975,-0.006942,0.04899,1800.0
4.3846E+03,-0.011160,-0.008181,0.04899,1800.0
4.3847E+03,-0.010163,-0.009381,0.04899,1800.0
4.3848E+03,-0.009094,-0.010418,0.04899,1800.0
4.3849E+03,-0.007938,-0.011323,0.04899,1800.0
4.3850E+03,-0.006668,-0.012105,0.04899,1800.0
4.3851E+03,-0.005321,-0.012762,0.04899,1800.0
4.3851E+03,-0.004050,-0.013222,0.04899,1800.0
4.3852E+03,-0.002561,-0.013599,0.04899,1800.0
4.3853E+03,-0.001044,-0.013794,0.04899,1800.0
4.3854E+03,0.000421,-0.013842,0.04899,1800.0
4.3855E+03,0.001911,-0.013713,0.04899,1800.0
4.3856E+03,0.003423,-0.013402,0.04899,1800.0
4.3857E+03,0.004866,-0.012952,0.04899,1800.0
4.3858E+03,0.006206,-0.012360,0.04899,1800.0
4.3859E+03,0.007507,-0.011610,0.04899,1800.0
4.3860E+03,0.008765,-0.010690,0.04899,1800.0
4.3861E+03,0.009900,-0.009639,0.04899,1800.0
4.3863E+03,0.010881,-0.008536,0.04899,1800.0
4.3864E+03,0.011631,-0.007502,0.04899,1800.0
4.3865E+03,0.012201,-0.006514,0.04899,1800.0
4.3866E+03,0.012798,-0.005246,0.04899,1800.0
4.3867E+03,0.013312,-0.003800,0.04899,1800.0
4.3868E+03,0.013624,-0.002422,0.04899,1800.0
4.3868E+03,0.013793,-0.001017,0.04899,1800.0
4.3869E+03,0.013822,0.000505,0.04899,1800.0
4.3870E+03,0.013679,0.002019,0.04899,0.0
4.3871E+03,0.013371,0.003476,0.04899,0.0
4.3872E+03,0.012941,0.004868,0.04899,0.0
4.3873E+03,0.012324,0.006253,0.04899,1800.0
4.3874E+03,0.011560,0.007582,0.04899,1800.0
4.3875E+03,0.010820,0.008635,0.04899,1800.0
4.3876E+03,0.010184,0.009368,0.04899,1800.0
4.3877E+03,0.009422,0.010151,0.04899,1800.0
4.3880E+03,0.009418,0.010155,0.04899,1800.0
4.3881E+03,0.009924,0.008613,0.04899,1800.0
4.3883E+03,0.010017,0.008329,0.04899,1800.0
4.3884E+03,0.010310,0.007947,0.04899,1800.0
4.3885E+03,0.010966,0.006976,0.04899,1800.0
4.3885E+03,0.011630,0.005797,0.04899,1800.0
4.3886E+03,0.012224,0.004414,0.04899,1800.0
4.3887E+03,0.012678,0.002940,0.04899,1800.0
4.3888E+03,0.012941,0.001420,0.04899,1800.0
4.3889E+03,0.013031,-0.000119,0.04899,1800.0
4.3890E+03,0.012935,-0.001571,0.04899,1800.0
4.3891E+03,0.012638,-0.003068,0.04899,1800.0
4.3892E+03,0.012189,-0.004533,0.04899,1800.0
4.3893E+03,0.011586,-0.005903,0.04899,1800.0
4.3894E+03,0.010839,-0.007170,0.04899,1800.0
4.3895E+03,0.009953,-0.008360,0.04899,1800.0
4.3897E+03,0.008932,-0.009443,0.04899,1800.0
4.3898E+03,0.007798,-0.010408,0.04899,1800.0
4.3899E+03,0.006539,-0.011250,0.04899,1800.0
4.3900E+03,0.005163,-0.011938,0.04899,1800.0
4.3901E+03,0.003741,-0.012458,0.04899,1800.0
4.3902E+03,0.002306,-0.012807,0.04899,1800.0
4.3902E+03,0.000970,-0.012969,0.04899,1800.0
4.3903E+03,-0.000528,-0.012995,0.04899,1800.0
4.3904E+03,-0.002054,-0.012838,0.04899,1800.0
4.3905E+03,-0.003513,-0.012521,0.04899,1800.0
4.3906E+03,-0.004921,-0.012034,0.04899,1800.0
4.3907E+03,-0.006310,-0.011365,0.04899,1800.0
4.3908E+03,-0.007606,-0.010540,0.04899,1800.0
4.3909E+03,-0.008777,-0.009587,0.04899,1800.0
4.3910E+03,-0.009843,-0.008492,0.04899,1800.0
4.3911E+03,-0.010751,-0.007307,0.04899,1800.0
4.3912E+03,-0.011524,-0.006035,0.04899,1800.0
4.3914E+03,-0.012163,-0.004652,0.04899,1800.0
4.3915E+03,-0.012600,-0.003273,0.04899,1800.0
4.3916E+03,-0.012894,-0.001795,0.04899,1800.0
4.3917E+03,-0.013003,-0.000256,0.04899,1800.0
4.3918E+03,-0.012948,0.001236,0.04899,1800.0
4.3919E+03,-0.012710,0.002722,0.04899,1800.0
4.3919E+03,-0.012352,0.004030,0.04899,1800.0
4.3920E+03,-0.011810,0.005425,0.04899,1800.0
4.3921E+03,-0.011110,0.006746,0.04899,1800.0
4.3922E+03,-0.010252,0.007988,0.04899,1800.0
4.3923E+03,-0.009243,0.009162,0.04899,1800.0
4.3924E+03,-0.008181,0.010132,0.04899,1800.0
4.3925E+03,-0.006939,0.011022,0.04899,1800.0
4.3926E+03,-0.005655,0.011727,0.04899,1800.0
4.3927E+03,-0.004254,0.012292,0.04899,1800.0
4.3928E+03,-0.002788,0.012702,0.04899,1800.0
4.3929E+03,-0.001307,0.012930,0.04899,1800.0
4.3931E+03,0.000197,0.012992,0.04899,1800.0
