3.0774E+03,-0.011769,0.000580,0.03479,0.0
3.0775E+03,-0.011586,0.002114,0.03479,0.0
3.0776E+03,-0.011221,0.003605,0.03479,0.0
3.0777E+03,-0.010690,0.004983,0.03479,0.0
3.0778E+03,-0.009975,0.006298,0.03479,0.0
3.0779E+03,-0.009075,0.007544,0.03479,0.0
3.0780E+03,-0.008075,0.008590,0.03479,0.0
3.0781E+03,-0.007034,0.009458,0.03479,0.0
3.0782E+03,-0.006790,0.009654,0.03479,0.0
3.0783E+03,-0.006782,0.009660,0.03479,0.0
3.0991E+03,-0.014123,0.005593,0.03550,1800.0
3.0992E+03,-0.014159,0.005498,0.03550,1800.0
3.0993E+03,-0.014509,0.004435,0.03550,1800.0
3.0994E+03,-0.014841,0.003143,0.03550,1800.0
3.0995E+03,-0.015081,0.001676,0.03550,1800.0
3.0996E+03,-0.015170,0.000194,0.03550,1800.0
3.0997E+03,-0.015127,-0.001276,0.03550,1800.0
3.0998E+03,-0.014926,-0.002775,0.03550,1800.0
3.0999E+03,-0.014581,-0.004237,0.03550,1800.0
3.1000E+03,-0.014069,-0.005720,0.03550,1800.0
3.1001E+03,-0.013452,-0.007058,0.03550,1800.0
3.1002E+03,-0.012670,-0.008358,0.03550,1800.0
3.1003E+03,-0.011774,-0.009574,0.03550,1800.0
3.1004E+03,-0.010785,-0.010679,0.03550,1800.0
3.1005E+03,-0.009641,-0.011708,0.03550,1800.0
3.1006E+03,-0.008426,-0.012618,0.03550,1800.0
3.1007E+03,-0.007158,-0.013377,0.03550,1800.0
3.1008E+03,-0.005788,-0.014024,0.03550,1800.0
3.1009E+03,-0.004350,-0.014538,0.03550,1800.0
3.1010E+03,-0.002946,-0.014884,0.03550,1800.0
3.1011E+03,-0.001522,-0.015114,0.03550,1800.0
3.1012E+03,-0.000016,-0.015184,0.03550,1800.0
3.1013E+03,0.001455,-0.015110,0.03550,1800.0
3.1014E+03,0.002910,-0.014902,0.03550,1800.0
3.1015E+03,0.004331,-0.014541,0.03550,1800.0
3.1016E+03,0.005808,-0.014015,0.03550,1800.0
3.1017E+03,0.007195,-0.013355,0.03550,1800.0
3.1018E+03,0.008478,-0.012574,0.03550,1800.0
3.1019E+03,0.009683,-0.011687,0.03550,1800.0
3.1020E+03,0.010759,-0.010707,0.03550,1800.0
3.1021E+03,0.011753,-0.009577,0.03550,1800.0
3.1022E+03,0.012630,-0.008337,0.03550,1800.0
3.1023E+03,0.013430,-0.007103,0.03550,1800.0
3.1024E+03,0.014086,-0.005682,0.03550,1800.0
3.1025E+03,0.014558,-0.004308,0.03550,1800.0
3.1026E+03,0.014915,-0.002821,0.03550,1800.0
3.1027E+03,0.015115,-0.001311,0.03550,1800.0
3.1028E+03,0.015165,0.000074,0.03550,1800.0
3.1029E+03,0.015092,0.001562,0.03550,1800.0
3.1030E+03,0.014871,0.003012,0.03550,1800.0
3.1031E+03,0.014491,0.004497,0.03550,1800.0
3.1032E+03,0.013969,0.005941,0.03550,1800.0
3.1033E+03,0.013316,0.007290,0.03550,1800.0
3.1034E+03,0.012529,0.008581,0.03550,1800.0
3.1035E+03,0.011595,0.009815,0.03550,1800.0
3.1036E+03,0.010570,0.010903,0.03550,1800.0
3.1037E+03,0.009424,0.011899,0.03550,1800.0
3.1038E+03,0.008195,0.012770,0.03550,1800.0
3.1039E+03,0.006904,0.013516,0.03550,1800.0
3.1040E+03,0.005542,0.014118,0.03550,1800.0
3.1041E+03,0.004135,0.014600,0.03550,1800.0
3.1042E+03,0.002683,0.014932,0.03550,1800.0
3.1043E+03,0.001171,0.015127,0.03550,1800.0
3.1044E+03,-0.000363,0.015169,0.03550,1800.0
3.1045E+03,-0.001678,0.015088,0.03550,1800.0
3.1046E+03,-0.003137,0.014867,0.03550,1800.0
3.1047E+03,-0.004633,0.014459,0.03550,1800.0
3.1048E+03,-0.006024,0.013936,0.03550,0.0
3.1049E+03,-0.007402,0.013253,0.03550,0.0
3.1050E+03,-0.008662,0.012457,0.03550,0.0
3.1051E+03,-0.009870,0.011522,0.03550,0.0
3.1052E+03,-0.010977,0.010479,0.03550,0.0
3.1053E+03,-0.011949,0.009345,0.03550,1800.0
3.1054E+03,-0.012799,0.008144,0.03550,1800.0
3.1055E+03,-0.013525,0.006876,0.03550,1800.0
3.1056E+03,-0.014051,0.005779,0.03550,1800.0
3.1057E+03,-0.014123,0.005593,0.03550,1800.0
3.1058E+03,-0.013917,0.005704,0.03550,1800.0
3.1059E+03,-0.011538,0.006993,0.03550,1800.0
3.1060E+03,-0.007032,0.009434,0.03550,1800.0
3.1062E+03,-0.006412,0.009770,0.03550,1800.0
3.1063E+03,-0.005951,0.010043,0.03550,1800.0
3.1064E+03,-0.004875,0.010579,0.03550,1800.0
3.1065E+03,-0.003491,0.011117,0.03550,1800.0
3.1066E+03,-0.002046,0.011470,0.03550,1800.0
3.1067E+03,-0.000555,0.011644,0.03550,1800.0
3.1068E+03,0.000912,0.011621,0.03550,1800.0
3.1069E+03,0.002408,0.011422,0.03550,1800.0
3.1070E+03,0.003828,0.011027,0.03550,1800.0
3.1071E+03,0.005259,0.010417,0.03550,1800.0
3.1072E+03,0.006542,0.009647,0.03550,1800.0
3.1073E+03,0.007724,0.008729,0.03550,1800.0
3.1074E+03,0.008805,0.007631,0.03550,1800.0
3.1075E+03,0.009718,0.006430,0.03550,1800.0
3.1076E+03,0.010465,0.005115,0.03550,1800.0
3.1077E+03,0.011034,0.003745,0.03550,1800.0
3.1078E+03,0.011411,0.002311,0.03550,1800.0
3.1079E+03,0.011608,0.000941,0.03550,1800.0
3.1080E+03,0.011649,-0.000565,0.03550,1800.0
3.1081E+03,0.011499,-0.002031,0.03550,1800.0
3.1082E+03,0.011152,-0.003460,0.03550,1800.0
3.1083E+03,0.010568,-0.004940,0.03550,1800.0
3.1084E+03,0.009852,-0.006234,0.03550,1800.0
3.1085E+03,0.008975,-0.007426,0.03550,1800.0
3.1086E+03,0.007916,-0.008552,0.03550,1800.0
3.1087E+03,0.006740,-0.009501,0.03550,1800.0
3.1088E+03,0.005476,-0.010282,0.03550,1800.0
3.1089E+03,0.004109,-0.010909,0.03550,1800.0
3.1090E+03,0.002660,-0.011345,0.03550,1800.0
3.1091E+03,0.001180,-0.011600,0.03550,1800.0
3.1092E+03,-0.000247,-0.011668,0.03550,1800.0
3.1093E+03,-0.001773,-0.011534,0.03550,1800.0
3.1094E+03,-0.003313,-0.011199,0.03550,1800.0
3.1095E+03,-0.004706,-0.010672,0.03550,1800.0
3.1096E+03,-0.006011,-0.009995,0.03550,1800.0
3.1097E+03,-0.007135,-0.009209,0.03550,1800.0
3.1098E+03,-0.008248,-0.008227,0.03550,1800.0
3.1099E+03,-0.009224,-0.007115,0.03550,1800.0
3.1100E+03,-0.010075,-0.005856,0.03550,1800.0
3.1101E+03,-0.010760,-0.004469,0.03550,1800.0
3.1102E+03,-0.011259,-0.003034,0.03550,1800.0
3.1103E+03,-0.011548,-0.001615,0.03550,1800.0
3.1104E+03,-0.011671,-0.000098,0.03550,0.0
3.1105E+03,-0.011585,0.001460,0.03550,0.0
3.1106E+03,-0.011311,0.002868,0.03550,0.0
3.1107E+03,-0.010855,0.004277,0.03550,0.0
3.1108E+03,-0.010217,0.005607,0.03550,0.0
3.1109E+03,-0.009402,0.006888,0.03550,0.0
3.1110E+03,-0.008396,0.008068,0.03550,1800.0
3.1111E+03,-0.007278,0.009101,0.03550,1800.0
3.1112E+03,-0.006575,0.009653,0.03550,1800.0
3.1113E+03,-0.006412,0.009770,0.03550,1800.0
3.1114E+03,-0.006707,0.009145,0.03550,1800.0
3.1115E+03,-0.007909,0.006597,0.03550,1800.0
3.1116E+03,-0.011157,-0.000290,0.03550,1800.0
3.1117E+03,-0.012827,-0.003829,0.03550,1800.0
3.1119E+03,-0.012894,-0.003971,0.03550,1800.0
3.1120E+03,-0.012661,-0.004632,0.03550,1800.0
3.1121E+03,-0.012140,-0.005838,0.03550,1800.0
3.1122E+03,-0.011403,-0.007162,0.03550,1800.0
3.1123E+03,-0.010544,-0.008381,0.03550,1800.0
3.1124E+03,-0.009535,-0.009508,0.03550,1800.0
3.1125E+03,-0.008397,-0.010540,0.03550,1800.0
3.1126E+03,-0.007184,-0.011401,0.03550,1800.0
3.1127E+03,-0.005918,-0.012117,0.03550,1800.0
3.1128E+03,-0.004908,-0.012564,0.03550,1800.0
3.1129E+03,-0.003661,-0.012985,0.03550,1800.0
3.1130E+03,-0.002179,-0.013302,0.03550,1800.0
3.1131E+03,-0.000660,-0.013458,0.03550,1800.0
3.1132E+03,0.000664,-0.013455,0.03550,1800.0
3.1133E+03,0.002192,-0.013283,0.03550,1800.0
3.1134E+03,0.003704,-0.012951,0.03550,1800.0
3.1135E+03,0.005091,-0.012473,0.03550,1800.0
3.1136E+03,0.006408,-0.011848,0.03550,1800.0
3.1137E+03,0.007694,-0.011061,0.03550,1800.0
3.1138E+03,0.008809,-0.010209,0.03550,1800.0
3.1139E+03,0.009585,-0.009489,0.03550,1800.0
3.1140E+03,0.010601,-0.008340,0.03550,1800.0
3.1141E+03,0.011453,-0.007120,0.03550,1800.0
3.1142E+03,0.012149,-0.005842,0.03550,1800.0
3.1143E+03,0.012719,-0.004467,0.03550,1800.0
3.1144E+03,0.013127,-0.003018,0.03550,1800.0
3.1145E+03,0.013358,-0.001787,0.03550,1800.0
3.1146E+03,0.013459,-0.000506,0.03550,1800.0
3.1147E+03,0.013434,0.000942,0.03550,1800.0
3.1148E+03,0.013248,0.002419,0.03550,1800.0
3.1149E+03,0.012947,0.003742,0.03550,1800.0
3.1150E+03,0.012435,0.005232,0.03550,1800.0
3.1151E+03,0.011824,0.006498,0.03550,1800.0
3.1152E+03,0.010976,0.007843,0.03550,1800.0
3.1153E+03,0.010042,0.008991,0.03550,1800.0
3.1154E+03,0.009087,0.009947,0.03550,1800.0
3.1155E+03,0.008174,0.010716,0.03550,1800.0
3.1156E+03,0.007008,0.011504,0.03550,1800.0
3.1157E+03,0.005662,0.012219,0.03550,1800.0
3.1158E+03,0.004278,0.012774,0.03550,1800.0
3.1159E+03,0.002842,0.013166,0.03550,1800.0
3.1160E+03,0.001362,0.013400,0.03550,1800.0
3.1161E+03,-0.000135,0.013480,0.03550,1800.0
3.1162E+03,-0.001582,0.013386,0.03550,1800.0
3.1163E+03,-0.003077,0.013129,0.03550,1800.0
3.1164E+03,-0.004526,0.012706,0.03550,1800.0
3.1165E+03,-0.005964,0.012086,0.03550,1800.0
3.1166E+03,-0.007146,0.011419,0.03550,1800.0
3.1167E+03,-0.008369,0.010557,0.03550,1800.0
3.1168E+03,-0.009478,0.009572,0.03550,1800.0
3.1169E+03,-0.010471,0.008466,0.03550,1800.0
3.1170E+03,-0.011349,0.007250,0.03550,1800.0
3.1171E+03,-0.012095,0.005912,0.03550,0.0
3.1172E+03,-0.012703,0.004493,0.03550,0.0
3.1173E+03,-0.013120,0.003097,0.03550,0.0
3.1174E+03,-0.013389,0.001614,0.03550,0.0
3.1175E+03,-0.013491,0.000089,0.03550,1800.0
3.1176E+03,-0.013412,-0.001407,0.03550,1800.0
3.1177E+03,-0.013177,-0.002852,0.03550,1800.0
3.1178E+03,-0.012952,-0.003759,0.03550,1800.0
3.1179E+03,-0.012894,-0.003971,0.03550,1800.0
3.1180E+03,-0.012734,-0.003535,0.03550,1800.0
3.1181E+03,-0.011312,0.000353,0.03550,1800.0
3.1182E+03,-0.008788,0.007248,0.03550,1800.0
3.1183E+03,-0.007405,0.011028,0.03550,1800.0
3.1184E+03,-0.007344,0.011194,0.03550,1800.0
3.1185E+03,-0.007277,0.011234,0.03550,1800.0
3.1186E+03,-0.006790,0.011518,0.03550,1800.0
3.1187E+03,-0.005457,0.012212,0.03550,1800.0
3.1188E+03,-0.004031,0.012745,0.03550,1800.0
3.1189E+03,-0.002562,0.013117,0.03550,1800.0
3.1190E+03,-0.001112,0.013307,0.03550,1800.0
3.1191E+03,0.000374,0.013349,0.03550,1800.0
3.1192E+03,0.001867,0.013223,0.03550,1800.0
3.1193E+03,0.003352,0.012927,0.03550,1800.0
3.1194E+03,0.004785,0.012470,0.03550,1800.0
3.1195E+03,0.006154,0.011851,0.03550,1800.0
3.1196E+03,0.007492,0.011063,0.03550,1800.0
3.1197E+03,0.008672,0.010181,0.03550,1800.0
3.1198E+03,0.009750,0.009148,0.03550,1800.0
3.1199E+03,0.010708,0.008010,0.03550,1800.0
3.1200E+03,0.011574,0.006682,0.03550,1800.0
3.1201E+03,0.012186,0.005480,0.03550,1800.0
3.1202E+03,0.012712,0.004110,0.03550,1800.0
3.1203E+03,0.013087,0.002643,0.03550,1800.0
3.1204E+03,0.013302,0.001134,0.03550,1800.0
3.1205E+03,0.013355,-0.000339,0.03550,1800.0
3.1206E+03,0.013234,-0.001828,0.03550,1800.0
3.1207E+03,0.012922,-0.003375,0.03550,1800.0
3.1208E+03,0.012477,-0.004803,0.03550,1800.0
3.1209E+03,0.011862,-0.006164,0.03550,1800.0
3.1210E+03,0.011101,-0.007471,0.03550,1800.0
3.1211E+03,0.010190,-0.008653,0.03550,1800.0
3.1212E+03,0.009171,-0.009719,0.03550,1800.0
3.1213E+03,0.008023,-0.010680,0.03550,1800.0
3.1214E+03,0.006777,-0.011514,0.03550,1800.0
3.1215E+03,0.005396,-0.012211,0.03550,1800.0
3.1216E+03,0.003992,-0.012740,0.03550,1800.0
3.1217E+03,0.002573,-0.013107,0.03550,1800.0
3.1218E+03,0.001215,-0.013299,0.03550,1800.0
3.1219E+03,-0.000335,-0.013368,0.03550,1800.0
3.1220E+03,-0.001788,-0.013250,0.03550,1800.0
3.1221E+03,-0.003246,-0.012970,0.03550,1800.0
3.1222E+03,-0.004690,-0.012526,0.03550,1800.0
3.1223E+03,-0.006128,-0.011885,0.03550,1800.0
3.1224E+03,-0.007405,-0.011121,0.03550,1800.0
3.1225E+03,-0.008596,-0.010223,0.03550,1800.0
3.1226E+03,-0.009673,-0.009201,0.03550,1800.0
3.1227E+03,-0.010632,-0.008079,0.03550,1800.0
3.1228E+03,-0.011473,-0.006848,0.03550,1800.0
3.1229E+03,-0.012176,-0.005487,0.03550,1800.0
3.1230E+03,-0.012727,-0.004045,0.03550,1800.0
3.1231E+03,-0.013110,-0.002602,0.03550,1800.0
3.1232E+03,-0.013322,-0.001162,0.03550,1800.0
3.1233E+03,-0.013367,0.000381,0.03550,1800.0
