4.0516E+03,-0.001692,0.013149,0.04615,0.0
4.0517E+03,-0.000128,0.013241,0.04615,0.0
4.0518E+03,0.001354,0.013174,0.04615,0.0
4.0519E+03,0.002814,0.012936,0.04615,0.0
4.0520E+03,0.004017,0.012634,0.04615,0.0
4.0521E+03,0.005040,0.012257,0.04615,0.0
4.0522E+03,0.006250,0.011701,0.04615,0.0
4.0525E+03,0.006872,0.011358,0.04615,0.0
4.0992E+03,-0.017051,0.000708,0.04686,1800.0
4.0993E+03,-0.017055,0.000166,0.04686,1800.0
4.0994E+03,-0.017008,-0.001118,0.04686,1800.0
4.0995E+03,-0.016901,-0.002241,0.04686,1800.0
4.0996E+03,-0.016672,-0.003529,0.04686,1800.0
4.0997E+03,-0.016289,-0.005009,0.04686,1800.0
4.0998E+03,-0.015776,-0.006438,0.04686,1800.0
4.0999E+03,-0.015159,-0.007790,0.04686,1800.0
4.1000E+03,-0.014494,-0.008985,0.04686,1800.0
4.1001E+03,-0.013653,-0.010225,0.04686,1800.0
4.1002E+03,-0.012724,-0.011356,0.04686,1800.0
4.1003E+03,-0.011673,-0.012433,0.04686,1800.0
4.1004E+03,-0.010493,-0.013446,0.04686,1800.0
4.1005E+03,-0.009256,-0.014307,0.04686,1800.0
4.1006E+03,-0.007944,-0.015077,0.04686,1800.0
4.1007E+03,-0.006580,-0.015722,0.04686,1800.0
4.1008E+03,-0.005200,-0.016234,0.04686,1800.0
4.1009E+03,-0.003772,-0.016620,0.04686,1800.0
4.1010E+03,-0.002257,-0.016888,0.04686,1800.0
4.1011E+03,-0.000714,-0.017036,0.04686,1800.0
4.1012E+03,0.000764,-0.017034,0.04686,1800.0
4.1013E+03,0.002242,-0.016905,0.04686,1800.0
4.1014E+03,0.003686,-0.016655,0.04686,1800.0
4.1015E+03,0.005205,-0.016250,0.04686,1800.0
4.1016E+03,0.006630,-0.015709,0.04686,1800.0
4.1017E+03,0.007830,-0.015138,0.04686,1800.0
4.1018E+03,0.009148,-0.014380,0.04686,1800.0
4.1019E+03,0.010390,-0.013503,0.04686,1800.0
4.1020E+03,0.011555,-0.012524,0.04686,1800.0
4.1021E+03,0.012610,-0.011463,0.04686,1800.0
4.1022E+03,0.013545,-0.010346,0.04686,1800.0
4.1023E+03,0.014425,-0.009090,0.04686,1800.0
4.1024E+03,0.015161,-0.007795,0.04686,1800.0
4.1025E+03,0.015775,-0.006490,0.04686,1800.0
4.1026E+03,0.016107,-0.005608,0.04686,1800.0
4.1027E+03,0.016521,-0.004222,0.04686,1800.0
4.1028E+03,0.016829,-0.002750,0.04686,1800.0
4.1029E+03,0.017000,-0.001207,0.04686,1800.0
4.1030E+03,0.017039,0.000287,0.04686,1800.0
4.1031E+03,0.016952,0.001757,0.04686,1800.0
4.1032E+03,0.016723,0.003281,0.04686,1800.0
4.1033E+03,0.016357,0.004767,0.04686,1800.0
4.1034E+03,0.016002,0.005896,0.04686,1800.0
4.1035E+03,0.015623,0.006819,0.04686,1800.0
4.1036E+03,0.014983,0.008145,0.04686,1800.0
4.1037E+03,0.014196,0.009472,0.04686,1800.0
4.1038E+03,0.013308,0.010668,0.04686,1800.0
4.1039E+03,0.012326,0.011773,0.04686,1800.0
4.1040E+03,0.011239,0.012814,0.04686,1800.0
4.1041E+03,0.010040,0.013771,0.04686,1800.0
4.1042E+03,0.008793,0.014594,0.04686,1800.0
4.1043E+03,0.007491,0.015309,0.04686,1800.0
4.1044E+03,0.006073,0.015919,0.04686,1800.0
4.1045E+03,0.004611,0.016410,0.04686,1800.0
4.1046E+03,0.003161,0.016747,0.04686,1800.0
4.1047E+03,0.001713,0.016964,0.04686,1800.0
4.1048E+03,0.000251,0.017056,0.04686,1800.0
4.1049E+03,-0.001290,0.017011,0.04686,1800.0
4.1050E+03,-0.002820,0.016813,0.04686,1800.0
4.1051E+03,-0.004318,0.016499,0.04686,1800.0
4.1052E+03,-0.005579,0.016109,0.04686,1800.0
4.1053E+03,-0.006949,0.015559,0.04686,1800.0
4.1054E+03,-0.008321,0.014869,0.04686,1800.0
4.1055E+03,-0.009637,0.014060,0.04686,1800.0
4.1056E+03,-0.010831,0.013159,0.04686,1800.0
4.1057E+03,-0.011942,0.012158,0.04686,1800.0
4.1058E+03,-0.012991,0.011040,0.04686,1800.0
4.1059E+03,-0.013914,0.009862,0.04686,0.0
4.1060E+03,-0.014718,0.008617,0.04686,0.0
4.1061E+03,-0.015435,0.007251,0.04686,0.0
4.1062E+03,-0.015993,0.005920,0.04686,0.0
4.1063E+03,-0.016459,0.004444,0.04686,0.0
4.1064E+03,-0.016780,0.002988,0.04686,0.0
4.1065E+03,-0.016946,0.001873,0.04686,1800.0
4.1066E+03,-0.017025,0.001057,0.04686,1800.0
4.1067E+03,-0.017051,0.000708,0.04686,1800.0
4.1068E+03,-0.016891,0.000756,0.04686,1800.0
4.1069E+03,-0.014982,0.001325,0.04686,1800.0
4.1070E+03,-0.008053,0.003392,0.04686,1800.0
4.1071E+03,-0.000230,0.005726,0.04686,1800.0
4.1072E+03,0.005996,0.007584,0.04686,1800.0
4.1073E+03,0.006147,0.007629,0.04686,1800.0
4.1074E+03,0.006168,0.007635,0.04686,1800.0
4.1075E+03,0.006529,0.007313,0.04686,1800.0
4.1076E+03,0.007345,0.006470,0.04686,1800.0
4.1077E+03,0.008217,0.005291,0.04686,1800.0
4.1078E+03,0.008949,0.003929,0.04686,1800.0
4.1079E+03,0.009451,0.002492,0.04686,1800.0
4.1080E+03,0.009720,0.001041,0.04686,1800.0
4.1081E+03,0.009775,-0.000472,0.04686,1800.0
4.1082E+03,0.009590,-0.001972,0.04686,1800.0
4.1083E+03,0.009191,-0.003408,0.04686,1800.0
4.1084E+03,0.008549,-0.004798,0.04686,1800.0
4.1085E+03,0.007710,-0.006071,0.04686,1800.0
4.1086E+03,0.006786,-0.007045,0.04686,1800.0
4.1087E+03,0.005654,-0.007979,0.04686,1800.0
4.1088E+03,0.004345,-0.008760,0.04686,1800.0
4.1089E+03,0.002952,-0.009318,0.04686,1800.0
4.1090E+03,0.001485,-0.009661,0.04686,1800.0
4.1091E+03,-0.000051,-0.009774,0.04686,1800.0
4.1092E+03,-0.001537,-0.009665,0.04686,1800.0
4.1093E+03,-0.002954,-0.009328,0.04686,1800.0
4.1094E+03,-0.004330,-0.008782,0.04686,1800.0
4.1095E+03,-0.005604,-0.008039,0.04686,1800.0
4.1096E+03,-0.006817,-0.007053,0.04686,1800.0
4.1097E+03,-0.007817,-0.005880,0.04686,1800.0
4.1098E+03,-0.008601,-0.004679,0.04686,1800.0
4.1099E+03,-0.009226,-0.003244,0.04686,1800.0
4.1100E+03,-0.009614,-0.001786,0.04686,1800.0
4.1101E+03,-0.009769,-0.000299,0.04686,1800.0
4.1102E+03,-0.009701,0.001216,0.04686,1800.0
4.1103E+03,-0.009441,0.002542,0.04686,1800.0
4.1104E+03,-0.008963,0.003924,0.04686,1800.0
4.1105E+03,-0.008290,0.005207,0.04686,1800.0
4.1106E+03,-0.007379,0.006446,0.04686,1800.0
4.1107E+03,-0.006314,0.007498,0.04686,1800.0
4.1108E+03,-0.005061,0.008393,0.04686,0.0
4.1109E+03,-0.003721,0.009054,0.04686,0.0
4.1110E+03,-0.002263,0.009515,0.04686,0.0
4.1111E+03,-0.000774,0.009750,0.04686,0.0
4.1112E+03,0.000693,0.009740,0.04686,0.0
4.1113E+03,0.002183,0.009528,0.04686,1800.0
4.1114E+03,0.003614,0.009085,0.04686,1800.0
4.1115E+03,0.004921,0.008450,0.04686,1800.0
4.1116E+03,0.005883,0.007844,0.04686,1800.0
4.1117E+03,0.006168,0.007635,0.04686,1800.0
4.1118E+03,0.006123,0.007857,0.04686,1800.0
4.1119E+03,0.005679,0.010032,0.04686,1800.0
4.1120E+03,0.004889,0.013904,0.04686,1800.0
4.1122E+03,0.004744,0.014617,0.04686,1800.0
4.1123E+03,0.004332,0.014734,0.04686,1800.0
4.1124E+03,0.003141,0.015009,0.04686,1800.0
4.1125E+03,0.001620,0.015255,0.04686,1800.0
4.1126E+03,0.000127,0.015339,0.04686,1800.0
4.1127E+03,-0.001361,0.015285,0.04686,1800.0
4.1128E+03,-0.002870,0.015075,0.04686,1800.0
4.1129E+03,-0.004342,0.014722,0.04686,1800.0
4.1130E+03,-0.005746,0.014239,0.04686,1800.0
4.1131E+03,-0.007043,0.013647,0.04686,1800.0
4.1132E+03,-0.008416,0.012833,0.04686,1800.0
4.1133E+03,-0.009617,0.011958,0.04686,1800.0
4.1134E+03,-0.010735,0.010969,0.04686,1800.0
4.1135E+03,-0.011776,0.009830,0.04686,1800.0
4.1136E+03,-0.012684,0.008627,0.04686,1800.0
4.1137E+03,-0.013389,0.007492,0.04686,1800.0
4.1138E+03,-0.014044,0.006165,0.04686,1800.0
4.1139E+03,-0.014579,0.004793,0.04686,1800.0
4.1140E+03,-0.014962,0.003443,0.04686,1800.0
4.1141E+03,-0.015164,0.002395,0.04686,1800.0
4.1142E+03,-0.015325,0.000989,0.04686,1800.0
4.1143E+03,-0.015355,-0.000510,0.04686,1800.0
4.1144E+03,-0.015209,-0.002009,0.04686,1800.0
4.1145E+03,-0.015050,-0.003031,0.04686,1800.0
4.1146E+03,-0.014716,-0.004331,0.04686,1800.0
4.1147E+03,-0.014206,-0.005778,0.04686,1800.0
4.1148E+03,-0.013581,-0.007128,0.04686,1800.0
4.1149E+03,-0.012815,-0.008418,0.04686,1800.0
4.1150E+03,-0.011904,-0.009675,0.04686,1800.0
4.1151E+03,-0.010909,-0.010798,0.04686,1800.0
4.1152E+03,-0.009793,-0.011817,0.04686,1800.0
4.1153E+03,-0.008604,-0.012711,0.04686,1800.0
4.1154E+03,-0.007482,-0.013416,0.04686,1800.0
4.1155E+03,-0.006160,-0.014057,0.04686,1800.0
4.1156E+03,-0.004681,-0.014612,0.04686,1800.0
4.1157E+03,-0.003203,-0.015006,0.04686,1800.0
4.1158E+03,-0.001775,-0.015238,0.04686,1800.0
4.1159E+03,-0.000310,-0.015340,0.04686,1800.0
4.1160E+03,0.001201,-0.015289,0.04686,1800.0
4.1161E+03,0.002710,-0.015102,0.04686,1800.0
4.1162E+03,0.004190,-0.014761,0.04686,1800.0
4.1163E+03,0.005627,-0.014277,0.04686,1800.0
4.1164E+03,0.007013,-0.013654,0.04686,1800.0
4.1165E+03,0.008337,-0.012889,0.04686,1800.0
4.1166E+03,0.009510,-0.012059,0.04686,1800.0
4.1167E+03,0.010703,-0.011002,0.04686,1800.0
4.1168E+03,0.011676,-0.009959,0.04686,1800.0
4.1169E+03,0.012588,-0.008781,0.04686,1800.0
4.1170E+03,0.013409,-0.007444,0.04686,1800.0
4.1171E+03,0.014073,-0.006097,0.04686,1800.0
4.1172E+03,0.014550,-0.004871,0.04686,1800.0
4.1173E+03,0.014912,-0.003630,0.04686,1800.0
4.1174E+03,0.015133,-0.002532,0.04686,1800.0
4.1175E+03,0.015309,-0.001106,0.04686,1800.0
4.1176E+03,0.015344,0.000401,0.04686,1800.0
4.1177E+03,0.015233,0.001949,0.04686,1800.0
4.1178E+03,0.014955,0.003468,0.04686,1800.0
4.1179E+03,0.014553,0.004872,0.04686,1800.0
4.1180E+03,0.013997,0.006289,0.04686,1800.0
4.1181E+03,0.013318,0.007616,0.04686,1800.0
4.1182E+03,0.012524,0.008857,0.04686,0.0
4.1183E+03,0.011587,0.010050,0.04686,0.0
4.1184E+03,0.010516,0.011166,0.04686,0.0
4.1185E+03,0.009367,0.012146,0.04686,1800.0
4.1186E+03,0.008160,0.012993,0.04686,1800.0
4.1187E+03,0.006865,0.013722,0.04686,1800.0
4.1188E+03,0.005542,0.014325,0.04686,1800.0
4.1189E+03,0.004794,0.014599,0.04686,1800.0
4.1190E+03,0.004744,0.014617,0.04686,1800.0
4.1191E+03,0.004817,0.014451,0.04686,1800.0
4.1192E+03,0.006469,0.010722,0.04686,1800.0
4.1193E+03,0.007242,0.008978,0.04686,1800.0
4.1194E+03,0.007258,0.008941,0.04686,1800.0
4.1195E+03,0.007462,0.008759,0.04686,1800.0
4.1196E+03,0.008140,0.008090,0.04686,1800.0
4.1197E+03,0.009114,0.006994,0.04686,1800.0
4.1198E+03,0.009939,0.005766,0.04686,1800.0
4.1199E+03,0.010635,0.004342,0.04686,1800.0
4.1200E+03,0.011117,0.002931,0.04686,1800.0
4.1201E+03,0.011412,0.001488,0.04686,1800.0
4.1202E+03,0.011503,0.000002,0.04686,1800.0
4.1203E+03,0.011396,-0.001490,0.04686,1800.0
4.1204E+03,0.011083,-0.002987,0.04686,1800.0
4.1205E+03,0.010607,-0.004411,0.04686,1800.0
4.1206E+03,0.010010,-0.005622,0.04686,1800.0
4.1207E+03,0.009187,-0.006886,0.04686,1800.0
4.1208E+03,0.008205,-0.008025,0.04686,1800.0
4.1209E+03,0.007103,-0.009031,0.04686,1800.0
4.1210E+03,0.005890,-0.009882,0.04686,1800.0
4.1211E+03,0.004595,-0.010583,0.04686,1800.0
4.1212E+03,0.003120,-0.011068,0.04686,1800.0
4.1213E+03,0.001652,-0.011386,0.04686,1800.0
4.1214E+03,0.000075,-0.011494,0.04686,1800.0
4.1215E+03,-0.001362,-0.011407,0.04686,1800.0
4.1216E+03,-0.002825,-0.011130,0.04686,1800.0
4.1217E+03,-0.004311,-0.010638,0.04686,1800.0
4.1218E+03,-0.005654,-0.010000,0.04686,1800.0
4.1219E+03,-0.006893,-0.009178,0.04686,1800.0
4.1220E+03,-0.008061,-0.008170,0.04686,1800.0
4.1221E+03,-0.009070,-0.007054,0.04686,1800.0
4.1222E+03,-0.009910,-0.005829,0.04686,1800.0
4.1223E+03,-0.010512,-0.004668,0.04686,1800.0
4.1224E+03,-0.011025,-0.003270,0.04686,1800.0
4.1225E+03,-0.011366,-0.001742,0.04686,1800.0
4.1226E+03,-0.011489,-0.000268,0.04686,1800.0
4.1227E+03,-0.011412,0.001270,0.04686,1800.0
4.1228E+03,-0.011138,0.002768,0.04686,1800.0
4.1229E+03,-0.010690,0.004198,0.04686,1800.0
4.1230E+03,-0.010068,0.005532,0.04686,1800.0
4.1231E+03,-0.009252,0.006796,0.04686,1800.0
4.1232E+03,-0.008266,0.007962,0.04686,1800.0
4.1233E+03,-0.007191,0.008962,0.04686,1800.0
4.1234E+03,-0.005964,0.009823,0.04686,1800.0
4.1235E+03,-0.004576,0.010552,0.04686,1800.0
4.1236E+03,-0.003208,0.011045,0.04686,0.0
4.1237E+03,-0.001697,0.011373,0.04686,0.0
4.1238E+03,-0.000203,0.011499,0.04686,0.0
4.1239E+03,0.001289,0.011413,0.04686,0.0
4.1240E+03,0.002618,0.011172,0.04686,0.0
4.1241E+03,0.004036,0.010747,0.04686,0.0
4.1242E+03,0.005384,0.010148,0.04686,1800.0
4.1243E+03,0.006560,0.009445,0.04686,1800.0
4.1244E+03,0.007258,0.008941,0.04686,1800.0
4.1245E+03,0.007256,0.008941,0.04686,1800.0
4.1246E+03,0.006711,0.008891,0.04686,1800.0
4.1247E+03,0.001047,0.008370,0.04686,1800.0
4.1248E+03,-0.007047,0.007626,0.04686,1800.0
4.1249E+03,-0.011057,0.007258,0.04686,1800.0
4.1251E+03,-0.011610,0.007207,0.04686,1800.0
4.1252E+03,-0.011964,0.006574,0.04686,1800.0
4.1253E+03,-0.012521,0.005403,0.04686,1800.0
4.1254E+03,-0.013036,0.003973,0.04686,1800.0
4.1255E+03,-0.013407,0.002508,0.04686,1800.0
4.1256E+03,-0.013603,0.001054,0.04686,1800.0
4.1257E+03,-0.013640,-0.000302,0.04686,1800.0
4.1258E+03,-0.013536,-0.001796,0.04686,1800.0
4.1259E+03,-0.013247,-0.003336,0.04686,1800.0
4.1260E+03,-0.012778,-0.004775,0.04686,1800.0
4.1261E+03,-0.012197,-0.006108,0.04686,1800.0
4.1262E+03,-0.011433,-0.007440,0.04686,1800.0
4.1263E+03,-0.010528,-0.008663,0.04686,1800.0
4.1264E+03,-0.009519,-0.009770,0.04686,1800.0
4.1265E+03,-0.008367,-0.010763,0.04686,1800.0
4.1266E+03,-0.007122,-0.011632,0.04686,1800.0
4.1267E+03,-0.005847,-0.012325,0.04686,1800.0
4.1268E+03,-0.004513,-0.012875,0.04686,1800.0
4.1269E+03,-0.002981,-0.013314,0.04686,1800.0
4.1270E+03,-0.001534,-0.013571,0.04686,1800.0
4.1271E+03,-0.000053,-0.013653,0.04686,1800.0
4.1272E+03,0.001542,-0.013567,0.04686,1800.0
4.1273E+03,0.002908,-0.013316,0.04686,1800.0
4.1274E+03,0.004393,-0.012909,0.04686,1800.0
4.1275E+03,0.005706,-0.012385,0.04686,1800.0
4.1276E+03,0.006995,-0.011708,0.04686,1800.0
4.1277E+03,0.008206,-0.010887,0.04686,1800.0
4.1278E+03,0.009389,-0.009887,0.04686,1800.0
4.1279E+03,0.010429,-0.008796,0.04686,1800.0
4.1280E+03,0.011322,-0.007608,0.04686,1800.0
4.1281E+03,0.012110,-0.006295,0.04686,1800.0
4.1282E+03,0.012743,-0.004925,0.04686,1800.0
4.1283E+03,0.013193,-0.003505,0.04686,1800.0
4.1284E+03,0.013492,-0.002052,0.04686,1800.0
4.1285E+03,0.013636,-0.000483,0.04686,1800.0
4.1286E+03,0.013598,0.001006,0.04686,1800.0
4.1287E+03,0.013413,0.002479,0.04686,1800.0
4.1288E+03,0.013055,0.003935,0.04686,1800.0
4.1289E+03,0.012528,0.005376,0.04686,1800.0
4.1290E+03,0.011845,0.006756,0.04686,1800.0
4.1291E+03,0.011041,0.008016,0.04686,1800.0
4.1292E+03,0.010211,0.009052,0.04686,1800.0
4.1293E+03,0.009187,0.010102,0.04686,1800.0
4.1294E+03,0.007952,0.011107,0.04686,1800.0
4.1295E+03,0.006691,0.011899,0.04686,1800.0
4.1296E+03,0.005351,0.012554,0.04686,1800.0
4.1297E+03,0.003946,0.013060,0.04686,1800.0
4.1298E+03,0.002513,0.013402,0.04686,1800.0
4.1299E+03,0.001017,0.013599,0.04686,1800.0
4.1300E+03,-0.000509,0.013630,0.04686,1800.0
4.1301E+03,-0.001999,0.013486,0.04686,1800.0
4.1302E+03,-0.003462,0.013192,0.04686,0.0
4.1303E+03,-0.004911,0.012730,0.04686,0.0
4.1304E+03,-0.006289,0.012108,0.04686,0.0
4.1305E+03,-0.007580,0.011360,0.04686,0.0
4.1306E+03,-0.008838,0.010411,0.04686,0.0
4.1307E+03,-0.009870,0.009433,0.04686,0.0
4.1308E+03,-0.010854,0.008276,0.04686,1800.0
4.1309E+03,-0.011424,0.007481,0.04686,1800.0
4.1310E+03,-0.011610,0.007207,0.04686,1800.0
4.1311E+03,-0.011582,0.007211,0.04686,1800.0
4.1312E+03,-0.008757,0.007642,0.04686,1800.0
4.1313E+03,-0.001872,0.008690,0.04686,1800.0
4.1314E+03,0.005096,0.009752,0.04686,1800.0
4.1316E+03,0.008347,0.010247,0.04686,1800.0
4.1317E+03,0.008352,0.010243,0.04686,1800.0
4.1318E+03,0.009179,0.009503,0.04686,1800.0
4.1319E+03,0.010180,0.008405,0.04686,1800.0
4.1320E+03,0.011057,0.007201,0.04686,1800.0
4.1321E+03,0.011819,0.005864,0.04686,1800.0
4.1322E+03,0.012398,0.004480,0.04686,1800.0
4.1323E+03,0.012825,0.003029,0.04686,1800.0
4.1324E+03,0.013089,0.001549,0.04686,1800.0
4.1325E+03,0.013178,0.000062,0.04686,1800.0
4.1326E+03,0.013123,-0.001301,0.04686,1800.0
4.1327E+03,0.012901,-0.002798,0.04686,1800.0
4.1328E+03,0.012518,-0.004206,0.04686,1800.0
4.1329E+03,0.011931,-0.005678,0.04686,1800.0
4.1330E+03,0.011218,-0.006963,0.04686,1800.0
4.1331E+03,0.010379,-0.008153,0.04686,1800.0
4.1332E+03,0.009363,-0.009287,0.04686,1800.0
4.1333E+03,0.008222,-0.010303,0.04686,1800.0
4.1334E+03,0.006989,-0.011176,0.04686,1800.0
4.1335E+03,0.005693,-0.011883,0.04686,1800.0
4.1336E+03,0.004297,-0.012459,0.04686,1800.0
4.1337E+03,0.002795,-0.012886,0.04686,1800.0
4.1338E+03,0.001304,-0.013131,0.04686,1800.0
4.1339E+03,-0.000168,-0.013197,0.04686,1800.0
4.1340E+03,-0.001558,-0.013104,0.04686,1800.0
4.1341E+03,-0.003150,-0.012828,0.04686,1800.0
4.1342E+03,-0.004552,-0.012393,0.04686,1800.0
4.1343E+03,-0.005812,-0.011836,0.04686,1800.0
4.1344E+03,-0.007135,-0.011088,0.04686,1800.0
4.1345E+03,-0.008336,-0.010207,0.04686,1800.0
4.1346E+03,-0.009442,-0.009193,0.04686,1800.0
4.1347E+03,-0.010441,-0.008050,0.04686,1800.0
4.1348E+03,-0.011290,-0.006806,0.04686,1800.0
4.1349E+03,-0.012009,-0.005480,0.04686,1800.0
4.1350E+03,-0.012567,-0.004042,0.04686,1800.0
4.1351E+03,-0.012940,-0.002631,0.04686,1800.0
4.1352E+03,-0.013160,-0.001146,0.04686,1800.0
4.1353E+03,-0.013203,0.000312,0.04686,1800.0
4.1354E+03,-0.013053,0.001898,0.04686,1800.0
4.1355E+03,-0.012751,0.003375,0.04686,1800.0
4.1356E+03,-0.012285,0.004783,0.04686,1800.0
4.1357E+03,-0.011659,0.006151,0.04686,1800.0
4.1358E+03,-0.010888,0.007438,0.04686,1800.0
4.1359E+03,-0.009993,0.008618,0.04686,1800.0
4.1360E+03,-0.009070,0.009579,0.04686,1800.0
4.1361E+03,-0.007922,0.010557,0.04686,1800.0
4.1362E+03,-0.006627,0.011418,0.04686,1800.0
4.1363E+03,-0.005325,0.012081,0.04686,1800.0
4.1364E+03,-0.003935,0.012604,0.04686,1800.0
