4.8239E+03,0.004804,0.011752,0.05254,0.0
4.8240E+03,0.006183,0.011085,0.05254,0.0
4.8241E+03,0.007439,0.010292,0.05254,0.0
4.8242E+03,0.008641,0.009304,0.05254,0.0
4.8243E+03,0.009696,0.008217,0.05254,0.0
4.8245E+03,0.010588,0.007026,0.05254,0.0
4.8246E+03,0.011306,0.005789,0.05254,0.0
4.8247E+03,0.011588,0.005226,0.05254,0.0
4.8249E+03,0.011643,0.005107,0.05254,0.0
4.8715E+03,0.016661,0.005725,0.05325,1800.0
4.8716E+03,0.016475,0.006214,0.05325,1800.0
4.8717E+03,0.016007,0.007316,0.05325,1800.0
4.8718E+03,0.015338,0.008648,0.05325,1800.0
4.8719E+03,0.014509,0.009979,0.05325,1800.0
4.8720E+03,0.013621,0.011166,0.05325,1800.0
4.8721E+03,0.012668,0.012241,0.05325,1800.0
4.8722E+03,0.011559,0.013290,0.05325,1800.0
4.8723E+03,0.010394,0.014227,0.05325,1800.0
4.8724E+03,0.009128,0.015059,0.05325,1800.0
4.8725E+03,0.007779,0.015793,0.05325,1800.0
4.8727E+03,0.006399,0.016399,0.05325,1800.0
4.8728E+03,0.004944,0.016893,0.05325,1800.0
4.8729E+03,0.003468,0.017259,0.05325,1800.0
4.8730E+03,0.002006,0.017488,0.05325,1800.0
4.8731E+03,0.000512,0.017599,0.05325,1800.0
4.8732E+03,-0.000994,0.017583,0.05325,1800.0
4.8733E+03,-0.002448,0.017441,0.05325,1800.0
4.8733E+03,-0.003822,0.017203,0.05325,1800.0
4.8734E+03,-0.005235,0.016820,0.05325,1800.0
4.8735E+03,-0.006677,0.016295,0.05325,1800.0
4.8736E+03,-0.008035,0.015665,0.05325,1800.0
4.8737E+03,-0.009365,0.014912,0.05325,1800.0
4.8738E+03,-0.010612,0.014044,0.05325,1800.0
4.8739E+03,-0.011760,0.013094,0.05325,1800.0
4.8740E+03,-0.012838,0.012045,0.05325,1800.0
4.8741E+03,-0.013828,0.010893,0.05325,1800.0
4.8742E+03,-0.014710,0.009673,0.05325,1800.0
4.8743E+03,-0.015493,0.008369,0.05325,1800.0
4.8745E+03,-0.016130,0.007074,0.05325,1800.0
4.8746E+03,-0.016694,0.005651,0.05325,1800.0
4.8747E+03,-0.017111,0.004177,0.05325,1800.0
4.8748E+03,-0.017403,0.002663,0.05325,1800.0
4.8749E+03,-0.017571,0.001162,0.05325,1800.0
4.8750E+03,-0.017596,-0.000343,0.05325,1800.0
4.8750E+03,-0.017519,-0.001684,0.05325,1800.0
4.8751E+03,-0.017308,-0.003182,0.05325,1800.0
4.8752E+03,-0.016977,-0.004662,0.05325,1800.0
4.8753E+03,-0.016531,-0.006069,0.05325,1800.0
4.8754E+03,-0.015952,-0.007449,0.05325,1800.0
4.8755E+03,-0.015276,-0.008772,0.05325,1800.0
4.8756E+03,-0.014444,-0.010086,0.05325,1800.0
4.8757E+03,-0.013515,-0.011306,0.05325,1800.0
4.8758E+03,-0.012504,-0.012406,0.05325,1800.0
4.8759E+03,-0.011392,-0.013428,0.05325,1800.0
4.8760E+03,-0.010229,-0.014330,0.05325,1800.0
4.8762E+03,-0.008943,-0.015162,0.05325,1800.0
4.8763E+03,-0.007647,-0.015859,0.05325,1800.0
4.8764E+03,-0.006255,-0.016449,0.05325,1800.0
4.8765E+03,-0.004808,-0.016934,0.05325,1800.0
4.8766E+03,-0.003398,-0.017280,0.05325,1800.0
4.8767E+03,-0.001893,-0.017502,0.05325,1800.0
4.8767E+03,-0.000495,-0.017613,0.05325,1800.0
4.8768E+03,0.000958,-0.017596,0.05325,1800.0
4.8769E+03,0.002481,-0.017440,0.05325,1800.0
4.8770E+03,0.003999,-0.017150,0.05325,1800.0
4.8771E+03,0.005458,-0.016744,0.05325,1800.0
4.8772E+03,0.006882,-0.016204,0.05325,1800.0
4.8773E+03,0.008246,-0.015551,0.05325,1800.0
4.8774E+03,0.009537,-0.014797,0.05325,1800.0
4.8775E+03,0.010741,-0.013945,0.05325,1800.0
4.8776E+03,0.011884,-0.012987,0.05325,1800.0
4.8778E+03,0.012964,-0.011913,0.05325,1800.0
4.8779E+03,0.013924,-0.010775,0.05325,1800.0
4.8780E+03,0.014823,-0.009525,0.05325,1800.0
4.8781E+03,0.015562,-0.008252,0.05325,1800.0
4.8782E+03,0.016205,-0.006903,0.05325,1800.0
4.8783E+03,0.016735,-0.005485,0.05325,1800.0
4.8784E+03,0.017139,-0.004056,0.05325,1800.0
4.8784E+03,0.017391,-0.002728,0.05325,0.0
4.8785E+03,0.017541,-0.001548,0.05325,0.0
4.8786E+03,0.017595,-0.000277,0.05325,0.0
4.8787E+03,0.017567,0.001130,0.05325,0.0
4.8788E+03,0.017452,0.002325,0.05325,1800.0
4.8789E+03,0.017240,0.003565,0.05325,1800.0
4.8790E+03,0.016905,0.004963,0.05325,1800.0
4.8792E+03,0.016661,0.005725,0.05325,1800.0
4.8793E+03,0.016522,0.005556,0.05325,1800.0
4.8794E+03,0.012632,0.000817,0.05325,1800.0
4.8796E+03,0.008611,-0.004082,0.05325,1800.0
4.8797E+03,0.007400,-0.005556,0.05325,1800.0
4.8798E+03,0.007390,-0.005569,0.05325,1800.0
4.8799E+03,0.007131,-0.005881,0.05325,1800.0
4.8800E+03,0.006344,-0.006680,0.05325,1800.0
4.8801E+03,0.005200,-0.007609,0.05325,1800.0
4.8801E+03,0.004077,-0.008290,0.05325,1800.0
4.8802E+03,0.002621,-0.008855,0.05325,1800.0
4.8803E+03,0.001245,-0.009160,0.05325,1800.0
4.8804E+03,-0.000346,-0.009228,0.05325,1800.0
4.8805E+03,-0.001769,-0.009058,0.05325,1800.0
4.8806E+03,-0.003206,-0.008652,0.05325,1800.0
4.8807E+03,-0.004585,-0.007996,0.05325,1800.0
4.8808E+03,-0.005822,-0.007140,0.05325,1800.0
4.8809E+03,-0.006918,-0.006070,0.05325,1800.0
4.8810E+03,-0.007835,-0.004859,0.05325,1800.0
4.8811E+03,-0.008506,-0.003541,0.05325,1800.0
4.8813E+03,-0.008974,-0.002112,0.05325,1800.0
4.8814E+03,-0.009208,-0.000632,0.05325,1800.0
4.8815E+03,-0.009194,0.000911,0.05325,1800.0
4.8816E+03,-0.008939,0.002373,0.05325,1800.0
4.8817E+03,-0.008467,0.003719,0.05325,1800.0
4.8818E+03,-0.007736,0.005034,0.05325,1800.0
4.8819E+03,-0.006762,0.006282,0.05325,1800.0
4.8819E+03,-0.005748,0.007194,0.05325,1800.0
4.8820E+03,-0.004510,0.008033,0.05325,1800.0
4.8821E+03,-0.003171,0.008663,0.05325,1800.0
4.8822E+03,-0.001736,0.009051,0.05325,1800.0
4.8823E+03,-0.000218,0.009218,0.05325,1800.0
4.8824E+03,0.001280,0.009145,0.05325,1800.0
4.8825E+03,0.002714,0.008820,0.05325,1800.0
4.8826E+03,0.004164,0.008258,0.05325,1800.0
4.8827E+03,0.005436,0.007475,0.05325,1800.0
4.8828E+03,0.006591,0.006485,0.05325,1800.0
4.8830E+03,0.007527,0.005344,0.05325,1800.0
4.8831E+03,0.008270,0.004088,0.05325,0.0
4.8832E+03,0.008826,0.002674,0.05325,0.0
4.8833E+03,0.009138,0.001219,0.05325,0.0
4.8834E+03,0.009201,-0.000293,0.05325,0.0
4.8835E+03,0.009045,-0.001789,0.05325,1800.0
4.8836E+03,0.008632,-0.003229,0.05325,1800.0
4.8836E+03,0.008068,-0.004493,0.05325,1800.0
4.8837E+03,0.007412,-0.005538,0.05325,1800.0
4.8838E+03,0.007391,-0.005568,0.05325,1800.0
4.8839E+03,0.007390,-0.005569,0.05325,1800.0
4.8840E+03,0.011069,-0.004399,0.05325,1800.0
4.8841E+03,0.014842,-0.003198,0.05325,1800.0
4.8843E+03,0.015642,-0.002944,0.05325,1800.0
4.8844E+03,0.015693,-0.002664,0.05325,1800.0
4.8845E+03,0.015811,-0.001696,0.05325,1800.0
4.8847E+03,0.015892,-0.000155,0.05325,1800.0
4.8848E+03,0.015838,0.001413,0.05325,1800.0
4.8849E+03,0.015642,0.002892,0.05325,1800.0
4.8850E+03,0.015337,0.004244,0.05325,1800.0
4.8851E+03,0.015013,0.005283,0.05325,1800.0
4.8852E+03,0.014648,0.006224,0.05325,1800.0
4.8853E+03,0.014113,0.007348,0.05325,1800.0
4.8853E+03,0.013481,0.008450,0.05325,1800.0
4.8854E+03,0.012645,0.009640,0.05325,1800.0
4.8855E+03,0.011932,0.010527,0.05325,1800.0
4.8856E+03,0.011079,0.011402,0.05325,1800.0
4.8857E+03,0.009957,0.012401,0.05325,1800.0
4.8858E+03,0.008769,0.013265,0.05325,1800.0
4.8859E+03,0.007481,0.014045,0.05325,1800.0
4.8860E+03,0.006137,0.014679,0.05325,1800.0
4.8861E+03,0.004719,0.015200,0.05325,1800.0
4.8862E+03,0.003240,0.015586,0.05325,1800.0
4.8864E+03,0.001764,0.015818,0.05325,1800.0
4.8865E+03,0.000275,0.015907,0.05325,1800.0
4.8866E+03,-0.001286,0.015854,0.05325,1800.0
4.8867E+03,-0.002808,0.015652,0.05325,1800.0
4.8868E+03,-0.004253,0.015320,0.05325,1800.0
4.8869E+03,-0.005700,0.014846,0.05325,1800.0
4.8870E+03,-0.007082,0.014240,0.05325,1800.0
4.8870E+03,-0.008245,0.013599,0.05325,1800.0
4.8871E+03,-0.009531,0.012739,0.05325,1800.0
4.8872E+03,-0.010688,0.011790,0.05325,1800.0
4.8873E+03,-0.011767,0.010720,0.05325,1800.0
4.8874E+03,-0.012550,0.009789,0.05325,1800.0
4.8875E+03,-0.013359,0.008644,0.05325,1800.0
4.8876E+03,-0.014094,0.007381,0.05325,1800.0
4.8877E+03,-0.014737,0.005964,0.05325,1800.0
4.8878E+03,-0.015237,0.004556,0.05325,1800.0
4.8879E+03,-0.015579,0.003186,0.05325,1800.0
4.8880E+03,-0.015783,0.001973,0.05325,1800.0
4.8882E+03,-0.015880,0.000914,0.05325,1800.0
4.8883E+03,-0.015904,-0.000208,0.05325,1800.0
4.8884E+03,-0.015848,-0.001393,0.05325,1800.0
4.8885E+03,-0.015729,-0.002409,0.05325,1800.0
4.8886E+03,-0.015516,-0.003538,0.05325,1800.0
4.8887E+03,-0.015119,-0.004986,0.05325,1800.0
4.8887E+03,-0.014629,-0.006243,0.05325,1800.0
4.8888E+03,-0.013972,-0.007591,0.05325,1800.0
4.8889E+03,-0.013171,-0.008897,0.05325,1800.0
4.8890E+03,-0.012245,-0.010142,0.05325,1800.0
4.8891E+03,-0.011242,-0.011249,0.05325,1800.0
4.8892E+03,-0.010155,-0.012238,0.05325,1800.0
4.8893E+03,-0.008939,-0.013154,0.05325,1800.0
4.8894E+03,-0.007650,-0.013944,0.05325,1800.0
4.8895E+03,-0.006308,-0.014606,0.05325,1800.0
4.8896E+03,-0.004871,-0.015152,0.05325,1800.0
4.8897E+03,-0.003393,-0.015546,0.05325,1800.0
4.8899E+03,-0.001921,-0.015801,0.05325,1800.0
4.8900E+03,-0.000410,-0.015905,0.05325,1800.0
4.8901E+03,0.001038,-0.015873,0.05325,1800.0
4.8902E+03,0.002519,-0.015701,0.05325,1800.0
4.8903E+03,0.004019,-0.015384,0.05325,1800.0
4.8904E+03,0.005452,-0.014940,0.05325,1800.0
4.8905E+03,0.006826,-0.014361,0.05325,1800.0
4.8905E+03,0.008031,-0.013730,0.05325,1800.0
4.8906E+03,0.009293,-0.012907,0.05325,1800.0
4.8907E+03,0.010516,-0.011947,0.05325,1800.0
4.8908E+03,0.011553,-0.010952,0.05325,0.0
4.8909E+03,0.012218,-0.010197,0.05325,0.0
4.8910E+03,0.013038,-0.009123,0.05325,0.0
4.8911E+03,0.013660,-0.008161,0.05325,0.0
4.8912E+03,0.014302,-0.006952,0.05325,0.0
4.8913E+03,0.014760,-0.005953,0.05325,1800.0
4.8914E+03,0.015079,-0.005090,0.05325,1800.0
4.8916E+03,0.015403,-0.003943,0.05325,1800.0
4.8917E+03,0.015625,-0.003035,0.05325,1800.0
4.8918E+03,0.015642,-0.002944,0.05325,1800.0
4.8919E+03,0.015144,-0.002318,0.05325,1800.0
4.8920E+03,0.012871,0.000534,0.05325,1800.0
4.8922E+03,0.010287,0.003778,0.05325,1800.0
4.8923E+03,0.010459,0.003227,0.05325,1800.0
4.8924E+03,0.010754,0.001906,0.05325,1800.0
4.8925E+03,0.010918,0.000438,0.05325,1800.0
4.8926E+03,0.010863,-0.001042,0.05325,1800.0
4.8927E+03,0.010627,-0.002543,0.05325,1800.0
4.8928E+03,0.010194,-0.003934,0.05325,1800.0
4.8929E+03,0.009551,-0.005307,0.05325,1800.0
4.8930E+03,0.008714,-0.006611,0.05325,1800.0
4.8931E+03,0.007761,-0.007717,0.05325,1800.0
4.8932E+03,0.006609,-0.008725,0.05325,1800.0
4.8934E+03,0.005349,-0.009545,0.05325,1800.0
4.8935E+03,0.003978,-0.010189,0.05325,1800.0
4.8936E+03,0.002556,-0.010624,0.05325,1800.0
4.8937E+03,0.001065,-0.010867,0.05325,1800.0
4.8938E+03,-0.000452,-0.010912,0.05325,1800.0
4.8939E+03,-0.001938,-0.010746,0.05325,1800.0
4.8939E+03,-0.003231,-0.010440,0.05325,1800.0
4.8940E+03,-0.004626,-0.009895,0.05325,1800.0
4.8941E+03,-0.005989,-0.009152,0.05325,1800.0
4.8942E+03,-0.007162,-0.008267,0.05325,1800.0
4.8943E+03,-0.008269,-0.007172,0.05325,1800.0
4.8944E+03,-0.009158,-0.005999,0.05325,1800.0
4.8945E+03,-0.009890,-0.004647,0.05325,1800.0
4.8946E+03,-0.010430,-0.003280,0.05325,1800.0
4.8947E+03,-0.010770,-0.001794,0.05325,1800.0
4.8948E+03,-0.010921,-0.000317,0.05325,1800.0
4.8949E+03,-0.010857,0.001179,0.05325,1800.0
4.8951E+03,-0.010589,0.002672,0.05325,1800.0
4.8952E+03,-0.010131,0.004093,0.05325,1800.0
4.8953E+03,-0.009463,0.005449,0.05325,1800.0
4.8954E+03,-0.008612,0.006727,0.05325,1800.0
4.8955E+03,-0.007657,0.007809,0.05325,1800.0
4.8956E+03,-0.006523,0.008793,0.05325,1800.0
4.8957E+03,-0.005207,0.009629,0.05325,1800.0
4.8957E+03,-0.004013,0.010169,0.05325,1800.0
4.8958E+03,-0.002590,0.010612,0.05325,1800.0
4.8959E+03,-0.001080,0.010867,0.05325,1800.0
4.8960E+03,0.000424,0.010913,0.05325,1800.0
4.8961E+03,0.001905,0.010758,0.05325,1800.0
4.8962E+03,0.003377,0.010380,0.05325,0.0
4.8963E+03,0.004805,0.009807,0.05325,0.0
4.8964E+03,0.006135,0.009047,0.05325,0.0
4.8965E+03,0.007325,0.008122,0.05325,1800.0
4.8966E+03,0.008365,0.007071,0.05325,1800.0
4.8968E+03,0.009232,0.005885,0.05325,1800.0
4.8969E+03,0.009930,0.004585,0.05325,1800.0
4.8970E+03,0.010232,0.003908,0.05325,1800.0
4.8971E+03,0.010287,0.003778,0.05325,1800.0
4.8972E+03,0.010620,0.003291,0.05325,1800.0
4.8973E+03,0.012742,0.000193,0.05325,1800.0
4.8974E+03,0.014104,-0.001796,0.05325,1800.0
4.8975E+03,0.014113,-0.001714,0.05325,1800.0
4.8976E+03,0.014152,-0.001221,0.05325,1800.0
4.8977E+03,0.014208,0.000277,0.05325,1800.0
4.8978E+03,0.014101,0.001791,0.05325,1800.0
4.8979E+03,0.013816,0.003297,0.05325,1800.0
4.8980E+03,0.013397,0.004732,0.05325,1800.0
4.8981E+03,0.012815,0.006128,0.05325,1800.0
4.8982E+03,0.012095,0.007441,0.05325,1800.0
4.8983E+03,0.011225,0.008693,0.05325,1800.0
4.8984E+03,0.010287,0.009839,0.05325,1800.0
4.8986E+03,0.009204,0.010849,0.05325,1800.0
4.8987E+03,0.007984,0.011741,0.05325,1800.0
4.8988E+03,0.006707,0.012521,0.05325,1800.0
4.8989E+03,0.005313,0.013181,0.05325,1800.0
4.8990E+03,0.003889,0.013669,0.05325,1800.0
4.8991E+03,0.002386,0.014016,0.05325,1800.0
4.8991E+03,0.001068,0.014175,0.05325,1800.0
4.8992E+03,-0.000430,0.014194,0.05325,1800.0
4.8993E+03,-0.001957,0.014067,0.05325,1800.0
4.8994E+03,-0.003443,0.013778,0.05325,1800.0
4.8995E+03,-0.004874,0.013335,0.05325,1800.0
4.8996E+03,-0.006255,0.012746,0.05325,1800.0
4.8997E+03,-0.007567,0.012014,0.05325,1800.0
4.8998E+03,-0.008803,0.011144,0.05325,1800.0
4.8999E+03,-0.009950,0.010132,0.05325,1800.0
4.9000E+03,-0.010957,0.009047,0.05325,1800.0
4.9001E+03,-0.011828,0.007880,0.05325,1800.0
4.9003E+03,-0.012604,0.006585,0.05325,1800.0
4.9004E+03,-0.013228,0.005200,0.05325,1800.0
4.9005E+03,-0.013572,0.004210,0.05325,1800.0
4.9006E+03,-0.013904,0.002911,0.05325,1800.0
4.9007E+03,-0.014127,0.001405,0.05325,1800.0
4.9008E+03,-0.014198,-0.000097,0.05325,1800.0
4.9009E+03,-0.014108,-0.001558,0.05325,1800.0
4.9009E+03,-0.013903,-0.002874,0.05325,1800.0
4.9010E+03,-0.013576,-0.004195,0.05325,1800.0
4.9011E+03,-0.013225,-0.005190,0.05325,1800.0
4.9012E+03,-0.012638,-0.006506,0.05325,1800.0
4.9013E+03,-0.011875,-0.007819,0.05325,1800.0
4.9014E+03,-0.010942,-0.009073,0.05325,1800.0
4.9015E+03,-0.009909,-0.010189,0.05325,1800.0
4.9016E+03,-0.008786,-0.011160,0.05325,1800.0
4.9017E+03,-0.007567,-0.012020,0.05325,1800.0
4.9018E+03,-0.006252,-0.012747,0.05325,1800.0
4.9020E+03,-0.004874,-0.013335,0.05325,1800.0
4.9021E+03,-0.003473,-0.013770,0.05325,1800.0
4.9022E+03,-0.002006,-0.014056,0.05325,1800.0
4.9023E+03,-0.000481,-0.014197,0.05325,1800.0
4.9024E+03,0.000968,-0.014173,0.05325,1800.0
4.9025E+03,0.002487,-0.013990,0.05325,1800.0
4.9026E+03,0.004000,-0.013643,0.05325,1800.0
4.9026E+03,0.005324,-0.013178,0.05325,1800.0
4.9027E+03,0.006636,-0.012564,0.05325,1800.0
4.9028E+03,0.007917,-0.011792,0.05325,1800.0
4.9029E+03,0.009144,-0.010858,0.05325,0.0
4.9030E+03,0.010269,-0.009806,0.05325,0.0
4.9031E+03,0.011232,-0.008685,0.05325,0.0
4.9032E+03,0.012079,-0.007456,0.05325,0.0
4.9033E+03,0.012823,-0.006096,0.05325,1800.0
4.9034E+03,0.013403,-0.004708,0.05325,1800.0
4.9035E+03,0.013823,-0.003293,0.05325,1800.0
4.9036E+03,0.014085,-0.001962,0.05325,1800.0
4.9039E+03,0.014104,-0.001796,0.05325,1800.0
4.9040E+03,0.012382,-0.004302,0.05325,1800.0
4.9041E+03,0.010573,-0.006936,0.05325,1800.0
4.9043E+03,0.010104,-0.007619,0.05325,1800.0
4.9043E+03,0.009785,-0.008001,0.05325,1800.0
4.9044E+03,0.008916,-0.008940,0.05325,1800.0
4.9045E+03,0.007787,-0.009948,0.05325,1800.0
4.9046E+03,0.006520,-0.010827,0.05325,1800.0
4.9047E+03,0.005206,-0.011523,0.05325,1800.0
4.9048E+03,0.003871,-0.012043,0.05325,1800.0
4.9049E+03,0.002402,-0.012408,0.05325,1800.0
4.9050E+03,0.000840,-0.012598,0.05325,1800.0
4.9051E+03,-0.000612,-0.012619,0.05325,1800.0
4.9052E+03,-0.002091,-0.012456,0.05325,1800.0
4.9053E+03,-0.003616,-0.012091,0.05325,1800.0
4.9055E+03,-0.005011,-0.011589,0.05325,1800.0
4.9056E+03,-0.006324,-0.010924,0.05325,1800.0
4.9057E+03,-0.007600,-0.010078,0.05325,1800.0
4.9058E+03,-0.008743,-0.009111,0.05325,1800.0
4.9059E+03,-0.009745,-0.008033,0.05325,1800.0
4.9060E+03,-0.010678,-0.006781,0.05325,1800.0
4.9061E+03,-0.011395,-0.005476,0.05325,1800.0
4.9061E+03,-0.011936,-0.004168,0.05325,1800.0
4.9062E+03,-0.012338,-0.002749,0.05325,1800.0
4.9063E+03,-0.012567,-0.001256,0.05325,1800.0
4.9064E+03,-0.012627,0.000251,0.05325,1800.0
4.9065E+03,-0.012504,0.001757,0.05325,1800.0
4.9066E+03,-0.012210,0.003228,0.05325,1800.0
4.9067E+03,-0.011753,0.004625,0.05325,1800.0
4.9068E+03,-0.011130,0.005976,0.05325,1800.0
4.9069E+03,-0.010299,0.007309,0.05325,1800.0
4.9070E+03,-0.009377,0.008467,0.05325,1800.0
4.9071E+03,-0.008355,0.009484,0.05325,1800.0
4.9073E+03,-0.007147,0.010435,0.05325,1800.0
4.9074E+03,-0.005865,0.011194,0.05325,1800.0
4.9075E+03,-0.004474,0.011819,0.05325,1800.0
4.9076E+03,-0.003060,0.012251,0.05325,1800.0
4.9077E+03,-0.001531,0.012531,0.05325,1800.0
4.9078E+03,-0.000028,0.012625,0.05325,1800.0
4.9078E+03,0.001286,0.012554,0.05325,1800.0
4.9079E+03,0.002764,0.012318,0.05325,1800.0
4.9080E+03,0.004254,0.011895,0.05325,1800.0
4.9081E+03,0.005637,0.011307,0.05325,1800.0
4.9082E+03,0.006919,0.010588,0.05325,1800.0
4.9083E+03,0.008152,0.009679,0.05325,1800.0
4.9084E+03,0.009213,0.008664,0.05325,1800.0
4.9085E+03,0.010190,0.007475,0.05325,1800.0
4.9086E+03,0.010999,0.006213,0.05325,1800.0
4.9087E+03,0.011680,0.004814,0.05325,1800.0
4.9088E+03,0.012170,0.003399,0.05325,1800.0
