4.2219E+03,-0.000694,0.013114,0.04757,0.0
4.2220E+03,0.000867,0.013096,0.04757,0.0
4.2221E+03,0.002339,0.012921,0.04757,0.0
4.2222E+03,0.003764,0.012578,0.04757,0.0
4.2223E+03,0.005177,0.012058,0.04757,0.0
4.2224E+03,0.006514,0.011391,0.04757,0.0
4.2225E+03,0.007791,0.010562,0.04757,0.0
4.2226E+03,0.008874,0.009694,0.04757,0.0
4.2228E+03,0.009107,0.009486,0.04757,0.0
4.2700E+03,-0.016955,0.002775,0.04828,1800.0
4.2701E+03,-0.016982,0.002579,0.04828,1800.0
4.2702E+03,-0.017139,0.001160,0.04828,1800.0
4.2703E+03,-0.017175,0.000123,0.04828,1800.0
4.2704E+03,-0.017156,-0.000857,0.04828,1800.0
4.2705E+03,-0.017025,-0.002203,0.04828,1800.0
4.2706E+03,-0.016769,-0.003673,0.04828,1800.0
4.2707E+03,-0.016410,-0.005056,0.04828,1800.0
4.2708E+03,-0.016024,-0.006198,0.04828,1800.0
4.2709E+03,-0.015529,-0.007321,0.04828,1800.0
4.2710E+03,-0.014850,-0.008617,0.04828,1800.0
4.2711E+03,-0.014052,-0.009864,0.04828,1800.0
4.2712E+03,-0.013113,-0.011092,0.04828,1800.0
4.2713E+03,-0.012049,-0.012254,0.04828,1800.0
4.2714E+03,-0.010942,-0.013245,0.04828,1800.0
4.2715E+03,-0.009787,-0.014116,0.04828,1800.0
4.2716E+03,-0.008495,-0.014929,0.04828,1800.0
4.2717E+03,-0.007119,-0.015624,0.04828,1800.0
4.2718E+03,-0.005715,-0.016189,0.04828,1800.0
4.2719E+03,-0.004436,-0.016582,0.04828,1800.0
4.2720E+03,-0.002966,-0.016910,0.04828,1800.0
4.2721E+03,-0.001448,-0.017109,0.04828,1800.0
4.2722E+03,0.000049,-0.017167,0.04828,1800.0
4.2723E+03,0.001539,-0.017106,0.04828,1800.0
4.2724E+03,0.003064,-0.016909,0.04828,1800.0
4.2725E+03,0.004511,-0.016579,0.04828,1800.0
4.2726E+03,0.005919,-0.016125,0.04828,1800.0
4.2727E+03,0.007307,-0.015544,0.04828,1800.0
4.2728E+03,0.008652,-0.014838,0.04828,1800.0
4.2729E+03,0.009910,-0.014017,0.04828,1800.0
4.2730E+03,0.011103,-0.013090,0.04828,1800.0
4.2731E+03,0.012203,-0.012074,0.04828,1800.0
4.2732E+03,0.013213,-0.010963,0.04828,1800.0
4.2733E+03,0.014136,-0.009735,0.04828,1800.0
4.2734E+03,0.014952,-0.008440,0.04828,1800.0
4.2735E+03,0.015629,-0.007117,0.04828,1800.0
4.2736E+03,0.016134,-0.005916,0.04828,1800.0
4.2737E+03,0.016605,-0.004401,0.04828,1800.0
4.2738E+03,0.016925,-0.002926,0.04828,1800.0
4.2739E+03,0.017116,-0.001507,0.04828,1800.0
4.2740E+03,0.017168,-0.000039,0.04828,1800.0
4.2741E+03,0.017095,0.001531,0.04828,1800.0
4.2742E+03,0.016898,0.003029,0.04828,1800.0
4.2743E+03,0.016579,0.004460,0.04828,1800.0
4.2744E+03,0.016118,0.005907,0.04828,1800.0
4.2745E+03,0.015519,0.007335,0.04828,1800.0
4.2746E+03,0.014833,0.008655,0.04828,1800.0
4.2747E+03,0.014009,0.009938,0.04828,1800.0
4.2748E+03,0.013068,0.011149,0.04828,1800.0
4.2749E+03,0.012083,0.012218,0.04828,1800.0
4.2750E+03,0.010966,0.013235,0.04828,1800.0
4.2751E+03,0.009709,0.014163,0.04828,1800.0
4.2752E+03,0.008501,0.014964,0.04828,1800.0
4.2753E+03,0.007276,0.015569,0.04828,1800.0
4.2754E+03,0.005880,0.016134,0.04828,1800.0
4.2755E+03,0.004431,0.016585,0.04828,1800.0
4.2756E+03,0.002927,0.016914,0.04828,1800.0
4.2757E+03,0.001457,0.017111,0.04828,1800.0
4.2758E+03,-0.000060,0.017179,0.04828,1800.0
4.2759E+03,-0.001517,0.017111,0.04828,1800.0
4.2760E+03,-0.003016,0.016913,0.04828,1800.0
4.2761E+03,-0.004460,0.016595,0.04828,1800.0
4.2762E+03,-0.005959,0.016111,0.04828,1800.0
4.2763E+03,-0.007334,0.015524,0.04828,1800.0
4.2764E+03,-0.008637,0.014839,0.04828,1800.0
4.2765E+03,-0.009930,0.014006,0.04828,1800.0
4.2766E+03,-0.011140,0.013060,0.04828,1800.0
4.2767E+03,-0.012220,0.012055,0.04828,0.0
4.2768E+03,-0.013201,0.010974,0.04828,0.0
4.2769E+03,-0.014122,0.009771,0.04828,0.0
4.2770E+03,-0.014873,0.008593,0.04828,0.0
4.2771E+03,-0.015570,0.007253,0.04828,0.0
4.2772E+03,-0.016109,0.005978,0.04828,0.0
4.2773E+03,-0.016431,0.005010,0.04828,1800.0
4.2774E+03,-0.016759,0.003744,0.04828,1800.0
4.2775E+03,-0.016853,0.003367,0.04828,1800.0
4.2776E+03,-0.016856,0.003354,0.04828,1800.0
4.2777E+03,-0.014247,0.003730,0.04828,1800.0
4.2778E+03,-0.008308,0.004586,0.04828,1800.0
4.2779E+03,-0.000751,0.005675,0.04828,1800.0
4.2780E+03,0.005093,0.006517,0.04828,1800.0
4.2782E+03,0.006922,0.006781,0.04828,1800.0
4.2783E+03,0.007013,0.006674,0.04828,1800.0
4.2784E+03,0.007749,0.005807,0.04828,1800.0
4.2785E+03,0.008597,0.004450,0.04828,1800.0
4.2786E+03,0.009144,0.003117,0.04828,1800.0
4.2787E+03,0.009489,0.001775,0.04828,1800.0
4.2788E+03,0.009651,0.000253,0.04828,1800.0
4.2789E+03,0.009568,-0.001232,0.04828,1800.0
4.2790E+03,0.009259,-0.002699,0.04828,1800.0
4.2791E+03,0.008734,-0.004128,0.04828,1800.0
4.2792E+03,0.008017,-0.005417,0.04828,1800.0
4.2793E+03,0.007137,-0.006584,0.04828,1800.0
4.2794E+03,0.005966,-0.007624,0.04828,1800.0
4.2795E+03,0.004778,-0.008418,0.04828,1800.0
4.2796E+03,0.003404,-0.009065,0.04828,1800.0
4.2797E+03,0.001895,-0.009472,0.04828,1800.0
4.2798E+03,0.000432,-0.009655,0.04828,1800.0
4.2799E+03,-0.001035,-0.009604,0.04828,1800.0
4.2800E+03,-0.002497,-0.009317,0.04828,1800.0
4.2801E+03,-0.003940,-0.008808,0.04828,1800.0
4.2802E+03,-0.005289,-0.008077,0.04828,1800.0
4.2803E+03,-0.006480,-0.007155,0.04828,1800.0
4.2804E+03,-0.007511,-0.006071,0.04828,1800.0
4.2805E+03,-0.008275,-0.005013,0.04828,1800.0
4.2806E+03,-0.008982,-0.003585,0.04828,1800.0
4.2807E+03,-0.009442,-0.002157,0.04828,1800.0
4.2808E+03,-0.009641,-0.000733,0.04828,1800.0
4.2809E+03,-0.009642,0.000758,0.04828,1800.0
4.2810E+03,-0.009390,0.002251,0.04828,1800.0
4.2811E+03,-0.008929,0.003670,0.04828,1800.0
4.2812E+03,-0.008217,0.005047,0.04828,1800.0
4.2813E+03,-0.007334,0.006277,0.04828,1800.0
4.2814E+03,-0.006292,0.007324,0.04828,1800.0
4.2815E+03,-0.005055,0.008221,0.04828,1800.0
4.2816E+03,-0.003747,0.008909,0.04828,1800.0
4.2817E+03,-0.002327,0.009372,0.04828,0.0
4.2818E+03,-0.000791,0.009646,0.04828,0.0
4.2819E+03,0.000680,0.009656,0.04828,0.0
4.2820E+03,0.002135,0.009445,0.04828,0.0
4.2821E+03,0.003552,0.008985,0.04828,0.0
4.2822E+03,0.004765,0.008406,0.04828,0.0
4.2823E+03,0.006023,0.007535,0.04828,1800.0
4.2824E+03,0.006763,0.006931,0.04828,1800.0
4.2825E+03,0.006922,0.006781,0.04828,1800.0
4.2826E+03,0.006545,0.006698,0.04828,1800.0
4.2827E+03,0.003406,0.006004,0.04828,1800.0
4.2828E+03,-0.004023,0.004363,0.04828,1800.0
4.2829E+03,-0.011035,0.002814,0.04828,1800.0
4.2832E+03,-0.015375,0.001856,0.04828,1800.0
4.2833E+03,-0.015416,0.001422,0.04828,1800.0
4.2834E+03,-0.015464,0.000145,0.04828,1800.0
4.2835E+03,-0.015417,-0.001298,0.04828,1800.0
4.2836E+03,-0.015201,-0.002810,0.04828,1800.0
4.2837E+03,-0.014842,-0.004320,0.04828,1800.0
4.2838E+03,-0.014380,-0.005708,0.04828,1800.0
4.2839E+03,-0.013847,-0.006888,0.04828,1800.0
4.2840E+03,-0.013078,-0.008284,0.04828,1800.0
4.2841E+03,-0.012231,-0.009484,0.04828,1800.0
4.2842E+03,-0.011213,-0.010679,0.04828,1800.0
4.2843E+03,-0.010117,-0.011702,0.04828,1800.0
4.2844E+03,-0.008972,-0.012607,0.04828,1800.0
4.2845E+03,-0.007738,-0.013395,0.04828,1800.0
4.2846E+03,-0.006371,-0.014091,0.04828,1800.0
4.2847E+03,-0.004945,-0.014656,0.04828,1800.0
4.2848E+03,-0.003505,-0.015058,0.04828,1800.0
4.2849E+03,-0.002033,-0.015332,0.04828,1800.0
4.2850E+03,-0.000509,-0.015458,0.04828,1800.0
4.2851E+03,0.001006,-0.015438,0.04828,1800.0
4.2852E+03,0.002439,-0.015281,0.04828,1800.0
4.2853E+03,0.003915,-0.014976,0.04828,1800.0
4.2854E+03,0.005429,-0.014499,0.04828,1800.0
4.2855E+03,0.006746,-0.013937,0.04828,1800.0
4.2856E+03,0.007958,-0.013264,0.04828,1800.0
4.2857E+03,0.009246,-0.012399,0.04828,1800.0
4.2858E+03,0.010404,-0.011445,0.04828,1800.0
4.2859E+03,0.011446,-0.010395,0.04828,1800.0
4.2860E+03,0.012407,-0.009228,0.04828,1800.0
4.2861E+03,0.013258,-0.007965,0.04828,1800.0
4.2862E+03,0.013961,-0.006655,0.04828,1800.0
4.2863E+03,0.014544,-0.005287,0.04828,1800.0
4.2864E+03,0.014981,-0.003890,0.04828,1800.0
4.2865E+03,0.015279,-0.002505,0.04828,1800.0
4.2866E+03,0.015410,-0.001478,0.04828,1800.0
4.2867E+03,0.015477,-0.000030,0.04828,1800.0
4.2868E+03,0.015391,0.001538,0.04828,1800.0
4.2869E+03,0.015172,0.003010,0.04828,1800.0
4.2870E+03,0.014874,0.004262,0.04828,1800.0
4.2871E+03,0.014462,0.005481,0.04828,1800.0
4.2872E+03,0.013887,0.006800,0.04828,1800.0
4.2873E+03,0.013234,0.008011,0.04828,1800.0
4.2874E+03,0.012385,0.009270,0.04828,1800.0
4.2875E+03,0.011471,0.010389,0.04828,1800.0
4.2876E+03,0.010402,0.011463,0.04828,1800.0
4.2877E+03,0.009196,0.012452,0.04828,1800.0
4.2878E+03,0.007929,0.013288,0.04828,1800.0
4.2879E+03,0.006650,0.013972,0.04828,1800.0
4.2880E+03,0.005281,0.014541,0.04828,1800.0
4.2881E+03,0.003820,0.014985,0.04828,1800.0
4.2882E+03,0.002329,0.015285,0.04828,1800.0
4.2883E+03,0.000828,0.015449,0.04828,1800.0
4.2884E+03,-0.000708,0.015444,0.04828,1800.0
4.2885E+03,-0.002230,0.015308,0.04828,1800.0
4.2886E+03,-0.003679,0.015026,0.04828,1800.0
4.2887E+03,-0.005131,0.014598,0.04828,1800.0
4.2888E+03,-0.006534,0.014033,0.04828,1800.0
4.2889E+03,-0.007836,0.013352,0.04828,1800.0
4.2890E+03,-0.009141,0.012496,0.04828,1800.0
4.2891E+03,-0.010144,0.011681,0.04828,1800.0
4.2892E+03,-0.011218,0.010644,0.04828,0.0
4.2893E+03,-0.012213,0.009492,0.04828,0.0
4.2894E+03,-0.013075,0.008254,0.04828,0.0
4.2895E+03,-0.013831,0.006913,0.04828,0.0
4.2896E+03,-0.014451,0.005511,0.04828,0.0
4.2897E+03,-0.014902,0.004150,0.04828,0.0
4.2898E+03,-0.015201,0.002915,0.04828,1800.0
4.2899E+03,-0.015352,0.002011,0.04828,1800.0
4.2901E+03,-0.015375,0.001856,0.04828,1800.0
4.2902E+03,-0.012388,0.002631,0.04828,1800.0
4.2903E+03,-0.005379,0.004448,0.04828,1800.0
4.2904E+03,0.002180,0.006409,0.04828,1800.0
4.2905E+03,0.006957,0.007647,0.04828,1800.0
4.2906E+03,0.008151,0.007957,0.04828,1800.0
4.2907E+03,0.008153,0.007955,0.04828,1800.0
4.2908E+03,0.008379,0.007696,0.04828,1800.0
4.2909E+03,0.009183,0.006703,0.04828,1800.0
4.2910E+03,0.009982,0.005433,0.04828,1800.0
4.2911E+03,0.010621,0.004071,0.04828,1800.0
4.2912E+03,0.011067,0.002673,0.04828,1800.0
4.2913E+03,0.011315,0.001117,0.04828,1800.0
4.2914E+03,0.011359,-0.000384,0.04828,1800.0
4.2915E+03,0.011206,-0.001864,0.04828,1800.0
4.2916E+03,0.010870,-0.003321,0.04828,1800.0
4.2917E+03,0.010306,-0.004755,0.04828,1800.0
4.2918E+03,0.009598,-0.006067,0.04828,1800.0
4.2919E+03,0.008734,-0.007256,0.04828,1800.0
4.2920E+03,0.007688,-0.008369,0.04828,1800.0
4.2921E+03,0.006507,-0.009312,0.04828,1800.0
4.2922E+03,0.005252,-0.010078,0.04828,1800.0
4.2923E+03,0.003892,-0.010684,0.04828,1800.0
4.2924E+03,0.002406,-0.011131,0.04828,1800.0
4.2925E+03,0.001059,-0.011318,0.04828,1800.0
4.2926E+03,-0.000458,-0.011351,0.04828,1800.0
4.2927E+03,-0.001954,-0.011196,0.04828,1800.0
4.2928E+03,-0.003382,-0.010843,0.04828,1800.0
4.2929E+03,-0.004795,-0.010291,0.04828,1800.0
4.2930E+03,-0.006142,-0.009549,0.04828,1800.0
4.2931E+03,-0.007359,-0.008655,0.04828,1800.0
4.2932E+03,-0.008437,-0.007615,0.04828,1800.0
4.2933E+03,-0.009337,-0.006477,0.04828,1800.0
4.2934E+03,-0.010093,-0.005232,0.04828,1800.0
4.2935E+03,-0.010721,-0.003830,0.04828,1800.0
4.2936E+03,-0.011133,-0.002355,0.04828,1800.0
4.2937E+03,-0.011338,-0.000871,0.04828,1800.0
4.2938E+03,-0.011343,0.000649,0.04828,1800.0
4.2939E+03,-0.011161,0.002146,0.04828,1800.0
4.2940E+03,-0.010763,0.003615,0.04828,1800.0
4.2941E+03,-0.010202,0.004982,0.04828,1800.0
4.2942E+03,-0.009542,0.006153,0.04828,1800.0
4.2943E+03,-0.008630,0.007407,0.04828,1800.0
4.2944E+03,-0.007574,0.008474,0.04828,1800.0
4.2945E+03,-0.006450,0.009362,0.04828,1800.0
4.2946E+03,-0.005162,0.010134,0.04828,1800.0
4.2947E+03,-0.003787,0.010739,0.04828,1800.0
4.2948E+03,-0.002325,0.011132,0.04828,0.0
4.2949E+03,-0.000841,0.011336,0.04828,0.0
4.2950E+03,0.000698,0.011343,0.04828,0.0
4.2951E+03,0.002200,0.011137,0.04828,0.0
4.2952E+03,0.003667,0.010746,0.04828,0.0
4.2953E+03,0.005074,0.010154,0.04828,1800.0
4.2954E+03,0.006376,0.009404,0.04828,1800.0
4.2955E+03,0.007487,0.008560,0.04828,1800.0
4.2956E+03,0.008133,0.007974,0.04828,1800.0
4.2957E+03,0.008151,0.007957,0.04828,1800.0
4.2958E+03,0.008444,0.007593,0.04828,1800.0
4.2959E+03,0.011672,0.003590,0.04828,1800.0
4.2960E+03,0.013495,0.001329,0.04828,1800.0
4.2962E+03,0.013751,0.001012,0.04828,1800.0
4.2963E+03,0.013713,0.001353,0.04828,1800.0
