5.2517E+03,0.008741,0.008783,0.05609,0.0
5.2518E+03,0.009731,0.007658,0.05609,0.0
5.2519E+03,0.010566,0.006447,0.05609,0.0
5.2520E+03,0.011281,0.005102,0.05609,0.0
5.2521E+03,0.011813,0.003717,0.05609,0.0
5.2522E+03,0.012166,0.002271,0.05609,0.0
5.2524E+03,0.012366,0.000854,0.05609,0.0
5.2525E+03,0.012417,0.000001,0.05609,0.0
5.2526E+03,0.012417,0.000000,0.05609,0.0
5.2997E+03,0.009437,0.015253,0.05680,1800.0
5.2997E+03,0.009056,0.015473,0.05680,1800.0
5.2998E+03,0.007952,0.016048,0.05680,1800.0
5.2999E+03,0.006572,0.016668,0.05680,1800.0
5.3000E+03,0.005165,0.017151,0.05680,1800.0
5.3001E+03,0.003692,0.017529,0.05680,1800.0
5.3002E+03,0.002204,0.017779,0.05680,1800.0
5.3003E+03,0.000697,0.017910,0.05680,1800.0
5.3004E+03,-0.000794,0.017908,0.05680,1800.0
5.3005E+03,-0.002319,0.017771,0.05680,1800.0
5.3006E+03,-0.003812,0.017519,0.05680,1800.0
5.3007E+03,-0.005256,0.017135,0.05680,1800.0
5.3009E+03,-0.006698,0.016616,0.05680,1800.0
5.3010E+03,-0.008073,0.015992,0.05680,1800.0
5.3011E+03,-0.009400,0.015246,0.05680,1800.0
5.3012E+03,-0.010600,0.014450,0.05680,1800.0
5.3013E+03,-0.011539,0.013719,0.05680,1800.0
5.3014E+03,-0.012438,0.012896,0.05680,1800.0
5.3014E+03,-0.013405,0.011892,0.05680,1800.0
5.3015E+03,-0.014342,0.010740,0.05680,1800.0
5.3016E+03,-0.015225,0.009471,0.05680,1800.0
5.3017E+03,-0.015946,0.008185,0.05680,1800.0
5.3018E+03,-0.016574,0.006828,0.05680,1800.0
5.3019E+03,-0.016991,0.005688,0.05680,1800.0
5.3020E+03,-0.017366,0.004397,0.05680,1800.0
5.3021E+03,-0.017671,0.002912,0.05680,1800.0
5.3022E+03,-0.017858,0.001435,0.05680,1800.0
5.3023E+03,-0.017910,-0.000040,0.05680,1800.0
5.3024E+03,-0.017847,-0.001556,0.05680,1800.0
5.3026E+03,-0.017648,-0.003052,0.05680,1800.0
5.3027E+03,-0.017353,-0.004472,0.05680,1800.0
5.3028E+03,-0.016987,-0.005720,0.05680,1800.0
5.3029E+03,-0.016526,-0.006943,0.05680,1800.0
5.3030E+03,-0.015854,-0.008368,0.05680,1800.0
5.3031E+03,-0.015108,-0.009632,0.05680,1800.0
5.3031E+03,-0.014338,-0.010741,0.05680,1800.0
5.3032E+03,-0.013367,-0.011928,0.05680,1800.0
5.3033E+03,-0.012304,-0.013023,0.05680,1800.0
5.3034E+03,-0.011408,-0.013825,0.05680,1800.0
5.3035E+03,-0.010449,-0.014550,0.05680,1800.0
5.3036E+03,-0.009216,-0.015362,0.05680,1800.0
5.3037E+03,-0.007937,-0.016062,0.05680,1800.0
5.3038E+03,-0.006543,-0.016689,0.05680,1800.0
5.3039E+03,-0.005072,-0.017195,0.05680,1800.0
5.3040E+03,-0.003681,-0.017546,0.05680,1800.0
5.3041E+03,-0.002153,-0.017794,0.05680,1800.0
5.3043E+03,-0.000647,-0.017915,0.05680,1800.0
5.3044E+03,0.000857,-0.017899,0.05680,1800.0
5.3045E+03,0.002393,-0.017749,0.05680,1800.0
5.3046E+03,0.003856,-0.017496,0.05680,1800.0
5.3047E+03,0.005292,-0.017114,0.05680,1800.0
5.3048E+03,0.006732,-0.016601,0.05680,1800.0
5.3049E+03,0.008127,-0.015962,0.05680,1800.0
5.3049E+03,0.009306,-0.015313,0.05680,1800.0
5.3050E+03,0.010493,-0.014534,0.05680,1800.0
5.3051E+03,0.011690,-0.013595,0.05680,1800.0
5.3052E+03,0.012787,-0.012565,0.05680,1800.0
5.3053E+03,0.013820,-0.011402,0.05680,1800.0
5.3054E+03,0.014713,-0.010234,0.05680,1800.0
5.3055E+03,0.015502,-0.008983,0.05680,1800.0
5.3056E+03,0.016222,-0.007584,0.05680,1800.0
5.3057E+03,0.016741,-0.006388,0.05680,1800.0
5.3058E+03,0.017083,-0.005415,0.05680,1800.0
5.3060E+03,0.017373,-0.004398,0.05680,1800.0
5.3061E+03,0.017617,-0.003302,0.05680,1800.0
5.3062E+03,0.017784,-0.002270,0.05680,1800.0
5.3063E+03,0.017879,-0.001207,0.05680,1800.0
5.3064E+03,0.017925,0.000263,0.05680,1800.0
5.3065E+03,0.017826,0.001822,0.05680,1800.0
5.3066E+03,0.017705,0.002806,0.05680,1800.0
5.3066E+03,0.017565,0.003598,0.05680,1800.0
5.3067E+03,0.017336,0.004561,0.05680,1800.0
5.3068E+03,0.017019,0.005618,0.05680,1800.0
5.3069E+03,0.016595,0.006757,0.05680,1800.0
5.3070E+03,0.016026,0.008004,0.05680,0.0
5.3071E+03,0.015286,0.009338,0.05680,0.0
5.3072E+03,0.014429,0.010618,0.05680,0.0
5.3073E+03,0.013526,0.011753,0.05680,0.0
5.3074E+03,0.012480,0.012872,0.05680,1800.0
5.3075E+03,0.011320,0.013904,0.05680,1800.0
5.3077E+03,0.010173,0.014751,0.05680,1800.0
5.3078E+03,0.009533,0.015190,0.05680,1800.0
5.3079E+03,0.009437,0.015253,0.05680,1800.0
5.3080E+03,0.009432,0.014926,0.05680,1800.0
5.3081E+03,0.009256,0.009809,0.05680,1800.0
5.3082E+03,0.009038,0.003476,0.05680,1800.0
5.3083E+03,0.008931,0.000320,0.05680,1800.0
5.3083E+03,0.008931,0.000319,0.05680,1800.0
5.3084E+03,0.008929,0.000169,0.05680,1800.0
5.3085E+03,0.008902,-0.000614,0.05680,1800.0
5.3086E+03,0.008681,-0.002109,0.05680,1800.0
5.3087E+03,0.008193,-0.003561,0.05680,1800.0
5.3088E+03,0.007474,-0.004880,0.05680,1800.0
5.3089E+03,0.006588,-0.006009,0.05680,1800.0
5.3090E+03,0.005445,-0.007051,0.05680,1800.0
5.3091E+03,0.004169,-0.007864,0.05680,1800.0
5.3092E+03,0.002786,-0.008453,0.05680,1800.0
5.3094E+03,0.001314,-0.008810,0.05680,1800.0
5.3095E+03,-0.000184,-0.008900,0.05680,1800.0
5.3096E+03,-0.001642,-0.008761,0.05680,1800.0
5.3097E+03,-0.003059,-0.008370,0.05680,1800.0
5.3098E+03,-0.004490,-0.007705,0.05680,1800.0
5.3099E+03,-0.005698,-0.006876,0.05680,1800.0
5.3100E+03,-0.006730,-0.005875,0.05680,1800.0
5.3100E+03,-0.007545,-0.004747,0.05680,1800.0
5.3101E+03,-0.008254,-0.003354,0.05680,1800.0
5.3102E+03,-0.008689,-0.001937,0.05680,1800.0
5.3103E+03,-0.008891,-0.000500,0.05680,1800.0
5.3104E+03,-0.008844,0.001004,0.05680,1800.0
5.3105E+03,-0.008545,0.002509,0.05680,1800.0
5.3106E+03,-0.008005,0.003895,0.05680,1800.0
5.3107E+03,-0.007247,0.005180,0.05680,1800.0
5.3108E+03,-0.006247,0.006377,0.05680,1800.0
5.3109E+03,-0.005146,0.007294,0.05680,1800.0
5.3111E+03,-0.003818,0.008076,0.05680,1800.0
5.3112E+03,-0.002400,0.008605,0.05680,1800.0
5.3113E+03,-0.000891,0.008873,0.05680,1800.0
5.3114E+03,0.000573,0.008901,0.05680,1800.0
5.3115E+03,0.002015,0.008672,0.05680,1800.0
5.3116E+03,0.003466,0.008207,0.05680,0.0
5.3117E+03,0.004801,0.007495,0.05680,0.0
5.3117E+03,0.005879,0.006684,0.05680,0.0
5.3118E+03,0.006924,0.005614,0.05680,0.0
5.3119E+03,0.007749,0.004404,0.05680,0.0
5.3120E+03,0.008403,0.003013,0.05680,0.0
5.3121E+03,0.008797,0.001546,0.05680,1800.0
5.3122E+03,0.008924,0.000381,0.05680,1800.0
5.3124E+03,0.008931,0.000319,0.05680,1800.0
5.3125E+03,0.004897,-0.000365,0.05680,1800.0
5.3126E+03,-0.001816,-0.001504,0.05680,1800.0
5.3127E+03,-0.009552,-0.002816,0.05680,1800.0
5.3129E+03,-0.014492,-0.003654,0.05680,1800.0
5.3131E+03,-0.015763,-0.003870,0.05680,1800.0
5.3132E+03,-0.015690,-0.004129,0.05680,1800.0
5.3133E+03,-0.015363,-0.005202,0.05680,1800.0
5.3134E+03,-0.014805,-0.006634,0.05680,1800.0
5.3134E+03,-0.014174,-0.007886,0.05680,1800.0
5.3135E+03,-0.013358,-0.009200,0.05680,1800.0
5.3136E+03,-0.012485,-0.010346,0.05680,1800.0
5.3137E+03,-0.011490,-0.011440,0.05680,1800.0
5.3138E+03,-0.010322,-0.012493,0.05680,1800.0
5.3139E+03,-0.009118,-0.013402,0.05680,1800.0
5.3140E+03,-0.007866,-0.014174,0.05680,1800.0
5.3141E+03,-0.006513,-0.014851,0.05680,1800.0
5.3142E+03,-0.005111,-0.015385,0.05680,1800.0
5.3143E+03,-0.003656,-0.015802,0.05680,1800.0
5.3144E+03,-0.002132,-0.016081,0.05680,1800.0
5.3146E+03,-0.000621,-0.016218,0.05680,1800.0
5.3147E+03,0.000814,-0.016210,0.05680,1800.0
5.3148E+03,0.002352,-0.016047,0.05680,1800.0
5.3149E+03,0.003845,-0.015756,0.05680,1800.0
5.3150E+03,0.005268,-0.015337,0.05680,1800.0
5.3151E+03,0.006664,-0.014777,0.05680,1800.0
5.3151E+03,0.007887,-0.014163,0.05680,1800.0
5.3152E+03,0.009169,-0.013373,0.05680,1800.0
5.3153E+03,0.010362,-0.012467,0.05680,1800.0
5.3154E+03,0.011496,-0.011440,0.05680,1800.0
5.3155E+03,0.012510,-0.010327,0.05680,1800.0
5.3156E+03,0.013417,-0.009118,0.05680,1800.0
5.3157E+03,0.014194,-0.007870,0.05680,1800.0
5.3158E+03,0.014856,-0.006502,0.05680,1800.0
5.3159E+03,0.015390,-0.005110,0.05680,1800.0
5.3160E+03,0.015794,-0.003689,0.05680,1800.0
5.3161E+03,0.016063,-0.002146,0.05680,1800.0
5.3163E+03,0.016200,-0.000657,0.05680,1800.0
5.3164E+03,0.016188,0.000817,0.05680,1800.0
5.3165E+03,0.016041,0.002324,0.05680,1800.0
5.3166E+03,0.015748,0.003828,0.05680,1800.0
5.3167E+03,0.015325,0.005300,0.05680,1800.0
5.3168E+03,0.014809,0.006618,0.05680,1800.0
5.3168E+03,0.014310,0.007656,0.05680,1800.0
5.3169E+03,0.013724,0.008661,0.05680,1800.0
5.3170E+03,0.012921,0.009803,0.05680,1800.0
5.3171E+03,0.011927,0.010982,0.05680,1800.0
5.3172E+03,0.010856,0.012040,0.05680,1800.0
5.3173E+03,0.009670,0.013012,0.05680,1800.0
5.3174E+03,0.008397,0.013866,0.05680,1800.0
5.3175E+03,0.007100,0.014574,0.05680,1800.0
5.3176E+03,0.005737,0.015162,0.05680,1800.0
5.3177E+03,0.004289,0.015642,0.05680,1800.0
5.3178E+03,0.002874,0.015961,0.05680,1800.0
5.3180E+03,0.001300,0.016170,0.05680,1800.0
5.3181E+03,-0.000223,0.016232,0.05680,1800.0
5.3182E+03,-0.001621,0.016150,0.05680,1800.0
5.3183E+03,-0.003195,0.015901,0.05680,1800.0
5.3184E+03,-0.004611,0.015551,0.05680,1800.0
5.3185E+03,-0.006013,0.015060,0.05680,1800.0
5.3186E+03,-0.007421,0.014412,0.05680,1800.0
5.3186E+03,-0.008610,0.013740,0.05680,1800.0
5.3187E+03,-0.009840,0.012880,0.05680,1800.0
5.3188E+03,-0.011005,0.011906,0.05680,1800.0
5.3189E+03,-0.012049,0.010861,0.05680,1800.0
5.3190E+03,-0.012984,0.009721,0.05680,1800.0
5.3191E+03,-0.013821,0.008497,0.05680,1800.0
5.3192E+03,-0.014555,0.007175,0.05680,1800.0
5.3193E+03,-0.015184,0.005708,0.05680,1800.0
5.3194E+03,-0.015637,0.004304,0.05680,1800.0
5.3195E+03,-0.015929,0.003056,0.05680,0.0
5.3197E+03,-0.016102,0.001976,0.05680,0.0
5.3198E+03,-0.016195,0.000837,0.05680,0.0
5.3199E+03,-0.016200,-0.000505,0.05680,0.0
5.3200E+03,-0.016124,-0.001752,0.05680,0.0
5.3201E+03,-0.015985,-0.002732,0.05680,0.0
5.3202E+03,-0.015831,-0.003563,0.05680,1800.0
5.3203E+03,-0.015763,-0.003870,0.05680,1800.0
5.3203E+03,-0.015724,-0.003864,0.05680,1800.0
5.3204E+03,-0.014325,-0.003636,0.05680,1800.0
5.3205E+03,-0.007659,-0.002553,0.05680,1800.0
5.3206E+03,0.000162,-0.001282,0.05680,1800.0
5.3207E+03,0.007571,-0.000078,0.05680,1800.0
5.3208E+03,0.010446,0.000389,0.05680,1800.0
5.3209E+03,0.010628,0.000419,0.05680,1800.0
5.3210E+03,0.010633,0.000330,0.05680,1800.0
5.3211E+03,0.010599,-0.000429,0.05680,1800.0
5.3212E+03,0.010430,-0.001967,0.05680,1800.0
5.3213E+03,0.010049,-0.003430,0.05680,1800.0
5.3215E+03,0.009479,-0.004826,0.05680,1800.0
5.3216E+03,0.008695,-0.006134,0.05680,1800.0
5.3217E+03,0.007806,-0.007229,0.05680,1800.0
5.3218E+03,0.006703,-0.008247,0.05680,1800.0
5.3219E+03,0.005464,-0.009093,0.05680,1800.0
5.3220E+03,0.004074,-0.009806,0.05680,1800.0
5.3220E+03,0.002792,-0.010235,0.05680,1800.0
5.3221E+03,0.001318,-0.010523,0.05680,1800.0
5.3222E+03,-0.000186,-0.010608,0.05680,1800.0
5.3223E+03,-0.001645,-0.010484,0.05680,1800.0
5.3224E+03,-0.003119,-0.010157,0.05680,1800.0
5.3225E+03,-0.004530,-0.009612,0.05680,1800.0
5.3226E+03,-0.005833,-0.008886,0.05680,1800.0
5.3227E+03,-0.007049,-0.007960,0.05680,1800.0
5.3228E+03,-0.008080,-0.006906,0.05680,1800.0
5.3229E+03,-0.008962,-0.005705,0.05680,1800.0
5.3230E+03,-0.009692,-0.004321,0.05680,1800.0
5.3232E+03,-0.010204,-0.002895,0.05680,1800.0
5.3233E+03,-0.010513,-0.001417,0.05680,1800.0
5.3234E+03,-0.010615,0.000071,0.05680,1800.0
5.3235E+03,-0.010502,0.001530,0.05680,1800.0
5.3236E+03,-0.010180,0.002977,0.05680,1800.0
5.3237E+03,-0.009664,0.004391,0.05680,1800.0
5.3237E+03,-0.009042,0.005605,0.05680,1800.0
5.3238E+03,-0.008160,0.006828,0.05680,1800.0
5.3239E+03,-0.007108,0.007898,0.05680,1800.0
5.3240E+03,-0.005900,0.008828,0.05680,1800.0
5.3241E+03,-0.004545,0.009586,0.05680,1800.0
5.3242E+03,-0.003153,0.010145,0.05680,1800.0
5.3243E+03,-0.001708,0.010470,0.05680,1800.0
5.3244E+03,-0.000217,0.010602,0.05680,1800.0
5.3245E+03,0.001277,0.010536,0.05680,1800.0
5.3246E+03,0.002750,0.010245,0.05680,1800.0
5.3247E+03,0.004196,0.009752,0.05680,1800.0
5.3249E+03,0.005541,0.009054,0.05680,0.0
5.3250E+03,0.006792,0.008176,0.05680,0.0
5.3251E+03,0.007841,0.007194,0.05680,0.0
5.3252E+03,0.008794,0.005983,0.05680,1800.0
5.3253E+03,0.009510,0.004720,0.05680,1800.0
5.3254E+03,0.010079,0.003334,0.05680,1800.0
5.3255E+03,0.010451,0.001876,0.05680,1800.0
5.3255E+03,0.010589,0.000894,0.05680,1800.0
5.3256E+03,0.010628,0.000419,0.05680,1800.0
5.3257E+03,0.010652,0.000495,0.05680,1800.0
5.3258E+03,0.011255,0.002412,0.05680,1800.0
5.3259E+03,0.012680,0.006945,0.05680,1800.0
5.3262E+03,0.012713,0.007048,0.05680,1800.0
5.3263E+03,0.012122,0.008003,0.05680,1800.0
5.3264E+03,0.011247,0.009182,0.05680,1800.0
5.3266E+03,0.010239,0.010282,0.05680,1800.0
5.3267E+03,0.009116,0.011288,0.05680,1800.0
5.3268E+03,0.007873,0.012184,0.05680,1800.0
5.3269E+03,0.006537,0.012950,0.05680,1800.0
5.3270E+03,0.005141,0.013567,0.05680,1800.0
5.3271E+03,0.003707,0.014030,0.05680,1800.0
5.3272E+03,0.002246,0.014338,0.05680,1800.0
5.3272E+03,0.000894,0.014500,0.05680,1800.0
5.3273E+03,-0.000606,0.014515,0.05680,1800.0
5.3274E+03,-0.002121,0.014371,0.05680,1800.0
5.3275E+03,-0.003521,0.014085,0.05680,1800.0
5.3276E+03,-0.004961,0.013641,0.05680,1800.0
5.3277E+03,-0.006354,0.013044,0.05680,1800.0
5.3278E+03,-0.007677,0.012315,0.05680,1800.0
5.3279E+03,-0.008912,0.011447,0.05680,1800.0
5.3280E+03,-0.010068,0.010443,0.05680,1800.0
5.3281E+03,-0.011118,0.009322,0.05680,1800.0
5.3282E+03,-0.011987,0.008193,0.05680,1800.0
5.3284E+03,-0.012646,0.007141,0.05680,1800.0
5.3285E+03,-0.013272,0.005884,0.05680,1800.0
5.3286E+03,-0.013801,0.004543,0.05680,1800.0
5.3287E+03,-0.014192,0.003081,0.05680,1800.0
5.3288E+03,-0.014433,0.001557,0.05680,1800.0
5.3289E+03,-0.014514,0.000087,0.05680,1800.0
5.3289E+03,-0.014440,-0.001323,0.05680,1800.0
5.3290E+03,-0.014239,-0.002798,0.05680,1800.0
5.3291E+03,-0.013954,-0.004011,0.05680,1800.0
5.3292E+03,-0.013572,-0.005147,0.05680,1800.0
5.3293E+03,-0.013010,-0.006420,0.05680,1800.0
5.3294E+03,-0.012264,-0.007765,0.05680,1800.0
5.3295E+03,-0.011382,-0.009011,0.05680,1800.0
5.3296E+03,-0.010391,-0.010154,0.05680,1800.0
5.3297E+03,-0.009329,-0.011135,0.05680,1800.0
5.3298E+03,-0.008133,-0.012037,0.05680,1800.0
5.3299E+03,-0.006785,-0.012832,0.05680,1800.0
5.3301E+03,-0.005429,-0.013454,0.05680,1800.0
5.3302E+03,-0.004003,-0.013949,0.05680,1800.0
5.3303E+03,-0.002561,-0.014283,0.05680,1800.0
5.3304E+03,-0.001089,-0.014466,0.05680,1800.0
5.3305E+03,0.000423,-0.014506,0.05680,1800.0
5.3306E+03,0.001917,-0.014382,0.05680,1800.0
5.3307E+03,0.003383,-0.014115,0.05680,1800.0
5.3307E+03,0.004704,-0.013741,0.05680,1800.0
5.3308E+03,0.006099,-0.013186,0.05680,1800.0
5.3309E+03,0.007433,-0.012479,0.05680,1800.0
5.3310E+03,0.008713,-0.011610,0.05680,1800.0
5.3311E+03,0.009877,-0.010628,0.05680,1800.0
5.3312E+03,0.010904,-0.009579,0.05680,1800.0
5.3313E+03,0.011854,-0.008366,0.05680,1800.0
5.3314E+03,0.012667,-0.007072,0.05680,1800.0
5.3315E+03,0.013327,-0.005725,0.05680,1800.0
5.3316E+03,0.013853,-0.004313,0.05680,1800.0
5.3318E+03,0.014219,-0.002882,0.05680,0.0
5.3319E+03,0.014443,-0.001448,0.05680,0.0
5.3320E+03,0.014519,0.000069,0.05680,0.0
5.3321E+03,0.014436,0.001583,0.05680,1800.0
5.3322E+03,0.014191,0.003107,0.05680,1800.0
5.3323E+03,0.013793,0.004533,0.05680,1800.0
5.3324E+03,0.013245,0.005939,0.05680,1800.0
5.3324E+03,0.012858,0.006764,0.05680,1800.0
5.3325E+03,0.012713,0.007048,0.05680,1800.0
5.3326E+03,0.012707,0.006951,0.05680,1800.0
5.3327E+03,0.012562,0.004507,0.05680,1800.0
5.3328E+03,0.012328,0.000565,0.05680,1800.0
5.3329E+03,0.012325,0.000520,0.05680,1800.0
5.3330E+03,0.012328,0.000463,0.05680,1800.0
5.3331E+03,0.012340,-0.000074,0.05680,1800.0
5.3332E+03,0.012245,-0.001575,0.05680,1800.0
5.3333E+03,0.011923,-0.003124,0.05680,1800.0
5.3334E+03,0.011480,-0.004500,0.05680,1800.0
5.3336E+03,0.010850,-0.005836,0.05680,1800.0
5.3337E+03,0.010043,-0.007123,0.05680,1800.0
5.3338E+03,0.009070,-0.008320,0.05680,1800.0
5.3339E+03,0.007962,-0.009385,0.05680,1800.0
5.3340E+03,0.006781,-0.010274,0.05680,1800.0
5.3341E+03,0.005529,-0.011008,0.05680,1800.0
5.3341E+03,0.004262,-0.011565,0.05680,1800.0
5.3342E+03,0.002829,-0.012000,0.05680,1800.0
5.3343E+03,0.001371,-0.012268,0.05680,1800.0
5.3344E+03,-0.000137,-0.012337,0.05680,1800.0
5.3345E+03,-0.001595,-0.012210,0.05680,1800.0
5.3346E+03,-0.003109,-0.011918,0.05680,1800.0
5.3347E+03,-0.004545,-0.011456,0.05680,1800.0
5.3348E+03,-0.005928,-0.010789,0.05680,1800.0
5.3349E+03,-0.007202,-0.009987,0.05680,1800.0
5.3350E+03,-0.008354,-0.009039,0.05680,1800.0
5.3351E+03,-0.009405,-0.007944,0.05680,1800.0
5.3353E+03,-0.010304,-0.006733,0.05680,1800.0
5.3354E+03,-0.011057,-0.005425,0.05680,1800.0
5.3355E+03,-0.011642,-0.004053,0.05680,1800.0
5.3356E+03,-0.012065,-0.002595,0.05680,1800.0
5.3357E+03,-0.012283,-0.001050,0.05680,1800.0
5.3358E+03,-0.012324,0.000409,0.05680,1800.0
5.3359E+03,-0.012172,0.001931,0.05680,1800.0
5.3359E+03,-0.011885,0.003261,0.05680,1800.0
5.3360E+03,-0.011407,0.004652,0.05680,1800.0
5.3361E+03,-0.010755,0.005998,0.05680,1800.0
5.3362E+03,-0.009944,0.007266,0.05680,1800.0
5.3363E+03,-0.008995,0.008409,0.05680,1800.0
5.3364E+03,-0.007876,0.009471,0.05680,1800.0
5.3365E+03,-0.006679,0.010350,0.05680,1800.0
5.3366E+03,-0.005337,0.011118,0.05680,1800.0
5.3367E+03,-0.003992,0.011669,0.05680,1800.0
5.3368E+03,-0.002534,0.012069,0.05680,1800.0
5.3370E+03,-0.001057,0.012272,0.05680,1800.0
5.3371E+03,0.000447,0.012312,0.05680,1800.0
5.3372E+03,0.001995,0.012157,0.05680,1800.0
5.3373E+03,0.003441,0.011835,0.05680,1800.0
5.3374E+03,0.004845,0.011320,0.05680,1800.0
5.3375E+03,0.006206,0.010644,0.05680,1800.0
