5.4255E+03,0.012293,0.015593,0.05751,0.0
5.4257E+03,0.012293,0.015592,0.05751,0.0
5.4258E+03,0.012293,0.015590,0.05751,0.0
5.4259E+03,0.012293,0.015589,0.05751,0.0
5.4260E+03,0.012293,0.015587,0.05751,0.0
5.4261E+03,0.012293,0.015586,0.05751,0.0
5.4262E+03,0.012293,0.015584,0.05751,0.0
5.4262E+03,0.012293,0.015583,0.05751,0.0
5.4263E+03,0.012293,0.015581,0.05751,0.0
5.4264E+03,0.012293,0.015580,0.05751,0.0
5.4265E+03,0.012293,0.015578,0.05751,0.0
5.4266E+03,0.012293,0.015576,0.05751,0.0
5.4267E+03,0.012293,0.015575,0.05751,0.0
5.4268E+03,0.012293,0.015573,0.05751,0.0
5.4269E+03,0.012293,0.015572,0.05751,0.0
5.4270E+03,0.012293,0.015570,0.05751,0.0
5.4271E+03,0.012293,0.015569,0.05751,0.0
5.4273E+03,0.012293,0.015567,0.05751,0.0
5.4274E+03,0.012293,0.015565,0.05751,0.0
5.4275E+03,0.012293,0.015564,0.05751,0.0
5.4276E+03,0.012293,0.015562,0.05751,0.0
5.4277E+03,0.012293,0.015561,0.05751,0.0
5.4278E+03,0.012293,0.015559,0.05751,0.0
5.4280E+03,0.012293,0.015558,0.05751,0.0
5.4281E+03,0.011210,0.014693,0.05751,0.0
5.4282E+03,0.008869,0.013011,0.05751,0.0
5.4283E+03,0.006096,0.011045,0.05751,0.0
5.4284E+03,0.003351,0.009046,0.05751,0.0
5.4285E+03,0.000587,0.007033,0.05751,900.0
5.4286E+03,-0.002140,0.005047,0.05751,900.0
5.4287E+03,-0.005006,0.002961,0.05751,900.0
5.4288E+03,-0.007735,0.000974,0.05751,900.0
5.4290E+03,-0.010514,-0.001050,0.05751,900.0
5.4291E+03,-0.013216,-0.003017,0.05751,900.0
5.4292E+03,-0.015998,-0.005043,0.05751,900.0
5.4293E+03,-0.016909,-0.005707,0.05751,900.0
5.4295E+03,-0.017049,-0.005809,0.05751,900.0
5.4296E+03,-0.016868,-0.006289,0.05751,900.0
5.4296E+03,-0.016537,-0.007104,0.05751,900.0
5.4297E+03,-0.016003,-0.008224,0.05751,900.0
5.4298E+03,-0.015247,-0.009568,0.05751,900.0
5.4299E+03,-0.014365,-0.010859,0.05751,900.0
5.4300E+03,-0.013443,-0.011988,0.05751,900.0
5.4301E+03,-0.012373,-0.013094,0.05751,900.0
5.4302E+03,-0.011212,-0.014099,0.05751,900.0
5.4303E+03,-0.010031,-0.014958,0.05751,900.0
5.4304E+03,-0.008762,-0.015733,0.05751,900.0
5.4305E+03,-0.007439,-0.016399,0.05751,900.0
5.4307E+03,-0.006053,-0.016958,0.05751,900.0
5.4308E+03,-0.004585,-0.017417,0.05751,900.0
5.4309E+03,-0.003090,-0.017742,0.05751,900.0
5.4310E+03,-0.001635,-0.017938,0.05751,900.0
5.4311E+03,-0.000111,-0.018020,0.05751,900.0
5.4312E+03,0.001461,-0.017960,0.05751,900.0
5.4313E+03,0.002953,-0.017779,0.05751,900.0
5.4313E+03,0.004232,-0.017515,0.05751,900.0
5.4314E+03,0.005668,-0.017106,0.05751,900.0
5.4315E+03,0.007079,-0.016565,0.05751,900.0
5.4316E+03,0.008428,-0.015911,0.05751,900.0
5.4317E+03,0.009729,-0.015147,0.05751,900.0
5.4318E+03,0.010977,-0.014275,0.05751,900.0
5.4319E+03,0.012152,-0.013280,0.05751,900.0
5.4320E+03,0.013239,-0.012194,0.05751,900.0
5.4321E+03,0.014162,-0.011122,0.05751,900.0
5.4322E+03,0.014844,-0.010177,0.05751,900.0
5.4323E+03,0.015627,-0.008942,0.05751,900.0
5.4325E+03,0.016354,-0.007549,0.05751,900.0
5.4326E+03,0.016842,-0.006364,0.05751,900.0
5.4327E+03,0.017186,-0.005366,0.05751,900.0
5.4328E+03,0.017464,-0.004348,0.05751,900.0
5.4329E+03,0.017663,-0.003416,0.05751,900.0
5.4330E+03,0.017814,-0.002477,0.05751,900.0
5.4330E+03,0.017920,-0.001380,0.05751,900.0
5.4331E+03,0.017975,0.000130,0.05751,900.0
5.4332E+03,0.017919,0.001574,0.05751,900.0
5.4333E+03,0.017790,0.002632,0.05751,900.0
5.4334E+03,0.017586,0.003749,0.05751,900.0
5.4335E+03,0.017336,0.004775,0.05751,900.0
5.4336E+03,0.017016,0.005794,0.05751,900.0
5.4337E+03,0.016704,0.006637,0.05751,900.0
5.4338E+03,0.016114,0.007931,0.05751,900.0
5.4339E+03,0.015391,0.009255,0.05751,900.0
5.4340E+03,0.014652,0.010394,0.05751,900.0
5.4342E+03,0.013837,0.011446,0.05751,900.0
5.4343E+03,0.012859,0.012522,0.05751,900.0
5.4344E+03,0.011733,0.013577,0.05751,900.0
5.4345E+03,0.010529,0.014534,0.05751,900.0
5.4346E+03,0.009274,0.015373,0.05751,900.0
5.4347E+03,0.007996,0.016077,0.05751,900.0
5.4347E+03,0.006750,0.016636,0.05751,900.0
5.4348E+03,0.005336,0.017140,0.05751,900.0
5.4349E+03,0.003876,0.017522,0.05751,900.0
5.4350E+03,0.002407,0.017782,0.05751,900.0
5.4351E+03,0.000913,0.017913,0.05751,900.0
5.4352E+03,-0.000600,0.017929,0.05751,900.0
5.4353E+03,-0.002114,0.017816,0.05751,900.0
5.4354E+03,-0.003605,0.017579,0.05751,900.0
5.4355E+03,-0.005059,0.017212,0.05751,900.0
5.4356E+03,-0.006488,0.016729,0.05751,900.0
5.4357E+03,-0.007891,0.016128,0.05751,900.0
5.4359E+03,-0.009212,0.015414,0.05751,900.0
5.4360E+03,-0.010483,0.014582,0.05751,900.0
5.4361E+03,-0.011686,0.013631,0.05751,900.0
5.4362E+03,-0.012786,0.012614,0.05751,900.0
5.4363E+03,-0.013803,0.011493,0.05751,900.0
5.4364E+03,-0.014705,0.010302,0.05751,900.0
5.4365E+03,-0.015521,0.009023,0.05751,900.0
5.4365E+03,-0.016157,0.007844,0.05751,900.0
5.4366E+03,-0.016711,0.006623,0.05751,900.0
5.4367E+03,-0.017120,0.005464,0.05751,900.0
5.4368E+03,-0.017506,0.004078,0.05751,0.0
5.4369E+03,-0.017789,0.002584,0.05751,0.0
5.4370E+03,-0.017954,0.001067,0.05751,0.0
5.4371E+03,-0.017986,-0.000475,0.05751,0.0
5.4372E+03,-0.017884,-0.001959,0.05751,0.0
5.4373E+03,-0.017743,-0.003022,0.05751,0.0
5.4374E+03,-0.017456,-0.004341,0.05751,0.0
5.4376E+03,-0.017156,-0.005450,0.05751,900.0
5.4377E+03,-0.017049,-0.005809,0.05751,900.0
5.4378E+03,-0.017024,-0.005803,0.05751,900.0
5.4379E+03,-0.014497,-0.005241,0.05751,900.0
5.4380E+03,-0.007976,-0.003789,0.05751,900.0
5.4381E+03,-0.000131,-0.002043,0.05751,900.0
5.4382E+03,0.006631,-0.000538,0.05751,900.0
5.4382E+03,0.008849,-0.000044,0.05751,900.0
5.4384E+03,0.008887,-0.000036,0.05751,900.0
5.4385E+03,0.008814,-0.000972,0.05751,900.0
5.4386E+03,0.008530,-0.002357,0.05751,900.0
5.4387E+03,0.007997,-0.003798,0.05751,900.0
5.4388E+03,0.007244,-0.005106,0.05751,900.0
5.4389E+03,0.006297,-0.006236,0.05751,900.0
5.4390E+03,0.005170,-0.007210,0.05751,900.0
5.4391E+03,0.003871,-0.007996,0.05751,900.0
5.4393E+03,0.002525,-0.008525,0.05751,900.0
5.4394E+03,0.001013,-0.008839,0.05751,900.0
5.4395E+03,-0.000539,-0.008885,0.05751,900.0
5.4396E+03,-0.001948,-0.008662,0.05751,900.0
5.4397E+03,-0.003416,-0.008206,0.05751,900.0
5.4398E+03,-0.004756,-0.007498,0.05751,900.0
5.4399E+03,-0.005939,-0.006598,0.05751,900.0
5.4399E+03,-0.006855,-0.005613,0.05751,900.0
5.4400E+03,-0.007704,-0.004364,0.05751,900.0
5.4401E+03,-0.008337,-0.002991,0.05751,900.0
5.4402E+03,-0.008715,-0.001533,0.05751,900.0
5.4403E+03,-0.008853,-0.000033,0.05751,900.0
5.4404E+03,-0.008735,0.001457,0.05751,900.0
5.4405E+03,-0.008348,0.002967,0.05751,900.0
5.4406E+03,-0.007715,0.004333,0.05751,900.0
5.4407E+03,-0.006898,0.005525,0.05751,900.0
5.4408E+03,-0.005836,0.006616,0.05751,900.0
5.4410E+03,-0.004654,0.007491,0.05751,900.0
5.4411E+03,-0.003339,0.008154,0.05751,900.0
5.4412E+03,-0.001901,0.008597,0.05751,900.0
5.4413E+03,-0.000367,0.008791,0.05751,900.0
5.4414E+03,0.001170,0.008732,0.05751,900.0
5.4415E+03,0.002626,0.008408,0.05751,0.0
5.4416E+03,0.004019,0.007851,0.05751,0.0
5.4416E+03,0.005164,0.007171,0.05751,0.0
5.4417E+03,0.006314,0.006198,0.05751,0.0
5.4418E+03,0.007265,0.005058,0.05751,0.0
5.4419E+03,0.007992,0.003758,0.05751,0.0
5.4420E+03,0.008522,0.002348,0.05751,0.0
5.4421E+03,0.008792,0.000909,0.05751,900.0
5.4422E+03,0.008877,0.000136,0.05751,900.0
5.4423E+03,0.008887,-0.000036,0.05751,900.0
5.4424E+03,0.008242,-0.000274,0.05751,900.0
5.4425E+03,0.004412,-0.001689,0.05751,900.0
5.4427E+03,-0.002854,-0.004373,0.05751,900.0
5.4428E+03,-0.009729,-0.006913,0.05751,900.0
5.4431E+03,-0.013946,-0.008471,0.05751,900.0
5.4432E+03,-0.013745,-0.008780,0.05751,900.0
5.4433E+03,-0.013016,-0.009810,0.05751,900.0
5.4433E+03,-0.012157,-0.010844,0.05751,900.0
5.4434E+03,-0.011109,-0.011929,0.05751,900.0
5.4435E+03,-0.009966,-0.012898,0.05751,900.0
5.4436E+03,-0.008729,-0.013771,0.05751,900.0
5.4437E+03,-0.007390,-0.014535,0.05751,900.0
5.4438E+03,-0.006023,-0.015163,0.05751,900.0
5.4439E+03,-0.004641,-0.015648,0.05751,900.0
5.4440E+03,-0.003136,-0.016018,0.05751,900.0
5.4441E+03,-0.001626,-0.016247,0.05751,900.0
5.4442E+03,-0.000126,-0.016321,0.05751,900.0
5.4443E+03,0.001385,-0.016255,0.05751,900.0
5.4445E+03,0.002864,-0.016058,0.05751,900.0
5.4446E+03,0.004361,-0.015712,0.05751,900.0
5.4447E+03,0.005781,-0.015249,0.05751,900.0
5.4448E+03,0.007149,-0.014654,0.05751,900.0
5.4449E+03,0.008493,-0.013915,0.05751,900.0
5.4450E+03,0.009744,-0.013075,0.05751,900.0
5.4450E+03,0.010780,-0.012242,0.05751,900.0
5.4451E+03,0.011882,-0.011173,0.05751,900.0
5.4452E+03,0.012823,-0.010086,0.05751,900.0
5.4453E+03,0.013691,-0.008850,0.05751,900.0
5.4454E+03,0.014443,-0.007547,0.05751,900.0
5.4455E+03,0.015088,-0.006152,0.05751,900.0
5.4456E+03,0.015579,-0.004737,0.05751,900.0
5.4457E+03,0.015940,-0.003296,0.05751,900.0
5.4458E+03,0.016179,-0.001788,0.05751,900.0
5.4459E+03,0.016267,-0.000283,0.05751,900.0
5.4460E+03,0.016225,0.001207,0.05751,900.0
5.4462E+03,0.016045,0.002728,0.05751,900.0
5.4463E+03,0.015736,0.004136,0.05751,900.0
5.4464E+03,0.015270,0.005621,0.05751,900.0
5.4465E+03,0.014672,0.007046,0.05751,900.0
5.4466E+03,0.013972,0.008330,0.05751,900.0
5.4467E+03,0.013120,0.009612,0.05751,900.0
5.4467E+03,0.012255,0.010672,0.05751,900.0
5.4468E+03,0.011222,0.011746,0.05751,900.0
5.4469E+03,0.010090,0.012734,0.05751,900.0
5.4470E+03,0.008859,0.013612,0.05751,900.0
5.4471E+03,0.007585,0.014382,0.05751,900.0
5.4472E+03,0.006242,0.015033,0.05751,900.0
5.4473E+03,0.004788,0.015521,0.05751,900.0
5.4474E+03,0.003324,0.015906,0.05751,900.0
5.4475E+03,0.001780,0.016158,0.05751,900.0
5.4476E+03,0.000359,0.016246,0.05751,900.0
5.4477E+03,-0.001121,0.016210,0.05751,900.0
5.4479E+03,-0.002644,0.016024,0.05751,900.0
5.4480E+03,-0.004161,0.015700,0.05751,900.0
5.4481E+03,-0.005588,0.015249,0.05751,900.0
5.4482E+03,-0.006971,0.014666,0.05751,900.0
5.4483E+03,-0.008302,0.013959,0.05751,900.0
5.4484E+03,-0.009562,0.013138,0.05751,900.0
5.4485E+03,-0.010742,0.012190,0.05751,900.0
5.4485E+03,-0.011718,0.011264,0.05751,900.0
5.4486E+03,-0.012707,0.010159,0.05751,900.0
5.4487E+03,-0.013600,0.008926,0.05751,900.0
5.4488E+03,-0.014389,0.007592,0.05751,900.0
5.4489E+03,-0.015001,0.006291,0.05751,900.0
5.4490E+03,-0.015532,0.004824,0.05751,900.0
5.4491E+03,-0.015912,0.003403,0.05751,900.0
5.4492E+03,-0.016152,0.001935,0.05751,0.0
5.4493E+03,-0.016263,0.000406,0.05751,0.0
5.4494E+03,-0.016234,-0.001129,0.05751,0.0
5.4496E+03,-0.016068,-0.002613,0.05751,0.0
5.4497E+03,-0.015776,-0.004035,0.05751,0.0
5.4498E+03,-0.015343,-0.005476,0.05751,0.0
5.4499E+03,-0.014774,-0.006879,0.05751,900.0
5.4500E+03,-0.014093,-0.008209,0.05751,900.0
5.4501E+03,-0.013956,-0.008453,0.05751,900.0
5.4502E+03,-0.013946,-0.008471,0.05751,900.0
5.4502E+03,-0.012156,-0.007855,0.05751,900.0
5.4503E+03,-0.006574,-0.005936,0.05751,900.0
5.4504E+03,0.000809,-0.003398,0.05751,900.0
5.4505E+03,0.007381,-0.001139,0.05751,900.0
5.4506E+03,0.010567,-0.000044,0.05751,900.0
5.4507E+03,0.010590,-0.000036,0.05751,900.0
5.4508E+03,0.010584,-0.000140,0.05751,900.0
5.4509E+03,0.010528,-0.000811,0.05751,900.0
5.4510E+03,0.010315,-0.002337,0.05751,900.0
5.4511E+03,0.009892,-0.003779,0.05751,900.0
5.4513E+03,0.009262,-0.005130,0.05751,900.0
5.4514E+03,0.008436,-0.006376,0.05751,900.0
5.4515E+03,0.007467,-0.007493,0.05751,900.0
5.4516E+03,0.006298,-0.008502,0.05751,900.0
5.4517E+03,0.005037,-0.009301,0.05751,900.0
5.4518E+03,0.003653,-0.009919,0.05751,900.0
5.4519E+03,0.002165,-0.010361,0.05751,900.0
5.4519E+03,0.000842,-0.010563,0.05751,900.0
5.4520E+03,-0.000597,-0.010586,0.05751,900.0
5.4521E+03,-0.002068,-0.010399,0.05751,900.0
5.4522E+03,-0.003536,-0.010000,0.05751,900.0
5.4523E+03,-0.004922,-0.009386,0.05751,900.0
5.4524E+03,-0.006226,-0.008570,0.05751,900.0
5.4525E+03,-0.007336,-0.007623,0.05751,900.0
5.4526E+03,-0.008338,-0.006487,0.05751,900.0
5.4527E+03,-0.009168,-0.005246,0.05751,900.0
5.4528E+03,-0.009828,-0.003881,0.05751,900.0
5.4530E+03,-0.010269,-0.002435,0.05751,900.0
5.4531E+03,-0.010504,-0.000968,0.05751,900.0
5.4532E+03,-0.010538,0.000548,0.05751,900.0
5.4533E+03,-0.010357,0.002029,0.05751,900.0
5.4534E+03,-0.009935,0.003560,0.05751,900.0
5.4535E+03,-0.009330,0.004926,0.05751,900.0
5.4536E+03,-0.008526,0.006205,0.05751,900.0
5.4536E+03,-0.007666,0.007222,0.05751,900.0
5.4537E+03,-0.006569,0.008228,0.05751,900.0
5.4538E+03,-0.005324,0.009071,0.05751,900.0
5.4539E+03,-0.003957,0.009736,0.05751,900.0
5.4540E+03,-0.002536,0.010200,0.05751,900.0
5.4541E+03,-0.001080,0.010463,0.05751,900.0
5.4542E+03,0.000421,0.010505,0.05751,900.0
5.4543E+03,0.001928,0.010336,0.05751,900.0
5.4544E+03,0.003420,0.009956,0.05751,900.0
5.4545E+03,0.004821,0.009380,0.05751,0.0
5.4547E+03,0.006047,0.008640,0.05751,0.0
5.4548E+03,0.007188,0.007707,0.05751,0.0
5.4549E+03,0.008210,0.006600,0.05751,0.0
5.4550E+03,0.009107,0.005302,0.05751,0.0
5.4551E+03,0.009759,0.003968,0.05751,0.0
5.4552E+03,0.010210,0.002538,0.05751,0.0
5.4553E+03,0.010478,0.001061,0.05751,900.0
5.4553E+03,0.010578,0.000165,0.05751,900.0
5.4554E+03,0.010590,-0.000036,0.05751,900.0
5.4555E+03,0.010261,-0.000097,0.05751,900.0
5.4556E+03,0.007917,-0.000546,0.05751,900.0
5.4557E+03,0.000539,-0.002037,0.05751,900.0
5.4558E+03,-0.007547,-0.003454,0.05751,900.0
5.4559E+03,-0.012933,-0.004452,0.05751,900.0
5.4561E+03,-0.013854,-0.004625,0.05751,900.0
5.4562E+03,-0.013741,-0.004937,0.05751,900.0
5.4564E+03,-0.013319,-0.005939,0.05751,900.0
5.4565E+03,-0.012637,-0.007289,0.05751,900.0
5.4566E+03,-0.011920,-0.008430,0.05751,900.0
5.4567E+03,-0.011168,-0.009396,0.05751,900.0
5.4568E+03,-0.010110,-0.010536,0.05751,900.0
5.4569E+03,-0.008964,-0.011543,0.05751,900.0
5.4570E+03,-0.007718,-0.012415,0.05751,900.0
5.4570E+03,-0.006577,-0.013054,0.05751,900.0
5.4571E+03,-0.005168,-0.013663,0.05751,900.0
5.4572E+03,-0.003729,-0.014129,0.05751,900.0
5.4573E+03,-0.002281,-0.014426,0.05751,900.0
5.4574E+03,-0.000763,-0.014583,0.05751,900.0
5.4575E+03,0.000763,-0.014587,0.05751,900.0
5.4576E+03,0.002228,-0.014433,0.05751,900.0
5.4577E+03,0.003690,-0.014134,0.05751,900.0
5.4578E+03,0.005147,-0.013679,0.05751,900.0
5.4579E+03,0.006475,-0.013100,0.05751,900.0
5.4580E+03,0.007807,-0.012366,0.05751,900.0
5.4582E+03,0.009031,-0.011494,0.05751,900.0
5.4583E+03,0.010165,-0.010499,0.05751,900.0
5.4584E+03,0.011201,-0.009365,0.05751,900.0
5.4585E+03,0.012107,-0.008144,0.05751,900.0
5.4586E+03,0.012880,-0.006852,0.05751,900.0
5.4587E+03,0.013509,-0.005471,0.05751,900.0
5.4587E+03,0.013959,-0.004220,0.05751,900.0
5.4588E+03,0.014304,-0.002801,0.05751,900.0
5.4589E+03,0.014518,-0.001278,0.05751,900.0
5.4590E+03,0.014580,0.000244,0.05751,900.0
5.4591E+03,0.014475,0.001735,0.05751,900.0
5.4592E+03,0.014209,0.003281,0.05751,900.0
5.4593E+03,0.013821,0.004628,0.05751,900.0
5.4594E+03,0.013247,0.006042,0.05751,900.0
5.4595E+03,0.012517,0.007430,0.05751,900.0
5.4596E+03,0.011676,0.008685,0.05751,900.0
5.4597E+03,0.010717,0.009836,0.05751,900.0
5.4599E+03,0.009645,0.010888,0.05751,900.0
5.4600E+03,0.008473,0.011816,0.05751,900.0
5.4601E+03,0.007215,0.012626,0.05751,900.0
5.4602E+03,0.005855,0.013309,0.05751,900.0
5.4603E+03,0.004413,0.013860,0.05751,900.0
5.4604E+03,0.002960,0.014239,0.05751,900.0
5.4604E+03,0.001634,0.014460,0.05751,900.0
5.4605E+03,0.000205,0.014545,0.05751,900.0
5.4606E+03,-0.001350,0.014471,0.05751,900.0
5.4607E+03,-0.002855,0.014259,0.05751,900.0
5.4608E+03,-0.004323,0.013877,0.05751,900.0
5.4609E+03,-0.005705,0.013374,0.05751,900.0
5.4610E+03,-0.007063,0.012707,0.05751,900.0
5.4611E+03,-0.008361,0.011894,0.05751,900.0
5.4612E+03,-0.009510,0.010990,0.05751,900.0
5.4613E+03,-0.010501,0.010029,0.05751,900.0
5.4614E+03,-0.011201,0.009303,0.05751,900.0
5.4616E+03,-0.012030,0.008223,0.05751,900.0
5.4617E+03,-0.012718,0.007108,0.05751,900.0
5.4618E+03,-0.013349,0.005851,0.05751,0.0
5.4619E+03,-0.013705,0.004959,0.05751,0.0
5.4620E+03,-0.014102,0.003628,0.05751,0.0
5.4621E+03,-0.014408,0.002154,0.05751,0.0
5.4621E+03,-0.014543,0.000798,0.05751,0.0
5.4622E+03,-0.014551,-0.000728,0.05751,0.0
5.4623E+03,-0.014402,-0.002254,0.05751,0.0
5.4624E+03,-0.014120,-0.003665,0.05751,900.0
5.4625E+03,-0.013854,-0.004624,0.05751,900.0
5.4626E+03,-0.013854,-0.004625,0.05751,900.0
5.4627E+03,-0.013741,-0.004605,0.05751,900.0
5.4628E+03,-0.009086,-0.003788,0.05751,900.0
5.4629E+03,-0.001495,-0.002456,0.05751,900.0
5.4630E+03,0.006595,-0.001036,0.05751,900.0
5.4631E+03,0.011080,-0.000249,0.05751,900.0
5.4634E+03,0.012293,-0.000036,0.05751,900.0
5.4635E+03,0.012265,-0.000508,0.05751,900.0
5.4636E+03,0.012130,-0.001724,0.05751,900.0
5.4637E+03,0.011847,-0.003217,0.05751,900.0
5.4638E+03,0.011376,-0.004604,0.05751,900.0
5.4638E+03,0.010798,-0.005884,0.05751,900.0
5.4639E+03,0.009974,-0.007191,0.05751,900.0
5.4640E+03,0.009044,-0.008332,0.05751,900.0
5.4641E+03,0.007931,-0.009385,0.05751,900.0
5.4642E+03,0.006717,-0.010273,0.05751,900.0
5.4643E+03,0.005475,-0.011002,0.05751,900.0
5.4644E+03,0.004120,-0.011566,0.05751,900.0
5.4645E+03,0.002623,-0.011991,0.05751,900.0
5.4646E+03,0.001131,-0.012236,0.05751,900.0
5.4647E+03,-0.000320,-0.012278,0.05751,900.0
5.4648E+03,-0.001860,-0.012157,0.05751,900.0
5.4650E+03,-0.003313,-0.011847,0.05751,900.0
5.4651E+03,-0.004772,-0.011344,0.05751,900.0
5.4652E+03,-0.006144,-0.010670,0.05751,900.0
5.4653E+03,-0.007412,-0.009819,0.05751,900.0
5.4654E+03,-0.008507,-0.008875,0.05751,900.0
5.4655E+03,-0.009509,-0.007779,0.05751,900.0
5.4656E+03,-0.010361,-0.006573,0.05751,900.0
5.4656E+03,-0.011013,-0.005390,0.05751,900.0
5.4657E+03,-0.011597,-0.003958,0.05751,900.0
5.4658E+03,-0.012010,-0.002482,0.05751,900.0
5.4659E+03,-0.012211,-0.001058,0.05751,900.0
5.4660E+03,-0.012244,0.000454,0.05751,900.0
5.4661E+03,-0.012102,0.002001,0.05751,900.0
5.4662E+03,-0.011779,0.003425,0.05751,900.0
5.4663E+03,-0.011264,0.004836,0.05751,900.0
5.4664E+03,-0.010575,0.006199,0.05751,900.0
5.4665E+03,-0.009715,0.007455,0.05751,900.0
5.4667E+03,-0.008723,0.008575,0.05751,900.0
5.4668E+03,-0.007594,0.009576,0.05751,900.0
5.4669E+03,-0.006376,0.010427,0.05751,900.0
5.4670E+03,-0.005022,0.011130,0.05751,900.0
5.4671E+03,-0.003588,0.011679,0.05751,900.0
5.4672E+03,-0.002172,0.012024,0.05751,900.0
5.4673E+03,-0.000657,0.012200,0.05751,900.0
5.4673E+03,0.000665,0.012219,0.05751,900.0
5.4674E+03,0.002251,0.012030,0.05751,900.0
5.4675E+03,0.003644,0.011680,0.05751,900.0
5.4676E+03,0.005073,0.011134,0.05751,900.0
5.4677E+03,0.006386,0.010440,0.05751,900.0
5.4678E+03,0.007600,0.009574,0.05751,900.0
5.4679E+03,0.008732,0.008565,0.05751,0.0
5.4680E+03,0.009719,0.007430,0.05751,0.0
5.4681E+03,0.010554,0.006184,0.05751,0.0
5.4682E+03,0.011240,0.004828,0.05751,0.0
5.4684E+03,0.011764,0.003407,0.05751,0.0
5.4685E+03,0.012101,0.001919,0.05751,0.0
5.4686E+03,0.012264,0.000464,0.05751,0.0
5.4688E+03,0.012293,-0.000036,0.05751,0.0
5.4689E+03,0.012293,-0.000035,0.05751,0.0
5.4690E+03,0.012293,-0.000034,0.05751,0.0
5.4690E+03,0.012293,-0.000033,0.05751,0.0
5.4691E+03,0.012293,-0.000032,0.05751,0.0
5.4692E+03,0.012293,-0.000031,0.05751,0.0
5.4693E+03,0.012293,-0.000030,0.05751,0.0
5.4695E+03,0.012293,-0.000028,0.05751,0.0
5.4696E+03,0.012293,-0.000027,0.05751,0.0
5.4697E+03,0.012293,-0.000026,0.05751,0.0
5.4699E+03,0.012293,-0.000024,0.05751,0.0
5.4701E+03,0.012293,-0.000022,0.05751,0.0
5.4703E+03,0.012293,-0.000021,0.05751,0.0
5.4704E+03,0.012293,-0.000019,0.05751,0.0
5.4705E+03,0.012293,-0.000018,0.05751,0.0
5.4706E+03,0.012293,-0.000017,0.05751,0.0
5.4707E+03,0.012293,-0.000016,0.05751,0.0
5.4707E+03,0.012293,-0.000015,0.05751,0.0
5.4709E+03,0.012293,-0.000013,0.05751,0.0
5.4710E+03,0.012293,-0.000012,0.05751,0.0
5.4711E+03,0.012293,-0.000011,0.05751,0.0
5.4712E+03,0.012293,-0.000010,0.05751,0.0
5.4713E+03,0.012293,-0.000008,0.05751,0.0
5.4714E+03,0.012293,-0.000007,0.05751,0.0
5.4715E+03,0.012293,-0.000006,0.05751,0.0
5.4716E+03,0.012293,-0.000005,0.05751,0.0
5.4717E+03,0.012293,-0.000004,0.05751,0.0
5.4719E+03,0.012293,-0.000002,0.05751,0.0
5.4720E+03,0.012293,-0.000001,0.05751,0.0
5.4723E+03,0.012293,0.000000,0.05751,0.0
5.4724E+03,0.012293,-0.015593,0.05751,0.0
5.4724E+03,0.012189,-0.015580,0.05751,0.0
5.4725E+03,0.010457,-0.015359,0.05751,0.0
5.4726E+03,0.008020,-0.015047,0.05751,0.0
5.4727E+03,0.005510,-0.014726,0.05751,0.0
5.4728E+03,0.002963,-0.014401,0.05751,0.0
5.4729E+03,0.000518,-0.014088,0.05751,0.0
5.4730E+03,-0.002026,-0.013763,0.05751,0.0
5.4731E+03,-0.004564,-0.013439,0.05751,0.0
5.4732E+03,-0.007084,-0.013116,0.05751,0.0
5.4733E+03,-0.009597,-0.012795,0.05751,0.0
5.4734E+03,-0.012142,-0.012470,0.05751,0.0
5.4736E+03,-0.013029,-0.012357,0.05751,0.0
