3.7167E+03,-0.000373,0.027712,0.04260,0.0
3.7168E+03,-0.000373,0.027710,0.04260,0.0
3.7169E+03,-0.000373,0.027709,0.04260,0.0
3.7170E+03,-0.000373,0.027707,0.04260,0.0
3.7171E+03,-0.000373,0.027671,0.04260,0.0
3.7172E+03,-0.000373,0.027618,0.04260,0.0
3.7173E+03,-0.000373,0.027702,0.04260,0.0
3.7174E+03,-0.000373,0.027701,0.04260,0.0
3.7175E+03,-0.000373,0.027699,0.04260,0.0
3.7176E+03,-0.000373,0.027696,0.04260,0.0
3.7177E+03,-0.000373,0.027694,0.04260,0.0
3.7178E+03,-0.000373,0.027693,0.04260,0.0
3.7179E+03,-0.000373,0.027692,0.04260,0.0
3.7180E+03,-0.000373,0.027690,0.04260,0.0
3.7181E+03,-0.000373,0.027688,0.04260,0.0
3.7182E+03,-0.000373,0.027687,0.04260,0.0
3.7183E+03,-0.000373,0.027685,0.04260,0.0
3.7184E+03,-0.000373,0.027683,0.04260,0.0
3.7185E+03,-0.000373,0.027682,0.04260,0.0
3.7186E+03,-0.000373,0.027680,0.04260,0.0
3.7189E+03,-0.000373,0.027678,0.04260,0.0
3.7190E+03,-0.000475,0.027506,0.04260,0.0
3.7191E+03,-0.001363,0.026011,0.04260,0.0
3.7192E+03,-0.002891,0.023441,0.04260,0.0
3.7193E+03,-0.004324,0.021031,0.04260,0.0
3.7194E+03,-0.005850,0.018464,0.04260,900.0
3.7195E+03,-0.007342,0.015953,0.04260,900.0
3.7196E+03,-0.008851,0.013415,0.04260,900.0
3.7197E+03,-0.010454,0.010717,0.04260,900.0
3.7198E+03,-0.011978,0.008154,0.04260,900.0
3.7199E+03,-0.013510,0.005577,0.04260,900.0
3.7200E+03,-0.015021,0.003035,0.04260,900.0
3.7201E+03,-0.016103,0.001214,0.04260,900.0
3.7203E+03,-0.016434,0.000657,0.04260,900.0
3.7204E+03,-0.016437,0.000287,0.04260,900.0
3.7205E+03,-0.016411,-0.000730,0.04260,900.0
3.7206E+03,-0.016284,-0.002206,0.04260,900.0
3.7207E+03,-0.016015,-0.003697,0.04260,900.0
3.7208E+03,-0.015602,-0.005196,0.04260,900.0
3.7209E+03,-0.015092,-0.006555,0.04260,900.0
3.7210E+03,-0.014495,-0.007778,0.04260,900.0
3.7211E+03,-0.013702,-0.009099,0.04260,900.0
3.7212E+03,-0.012815,-0.010316,0.04260,900.0
3.7213E+03,-0.011847,-0.011410,0.04260,900.0
3.7214E+03,-0.010781,-0.012428,0.04260,900.0
3.7215E+03,-0.009600,-0.013362,0.04260,900.0
3.7216E+03,-0.008333,-0.014191,0.04260,900.0
3.7217E+03,-0.007137,-0.014838,0.04260,900.0
3.7218E+03,-0.006112,-0.015287,0.04260,900.0
3.7219E+03,-0.004754,-0.015765,0.04260,900.0
3.7220E+03,-0.003212,-0.016160,0.04260,900.0
3.7221E+03,-0.001691,-0.016388,0.04260,900.0
3.7222E+03,-0.000203,-0.016469,0.04260,900.0
3.7223E+03,0.001251,-0.016426,0.04260,900.0
3.7224E+03,0.002728,-0.016240,0.04260,900.0
3.7225E+03,0.004204,-0.015913,0.04260,900.0
3.7226E+03,0.005684,-0.015446,0.04260,900.0
3.7227E+03,0.006949,-0.014916,0.04260,900.0
3.7228E+03,0.008263,-0.014230,0.04260,900.0
3.7229E+03,0.009505,-0.013432,0.04260,900.0
3.7230E+03,0.010691,-0.012515,0.04260,900.0
3.7231E+03,0.011806,-0.011468,0.04260,900.0
3.7232E+03,0.012787,-0.010371,0.04260,900.0
3.7233E+03,0.013693,-0.009138,0.04260,900.0
3.7234E+03,0.014454,-0.007847,0.04260,900.0
3.7235E+03,0.015114,-0.006483,0.04260,900.0
3.7236E+03,0.015651,-0.005030,0.04260,900.0
3.7237E+03,0.016038,-0.003555,0.04260,900.0
3.7238E+03,0.016298,-0.002093,0.04260,900.0
3.7239E+03,0.016415,-0.000882,0.04260,900.0
3.7240E+03,0.016428,0.000181,0.04260,900.0
3.7241E+03,0.016374,0.001382,0.04260,900.0
3.7242E+03,0.016205,0.002670,0.04260,900.0
3.7243E+03,0.015896,0.004130,0.04260,900.0
3.7244E+03,0.015500,0.005436,0.04260,900.0
3.7245E+03,0.014927,0.006846,0.04260,900.0
3.7246E+03,0.014222,0.008195,0.04260,900.0
3.7247E+03,0.013398,0.009466,0.04260,900.0
3.7248E+03,0.012505,0.010622,0.04260,900.0
3.7249E+03,0.011455,0.011732,0.04260,900.0
3.7250E+03,0.010304,0.012747,0.04260,900.0
3.7251E+03,0.009098,0.013637,0.04260,900.0
3.7252E+03,0.007806,0.014417,0.04260,900.0
3.7253E+03,0.006443,0.015077,0.04260,900.0
3.7254E+03,0.005077,0.015594,0.04260,900.0
3.7255E+03,0.003591,0.016008,0.04260,900.0
3.7256E+03,0.002094,0.016269,0.04260,900.0
3.7257E+03,0.000603,0.016391,0.04260,900.0
3.7258E+03,-0.000851,0.016379,0.04260,900.0
3.7259E+03,-0.002336,0.016222,0.04260,900.0
3.7260E+03,-0.003835,0.015934,0.04260,900.0
3.7261E+03,-0.005299,0.015509,0.04260,900.0
3.7262E+03,-0.006374,0.015112,0.04260,900.0
3.7263E+03,-0.007442,0.014610,0.04260,900.0
3.7264E+03,-0.008745,0.013849,0.04260,900.0
3.7265E+03,-0.009939,0.012989,0.04260,900.0
3.7266E+03,-0.011159,0.012034,0.04260,900.0
3.7267E+03,-0.012181,0.011003,0.04260,0.0
3.7268E+03,-0.013132,0.009858,0.04260,0.0
3.7269E+03,-0.013985,0.008596,0.04260,0.0
3.7270E+03,-0.014710,0.007264,0.04260,0.0
3.7271E+03,-0.015304,0.005863,0.04260,0.0
3.7272E+03,-0.015790,0.004443,0.04260,0.0
3.7273E+03,-0.016139,0.002995,0.04260,900.0
3.7274E+03,-0.016348,0.001560,0.04260,900.0
3.7275E+03,-0.016431,0.000696,0.04260,900.0
3.7276E+03,-0.016434,0.000657,0.04260,900.0
3.7277E+03,-0.015449,0.001250,0.04260,900.0
3.7278E+03,-0.011441,0.003665,0.04260,900.0
3.7279E+03,-0.005364,0.007326,0.04260,900.0
3.7280E+03,-0.000896,0.010018,0.04260,900.0
3.7282E+03,-0.000285,0.010386,0.04260,900.0
3.7283E+03,0.000237,0.010378,0.04260,900.0
3.7284E+03,0.001436,0.010258,0.04260,900.0
3.7285E+03,0.002891,0.009954,0.04260,900.0
3.7286E+03,0.004299,0.009427,0.04260,900.0
3.7287E+03,0.005617,0.008707,0.04260,900.0
3.7288E+03,0.006852,0.007799,0.04260,900.0
3.7289E+03,0.007904,0.006735,0.04260,900.0
3.7290E+03,0.008817,0.005506,0.04260,900.0
3.7291E+03,0.009535,0.004175,0.04260,900.0
3.7292E+03,0.010028,0.002773,0.04260,900.0
3.7293E+03,0.010328,0.001326,0.04260,900.0
3.7294E+03,0.010398,-0.000170,0.04260,900.0
3.7295E+03,0.010273,-0.001663,0.04260,900.0
3.7296E+03,0.009954,-0.003003,0.04260,900.0
3.7297E+03,0.009434,-0.004404,0.04260,900.0
3.7298E+03,0.008733,-0.005678,0.04260,900.0
3.7299E+03,0.007813,-0.006907,0.04260,900.0
3.7300E+03,0.006694,-0.008003,0.04260,900.0
3.7301E+03,0.005528,-0.008869,0.04260,900.0
3.7302E+03,0.004218,-0.009565,0.04260,900.0
3.7303E+03,0.002802,-0.010070,0.04260,900.0
3.7304E+03,0.001280,-0.010373,0.04260,900.0
3.7305E+03,-0.000171,-0.010439,0.04260,900.0
3.7306E+03,-0.001658,-0.010302,0.04260,900.0
3.7307E+03,-0.003177,-0.009934,0.04260,900.0
3.7308E+03,-0.004557,-0.009379,0.04260,900.0
3.7309E+03,-0.005813,-0.008653,0.04260,900.0
3.7310E+03,-0.007002,-0.007721,0.04260,900.0
3.7311E+03,-0.008065,-0.006599,0.04260,900.0
3.7312E+03,-0.008927,-0.005369,0.04260,900.0
3.7313E+03,-0.009578,-0.004145,0.04260,900.0
3.7314E+03,-0.010049,-0.002800,0.04260,900.0
3.7315E+03,-0.010346,-0.001231,0.04260,900.0
3.7316E+03,-0.010402,0.000204,0.04260,900.0
3.7317E+03,-0.010256,0.001696,0.04260,900.0
3.7318E+03,-0.009892,0.003160,0.04260,900.0
3.7319E+03,-0.009320,0.004570,0.04260,900.0
3.7320E+03,-0.008553,0.005869,0.04260,0.0
3.7321E+03,-0.007614,0.007039,0.04260,0.0
3.7322E+03,-0.006498,0.008078,0.04260,0.0
3.7323E+03,-0.005251,0.008952,0.04260,0.0
3.7324E+03,-0.003908,0.009608,0.04260,900.0
3.7325E+03,-0.002473,0.010084,0.04260,900.0
3.7326E+03,-0.001060,0.010342,0.04260,900.0
3.7327E+03,-0.000353,0.010382,0.04260,900.0
3.7328E+03,-0.000285,0.010386,0.04260,900.0
3.7329E+03,0.000223,0.010366,0.04260,900.0
3.7330E+03,0.004765,0.010189,0.04260,900.0
3.7331E+03,0.009439,0.010006,0.04260,900.0
3.7333E+03,0.010850,0.009951,0.04260,900.0
3.7334E+03,0.010640,0.010162,0.04260,900.0
3.7335E+03,0.009797,0.010963,0.04260,900.0
3.7336E+03,0.008607,0.011921,0.04260,900.0
3.7337E+03,0.007367,0.012733,0.04260,900.0
3.7338E+03,0.006023,0.013414,0.04260,900.0
3.7339E+03,0.004666,0.013936,0.04260,900.0
3.7340E+03,0.003192,0.014339,0.04260,900.0
3.7341E+03,0.001684,0.014595,0.04260,900.0
3.7342E+03,0.000180,0.014686,0.04260,900.0
3.7343E+03,-0.001287,0.014627,0.04260,900.0
3.7344E+03,-0.002783,0.014417,0.04260,900.0
3.7345E+03,-0.004273,0.014054,0.04260,900.0
3.7346E+03,-0.005674,0.013551,0.04260,900.0
3.7347E+03,-0.007030,0.012906,0.04260,900.0
3.7348E+03,-0.008184,0.012222,0.04260,900.0
3.7349E+03,-0.009451,0.011269,0.04260,900.0
3.7350E+03,-0.010543,0.010264,0.04260,900.0
3.7351E+03,-0.011510,0.009151,0.04260,900.0
3.7352E+03,-0.012328,0.008029,0.04260,900.0
3.7353E+03,-0.012896,0.007097,0.04260,900.0
3.7354E+03,-0.013474,0.005888,0.04260,900.0
3.7355E+03,-0.014010,0.004476,0.04260,900.0
3.7356E+03,-0.014397,0.003055,0.04260,900.0
3.7357E+03,-0.014636,0.001553,0.04260,900.0
3.7358E+03,-0.014729,0.000022,0.04260,900.0
3.7359E+03,-0.014660,-0.001496,0.04260,900.0
3.7360E+03,-0.014438,-0.002988,0.04260,900.0
3.7361E+03,-0.014067,-0.004422,0.04260,900.0
3.7362E+03,-0.013525,-0.005891,0.04260,900.0
3.7363E+03,-0.012876,-0.007190,0.04260,900.0
3.7364E+03,-0.012383,-0.008019,0.04260,900.0
3.7365E+03,-0.011683,-0.008993,0.04260,900.0
3.7366E+03,-0.010699,-0.010153,0.04260,900.0
3.7367E+03,-0.009625,-0.011174,0.04260,900.0
3.7368E+03,-0.008447,-0.012097,0.04260,900.0
3.7369E+03,-0.007137,-0.012919,0.04260,900.0
3.7370E+03,-0.005834,-0.013564,0.04260,900.0
3.7371E+03,-0.004402,-0.014095,0.04260,900.0
3.7372E+03,-0.002956,-0.014478,0.04260,900.0
3.7373E+03,-0.001486,-0.014695,0.04260,900.0
3.7374E+03,0.000044,-0.014771,0.04260,900.0
3.7375E+03,0.001574,-0.014677,0.04260,900.0
3.7376E+03,0.003067,-0.014442,0.04260,900.0
3.7377E+03,0.004503,-0.014051,0.04260,900.0
3.7378E+03,0.005905,-0.013525,0.04260,900.0
3.7379E+03,0.007233,-0.012857,0.04260,900.0
3.7380E+03,0.008522,-0.012038,0.04260,900.0
3.7381E+03,0.009753,-0.011067,0.04260,900.0
3.7382E+03,0.010707,-0.010156,0.04260,900.0
3.7383E+03,0.011550,-0.009198,0.04260,900.0
3.7384E+03,0.012209,-0.008307,0.04260,900.0
3.7385E+03,0.012980,-0.007006,0.04260,900.0
3.7386E+03,0.013603,-0.005687,0.04260,900.0
3.7387E+03,0.014096,-0.004299,0.04260,900.0
3.7388E+03,0.014462,-0.002803,0.04260,900.0
3.7389E+03,0.014665,-0.001306,0.04260,900.0
3.7390E+03,0.014721,0.000191,0.04260,0.0
3.7391E+03,0.014619,0.001698,0.04260,0.0
3.7392E+03,0.014366,0.003185,0.04260,0.0
3.7393E+03,0.013966,0.004651,0.04260,0.0
3.7394E+03,0.013404,0.006063,0.04260,900.0
3.7395E+03,0.012740,0.007382,0.04260,900.0
3.7396E+03,0.011922,0.008628,0.04260,900.0
3.7397E+03,0.011038,0.009732,0.04260,900.0
3.7398E+03,0.010864,0.009936,0.04260,900.0
3.7399E+03,0.010850,0.009951,0.04260,900.0
3.7400E+03,0.008879,0.010326,0.04260,900.0
3.7401E+03,0.003669,0.011316,0.04260,900.0
3.7402E+03,-0.000225,0.012056,0.04260,900.0
3.7403E+03,-0.000373,0.012084,0.04260,900.0
3.7404E+03,-0.000215,0.012087,0.04260,900.0
3.7405E+03,0.000483,0.012066,0.04260,900.0
3.7406E+03,0.002007,0.011910,0.04260,900.0
3.7407E+03,0.003437,0.011584,0.04260,900.0
3.7408E+03,0.004817,0.011090,0.04260,900.0
3.7409E+03,0.006203,0.010370,0.04260,900.0
3.7410E+03,0.007430,0.009521,0.04260,900.0
3.7411E+03,0.008551,0.008527,0.04260,900.0
3.7412E+03,0.009563,0.007369,0.04260,900.0
3.7413E+03,0.010399,0.006150,0.04260,900.0
3.7414E+03,0.011082,0.004822,0.04260,900.0
3.7415E+03,0.011609,0.003384,0.04260,900.0
3.7416E+03,0.011925,0.002077,0.04260,900.0
3.7417E+03,0.012091,0.000612,0.04260,900.0
3.7418E+03,0.012089,-0.000878,0.04260,900.0
3.7419E+03,0.011885,-0.002438,0.04260,900.0
3.7420E+03,0.011482,-0.003908,0.04260,900.0
3.7421E+03,0.010954,-0.005225,0.04260,900.0
3.7422E+03,0.010218,-0.006524,0.04260,900.0
3.7423E+03,0.009288,-0.007785,0.04260,900.0
3.7424E+03,0.008272,-0.008865,0.04260,900.0
3.7425E+03,0.007095,-0.009830,0.04260,900.0
3.7426E+03,0.005824,-0.010648,0.04260,900.0
3.7427E+03,0.004507,-0.011267,0.04260,900.0
3.7428E+03,0.003061,-0.011744,0.04260,900.0
3.7429E+03,0.001551,-0.012046,0.04260,900.0
3.7430E+03,0.000085,-0.012152,0.04260,900.0
3.7431E+03,-0.001391,-0.012075,0.04260,900.0
3.7432E+03,-0.002949,-0.011792,0.04260,900.0
3.7433E+03,-0.004370,-0.011333,0.04260,900.0
3.7434E+03,-0.005602,-0.010760,0.04260,900.0
3.7435E+03,-0.006874,-0.009997,0.04260,900.0
3.7436E+03,-0.008027,-0.009093,0.04260,900.0
3.7437E+03,-0.009096,-0.008018,0.04260,900.0
3.7438E+03,-0.010037,-0.006788,0.04260,900.0
3.7439E+03,-0.010795,-0.005509,0.04260,900.0
3.7440E+03,-0.011381,-0.004165,0.04260,900.0
3.7441E+03,-0.011824,-0.002701,0.04260,900.0
3.7442E+03,-0.012067,-0.001239,0.04260,900.0
3.7443E+03,-0.012119,0.000273,0.04260,900.0
3.7444E+03,-0.011972,0.001781,0.04260,900.0
3.7445E+03,-0.011653,0.003259,0.04260,900.0
3.7446E+03,-0.011156,0.004664,0.04260,900.0
3.7447E+03,-0.010462,0.006055,0.04260,900.0
3.7448E+03,-0.009608,0.007315,0.04260,0.0
3.7449E+03,-0.008628,0.008436,0.04260,0.0
3.7450E+03,-0.007520,0.009442,0.04260,0.0
3.7451E+03,-0.006414,0.010232,0.04260,0.0
3.7452E+03,-0.005076,0.010966,0.04260,0.0
3.7453E+03,-0.003673,0.011519,0.04260,0.0
3.7454E+03,-0.002283,0.011868,0.04260,0.0
3.7455E+03,-0.000774,0.012050,0.04260,0.0
3.7456E+03,-0.000407,0.012082,0.04260,0.0
3.7458E+03,-0.000373,0.012084,0.04260,0.0
3.7459E+03,-0.000373,0.012150,0.04260,0.0
3.7460E+03,-0.000373,0.012142,0.04260,0.0
3.7461E+03,-0.000373,0.012088,0.04260,0.0
3.7462E+03,-0.000373,0.012089,0.04260,0.0
3.7463E+03,-0.000373,0.012090,0.04260,0.0
3.7464E+03,-0.000373,0.012091,0.04260,0.0
3.7465E+03,-0.000373,0.012092,0.04260,0.0
3.7466E+03,-0.000373,0.012097,0.04260,0.0
3.7467E+03,-0.000373,0.012207,0.04260,0.0
3.7468E+03,-0.000373,0.012108,0.04260,0.0
3.7469E+03,-0.000373,0.012097,0.04260,0.0
3.7470E+03,-0.000373,0.012098,0.04260,0.0
3.7471E+03,-0.000373,0.012099,0.04260,0.0
3.7472E+03,-0.000373,0.012100,0.04260,0.0
3.7473E+03,-0.000373,0.012101,0.04260,0.0
3.7474E+03,-0.000373,0.012103,0.04260,0.0
3.7475E+03,-0.000373,0.012104,0.04260,0.0
3.7476E+03,-0.000373,0.012105,0.04260,0.0
3.7477E+03,-0.000373,0.012106,0.04260,0.0
3.7479E+03,-0.000373,0.012108,0.04260,0.0
3.7480E+03,-0.000373,0.012109,0.04260,0.0
3.7481E+03,-0.000373,0.012111,0.04260,0.0
3.7482E+03,-0.000373,0.012112,0.04260,0.0
3.7483E+03,-0.000373,0.012113,0.04260,0.0
3.7484E+03,-0.000373,0.012114,0.04260,0.0
3.7485E+03,-0.000373,0.012115,0.04260,0.0
3.7486E+03,-0.000373,0.012116,0.04260,0.0
3.7487E+03,-0.000373,0.012118,0.04260,0.0
3.7488E+03,-0.000373,0.012119,0.04260,0.0
3.7490E+03,-0.000373,0.012120,0.04260,0.0
3.7491E+03,-0.000373,-0.003473,0.04260,0.0
3.7492E+03,-0.000657,-0.003422,0.04260,0.0
3.7493E+03,-0.001883,-0.003202,0.04260,0.0
3.7494E+03,-0.003558,-0.002901,0.04260,0.0
3.7495E+03,-0.005227,-0.002600,0.04260,0.0
3.7496E+03,-0.006848,-0.002309,0.04260,0.0
3.7497E+03,-0.008495,-0.002013,0.04260,0.0
3.7498E+03,-0.010190,-0.001708,0.04260,0.0
3.7499E+03,-0.011882,-0.001404,0.04260,0.0
3.7500E+03,-0.013548,-0.001104,0.04260,0.0
3.7501E+03,-0.015174,-0.000811,0.04260,0.0
3.7502E+03,-0.016525,-0.000568,0.04260,0.0
3.7503E+03,-0.016562,-0.000562,0.04260,0.0
