4.9099E+03,0.010104,0.007974,0.05325,0.0
4.9100E+03,0.010104,0.007973,0.05325,0.0
4.9101E+03,0.010104,0.007972,0.05325,0.0
4.9102E+03,0.010104,0.007970,0.05325,0.0
4.9103E+03,0.010104,0.007968,0.05325,0.0
4.9104E+03,0.010104,0.007967,0.05325,0.0
4.9105E+03,0.010104,0.007965,0.05325,0.0
4.9107E+03,0.010104,0.007963,0.05325,0.0
4.9108E+03,0.010104,0.007962,0.05325,0.0
4.9109E+03,0.010104,0.007960,0.05325,0.0
4.9110E+03,0.010104,0.007959,0.05325,0.0
4.9111E+03,0.010104,0.007957,0.05325,0.0
4.9112E+03,0.010104,0.007955,0.05325,0.0
4.9113E+03,0.010104,0.007954,0.05325,0.0
4.9113E+03,0.010104,0.007952,0.05325,0.0
4.9114E+03,0.010104,0.007951,0.05325,0.0
4.9115E+03,0.010104,0.007949,0.05325,0.0
4.9116E+03,0.010104,0.007947,0.05325,0.0
4.9117E+03,0.010104,0.007946,0.05325,0.0
4.9118E+03,0.010104,0.007944,0.05325,0.0
4.9119E+03,0.010104,0.007943,0.05325,0.0
4.9120E+03,0.010104,0.007941,0.05325,0.0
4.9123E+03,0.010104,0.007939,0.05325,0.0
4.9125E+03,0.010312,0.007867,0.05325,0.0
4.9126E+03,0.010832,0.007689,0.05325,0.0
4.9127E+03,0.011506,0.007457,0.05325,0.0
4.9128E+03,0.012190,0.007223,0.05325,900.0
4.9129E+03,0.012861,0.006993,0.05325,900.0
4.9130E+03,0.013557,0.006754,0.05325,900.0
4.9130E+03,0.014167,0.006545,0.05325,900.0
4.9131E+03,0.014842,0.006313,0.05325,900.0
4.9132E+03,0.015527,0.006078,0.05325,900.0
4.9133E+03,0.016186,0.005852,0.05325,900.0
4.9134E+03,0.016554,0.005726,0.05325,900.0
4.9136E+03,0.016661,0.005689,0.05325,900.0
4.9137E+03,0.016501,0.006109,0.05325,900.0
4.9138E+03,0.016044,0.007205,0.05325,900.0
4.9139E+03,0.015397,0.008504,0.05325,900.0
4.9140E+03,0.014615,0.009787,0.05325,900.0
4.9142E+03,0.013729,0.011001,0.05325,900.0
4.9143E+03,0.012717,0.012153,0.05325,900.0
4.9144E+03,0.011613,0.013210,0.05325,900.0
4.9145E+03,0.010421,0.014161,0.05325,900.0
4.9146E+03,0.009203,0.014976,0.05325,900.0
4.9147E+03,0.007862,0.015710,0.05325,900.0
4.9147E+03,0.006633,0.016274,0.05325,900.0
4.9148E+03,0.005243,0.016767,0.05325,900.0
4.9149E+03,0.003767,0.017160,0.05325,900.0
4.9150E+03,0.002248,0.017427,0.05325,900.0
4.9151E+03,0.000767,0.017561,0.05325,900.0
4.9152E+03,-0.000784,0.017560,0.05325,900.0
4.9153E+03,-0.002263,0.017437,0.05325,900.0
4.9154E+03,-0.003683,0.017194,0.05325,900.0
4.9155E+03,-0.005144,0.016808,0.05325,900.0
4.9156E+03,-0.006594,0.016291,0.05325,900.0
4.9157E+03,-0.007975,0.015662,0.05325,900.0
4.9159E+03,-0.009280,0.014924,0.05325,900.0
4.9160E+03,-0.010509,0.014085,0.05325,900.0
4.9161E+03,-0.011679,0.013135,0.05325,900.0
4.9162E+03,-0.012773,0.012074,0.05325,900.0
4.9163E+03,-0.013773,0.010929,0.05325,900.0
4.9164E+03,-0.014670,0.009699,0.05325,900.0
4.9165E+03,-0.015435,0.008447,0.05325,900.0
4.9165E+03,-0.016042,0.007246,0.05325,900.0
4.9166E+03,-0.016597,0.005873,0.05325,900.0
4.9167E+03,-0.017039,0.004387,0.05325,900.0
4.9168E+03,-0.017362,0.002869,0.05325,900.0
4.9169E+03,-0.017543,0.001373,0.05325,900.0
4.9170E+03,-0.017605,-0.000129,0.05325,900.0
4.9171E+03,-0.017531,-0.001613,0.05325,900.0
4.9172E+03,-0.017330,-0.003092,0.05325,900.0
4.9173E+03,-0.017004,-0.004586,0.05325,900.0
4.9174E+03,-0.016556,-0.006040,0.05325,900.0
4.9176E+03,-0.015978,-0.007435,0.05325,900.0
4.9177E+03,-0.015292,-0.008772,0.05325,900.0
4.9178E+03,-0.014509,-0.010032,0.05325,900.0
4.9179E+03,-0.013669,-0.011246,0.05325,900.0
4.9180E+03,-0.012636,-0.012313,0.05325,900.0
4.9181E+03,-0.011538,-0.013337,0.05325,900.0
4.9182E+03,-0.010334,-0.014288,0.05325,900.0
4.9182E+03,-0.009185,-0.015051,0.05325,900.0
4.9183E+03,-0.007859,-0.015786,0.05325,900.0
4.9184E+03,-0.006470,-0.016408,0.05325,900.0
4.9185E+03,-0.005045,-0.016908,0.05325,900.0
4.9186E+03,-0.003642,-0.017262,0.05325,900.0
4.9187E+03,-0.002092,-0.017525,0.05325,900.0
4.9188E+03,-0.000570,-0.017650,0.05325,900.0
4.9189E+03,0.000902,-0.017627,0.05325,900.0
4.9190E+03,0.002317,-0.017498,0.05325,900.0
4.9191E+03,0.003886,-0.017211,0.05325,900.0
4.9193E+03,0.005329,-0.016816,0.05325,900.0
4.9194E+03,0.006724,-0.016304,0.05325,900.0
4.9195E+03,0.008080,-0.015676,0.05325,900.0
4.9196E+03,0.009372,-0.014937,0.05325,900.0
4.9197E+03,0.010609,-0.014082,0.05325,900.0
4.9198E+03,0.011793,-0.013104,0.05325,900.0
4.9199E+03,0.012896,-0.012024,0.05325,900.0
4.9199E+03,0.013797,-0.010997,0.05325,900.0
4.9200E+03,0.014657,-0.009820,0.05325,900.0
4.9201E+03,0.015425,-0.008538,0.05325,900.0
4.9202E+03,0.016101,-0.007157,0.05325,900.0
4.9203E+03,0.016634,-0.005801,0.05325,900.0
4.9204E+03,0.017064,-0.004363,0.05325,900.0
4.9205E+03,0.017369,-0.002892,0.05325,0.0
4.9206E+03,0.017535,-0.001656,0.05325,0.0
4.9207E+03,0.017596,-0.000439,0.05325,0.0
4.9208E+03,0.017574,0.000954,0.05325,0.0
4.9209E+03,0.017464,0.002220,0.05325,900.0
4.9211E+03,0.017261,0.003437,0.05325,900.0
4.9212E+03,0.016915,0.004894,0.05325,900.0
4.9213E+03,0.016667,0.005671,0.05325,900.0
4.9214E+03,0.016661,0.005689,0.05325,900.0
4.9215E+03,0.016616,0.005634,0.05325,900.0
4.9216E+03,0.012959,0.001179,0.05325,900.0
4.9216E+03,0.009197,-0.003403,0.05325,900.0
4.9217E+03,0.007404,-0.005588,0.05325,900.0
4.9218E+03,0.007390,-0.005605,0.05325,900.0
4.9219E+03,0.007207,-0.005825,0.05325,900.0
4.9220E+03,0.006536,-0.006537,0.05325,900.0
4.9221E+03,0.005404,-0.007516,0.05325,900.0
4.9222E+03,0.004109,-0.008299,0.05325,900.0
4.9223E+03,0.002731,-0.008865,0.05325,900.0
4.9224E+03,0.001257,-0.009192,0.05325,900.0
4.9225E+03,-0.000207,-0.009270,0.05325,900.0
4.9226E+03,-0.001714,-0.009100,0.05325,900.0
4.9228E+03,-0.003182,-0.008688,0.05325,900.0
4.9229E+03,-0.004508,-0.008077,0.05325,900.0
4.9230E+03,-0.005720,-0.007256,0.05325,900.0
4.9231E+03,-0.006838,-0.006206,0.05325,900.0
4.9232E+03,-0.007761,-0.005006,0.05325,900.0
4.9233E+03,-0.008448,-0.003723,0.05325,900.0
4.9233E+03,-0.008922,-0.002412,0.05325,900.0
4.9234E+03,-0.009205,-0.000942,0.05325,900.0
4.9235E+03,-0.009224,0.000621,0.05325,900.0
4.9236E+03,-0.008993,0.002067,0.05325,900.0
4.9237E+03,-0.008546,0.003452,0.05325,900.0
4.9238E+03,-0.007850,0.004794,0.05325,900.0
4.9239E+03,-0.006958,0.006006,0.05325,900.0
4.9240E+03,-0.005889,0.007056,0.05325,900.0
4.9241E+03,-0.004662,0.007909,0.05325,900.0
4.9242E+03,-0.003310,0.008564,0.05325,900.0
4.9243E+03,-0.001856,0.008997,0.05325,900.0
4.9245E+03,-0.000362,0.009177,0.05325,900.0
4.9246E+03,0.001130,0.009126,0.05325,900.0
4.9247E+03,0.002628,0.008817,0.05325,900.0
4.9248E+03,0.004035,0.008282,0.05325,900.0
4.9249E+03,0.005290,0.007538,0.05325,900.0
4.9250E+03,0.006481,0.006542,0.05325,900.0
4.9251E+03,0.007466,0.005384,0.05325,900.0
4.9251E+03,0.008166,0.004243,0.05325,0.0
4.9252E+03,0.008743,0.002888,0.05325,0.0
4.9253E+03,0.009090,0.001424,0.05325,0.0
4.9254E+03,0.009220,-0.000078,0.05325,0.0
4.9255E+03,0.009106,-0.001540,0.05325,900.0
4.9256E+03,0.008722,-0.003019,0.05325,900.0
4.9257E+03,0.008127,-0.004435,0.05325,900.0
4.9258E+03,0.007440,-0.005534,0.05325,900.0
4.9259E+03,0.007391,-0.005603,0.05325,900.0
4.9260E+03,0.007390,-0.005605,0.05325,900.0
4.9262E+03,0.010457,-0.004629,0.05325,900.0
4.9263E+03,0.014381,-0.003381,0.05325,900.0
4.9265E+03,0.015642,-0.002980,0.05325,900.0
4.9266E+03,0.015708,-0.002589,0.05325,900.0
4.9267E+03,0.015829,-0.001503,0.05325,900.0
4.9268E+03,0.015901,-0.000034,0.05325,900.0
4.9268E+03,0.015856,0.001271,0.05325,900.0
4.9269E+03,0.015659,0.002794,0.05325,900.0
4.9270E+03,0.015314,0.004309,0.05325,900.0
4.9271E+03,0.015037,0.005180,0.05325,900.0
4.9272E+03,0.014679,0.006107,0.05325,900.0
4.9273E+03,0.014131,0.007270,0.05325,900.0
4.9274E+03,0.013421,0.008495,0.05325,900.0
4.9275E+03,0.012636,0.009620,0.05325,900.0
4.9276E+03,0.011872,0.010555,0.05325,900.0
4.9277E+03,0.010967,0.011477,0.05325,900.0
4.9279E+03,0.009847,0.012458,0.05325,900.0
4.9280E+03,0.008674,0.013292,0.05325,900.0
4.9281E+03,0.007356,0.014069,0.05325,900.0
4.9282E+03,0.005995,0.014706,0.05325,900.0
4.9283E+03,0.004551,0.015221,0.05325,900.0
4.9284E+03,0.003047,0.015589,0.05325,900.0
4.9285E+03,0.001550,0.015799,0.05325,900.0
4.9285E+03,0.000235,0.015867,0.05325,900.0
4.9286E+03,-0.001261,0.015814,0.05325,900.0
4.9287E+03,-0.002770,0.015625,0.05325,900.0
4.9288E+03,-0.004224,0.015294,0.05325,900.0
4.9289E+03,-0.005652,0.014828,0.05325,900.0
4.9290E+03,-0.007062,0.014217,0.05325,900.0
4.9291E+03,-0.008360,0.013495,0.05325,900.0
4.9292E+03,-0.009596,0.012655,0.05325,900.0
4.9293E+03,-0.010791,0.011666,0.05325,900.0
4.9294E+03,-0.011800,0.010646,0.05325,900.0
4.9296E+03,-0.012621,0.009658,0.05325,900.0
4.9297E+03,-0.013451,0.008463,0.05325,900.0
4.9298E+03,-0.014166,0.007189,0.05325,900.0
4.9299E+03,-0.014774,0.005845,0.05325,900.0
4.9300E+03,-0.015264,0.004425,0.05325,900.0
4.9301E+03,-0.015594,0.003074,0.05325,900.0
4.9302E+03,-0.015790,0.001895,0.05325,900.0
4.9302E+03,-0.015878,0.000927,0.05325,900.0
4.9303E+03,-0.015907,-0.000239,0.05325,900.0
4.9304E+03,-0.015859,-0.001355,0.05325,900.0
4.9305E+03,-0.015743,-0.002372,0.05325,900.0
4.9306E+03,-0.015501,-0.003634,0.05325,900.0
4.9307E+03,-0.015112,-0.005020,0.05325,900.0
4.9308E+03,-0.014569,-0.006411,0.05325,900.0
4.9309E+03,-0.013886,-0.007775,0.05325,900.0
4.9310E+03,-0.013096,-0.009061,0.05325,900.0
4.9311E+03,-0.012187,-0.010243,0.05325,900.0
4.9312E+03,-0.011160,-0.011359,0.05325,900.0
4.9314E+03,-0.010012,-0.012389,0.05325,900.0
4.9315E+03,-0.008779,-0.013300,0.05325,900.0
4.9316E+03,-0.007482,-0.014074,0.05325,900.0
4.9317E+03,-0.006131,-0.014727,0.05325,900.0
4.9318E+03,-0.004759,-0.015225,0.05325,900.0
4.9319E+03,-0.003329,-0.015599,0.05325,900.0
4.9319E+03,-0.001982,-0.015816,0.05325,900.0
4.9320E+03,-0.000433,-0.015932,0.05325,900.0
4.9321E+03,0.001052,-0.015905,0.05325,900.0
4.9322E+03,0.002507,-0.015739,0.05325,900.0
4.9323E+03,0.004010,-0.015417,0.05325,900.0
4.9324E+03,0.005480,-0.014966,0.05325,900.0
4.9325E+03,0.006844,-0.014391,0.05325,900.0
4.9326E+03,0.008192,-0.013672,0.05325,900.0
4.9327E+03,0.009458,-0.012838,0.05325,900.0
4.9328E+03,0.010616,-0.011894,0.05325,900.0
4.9329E+03,0.011677,-0.010853,0.05325,0.0
4.9331E+03,0.012292,-0.010146,0.05325,0.0
4.9332E+03,0.013128,-0.009030,0.05325,0.0
4.9333E+03,0.013765,-0.008022,0.05325,0.0
4.9334E+03,0.014364,-0.006863,0.05325,0.0
4.9335E+03,0.014807,-0.005858,0.05325,900.0
4.9336E+03,0.015130,-0.004961,0.05325,900.0
4.9336E+03,0.015405,-0.003994,0.05325,900.0
4.9337E+03,0.015632,-0.003031,0.05325,900.0
4.9338E+03,0.015642,-0.002980,0.05325,900.0
4.9339E+03,0.015428,-0.002711,0.05325,900.0
4.9340E+03,0.012585,0.000858,0.05325,900.0
4.9341E+03,0.010424,0.003570,0.05325,900.0
4.9343E+03,0.010287,0.003742,0.05325,900.0
4.9344E+03,0.010514,0.002997,0.05325,900.0
4.9345E+03,0.010776,0.001734,0.05325,900.0
4.9346E+03,0.010920,0.000291,0.05325,900.0
4.9348E+03,0.010853,-0.001196,0.05325,900.0
4.9349E+03,0.010594,-0.002688,0.05325,900.0
4.9350E+03,0.010139,-0.004119,0.05325,900.0
4.9351E+03,0.009463,-0.005513,0.05325,900.0
4.9352E+03,0.008651,-0.006730,0.05325,900.0
4.9353E+03,0.007675,-0.007845,0.05325,900.0
4.9354E+03,0.006463,-0.008864,0.05325,900.0
4.9354E+03,0.005368,-0.009557,0.05325,900.0
4.9355E+03,0.003990,-0.010209,0.05325,900.0
4.9356E+03,0.002523,-0.010660,0.05325,900.0
4.9357E+03,0.001020,-0.010903,0.05325,900.0
4.9358E+03,-0.000463,-0.010949,0.05325,900.0
4.9359E+03,-0.001935,-0.010785,0.05325,900.0
4.9360E+03,-0.003411,-0.010417,0.05325,900.0
4.9361E+03,-0.004787,-0.009861,0.05325,900.0
4.9362E+03,-0.006086,-0.009120,0.05325,900.0
4.9363E+03,-0.007292,-0.008195,0.05325,900.0
4.9364E+03,-0.008309,-0.007161,0.05325,900.0
4.9366E+03,-0.009210,-0.005945,0.05325,900.0
4.9367E+03,-0.009940,-0.004579,0.05325,900.0
4.9368E+03,-0.010471,-0.003165,0.05325,900.0
4.9369E+03,-0.010794,-0.001703,0.05325,900.0
4.9370E+03,-0.010917,-0.000236,0.05325,900.0
4.9371E+03,-0.010842,0.001288,0.05325,900.0
4.9371E+03,-0.010596,0.002655,0.05325,900.0
4.9372E+03,-0.010134,0.004048,0.05325,900.0
4.9373E+03,-0.009468,0.005424,0.05325,900.0
4.9374E+03,-0.008648,0.006677,0.05325,900.0
4.9375E+03,-0.007618,0.007835,0.05325,900.0
4.9376E+03,-0.006469,0.008786,0.05325,900.0
4.9377E+03,-0.005218,0.009578,0.05325,900.0
4.9378E+03,-0.003869,0.010183,0.05325,900.0
4.9379E+03,-0.002392,0.010614,0.05325,900.0
4.9380E+03,-0.000879,0.010856,0.05325,900.0
4.9381E+03,0.000627,0.010867,0.05325,900.0
4.9383E+03,0.002116,0.010677,0.05325,900.0
4.9384E+03,0.003551,0.010290,0.05325,0.0
4.9385E+03,0.004918,0.009712,0.05325,0.0
4.9386E+03,0.006232,0.008953,0.05325,0.0
4.9387E+03,0.007413,0.008005,0.05325,900.0
4.9388E+03,0.008432,0.006951,0.05325,900.0
4.9389E+03,0.009327,0.005697,0.05325,900.0
4.9389E+03,0.009940,0.004503,0.05325,900.0
4.9390E+03,0.010231,0.003876,0.05325,900.0
4.9391E+03,0.010287,0.003742,0.05325,900.0
4.9392E+03,0.010857,0.002910,0.05325,900.0
4.9393E+03,0.012588,0.000382,0.05325,900.0
4.9395E+03,0.014104,-0.001832,0.05325,900.0
4.9396E+03,0.014116,-0.001722,0.05325,900.0
4.9397E+03,0.014168,-0.001123,0.05325,900.0
4.9398E+03,0.014207,0.000350,0.05325,900.0
4.9400E+03,0.014088,0.001888,0.05325,900.0
4.9401E+03,0.013785,0.003402,0.05325,900.0
4.9402E+03,0.013364,0.004788,0.05325,900.0
4.9403E+03,0.012779,0.006166,0.05325,900.0
4.9404E+03,0.012006,0.007535,0.05325,900.0
4.9405E+03,0.011159,0.008743,0.05325,900.0
4.9406E+03,0.010185,0.009853,0.05325,900.0
4.9406E+03,0.009181,0.010797,0.05325,900.0
4.9407E+03,0.007990,0.011714,0.05325,900.0
4.9408E+03,0.006728,0.012478,0.05325,900.0
4.9409E+03,0.005293,0.013161,0.05325,900.0
4.9410E+03,0.003916,0.013633,0.05325,900.0
4.9411E+03,0.002485,0.013958,0.05325,900.0
4.9412E+03,0.000934,0.014143,0.05325,900.0
4.9413E+03,-0.000558,0.014157,0.05325,900.0
4.9414E+03,-0.002086,0.014014,0.05325,900.0
4.9415E+03,-0.003583,0.013704,0.05325,900.0
4.9417E+03,-0.004994,0.013254,0.05325,900.0
4.9418E+03,-0.006362,0.012656,0.05325,900.0
4.9419E+03,-0.007688,0.011904,0.05325,900.0
4.9420E+03,-0.008910,0.011020,0.05325,900.0
4.9421E+03,-0.010032,0.010023,0.05325,900.0
4.9422E+03,-0.011001,0.008963,0.05325,900.0
4.9423E+03,-0.011889,0.007752,0.05325,900.0
4.9423E+03,-0.012601,0.006527,0.05325,900.0
4.9424E+03,-0.013215,0.005164,0.05325,900.0
4.9425E+03,-0.013581,0.004148,0.05325,900.0
4.9426E+03,-0.013888,0.002924,0.05325,900.0
4.9427E+03,-0.014118,0.001409,0.05325,900.0
4.9428E+03,-0.014197,-0.000126,0.05325,900.0
4.9429E+03,-0.014107,-0.001615,0.05325,900.0
4.9430E+03,-0.013881,-0.003053,0.05325,900.0
4.9431E+03,-0.013557,-0.004293,0.05325,900.0
4.9432E+03,-0.013191,-0.005312,0.05325,900.0
4.9433E+03,-0.012552,-0.006714,0.05325,900.0
4.9435E+03,-0.011802,-0.007965,0.05325,900.0
4.9436E+03,-0.010867,-0.009195,0.05325,900.0
4.9437E+03,-0.009839,-0.010284,0.05325,900.0
4.9438E+03,-0.008734,-0.011236,0.05325,900.0
4.9439E+03,-0.007469,-0.012113,0.05325,900.0
4.9440E+03,-0.006132,-0.012842,0.05325,900.0
4.9440E+03,-0.004897,-0.013366,0.05325,900.0
4.9441E+03,-0.003463,-0.013806,0.05325,900.0
4.9442E+03,-0.001966,-0.014101,0.05325,900.0
4.9443E+03,-0.000456,-0.014238,0.05325,900.0
4.9444E+03,0.000994,-0.014215,0.05325,900.0
4.9445E+03,0.002508,-0.014035,0.05325,900.0
4.9446E+03,0.004023,-0.013663,0.05325,900.0
4.9447E+03,0.005456,-0.013156,0.05325,900.0
4.9448E+03,0.006808,-0.012505,0.05325,900.0
4.9449E+03,0.008016,-0.011753,0.05325,900.0
4.9450E+03,0.009226,-0.010825,0.05325,0.0
4.9452E+03,0.010332,-0.009771,0.05325,0.0
4.9453E+03,0.011309,-0.008625,0.05325,0.0
4.9454E+03,0.012179,-0.007335,0.05325,0.0
4.9455E+03,0.012876,-0.006034,0.05325,900.0
4.9456E+03,0.013413,-0.004706,0.05325,900.0
4.9457E+03,0.013852,-0.003208,0.05325,900.0
4.9457E+03,0.014073,-0.002022,0.05325,900.0
4.9458E+03,0.014103,-0.001838,0.05325,900.0
4.9459E+03,0.014104,-0.001832,0.05325,900.0
4.9460E+03,0.012348,-0.004388,0.05325,900.0
4.9461E+03,0.010677,-0.006820,0.05325,900.0
4.9462E+03,0.010104,-0.007655,0.05325,900.0
4.9463E+03,0.010082,-0.007682,0.05325,900.0
4.9464E+03,0.009711,-0.008119,0.05325,900.0
4.9465E+03,0.008775,-0.009128,0.05325,900.0
4.9466E+03,0.007614,-0.010116,0.05325,900.0
4.9467E+03,0.006326,-0.010970,0.05325,900.0
4.9469E+03,0.004980,-0.011651,0.05325,900.0
4.9470E+03,0.003576,-0.012162,0.05325,900.0
4.9471E+03,0.002059,-0.012504,0.05325,900.0
4.9472E+03,0.000626,-0.012653,0.05325,900.0
4.9473E+03,-0.000938,-0.012630,0.05325,900.0
4.9474E+03,-0.002372,-0.012440,0.05325,900.0
4.9474E+03,-0.003701,-0.012101,0.05325,900.0
4.9475E+03,-0.005144,-0.011571,0.05325,900.0
4.9476E+03,-0.006451,-0.010890,0.05325,900.0
4.9477E+03,-0.007710,-0.010042,0.05325,900.0
4.9478E+03,-0.008823,-0.009079,0.05325,900.0
4.9479E+03,-0.009869,-0.007969,0.05325,900.0
4.9480E+03,-0.010716,-0.006772,0.05325,900.0
4.9481E+03,-0.011471,-0.005378,0.05325,900.0
4.9482E+03,-0.012003,-0.003970,0.05325,900.0
4.9483E+03,-0.012382,-0.002560,0.05325,900.0
4.9484E+03,-0.012583,-0.001098,0.05325,900.0
4.9486E+03,-0.012619,0.000418,0.05325,900.0
4.9487E+03,-0.012475,0.001915,0.05325,900.0
4.9488E+03,-0.012160,0.003374,0.05325,900.0
4.9489E+03,-0.011656,0.004811,0.05325,900.0
4.9490E+03,-0.010981,0.006191,0.05325,900.0
4.9491E+03,-0.010151,0.007474,0.05325,900.0
4.9492E+03,-0.009180,0.008647,0.05325,900.0
4.9492E+03,-0.008250,0.009543,0.05325,900.0
4.9493E+03,-0.007021,0.010469,0.05325,900.0
4.9494E+03,-0.005704,0.011235,0.05325,900.0
4.9495E+03,-0.004356,0.011821,0.05325,900.0
4.9496E+03,-0.002896,0.012247,0.05325,900.0
4.9497E+03,-0.001404,0.012515,0.05325,900.0
4.9498E+03,0.000093,0.012583,0.05325,900.0
4.9499E+03,0.001612,0.012493,0.05325,900.0
4.9500E+03,0.003080,0.012220,0.05325,900.0
4.9501E+03,0.004447,0.011800,0.05325,900.0
4.9503E+03,0.005831,0.011180,0.05325,900.0
4.9504E+03,0.007189,0.010366,0.05325,900.0
4.9505E+03,0.008324,0.009489,0.05325,900.0
4.9506E+03,0.009403,0.008414,0.05325,900.0
4.9507E+03,0.010354,0.007212,0.05325,900.0
4.9508E+03,0.011144,0.005909,0.05325,900.0
4.9509E+03,0.011766,0.004555,0.05325,900.0
4.9509E+03,0.012180,0.003275,0.05325,900.0
4.9510E+03,0.012489,0.001801,0.05325,0.0
4.9511E+03,0.012615,0.000298,0.05325,0.0
4.9512E+03,0.012569,-0.001211,0.05325,0.0
4.9513E+03,0.012351,-0.002695,0.05325,0.0
4.9514E+03,0.011972,-0.004088,0.05325,0.0
4.9515E+03,0.011402,-0.005513,0.05325,0.0
4.9516E+03,0.010679,-0.006813,0.05325,0.0
4.9517E+03,0.010199,-0.007517,0.05325,0.0
4.9520E+03,0.010104,-0.007655,0.05325,0.0
4.9521E+03,0.010104,-0.007653,0.05325,0.0
4.9522E+03,0.010104,-0.007651,0.05325,0.0
4.9524E+03,0.010104,-0.007650,0.05325,0.0
4.9525E+03,0.010104,-0.007649,0.05325,0.0
4.9526E+03,0.010104,-0.007647,0.05325,0.0
4.9526E+03,0.010104,-0.007646,0.05325,0.0
4.9527E+03,0.010104,-0.007647,0.05325,0.0
4.9528E+03,0.010104,-0.007644,0.05325,0.0
4.9530E+03,0.010104,-0.007643,0.05325,0.0
4.9531E+03,0.010104,-0.007641,0.05325,0.0
4.9532E+03,0.010104,-0.007640,0.05325,0.0
4.9533E+03,0.010104,-0.007639,0.05325,0.0
4.9534E+03,0.010104,-0.007638,0.05325,0.0
4.9535E+03,0.010104,-0.007637,0.05325,0.0
4.9536E+03,0.010104,-0.007636,0.05325,0.0
4.9538E+03,0.010104,-0.007635,0.05325,0.0
4.9539E+03,0.010104,-0.007633,0.05325,0.0
4.9540E+03,0.010104,-0.007632,0.05325,0.0
4.9542E+03,0.010104,-0.007631,0.05325,0.0
4.9543E+03,0.010104,-0.007629,0.05325,0.0
4.9543E+03,0.010104,-0.007628,0.05325,0.0
4.9544E+03,0.010104,-0.007627,0.05325,0.0
4.9545E+03,0.010104,-0.007625,0.05325,0.0
4.9546E+03,0.010104,-0.007624,0.05325,0.0
4.9548E+03,0.010104,-0.007623,0.05325,0.0
4.9549E+03,0.010104,-0.007621,0.05325,0.0
4.9550E+03,0.010104,-0.007620,0.05325,0.0
4.9552E+03,0.010104,-0.007619,0.05325,0.0
4.9555E+03,0.010104,-0.023212,0.05325,0.0
4.9556E+03,0.010034,-0.022338,0.05325,0.0
4.9557E+03,0.009817,-0.019609,0.05325,0.0
4.9558E+03,0.009528,-0.015967,0.05325,0.0
4.9559E+03,0.009241,-0.012368,0.05325,0.0
4.9560E+03,0.008950,-0.008710,0.05325,0.0
4.9560E+03,0.008692,-0.005465,0.05325,0.0
4.9561E+03,0.008401,-0.001807,0.05325,0.0
4.9562E+03,0.008114,0.001803,0.05325,0.0
4.9563E+03,0.007806,0.005674,0.05325,0.0
4.9564E+03,0.007525,0.009203,0.05325,0.0
4.9565E+03,0.007230,0.012918,0.05325,0.0
4.9566E+03,0.007026,0.015482,0.05325,0.0
