2.1308E+03,-0.012043,0.012983,0.01917,0.0
2.1309E+03,-0.012043,0.012982,0.01917,0.0
2.1310E+03,-0.012043,0.012980,0.01917,0.0
2.1311E+03,-0.012043,0.012977,0.01917,0.0
2.1312E+03,-0.012043,0.012976,0.01917,0.0
2.1313E+03,-0.012043,0.012974,0.01917,0.0
2.1314E+03,-0.012043,0.012972,0.01917,0.0
2.1315E+03,-0.012043,0.012970,0.01917,0.0
2.1316E+03,-0.012043,0.012968,0.01917,0.0
2.1317E+03,-0.012043,0.012966,0.01917,0.0
2.1318E+03,-0.012043,0.012964,0.01917,0.0
2.1319E+03,-0.012043,0.012962,0.01917,0.0
2.1320E+03,-0.012043,0.012960,0.01917,0.0
2.1321E+03,-0.012043,0.012958,0.01917,0.0
2.1322E+03,-0.012043,0.012956,0.01917,0.0
2.1323E+03,-0.012043,0.012954,0.01917,0.0
2.1324E+03,-0.012043,0.012952,0.01917,0.0
2.1325E+03,-0.012043,0.012950,0.01917,0.0
2.1328E+03,-0.012043,0.012948,0.01917,0.0
2.1329E+03,-0.011812,0.013027,0.01917,0.0
2.1330E+03,-0.011336,0.013192,0.01917,0.0
2.1331E+03,-0.010748,0.013395,0.01917,0.0
2.1332E+03,-0.010167,0.013596,0.01917,900.0
2.1333E+03,-0.009595,0.013794,0.01917,900.0
2.1334E+03,-0.009016,0.013994,0.01917,900.0
2.1335E+03,-0.008453,0.014188,0.01917,900.0
2.1336E+03,-0.007906,0.014377,0.01917,900.0
2.1337E+03,-0.007294,0.014589,0.01917,900.0
2.1338E+03,-0.006730,0.014784,0.01917,900.0
2.1339E+03,-0.006552,0.014845,0.01917,900.0
2.1341E+03,-0.006529,0.014853,0.01917,900.0
2.1342E+03,-0.007138,0.014559,0.01917,900.0
2.1343E+03,-0.008252,0.013953,0.01917,900.0
2.1344E+03,-0.009499,0.013133,0.01917,900.0
2.1345E+03,-0.010677,0.012204,0.01917,900.0
2.1346E+03,-0.011652,0.011292,0.01917,900.0
2.1347E+03,-0.012665,0.010150,0.01917,900.0
2.1348E+03,-0.013543,0.008952,0.01917,900.0
2.1349E+03,-0.014343,0.007596,0.01917,900.0
2.1350E+03,-0.014963,0.006281,0.01917,900.0
2.1351E+03,-0.015476,0.004887,0.01917,900.0
2.1352E+03,-0.015861,0.003450,0.01917,900.0
2.1353E+03,-0.016114,0.001964,0.01917,900.0
2.1354E+03,-0.016231,0.000412,0.01917,900.0
2.1355E+03,-0.016207,-0.001104,0.01917,900.0
2.1356E+03,-0.016043,-0.002552,0.01917,900.0
2.1357E+03,-0.015737,-0.004052,0.01917,900.0
2.1358E+03,-0.015287,-0.005546,0.01917,900.0
2.1359E+03,-0.014707,-0.006942,0.01917,900.0
2.1360E+03,-0.014011,-0.008269,0.01917,900.0
2.1361E+03,-0.013226,-0.009490,0.01917,900.0
2.1362E+03,-0.012298,-0.010650,0.01917,900.0
2.1363E+03,-0.011340,-0.011658,0.01917,900.0
2.1364E+03,-0.010223,-0.012652,0.01917,900.0
2.1365E+03,-0.008993,-0.013555,0.01917,900.0
2.1366E+03,-0.007686,-0.014341,0.01917,900.0
2.1367E+03,-0.006366,-0.014978,0.01917,900.0
2.1368E+03,-0.004946,-0.015502,0.01917,900.0
2.1369E+03,-0.003472,-0.015899,0.01917,900.0
2.1370E+03,-0.002011,-0.016163,0.01917,900.0
2.1371E+03,-0.000498,-0.016283,0.01917,900.0
2.1372E+03,0.001009,-0.016258,0.01917,900.0
2.1373E+03,0.002520,-0.016090,0.01917,900.0
2.1374E+03,0.004025,-0.015771,0.01917,900.0
2.1375E+03,0.005485,-0.015321,0.01917,900.0
2.1376E+03,0.006834,-0.014770,0.01917,900.0
2.1377E+03,0.008145,-0.014079,0.01917,900.0
2.1378E+03,0.009385,-0.013253,0.01917,900.0
2.1379E+03,0.010561,-0.012317,0.01917,900.0
2.1380E+03,0.011618,-0.011388,0.01917,900.0
2.1381E+03,0.012645,-0.010244,0.01917,900.0
2.1382E+03,0.013548,-0.009023,0.01917,900.0
2.1383E+03,0.014286,-0.007790,0.01917,900.0
2.1384E+03,0.014940,-0.006411,0.01917,900.0
2.1385E+03,0.015472,-0.005005,0.01917,900.0
2.1386E+03,0.015859,-0.003514,0.01917,900.0
2.1387E+03,0.016112,-0.002052,0.01917,900.0
2.1388E+03,0.016230,-0.000592,0.01917,900.0
2.1389E+03,0.016202,0.000943,0.01917,900.0
2.1390E+03,0.016043,0.002469,0.01917,900.0
2.1391E+03,0.015759,0.003899,0.01917,900.0
2.1392E+03,0.015332,0.005322,0.01917,900.0
2.1393E+03,0.014763,0.006741,0.01917,900.0
2.1394E+03,0.014093,0.008069,0.01917,900.0
2.1395E+03,0.013234,0.009403,0.01917,900.0
2.1396E+03,0.012330,0.010550,0.01917,900.0
2.1397E+03,0.011406,0.011526,0.01917,900.0
2.1398E+03,0.010278,0.012536,0.01917,900.0
2.1399E+03,0.009079,0.013422,0.01917,900.0
2.1400E+03,0.007783,0.014213,0.01917,900.0
2.1401E+03,0.006403,0.014884,0.01917,900.0
2.1402E+03,0.005008,0.015412,0.01917,900.0
2.1403E+03,0.003589,0.015805,0.01917,0.0
2.1404E+03,0.002092,0.016073,0.01917,0.0
2.1405E+03,0.000604,0.016205,0.01917,0.0
2.1406E+03,-0.000966,0.016193,0.01917,0.0
2.1407E+03,-0.002434,0.016030,0.01917,0.0
2.1408E+03,-0.003923,0.015726,0.01917,0.0
2.1409E+03,-0.005326,0.015313,0.01917,900.0
2.1410E+03,-0.006273,0.014958,0.01917,900.0
2.1411E+03,-0.006529,0.014853,0.01917,900.0
2.1412E+03,-0.006556,0.014732,0.01917,900.0
2.1413E+03,-0.007405,0.010950,0.01917,900.0
2.1414E+03,-0.009005,0.003824,0.01917,900.0
2.1415E+03,-0.010192,-0.001468,0.01917,900.0
2.1416E+03,-0.010378,-0.002295,0.01917,900.0
2.1417E+03,-0.010380,-0.002285,0.01917,900.0
2.1418E+03,-0.010400,-0.002165,0.01917,900.0
2.1419E+03,-0.010569,-0.000775,0.01917,900.0
2.1420E+03,-0.010572,0.000733,0.01917,900.0
2.1421E+03,-0.010350,0.002199,0.01917,900.0
2.1422E+03,-0.009923,0.003641,0.01917,900.0
2.1423E+03,-0.009332,0.004971,0.01917,900.0
2.1424E+03,-0.008516,0.006231,0.01917,900.0
2.1425E+03,-0.007519,0.007406,0.01917,900.0
2.1426E+03,-0.006386,0.008409,0.01917,900.0
2.1427E+03,-0.005105,0.009248,0.01917,900.0
2.1428E+03,-0.003750,0.009873,0.01917,900.0
2.1429E+03,-0.002388,0.010297,0.01917,900.0
2.1430E+03,-0.000910,0.010541,0.01917,900.0
2.1431E+03,0.000654,0.010539,0.01917,900.0
2.1432E+03,0.002004,0.010373,0.01917,900.0
2.1433E+03,0.003420,0.009981,0.01917,900.0
2.1434E+03,0.004813,0.009388,0.01917,900.0
2.1435E+03,0.006130,0.008588,0.01917,900.0
2.1436E+03,0.007288,0.007637,0.01917,900.0
2.1437E+03,0.008283,0.006549,0.01917,900.0
2.1438E+03,0.009148,0.005310,0.01917,900.0
2.1439E+03,0.009810,0.003955,0.01917,900.0
2.1440E+03,0.010283,0.002531,0.01917,900.0
2.1441E+03,0.010562,0.001070,0.01917,900.0
2.1442E+03,0.010600,-0.000463,0.01917,900.0
2.1443E+03,0.010428,-0.001941,0.01917,900.0
2.1444E+03,0.010041,-0.003414,0.01917,900.0
2.1445E+03,0.009439,-0.004827,0.01917,900.0
2.1446E+03,0.008688,-0.006087,0.01917,900.0
2.1447E+03,0.007748,-0.007239,0.01917,900.0
2.1448E+03,0.006627,-0.008281,0.01917,900.0
2.1449E+03,0.005530,-0.009068,0.01917,900.0
2.1450E+03,0.004247,-0.009739,0.01917,900.0
2.1451E+03,0.002812,-0.010262,0.01917,900.0
2.1452E+03,0.001304,-0.010568,0.01917,900.0
2.1453E+03,-0.000146,-0.010645,0.01917,900.0
2.1454E+03,-0.001705,-0.010496,0.01917,900.0
2.1455E+03,-0.003168,-0.010145,0.01917,900.0
2.1456E+03,-0.004574,-0.009590,0.01917,0.0
2.1457E+03,-0.005875,-0.008838,0.01917,0.0
2.1458E+03,-0.007068,-0.007911,0.01917,0.0
2.1459E+03,-0.008108,-0.006838,0.01917,0.0
2.1460E+03,-0.008984,-0.005624,0.01917,0.0
2.1461E+03,-0.009696,-0.004287,0.01917,900.0
2.1462E+03,-0.010176,-0.003027,0.01917,900.0
2.1463E+03,-0.010378,-0.002295,0.01917,900.0
2.1464E+03,-0.010375,-0.002270,0.01917,900.0
2.1465E+03,-0.010345,-0.002065,0.01917,900.0
2.1466E+03,-0.008126,0.003468,0.01917,900.0
2.1467E+03,-0.005362,0.010484,0.01917,900.0
2.1468E+03,-0.004235,0.013355,0.01917,900.0
2.1469E+03,-0.003995,0.013967,0.01917,900.0
2.1470E+03,-0.004009,0.013963,0.01917,900.0
2.1471E+03,-0.004628,0.013747,0.01917,900.0
2.1472E+03,-0.005942,0.013230,0.01917,900.0
2.1473E+03,-0.007253,0.012563,0.01917,900.0
2.1474E+03,-0.008489,0.011771,0.01917,900.0
2.1475E+03,-0.009706,0.010807,0.01917,900.0
2.1476E+03,-0.010750,0.009771,0.01917,900.0
2.1477E+03,-0.011707,0.008614,0.01917,900.0
2.1478E+03,-0.012545,0.007319,0.01917,900.0
2.1479E+03,-0.013227,0.006013,0.01917,900.0
2.1480E+03,-0.013776,0.004604,0.01917,900.0
2.1481E+03,-0.014183,0.003146,0.01917,900.0
2.1482E+03,-0.014441,0.001644,0.01917,900.0
2.1483E+03,-0.014532,0.000283,0.01917,900.0
2.1484E+03,-0.014492,-0.001213,0.01917,900.0
2.1485E+03,-0.014298,-0.002693,0.01917,900.0
2.1486E+03,-0.013958,-0.004132,0.01917,900.0
2.1487E+03,-0.013446,-0.005592,0.01917,900.0
2.1488E+03,-0.012788,-0.006980,0.01917,900.0
2.1489E+03,-0.012037,-0.008206,0.01917,900.0
2.1490E+03,-0.011120,-0.009406,0.01917,900.0
2.1491E+03,-0.010071,-0.010522,0.01917,900.0
2.1492E+03,-0.008902,-0.011525,0.01917,900.0
2.1493E+03,-0.007658,-0.012394,0.01917,900.0
2.1494E+03,-0.006377,-0.013094,0.01917,900.0
2.1495E+03,-0.005004,-0.013680,0.01917,900.0
2.1496E+03,-0.003531,-0.014140,0.01917,900.0
2.1497E+03,-0.002231,-0.014409,0.01917,900.0
2.1498E+03,-0.001139,-0.014532,0.01917,900.0
2.1499E+03,0.000379,-0.014585,0.01917,900.0
2.1500E+03,0.001875,-0.014465,0.01917,900.0
2.1501E+03,0.003196,-0.014226,0.01917,900.0
2.1502E+03,0.004668,-0.013805,0.01917,900.0
2.1503E+03,0.006071,-0.013250,0.01917,900.0
2.1504E+03,0.007359,-0.012567,0.01917,900.0
2.1505E+03,0.008618,-0.011735,0.01917,900.0
2.1506E+03,0.009814,-0.010755,0.01917,900.0
2.1507E+03,0.010858,-0.009707,0.01917,900.0
2.1508E+03,0.011775,-0.008560,0.01917,900.0
2.1509E+03,0.012627,-0.007249,0.01917,900.0
2.1510E+03,0.013290,-0.005966,0.01917,900.0
2.1511E+03,0.013825,-0.004566,0.01917,900.0
2.1512E+03,0.014232,-0.003093,0.01917,900.0
2.1513E+03,0.014462,-0.001599,0.01917,900.0
2.1514E+03,0.014532,-0.000064,0.01917,900.0
2.1515E+03,0.014469,0.001397,0.01917,900.0
2.1516E+03,0.014232,0.002915,0.01917,900.0
2.1517E+03,0.013853,0.004362,0.01917,900.0
2.1518E+03,0.013388,0.005626,0.01917,900.0
2.1519E+03,0.012714,0.007017,0.01917,900.0
2.1520E+03,0.011916,0.008294,0.01917,900.0
2.1521E+03,0.011006,0.009478,0.01917,900.0
2.1522E+03,0.009940,0.010599,0.01917,900.0
2.1523E+03,0.008845,0.011518,0.01917,900.0
2.1524E+03,0.007577,0.012387,0.01917,900.0
2.1525E+03,0.006233,0.013101,0.01917,900.0
2.1526E+03,0.004896,0.013685,0.01917,0.0
2.1527E+03,0.003418,0.014105,0.01917,0.0
2.1528E+03,0.001915,0.014372,0.01917,0.0
2.1529E+03,0.000441,0.014494,0.01917,0.0
2.1530E+03,-0.001011,0.014465,0.01917,0.0
2.1531E+03,-0.002324,0.014323,0.01917,900.0
2.1532E+03,-0.003362,0.014122,0.01917,900.0
2.1533E+03,-0.003995,0.013967,0.01917,900.0
2.1534E+03,-0.003998,0.013961,0.01917,900.0
2.1535E+03,-0.004029,0.013897,0.01917,900.0
2.1536E+03,-0.006763,0.008254,0.01917,900.0
2.1537E+03,-0.010058,0.001451,0.01917,900.0
2.1538E+03,-0.011701,-0.001939,0.01917,900.0
2.1539E+03,-0.012043,-0.002646,0.01917,900.0
2.1540E+03,-0.012044,-0.002642,0.01917,900.0
2.1541E+03,-0.012136,-0.002052,0.01917,900.0
2.1542E+03,-0.012277,-0.000692,0.01917,900.0
2.1543E+03,-0.012260,0.000793,0.01917,900.0
2.1544E+03,-0.012074,0.002270,0.01917,900.0
2.1545E+03,-0.011695,0.003776,0.01917,900.0
2.1546E+03,-0.011183,0.005117,0.01917,900.0
2.1547E+03,-0.010486,0.006425,0.01917,900.0
2.1548E+03,-0.009602,0.007664,0.01917,900.0
2.1549E+03,-0.008524,0.008815,0.01917,900.0
2.1550E+03,-0.007416,0.009761,0.01917,900.0
2.1551E+03,-0.006132,0.010612,0.01917,900.0
2.1552E+03,-0.004936,0.011221,0.01917,900.0
2.1553E+03,-0.003562,0.011727,0.01917,900.0
2.1554E+03,-0.002080,0.012084,0.01917,900.0
2.1555E+03,-0.000582,0.012238,0.01917,900.0
2.1556E+03,0.000939,0.012228,0.01917,900.0
2.1557E+03,0.002420,0.012030,0.01917,900.0
2.1558E+03,0.003914,0.011641,0.01917,900.0
2.1559E+03,0.005270,0.011089,0.01917,900.0
2.1560E+03,0.006623,0.010318,0.01917,900.0
2.1561E+03,0.007831,0.009435,0.01917,900.0
2.1562E+03,0.008895,0.008438,0.01917,900.0
2.1563E+03,0.009860,0.007292,0.01917,900.0
2.1564E+03,0.010689,0.006034,0.01917,900.0
2.1565E+03,0.011338,0.004692,0.01917,900.0
2.1566E+03,0.011839,0.003274,0.01917,900.0
2.1567E+03,0.012155,0.001772,0.01917,900.0
2.1568E+03,0.012292,0.000245,0.01917,900.0
2.1569E+03,0.012240,-0.001247,0.01917,900.0
2.1570E+03,0.012050,-0.002568,0.01917,900.0
2.1571E+03,0.011632,-0.004041,0.01917,900.0
2.1572E+03,0.011060,-0.005412,0.01917,900.0
2.1573E+03,0.010321,-0.006701,0.01917,900.0
2.1574E+03,0.009418,-0.007919,0.01917,900.0
2.1575E+03,0.008402,-0.009004,0.01917,900.0
2.1576E+03,0.007247,-0.009955,0.01917,900.0
2.1577E+03,0.005966,-0.010789,0.01917,900.0
2.1578E+03,0.004590,-0.011433,0.01917,900.0
2.1579E+03,0.003126,-0.011926,0.01917,900.0
2.1580E+03,0.001701,-0.012216,0.01917,900.0
2.1581E+03,0.000185,-0.012346,0.01917,900.0
2.1582E+03,-0.001330,-0.012275,0.01917,900.0
2.1583E+03,-0.002850,-0.012002,0.01917,900.0
2.1584E+03,-0.004273,-0.011559,0.01917,900.0
2.1585E+03,-0.005591,-0.010983,0.01917,900.0
2.1586E+03,-0.006871,-0.010220,0.01917,0.0
2.1587E+03,-0.007971,-0.009388,0.01917,0.0
2.1588E+03,-0.009061,-0.008348,0.01917,0.0
2.1589E+03,-0.009989,-0.007197,0.01917,0.0
2.1590E+03,-0.010802,-0.005903,0.01917,0.0
2.1591E+03,-0.011452,-0.004515,0.01917,0.0
2.1592E+03,-0.011920,-0.003123,0.01917,0.0
2.1593E+03,-0.012036,-0.002672,0.01917,0.0
2.1594E+03,-0.012043,-0.002646,0.01917,0.0
2.1595E+03,-0.012043,-0.002645,0.01917,0.0
2.1596E+03,-0.012043,-0.002643,0.01917,0.0
2.1597E+03,-0.012043,-0.002642,0.01917,0.0
2.1598E+03,-0.012043,-0.002641,0.01917,0.0
2.1599E+03,-0.012043,-0.002640,0.01917,0.0
2.1600E+03,-0.012043,-0.002638,0.01917,0.0
2.1601E+03,-0.012043,-0.002637,0.01917,0.0
2.1602E+03,-0.012043,-0.002636,0.01917,0.0
2.1603E+03,-0.012043,-0.002635,0.01917,0.0
2.1604E+03,-0.012043,-0.002634,0.01917,0.0
2.1605E+03,-0.012043,-0.002633,0.01917,0.0
2.1606E+03,-0.012043,-0.002631,0.01917,0.0
2.1607E+03,-0.012043,-0.002630,0.01917,0.0
2.1608E+03,-0.012043,-0.002629,0.01917,0.0
2.1609E+03,-0.012043,-0.002627,0.01917,0.0
2.1610E+03,-0.012043,-0.002625,0.01917,0.0
2.1611E+03,-0.012043,-0.002624,0.01917,0.0
2.1612E+03,-0.012043,-0.002623,0.01917,0.0
2.1613E+03,-0.012043,-0.002622,0.01917,0.0
2.1614E+03,-0.012043,-0.002621,0.01917,0.0
2.1615E+03,-0.012043,-0.002620,0.01917,0.0
2.1616E+03,-0.012043,-0.002619,0.01917,0.0
2.1617E+03,-0.012043,-0.002617,0.01917,0.0
2.1618E+03,-0.012043,-0.002615,0.01917,0.0
2.1619E+03,-0.012043,-0.002614,0.01917,0.0
2.1620E+03,-0.012043,-0.002613,0.01917,0.0
2.1621E+03,-0.012043,-0.002612,0.01917,0.0
2.1623E+03,-0.012043,-0.002610,0.01917,0.0
2.1624E+03,-0.012043,-0.018203,0.01917,0.0
2.1625E+03,-0.012042,-0.018197,0.01917,0.0
2.1626E+03,-0.011960,-0.017792,0.01917,0.0
2.1627E+03,-0.011454,-0.015292,0.01917,0.0
2.1628E+03,-0.010780,-0.011953,0.01917,0.0
2.1629E+03,-0.010159,-0.008884,0.01917,0.0
2.1630E+03,-0.009475,-0.005498,0.01917,0.0
2.1631E+03,-0.008842,-0.002366,0.01917,0.0
2.1632E+03,-0.008214,0.000736,0.01917,0.0
2.1633E+03,-0.007569,0.003930,0.01917,0.0
2.1634E+03,-0.006922,0.007132,0.01917,0.0
2.1635E+03,-0.006282,0.010295,0.01917,0.0
2.1636E+03,-0.005682,0.013261,0.01917,0.0
