4.7397E+03,0.012011,0.019973,0.05183,0.0
4.7398E+03,0.012011,0.019972,0.05183,0.0
4.7399E+03,0.012011,0.019970,0.05183,0.0
4.7400E+03,0.012011,0.019968,0.05183,0.0
4.7401E+03,0.012011,0.019967,0.05183,0.0
4.7403E+03,0.012011,0.019965,0.05183,0.0
4.7404E+03,0.012011,0.019964,0.05183,0.0
4.7405E+03,0.012011,0.019962,0.05183,0.0
4.7406E+03,0.012011,0.019961,0.05183,0.0
4.7407E+03,0.012011,0.019959,0.05183,0.0
4.7408E+03,0.012011,0.019957,0.05183,0.0
4.7409E+03,0.012011,0.019955,0.05183,0.0
4.7409E+03,0.012011,0.019954,0.05183,0.0
4.7410E+03,0.012011,0.019953,0.05183,0.0
4.7411E+03,0.012011,0.019951,0.05183,0.0
4.7412E+03,0.012011,0.019949,0.05183,0.0
4.7413E+03,0.012011,0.019940,0.05183,0.0
4.7414E+03,0.012011,0.019840,0.05183,0.0
4.7415E+03,0.012011,0.019938,0.05183,0.0
4.7416E+03,0.012011,0.019943,0.05183,0.0
4.7417E+03,0.012011,0.019941,0.05183,0.0
4.7418E+03,0.012011,0.019939,0.05183,0.0
4.7422E+03,0.012011,0.019938,0.05183,0.0
4.7423E+03,0.012131,0.019558,0.05183,0.0
4.7424E+03,0.012470,0.018487,0.05183,0.0
4.7425E+03,0.012915,0.017078,0.05183,0.0
4.7426E+03,0.013359,0.015673,0.05183,900.0
4.7426E+03,0.013756,0.014417,0.05183,900.0
4.7427E+03,0.014195,0.013027,0.05183,900.0
4.7428E+03,0.014640,0.011618,0.05183,900.0
4.7429E+03,0.015079,0.010229,0.05183,900.0
4.7430E+03,0.015527,0.008813,0.05183,900.0
4.7431E+03,0.015961,0.007441,0.05183,900.0
4.7432E+03,0.016249,0.006528,0.05183,900.0
4.7434E+03,0.016345,0.006225,0.05183,900.0
4.7435E+03,0.016231,0.006493,0.05183,900.0
4.7436E+03,0.015742,0.007576,0.05183,900.0
4.7438E+03,0.015085,0.008825,0.05183,900.0
4.7439E+03,0.014620,0.009584,0.05183,900.0
4.7440E+03,0.013758,0.010766,0.05183,900.0
4.7441E+03,0.012741,0.011938,0.05183,900.0
4.7442E+03,0.011670,0.012979,0.05183,900.0
4.7443E+03,0.010571,0.013896,0.05183,900.0
4.7444E+03,0.009301,0.014761,0.05183,900.0
4.7444E+03,0.008072,0.015465,0.05183,900.0
4.7445E+03,0.006707,0.016107,0.05183,900.0
4.7446E+03,0.005326,0.016615,0.05183,900.0
4.7447E+03,0.003826,0.017026,0.05183,900.0
4.7448E+03,0.002346,0.017298,0.05183,900.0
4.7449E+03,0.000931,0.017435,0.05183,900.0
4.7450E+03,-0.000588,0.017447,0.05183,900.0
4.7451E+03,-0.002075,0.017331,0.05183,900.0
4.7452E+03,-0.003588,0.017076,0.05183,900.0
4.7453E+03,-0.005065,0.016694,0.05183,900.0
4.7455E+03,-0.006479,0.016200,0.05183,900.0
4.7456E+03,-0.007866,0.015573,0.05183,900.0
4.7457E+03,-0.009192,0.014830,0.05183,900.0
4.7458E+03,-0.010419,0.013999,0.05183,900.0
4.7459E+03,-0.011553,0.013057,0.05183,900.0
4.7460E+03,-0.012635,0.011980,0.05183,900.0
4.7461E+03,-0.013693,0.010842,0.05183,900.0
4.7461E+03,-0.014508,0.009736,0.05183,900.0
4.7462E+03,-0.015252,0.008518,0.05183,900.0
4.7463E+03,-0.015926,0.007190,0.05183,900.0
4.7464E+03,-0.016497,0.005734,0.05183,900.0
4.7465E+03,-0.016933,0.004291,0.05183,900.0
4.7466E+03,-0.017242,0.002805,0.05183,900.0
4.7467E+03,-0.017426,0.001287,0.05183,900.0
4.7468E+03,-0.017478,-0.000189,0.05183,900.0
4.7469E+03,-0.017399,-0.001666,0.05183,900.0
4.7470E+03,-0.017190,-0.003202,0.05183,900.0
4.7471E+03,-0.016868,-0.004667,0.05183,900.0
4.7473E+03,-0.016398,-0.006111,0.05183,900.0
4.7474E+03,-0.015827,-0.007486,0.05183,900.0
4.7475E+03,-0.015142,-0.008793,0.05183,900.0
4.7476E+03,-0.014339,-0.010049,0.05183,900.0
4.7477E+03,-0.013403,-0.011261,0.05183,900.0
4.7478E+03,-0.012364,-0.012389,0.05183,900.0
4.7479E+03,-0.011281,-0.013389,0.05183,900.0
4.7479E+03,-0.010233,-0.014205,0.05183,900.0
4.7480E+03,-0.008958,-0.015045,0.05183,900.0
4.7481E+03,-0.007594,-0.015782,0.05183,900.0
4.7482E+03,-0.006210,-0.016384,0.05183,900.0
4.7483E+03,-0.004844,-0.016846,0.05183,900.0
4.7484E+03,-0.003303,-0.017217,0.05183,900.0
4.7485E+03,-0.001790,-0.017435,0.05183,900.0
4.7486E+03,-0.000288,-0.017523,0.05183,900.0
4.7487E+03,0.001213,-0.017478,0.05183,900.0
4.7488E+03,0.002644,-0.017319,0.05183,900.0
4.7490E+03,0.004110,-0.017024,0.05183,900.0
4.7491E+03,0.005554,-0.016610,0.05183,900.0
4.7492E+03,0.006992,-0.016052,0.05183,900.0
4.7493E+03,0.008363,-0.015389,0.05183,900.0
4.7494E+03,0.009604,-0.014645,0.05183,900.0
4.7495E+03,0.010846,-0.013741,0.05183,900.0
4.7496E+03,0.012039,-0.012729,0.05183,900.0
4.7496E+03,0.012952,-0.011802,0.05183,900.0
4.7497E+03,0.013907,-0.010645,0.05183,900.0
4.7498E+03,0.014732,-0.009449,0.05183,900.0
4.7499E+03,0.015286,-0.008526,0.05183,900.0
4.7500E+03,0.015879,-0.007338,0.05183,900.0
4.7501E+03,0.016444,-0.005959,0.05183,900.0
4.7502E+03,0.016838,-0.004748,0.05183,900.0
4.7503E+03,0.017097,-0.003704,0.05183,900.0
4.7504E+03,0.017292,-0.002578,0.05183,0.0
4.7505E+03,0.017447,-0.001197,0.05183,0.0
4.7506E+03,0.017482,0.000364,0.05183,0.0
4.7508E+03,0.017391,0.001814,0.05183,0.0
4.7509E+03,0.017217,0.003048,0.05183,900.0
4.7510E+03,0.016996,0.004102,0.05183,900.0
4.7511E+03,0.016687,0.005193,0.05183,900.0
4.7512E+03,0.016403,0.006056,0.05183,900.0
4.7513E+03,0.016345,0.006225,0.05183,900.0
4.7513E+03,0.016157,0.006149,0.05183,900.0
4.7514E+03,0.013146,0.004930,0.05183,900.0
4.7515E+03,0.009225,0.003343,0.05183,900.0
4.7516E+03,0.008814,0.003177,0.05183,900.0
4.7517E+03,0.008833,0.003117,0.05183,900.0
4.7518E+03,0.008955,0.002681,0.05183,900.0
4.7519E+03,0.009291,0.001183,0.05183,900.0
4.7520E+03,0.009368,-0.000301,0.05183,900.0
4.7521E+03,0.009181,-0.001827,0.05183,900.0
4.7522E+03,0.008784,-0.003245,0.05183,900.0
4.7523E+03,0.008162,-0.004594,0.05183,900.0
4.7525E+03,0.007318,-0.005829,0.05183,900.0
4.7526E+03,0.006259,-0.006964,0.05183,900.0
4.7527E+03,0.005047,-0.007896,0.05183,900.0
4.7528E+03,0.003732,-0.008594,0.05183,900.0
4.7529E+03,0.002297,-0.009092,0.05183,900.0
4.7530E+03,0.000851,-0.009343,0.05183,900.0
4.7530E+03,-0.000493,-0.009390,0.05183,900.0
4.7531E+03,-0.001945,-0.009205,0.05183,900.0
4.7532E+03,-0.003403,-0.008755,0.05183,900.0
4.7533E+03,-0.004754,-0.008099,0.05183,900.0
4.7534E+03,-0.005962,-0.007232,0.05183,900.0
4.7535E+03,-0.007070,-0.006141,0.05183,900.0
4.7536E+03,-0.007957,-0.004920,0.05183,900.0
4.7537E+03,-0.008640,-0.003571,0.05183,900.0
4.7538E+03,-0.009099,-0.002157,0.05183,900.0
4.7539E+03,-0.009317,-0.000722,0.05183,900.0
4.7540E+03,-0.009314,0.000797,0.05183,900.0
4.7542E+03,-0.009062,0.002281,0.05183,900.0
4.7543E+03,-0.008583,0.003697,0.05183,900.0
4.7544E+03,-0.007863,0.005070,0.05183,900.0
4.7545E+03,-0.006995,0.006189,0.05183,900.0
4.7546E+03,-0.005870,0.007253,0.05183,900.0
4.7547E+03,-0.004605,0.008100,0.05183,900.0
4.7547E+03,-0.003396,0.008670,0.05183,900.0
4.7548E+03,-0.001967,0.009095,0.05183,900.0
4.7549E+03,-0.000472,0.009292,0.05183,900.0
4.7550E+03,0.001036,0.009252,0.05183,0.0
4.7551E+03,0.002503,0.008969,0.05183,0.0
4.7552E+03,0.003915,0.008453,0.05183,0.0
4.7553E+03,0.005258,0.007714,0.05183,0.0
4.7554E+03,0.006396,0.006807,0.05183,900.0
4.7555E+03,0.007419,0.005689,0.05183,900.0
4.7556E+03,0.008277,0.004347,0.05183,900.0
4.7557E+03,0.008727,0.003376,0.05183,900.0
4.7559E+03,0.008814,0.003177,0.05183,900.0
4.7560E+03,0.008819,0.003176,0.05183,900.0
4.7561E+03,0.012097,0.002430,0.05183,900.0
4.7562E+03,0.015262,0.001709,0.05183,900.0
4.7563E+03,0.015707,0.001608,0.05183,900.0
4.7564E+03,0.015706,0.001617,0.05183,900.0
4.7565E+03,0.015658,0.001939,0.05183,900.0
4.7565E+03,0.015488,0.003035,0.05183,900.0
4.7566E+03,0.015150,0.004443,0.05183,900.0
4.7567E+03,0.014679,0.005789,0.05183,900.0
4.7568E+03,0.014202,0.006858,0.05183,900.0
4.7569E+03,0.013505,0.008124,0.05183,900.0
4.7570E+03,0.012644,0.009398,0.05183,900.0
4.7571E+03,0.011693,0.010555,0.05183,900.0
4.7572E+03,0.010644,0.011607,0.05183,900.0
4.7573E+03,0.009467,0.012585,0.05183,900.0
4.7574E+03,0.008198,0.013447,0.05183,900.0
4.7576E+03,0.006901,0.014157,0.05183,900.0
4.7577E+03,0.005526,0.014751,0.05183,900.0
4.7578E+03,0.004085,0.015212,0.05183,900.0
4.7579E+03,0.002551,0.015554,0.05183,900.0
4.7580E+03,0.001070,0.015715,0.05183,900.0
4.7581E+03,-0.000425,0.015747,0.05183,900.0
4.7582E+03,-0.001950,0.015626,0.05183,900.0
4.7582E+03,-0.003248,0.015404,0.05183,900.0
4.7583E+03,-0.004688,0.015026,0.05183,900.0
4.7584E+03,-0.006118,0.014508,0.05183,900.0
4.7585E+03,-0.007494,0.013845,0.05183,900.0
4.7586E+03,-0.008796,0.013063,0.05183,900.0
4.7587E+03,-0.009983,0.012191,0.05183,900.0
4.7588E+03,-0.011144,0.011149,0.05183,900.0
4.7589E+03,-0.012133,0.010075,0.05183,900.0
4.7590E+03,-0.013047,0.008859,0.05183,900.0
4.7591E+03,-0.013818,0.007601,0.05183,900.0
4.7592E+03,-0.014477,0.006248,0.05183,900.0
4.7594E+03,-0.014904,0.005175,0.05183,900.0
4.7595E+03,-0.015298,0.003795,0.05183,900.0
4.7596E+03,-0.015598,0.002340,0.05183,900.0
4.7597E+03,-0.015747,0.001150,0.05183,900.0
4.7598E+03,-0.015779,0.000006,0.05183,900.0
4.7599E+03,-0.015735,-0.001307,0.05183,900.0
4.7599E+03,-0.015615,-0.002324,0.05183,900.0
4.7600E+03,-0.015338,-0.003784,0.05183,900.0
4.7601E+03,-0.014937,-0.005190,0.05183,900.0
4.7602E+03,-0.014518,-0.006259,0.05183,900.0
4.7603E+03,-0.013887,-0.007529,0.05183,900.0
4.7604E+03,-0.013084,-0.008859,0.05183,900.0
4.7605E+03,-0.012201,-0.010043,0.05183,900.0
4.7606E+03,-0.011203,-0.011141,0.05183,900.0
4.7607E+03,-0.010058,-0.012184,0.05183,900.0
4.7608E+03,-0.008822,-0.013120,0.05183,900.0
4.7609E+03,-0.007547,-0.013889,0.05183,900.0
4.7611E+03,-0.006226,-0.014540,0.05183,900.0
4.7612E+03,-0.004850,-0.015056,0.05183,900.0
4.7613E+03,-0.003410,-0.015453,0.05183,900.0
4.7614E+03,-0.001886,-0.015720,0.05183,900.0
4.7615E+03,-0.000326,-0.015822,0.05183,900.0
4.7616E+03,0.001154,-0.015777,0.05183,900.0
4.7617E+03,0.002679,-0.015592,0.05183,900.0
4.7617E+03,0.003998,-0.015298,0.05183,900.0
4.7618E+03,0.005396,-0.014865,0.05183,900.0
4.7619E+03,0.006761,-0.014290,0.05183,900.0
4.7620E+03,0.008102,-0.013576,0.05183,900.0
4.7621E+03,0.009367,-0.012732,0.05183,900.0
4.7622E+03,0.010539,-0.011782,0.05183,900.0
4.7623E+03,0.011606,-0.010739,0.05183,900.0
4.7624E+03,0.012584,-0.009583,0.05183,900.0
4.7625E+03,0.013451,-0.008314,0.05183,0.0
4.7626E+03,0.014148,-0.007049,0.05183,0.0
4.7628E+03,0.014642,-0.005951,0.05183,0.0
4.7629E+03,0.015105,-0.004592,0.05183,0.0
4.7630E+03,0.015463,-0.003163,0.05183,0.0
4.7631E+03,0.015665,-0.001977,0.05183,900.0
4.7632E+03,0.015761,-0.000715,0.05183,900.0
4.7633E+03,0.015762,0.000694,0.05183,900.0
4.7634E+03,0.015710,0.001584,0.05183,900.0
4.7634E+03,0.015707,0.001608,0.05183,900.0
4.7635E+03,0.015315,0.001768,0.05183,900.0
4.7636E+03,0.011532,0.003306,0.05183,900.0
4.7637E+03,0.010469,0.003738,0.05183,900.0
4.7638E+03,0.010412,0.003761,0.05183,900.0
4.7639E+03,0.010443,0.003665,0.05183,900.0
4.7640E+03,0.010715,0.002670,0.05183,900.0
4.7641E+03,0.010970,0.001201,0.05183,900.0
4.7642E+03,0.011038,-0.000323,0.05183,900.0
4.7643E+03,0.010905,-0.001825,0.05183,900.0
4.7645E+03,0.010557,-0.003290,0.05183,900.0
4.7646E+03,0.010020,-0.004691,0.05183,900.0
4.7647E+03,0.009301,-0.006015,0.05183,900.0
4.7648E+03,0.008373,-0.007271,0.05183,900.0
4.7649E+03,0.007346,-0.008313,0.05183,900.0
4.7650E+03,0.006156,-0.009239,0.05183,900.0
4.7651E+03,0.004816,-0.009993,0.05183,900.0
4.7651E+03,0.003533,-0.010498,0.05183,900.0
4.7652E+03,0.002113,-0.010877,0.05183,900.0
4.7653E+03,0.000626,-0.011064,0.05183,900.0
4.7654E+03,-0.000904,-0.011045,0.05183,900.0
4.7655E+03,-0.002398,-0.010822,0.05183,900.0
4.7656E+03,-0.003824,-0.010402,0.05183,900.0
4.7657E+03,-0.005168,-0.009808,0.05183,900.0
4.7658E+03,-0.006438,-0.009034,0.05183,900.0
4.7659E+03,-0.007618,-0.008065,0.05183,900.0
4.7660E+03,-0.008651,-0.006954,0.05183,900.0
4.7662E+03,-0.009494,-0.005720,0.05183,900.0
4.7663E+03,-0.010182,-0.004342,0.05183,900.0
4.7664E+03,-0.010673,-0.002904,0.05183,900.0
4.7665E+03,-0.010960,-0.001419,0.05183,900.0
4.7666E+03,-0.011047,0.000057,0.05183,900.0
4.7667E+03,-0.010923,0.001557,0.05183,900.0
4.7668E+03,-0.010610,0.003045,0.05183,900.0
4.7668E+03,-0.010162,0.004311,0.05183,900.0
4.7669E+03,-0.009473,0.005658,0.05183,900.0
4.7670E+03,-0.008639,0.006889,0.05183,900.0
4.7671E+03,-0.007644,0.007979,0.05183,900.0
4.7672E+03,-0.006494,0.008919,0.05183,900.0
4.7673E+03,-0.005225,0.009715,0.05183,900.0
4.7674E+03,-0.003841,0.010330,0.05183,900.0
4.7675E+03,-0.002372,0.010748,0.05183,900.0
4.7676E+03,-0.000877,0.010979,0.05183,900.0
4.7677E+03,0.000577,0.010999,0.05183,900.0
4.7679E+03,0.002066,0.010811,0.05183,900.0
4.7680E+03,0.003578,0.010409,0.05183,0.0
4.7681E+03,0.004963,0.009841,0.05183,0.0
4.7682E+03,0.006230,0.009101,0.05183,0.0
4.7683E+03,0.007396,0.008191,0.05183,900.0
4.7684E+03,0.008481,0.007087,0.05183,900.0
4.7685E+03,0.009341,0.005906,0.05183,900.0
4.7685E+03,0.009993,0.004688,0.05183,900.0
4.7686E+03,0.010325,0.003973,0.05183,900.0
4.7687E+03,0.010412,0.003761,0.05183,900.0
4.7688E+03,0.010268,0.004204,0.05183,900.0
4.7689E+03,0.009122,0.007726,0.05183,900.0
4.7690E+03,0.007868,0.011584,0.05183,900.0
4.7691E+03,0.007835,0.011684,0.05183,900.0
4.7692E+03,0.007777,0.011721,0.05183,900.0
4.7693E+03,0.007373,0.011965,0.05183,900.0
4.7694E+03,0.006019,0.012706,0.05183,900.0
4.7695E+03,0.004622,0.013280,0.05183,900.0
4.7697E+03,0.003234,0.013678,0.05183,900.0
4.7698E+03,0.001705,0.013943,0.05183,900.0
4.7699E+03,0.000198,0.014038,0.05183,900.0
4.7700E+03,-0.001288,0.013979,0.05183,900.0
4.7701E+03,-0.002760,0.013766,0.05183,900.0
4.7702E+03,-0.004185,0.013383,0.05183,900.0
4.7702E+03,-0.005460,0.012906,0.05183,900.0
4.7703E+03,-0.006875,0.012257,0.05183,900.0
4.7704E+03,-0.008091,0.011490,0.05183,900.0
4.7705E+03,-0.009249,0.010595,0.05183,900.0
4.7706E+03,-0.010387,0.009492,0.05183,900.0
4.7707E+03,-0.011343,0.008324,0.05183,900.0
4.7708E+03,-0.012160,0.007060,0.05183,900.0
4.7709E+03,-0.012859,0.005700,0.05183,900.0
4.7710E+03,-0.013341,0.004457,0.05183,900.0
4.7711E+03,-0.013673,0.003325,0.05183,900.0
4.7712E+03,-0.013890,0.002293,0.05183,900.0
4.7714E+03,-0.014026,0.001097,0.05183,900.0
4.7715E+03,-0.014071,-0.000337,0.05183,900.0
4.7716E+03,-0.013998,-0.001618,0.05183,900.0
4.7717E+03,-0.013831,-0.002653,0.05183,900.0
4.7718E+03,-0.013515,-0.004013,0.05183,900.0
4.7719E+03,-0.013172,-0.005039,0.05183,900.0
4.7720E+03,-0.012607,-0.006335,0.05183,900.0
4.7720E+03,-0.012087,-0.007274,0.05183,900.0
4.7721E+03,-0.011304,-0.008428,0.05183,900.0
4.7722E+03,-0.010370,-0.009548,0.05183,900.0
4.7723E+03,-0.009313,-0.010589,0.05183,900.0
4.7724E+03,-0.008136,-0.011517,0.05183,900.0
4.7725E+03,-0.006837,-0.012333,0.05183,900.0
4.7726E+03,-0.005450,-0.013021,0.05183,900.0
4.7727E+03,-0.004090,-0.013507,0.05183,900.0
4.7728E+03,-0.002618,-0.013874,0.05183,900.0
4.7729E+03,-0.001070,-0.014093,0.05183,900.0
4.7730E+03,0.000392,-0.014126,0.05183,900.0
4.7732E+03,0.001879,-0.013999,0.05183,900.0
4.7733E+03,0.003364,-0.013710,0.05183,900.0
4.7734E+03,0.004867,-0.013246,0.05183,900.0
4.7735E+03,0.006213,-0.012668,0.05183,900.0
4.7736E+03,0.007506,-0.011940,0.05183,900.0
4.7737E+03,0.008760,-0.011049,0.05183,900.0
4.7737E+03,0.009783,-0.010159,0.05183,900.0
4.7738E+03,0.010781,-0.009090,0.05183,900.0
4.7739E+03,0.011701,-0.007871,0.05183,900.0
4.7740E+03,0.012487,-0.006558,0.05183,900.0
4.7741E+03,0.013136,-0.005158,0.05183,900.0
4.7742E+03,0.013430,-0.004312,0.05183,900.0
4.7743E+03,0.013778,-0.002933,0.05183,900.0
4.7744E+03,0.014005,-0.001498,0.05183,900.0
4.7745E+03,0.014072,0.000034,0.05183,900.0
4.7746E+03,0.013979,0.001558,0.05183,900.0
4.7747E+03,0.013784,0.002836,0.05183,900.0
4.7749E+03,0.013523,0.003896,0.05183,0.0
4.7750E+03,0.013153,0.004983,0.05183,0.0
4.7751E+03,0.012607,0.006224,0.05183,0.0
4.7752E+03,0.011881,0.007527,0.05183,0.0
4.7753E+03,0.011132,0.008608,0.05183,900.0
4.7754E+03,0.010480,0.009387,0.05183,900.0
4.7755E+03,0.009423,0.010440,0.05183,900.0
4.7755E+03,0.008366,0.011288,0.05183,900.0
4.7756E+03,0.007896,0.011643,0.05183,900.0
4.7757E+03,0.007835,0.011684,0.05183,900.0
4.7758E+03,0.008481,0.010548,0.05183,900.0
4.7759E+03,0.010459,0.007073,0.05183,900.0
4.7760E+03,0.012010,0.004347,0.05183,900.0
4.7761E+03,0.012011,0.004344,0.05183,900.0
4.7762E+03,0.012069,0.004156,0.05183,900.0
4.7763E+03,0.012328,0.003249,0.05183,900.0
4.7764E+03,0.012645,0.001729,0.05183,900.0
4.7766E+03,0.012764,0.000257,0.05183,900.0
4.7767E+03,0.012716,-0.001190,0.05183,900.0
4.7768E+03,0.012466,-0.002735,0.05183,900.0
4.7769E+03,0.012066,-0.004200,0.05183,900.0
4.7770E+03,0.011481,-0.005573,0.05183,900.0
4.7771E+03,0.010754,-0.006885,0.05183,900.0
4.7772E+03,0.009888,-0.008085,0.05183,900.0
4.7772E+03,0.008990,-0.009080,0.05183,900.0
4.7773E+03,0.007842,-0.010101,0.05183,900.0
4.7774E+03,0.006601,-0.010966,0.05183,900.0
4.7775E+03,0.005259,-0.011670,0.05183,900.0
4.7776E+03,0.003862,-0.012210,0.05183,900.0
4.7777E+03,0.002409,-0.012568,0.05183,900.0
4.7778E+03,0.000902,-0.012766,0.05183,900.0
4.7779E+03,-0.000612,-0.012777,0.05183,900.0
4.7780E+03,-0.002090,-0.012615,0.05183,900.0
4.7781E+03,-0.003575,-0.012273,0.05183,900.0
4.7782E+03,-0.004975,-0.011777,0.05183,900.0
4.7784E+03,-0.006274,-0.011107,0.05183,900.0
4.7785E+03,-0.007526,-0.010282,0.05183,900.0
4.7786E+03,-0.008696,-0.009336,0.05183,900.0
4.7787E+03,-0.009735,-0.008197,0.05183,900.0
4.7788E+03,-0.010685,-0.007012,0.05183,900.0
4.7789E+03,-0.011450,-0.005698,0.05183,900.0
4.7789E+03,-0.011962,-0.004498,0.05183,900.0
4.7790E+03,-0.012410,-0.003023,0.05183,900.0
4.7791E+03,-0.012666,-0.001536,0.05183,900.0
4.7792E+03,-0.012752,-0.000071,0.05183,900.0
4.7793E+03,-0.012660,0.001445,0.05183,900.0
4.7794E+03,-0.012404,0.002915,0.05183,900.0
4.7795E+03,-0.011972,0.004349,0.05183,900.0
4.7796E+03,-0.011367,0.005760,0.05183,900.0
4.7797E+03,-0.010633,0.007018,0.05183,900.0
4.7798E+03,-0.009685,0.008281,0.05183,900.0
4.7799E+03,-0.008656,0.009356,0.05183,900.0
4.7801E+03,-0.007493,0.010305,0.05183,900.0
4.7802E+03,-0.006301,0.011065,0.05183,900.0
4.7803E+03,-0.004921,0.011737,0.05183,900.0
4.7804E+03,-0.003434,0.012251,0.05183,900.0
4.7805E+03,-0.001970,0.012569,0.05183,900.0
4.7806E+03,-0.000476,0.012705,0.05183,900.0
4.7807E+03,0.001025,0.012669,0.05183,900.0
4.7807E+03,0.002375,0.012488,0.05183,900.0
4.7808E+03,0.003852,0.012120,0.05183,900.0
4.7809E+03,0.005197,0.011615,0.05183,0.0
4.7810E+03,0.006508,0.010940,0.05183,0.0
4.7811E+03,0.007769,0.010102,0.05183,0.0
4.7812E+03,0.008886,0.009132,0.05183,0.0
4.7813E+03,0.009939,0.007965,0.05183,0.0
4.7814E+03,0.010832,0.006699,0.05183,0.0
4.7815E+03,0.011556,0.005363,0.05183,0.0
4.7816E+03,0.011916,0.004575,0.05183,0.0
4.7819E+03,0.012011,0.004344,0.05183,0.0
4.7820E+03,0.012011,0.004345,0.05183,0.0
4.7821E+03,0.012011,0.004347,0.05183,0.0
4.7822E+03,0.012011,0.004348,0.05183,0.0
4.7823E+03,0.012011,0.004349,0.05183,0.0
4.7824E+03,0.012011,0.004351,0.05183,0.0
4.7826E+03,0.012011,0.004352,0.05183,0.0
4.7827E+03,0.012011,0.004430,0.05183,0.0
4.7828E+03,0.012011,0.004406,0.05183,0.0
4.7829E+03,0.012011,0.004356,0.05183,0.0
4.7830E+03,0.012011,0.004357,0.05183,0.0
4.7831E+03,0.012011,0.004358,0.05183,0.0
4.7833E+03,0.012011,0.004359,0.05183,0.0
4.7834E+03,0.012011,0.004360,0.05183,0.0
4.7835E+03,0.012011,0.004361,0.05183,0.0
4.7836E+03,0.012011,0.004362,0.05183,0.0
4.7837E+03,0.012011,0.004363,0.05183,0.0
4.7838E+03,0.012011,0.004365,0.05183,0.0
4.7839E+03,0.012011,0.004367,0.05183,0.0
4.7840E+03,0.012011,0.004368,0.05183,0.0
4.7841E+03,0.012011,0.004419,0.05183,0.0
4.7842E+03,0.012011,0.004448,0.05183,0.0
4.7843E+03,0.012011,0.004371,0.05183,0.0
4.7844E+03,0.012011,0.004373,0.05183,0.0
4.7845E+03,0.012011,0.004374,0.05183,0.0
4.7846E+03,0.012011,0.004375,0.05183,0.0
4.7847E+03,0.012011,0.004376,0.05183,0.0
4.7848E+03,0.012011,0.004378,0.05183,0.0
4.7850E+03,0.012011,0.004379,0.05183,0.0
4.7852E+03,0.012011,0.004380,0.05183,0.0
4.7853E+03,0.012011,-0.011213,0.05183,0.0
4.7854E+03,0.012011,-0.011212,0.05183,0.0
4.7855E+03,0.011956,-0.010428,0.05183,0.0
4.7856E+03,0.011806,-0.008300,0.05183,0.0
4.7856E+03,0.011655,-0.006143,0.05183,0.0
4.7857E+03,0.011469,-0.003494,0.05183,0.0
4.7858E+03,0.011286,-0.000899,0.05183,0.0
4.7859E+03,0.011114,0.001560,0.05183,0.0
4.7860E+03,0.010934,0.004122,0.05183,0.0
4.7861E+03,0.010763,0.006560,0.05183,0.0
4.7862E+03,0.010587,0.009058,0.05183,0.0
4.7863E+03,0.010404,0.011666,0.05183,0.0
4.7864E+03,0.010270,0.013569,0.05183,0.0
