1.7379E+03,-0.012902,0.012349,0.01491,0.0
1.7380E+03,-0.012902,0.012324,0.01491,0.0
1.7382E+03,-0.012902,0.012345,0.01491,0.0
1.7383E+03,-0.012902,0.012343,0.01491,0.0
1.7384E+03,-0.012902,0.012341,0.01491,0.0
1.7385E+03,-0.012902,0.012339,0.01491,0.0
1.7386E+03,-0.012902,0.012337,0.01491,0.0
1.7387E+03,-0.012902,0.012335,0.01491,0.0
1.7388E+03,-0.012902,0.012333,0.01491,0.0
1.7389E+03,-0.012902,0.012331,0.01491,0.0
1.7390E+03,-0.012902,0.012329,0.01491,0.0
1.7391E+03,-0.012902,0.012327,0.01491,0.0
1.7392E+03,-0.012902,0.012325,0.01491,0.0
1.7393E+03,-0.012902,0.012323,0.01491,0.0
1.7394E+03,-0.012902,0.012321,0.01491,0.0
1.7395E+03,-0.012902,0.012319,0.01491,0.0
1.7396E+03,-0.012902,0.012317,0.01491,0.0
1.7397E+03,-0.012902,0.012315,0.01491,0.0
1.7399E+03,-0.012902,0.012314,0.01491,0.0
1.7400E+03,-0.012445,0.012020,0.01491,0.0
1.7401E+03,-0.010717,0.010907,0.01491,0.0
1.7402E+03,-0.007985,0.009149,0.01491,0.0
1.7403E+03,-0.005251,0.007388,0.01491,0.0
1.7404E+03,-0.002517,0.005629,0.01491,900.0
1.7405E+03,0.000260,0.003842,0.01491,900.0
1.7406E+03,0.002927,0.002124,0.01491,900.0
1.7407E+03,0.005657,0.000367,0.01491,900.0
1.7408E+03,0.008381,-0.001386,0.01491,900.0
1.7409E+03,0.011064,-0.003113,0.01491,900.0
1.7410E+03,0.013797,-0.004872,0.01491,900.0
1.7411E+03,0.015629,-0.006052,0.01491,900.0
1.7412E+03,0.015825,-0.006178,0.01491,900.0
1.7413E+03,0.015832,-0.006159,0.01491,900.0
1.7414E+03,0.015925,-0.005879,0.01491,900.0
1.7415E+03,0.016363,-0.004491,0.01491,900.0
1.7416E+03,0.016694,-0.003005,0.01491,900.0
1.7417E+03,0.016897,-0.001498,0.01491,900.0
1.7418E+03,0.016946,0.000039,0.01491,900.0
1.7419E+03,0.016877,0.001504,0.01491,900.0
1.7420E+03,0.016686,0.002955,0.01491,900.0
1.7421E+03,0.016352,0.004423,0.01491,900.0
1.7422E+03,0.015889,0.005860,0.01491,900.0
1.7423E+03,0.015298,0.007259,0.01491,900.0
1.7424E+03,0.014583,0.008612,0.01491,900.0
1.7425E+03,0.013773,0.009856,0.01491,900.0
1.7426E+03,0.012839,0.011039,0.01491,900.0
1.7427E+03,0.011765,0.012192,0.01491,900.0
1.7428E+03,0.010637,0.013179,0.01491,900.0
1.7429E+03,0.009439,0.014045,0.01491,900.0
1.7430E+03,0.008280,0.014751,0.01491,900.0
1.7431E+03,0.006982,0.015418,0.01491,900.0
1.7432E+03,0.005574,0.015968,0.01491,900.0
1.7433E+03,0.004073,0.016413,0.01491,900.0
1.7434E+03,0.002576,0.016721,0.01491,900.0
1.7435E+03,0.001092,0.016884,0.01491,900.0
1.7436E+03,-0.000398,0.016913,0.01491,900.0
1.7437E+03,-0.001928,0.016816,0.01491,900.0
1.7438E+03,-0.003382,0.016594,0.01491,900.0
1.7439E+03,-0.004858,0.016215,0.01491,900.0
1.7440E+03,-0.006252,0.015726,0.01491,900.0
1.7441E+03,-0.007610,0.015113,0.01491,900.0
1.7442E+03,-0.008910,0.014383,0.01491,900.0
1.7443E+03,-0.010172,0.013521,0.01491,900.0
1.7444E+03,-0.011340,0.012556,0.01491,900.0
1.7445E+03,-0.012434,0.011480,0.01491,900.0
1.7446E+03,-0.013431,0.010301,0.01491,900.0
1.7447E+03,-0.014290,0.009080,0.01491,900.0
1.7448E+03,-0.014971,0.007925,0.01491,900.0
1.7449E+03,-0.015611,0.006626,0.01491,900.0
1.7450E+03,-0.016119,0.005244,0.01491,900.0
1.7451E+03,-0.016541,0.003681,0.01491,900.0
1.7452E+03,-0.016803,0.002270,0.01491,900.0
1.7453E+03,-0.016930,0.000714,0.01491,900.0
1.7454E+03,-0.016930,-0.000807,0.01491,900.0
1.7455E+03,-0.016799,-0.002271,0.01491,900.0
1.7456E+03,-0.016537,-0.003748,0.01491,900.0
1.7457E+03,-0.016134,-0.005227,0.01491,900.0
1.7458E+03,-0.015610,-0.006633,0.01491,900.0
1.7459E+03,-0.014977,-0.007980,0.01491,900.0
1.7460E+03,-0.014207,-0.009297,0.01491,900.0
1.7461E+03,-0.013301,-0.010558,0.01491,900.0
1.7462E+03,-0.012353,-0.011663,0.01491,900.0
1.7463E+03,-0.011266,-0.012718,0.01491,900.0
1.7464E+03,-0.010123,-0.013638,0.01491,900.0
1.7465E+03,-0.009019,-0.014386,0.01491,900.0
1.7466E+03,-0.007682,-0.015142,0.01491,900.0
1.7467E+03,-0.006313,-0.015770,0.01491,900.0
1.7468E+03,-0.004904,-0.016257,0.01491,900.0
1.7469E+03,-0.003431,-0.016633,0.01491,900.0
1.7470E+03,-0.001945,-0.016881,0.01491,900.0
1.7471E+03,-0.000406,-0.016988,0.01491,900.0
1.7472E+03,0.001045,-0.016963,0.01491,900.0
1.7473E+03,0.002560,-0.016804,0.01491,900.0
1.7474E+03,0.004017,-0.016511,0.01491,900.0
1.7475E+03,0.005463,-0.016086,0.01491,900.0
1.7476E+03,0.006900,-0.015518,0.01491,900.0
1.7477E+03,0.008282,-0.014826,0.01491,900.0
1.7478E+03,0.009568,-0.014027,0.01491,0.0
1.7479E+03,0.010752,-0.013131,0.01491,0.0
1.7480E+03,0.011877,-0.012127,0.01491,0.0
1.7481E+03,0.012924,-0.011005,0.01491,0.0
1.7482E+03,0.013767,-0.009930,0.01491,0.0
1.7483E+03,0.014596,-0.008675,0.01491,0.0
1.7484E+03,0.015270,-0.007430,0.01491,900.0
1.7485E+03,0.015779,-0.006282,0.01491,900.0
1.7486E+03,0.015824,-0.006180,0.01491,900.0
1.7487E+03,0.015825,-0.006178,0.01491,900.0
1.7488E+03,0.012155,-0.005625,0.01491,900.0
1.7489E+03,0.005507,-0.004625,0.01491,900.0
1.7490E+03,-0.002348,-0.003442,0.01491,900.0
1.7491E+03,-0.007698,-0.002637,0.01491,900.0
1.7493E+03,-0.009632,-0.002346,0.01491,900.0
1.7494E+03,-0.009689,-0.002024,0.01491,900.0
1.7495E+03,-0.009857,-0.000861,0.01491,900.0
1.7496E+03,-0.009860,0.000636,0.01491,900.0
1.7497E+03,-0.009644,0.002215,0.01491,900.0
1.7498E+03,-0.009181,0.003641,0.01491,900.0
1.7499E+03,-0.008601,0.004823,0.01491,900.0
1.7500E+03,-0.007750,0.006073,0.01491,900.0
1.7501E+03,-0.006724,0.007191,0.01491,900.0
1.7502E+03,-0.005556,0.008116,0.01491,900.0
1.7503E+03,-0.004259,0.008864,0.01491,900.0
1.7504E+03,-0.002847,0.009421,0.01491,900.0
1.7505E+03,-0.001377,0.009738,0.01491,900.0
1.7506E+03,0.000107,0.009843,0.01491,900.0
1.7507E+03,0.001617,0.009727,0.01491,900.0
1.7508E+03,0.003036,0.009385,0.01491,900.0
1.7509E+03,0.004411,0.008826,0.01491,900.0
1.7510E+03,0.005741,0.008004,0.01491,900.0
1.7511E+03,0.006862,0.007071,0.01491,900.0
1.7512E+03,0.007869,0.005920,0.01491,900.0
1.7513E+03,0.008690,0.004655,0.01491,900.0
1.7514E+03,0.009286,0.003296,0.01491,900.0
1.7515E+03,0.009683,0.001852,0.01491,900.0
1.7516E+03,0.009864,0.000366,0.01491,900.0
1.7517E+03,0.009830,-0.000971,0.01491,900.0
1.7518E+03,0.009592,-0.002460,0.01491,900.0
1.7519E+03,0.009081,-0.003953,0.01491,900.0
1.7520E+03,0.008421,-0.005254,0.01491,900.0
1.7521E+03,0.007496,-0.006467,0.01491,900.0
1.7522E+03,0.006421,-0.007555,0.01491,900.0
1.7523E+03,0.005188,-0.008434,0.01491,900.0
1.7524E+03,0.003875,-0.009118,0.01491,900.0
1.7525E+03,0.002443,-0.009594,0.01491,900.0
1.7526E+03,0.000963,-0.009854,0.01491,900.0
1.7527E+03,-0.000524,-0.009896,0.01491,900.0
1.7528E+03,-0.002009,-0.009697,0.01491,0.0
1.7529E+03,-0.003436,-0.009299,0.01491,0.0
1.7530E+03,-0.004766,-0.008689,0.01491,0.0
1.7531E+03,-0.006040,-0.007883,0.01491,0.0
1.7532E+03,-0.007157,-0.006869,0.01491,0.0
1.7533E+03,-0.008140,-0.005648,0.01491,0.0
1.7534E+03,-0.008799,-0.004524,0.01491,0.0
1.7535E+03,-0.009367,-0.003137,0.01491,900.0
1.7536E+03,-0.009601,-0.002455,0.01491,900.0
1.7537E+03,-0.009632,-0.002346,0.01491,900.0
1.7538E+03,-0.008493,-0.002291,0.01491,900.0
1.7539E+03,-0.004129,-0.002082,0.01491,900.0
1.7540E+03,0.003654,-0.001709,0.01491,900.0
1.7541E+03,0.010792,-0.001367,0.01491,900.0
1.7544E+03,0.015232,-0.001154,0.01491,900.0
1.7545E+03,0.015266,-0.000243,0.01491,900.0
1.7546E+03,0.015195,0.001173,0.01491,900.0
1.7547E+03,0.015008,0.002667,0.01491,900.0
1.7548E+03,0.014664,0.004145,0.01491,900.0
1.7549E+03,0.014177,0.005565,0.01491,900.0
1.7550E+03,0.013566,0.006926,0.01491,900.0
1.7551E+03,0.012901,0.008091,0.01491,900.0
1.7552E+03,0.012056,0.009306,0.01491,900.0
1.7553E+03,0.011094,0.010447,0.01491,900.0
1.7554E+03,0.009946,0.011541,0.01491,900.0
1.7555E+03,0.008798,0.012445,0.01491,900.0
1.7556E+03,0.007548,0.013225,0.01491,900.0
1.7557E+03,0.006238,0.013884,0.01491,900.0
1.7558E+03,0.004743,0.014451,0.01491,900.0
1.7559E+03,0.003286,0.014854,0.01491,900.0
1.7560E+03,0.001820,0.015104,0.01491,900.0
1.7561E+03,0.000320,0.015204,0.01491,900.0
1.7562E+03,-0.001183,0.015162,0.01491,900.0
1.7563E+03,-0.002687,0.014975,0.01491,900.0
1.7564E+03,-0.004145,0.014638,0.01491,900.0
1.7565E+03,-0.005551,0.014178,0.01491,900.0
1.7566E+03,-0.006911,0.013570,0.01491,900.0
1.7567E+03,-0.008219,0.012835,0.01491,900.0
1.7568E+03,-0.009505,0.011902,0.01491,900.0
1.7569E+03,-0.010476,0.011050,0.01491,900.0
1.7570E+03,-0.011491,0.009983,0.01491,900.0
1.7571E+03,-0.012448,0.008763,0.01491,900.0
1.7572E+03,-0.013268,0.007468,0.01491,900.0
1.7573E+03,-0.013946,0.006118,0.01491,900.0
1.7574E+03,-0.014497,0.004683,0.01491,900.0
1.7575E+03,-0.014899,0.003220,0.01491,900.0
1.7576E+03,-0.015154,0.001756,0.01491,900.0
1.7577E+03,-0.015259,0.000243,0.01491,900.0
1.7578E+03,-0.015220,-0.001188,0.01491,900.0
1.7579E+03,-0.015038,-0.002684,0.01491,900.0
1.7580E+03,-0.014676,-0.004181,0.01491,900.0
1.7581E+03,-0.014203,-0.005600,0.01491,900.0
1.7582E+03,-0.013572,-0.006981,0.01491,900.0
1.7583E+03,-0.012833,-0.008269,0.01491,900.0
1.7584E+03,-0.011966,-0.009479,0.01491,900.0
1.7585E+03,-0.010967,-0.010622,0.01491,900.0
1.7586E+03,-0.009961,-0.011580,0.01491,900.0
1.7587E+03,-0.008743,-0.012535,0.01491,900.0
1.7588E+03,-0.007486,-0.013326,0.01491,900.0
1.7589E+03,-0.006116,-0.014022,0.01491,900.0
1.7590E+03,-0.004734,-0.014543,0.01491,900.0
1.7591E+03,-0.003370,-0.014919,0.01491,900.0
1.7592E+03,-0.001818,-0.015178,0.01491,900.0
1.7593E+03,-0.000283,-0.015283,0.01491,900.0
1.7594E+03,0.001135,-0.015237,0.01491,900.0
1.7595E+03,0.002665,-0.015036,0.01491,900.0
1.7596E+03,0.004183,-0.014694,0.01491,900.0
1.7597E+03,0.005590,-0.014220,0.01491,900.0
1.7598E+03,0.006964,-0.013597,0.01491,900.0
1.7599E+03,0.008296,-0.012831,0.01491,900.0
1.7600E+03,0.009510,-0.011962,0.01491,900.0
1.7601E+03,0.010654,-0.010967,0.01491,0.0
1.7602E+03,0.011631,-0.009916,0.01491,0.0
1.7603E+03,0.012581,-0.008680,0.01491,0.0
1.7604E+03,0.013276,-0.007534,0.01491,0.0
1.7605E+03,0.013946,-0.006204,0.01491,0.0
1.7606E+03,0.014483,-0.004805,0.01491,0.0
1.7607E+03,0.014873,-0.003370,0.01491,0.0
1.7608E+03,0.015126,-0.001993,0.01491,900.0
1.7609E+03,0.015231,-0.001163,0.01491,900.0
1.7610E+03,0.015232,-0.001154,0.01491,900.0
1.7611E+03,0.014325,-0.001211,0.01491,900.0
1.7612E+03,0.009233,-0.001529,0.01491,900.0
1.7613E+03,0.001575,-0.002009,0.01491,900.0
1.7614E+03,-0.006433,-0.002510,0.01491,900.0
1.7615E+03,-0.010748,-0.002780,0.01491,900.0
1.7617E+03,-0.011267,-0.002813,0.01491,900.0
1.7618E+03,-0.011392,-0.002166,0.01491,900.0
1.7619E+03,-0.011540,-0.000879,0.01491,900.0
1.7620E+03,-0.011555,0.000600,0.01491,900.0
1.7621E+03,-0.011409,0.001947,0.01491,900.0
1.7622E+03,-0.011044,0.003431,0.01491,900.0
1.7623E+03,-0.010533,0.004800,0.01491,900.0
1.7624E+03,-0.009836,0.006115,0.01491,900.0
1.7625E+03,-0.008910,0.007395,0.01491,900.0
1.7626E+03,-0.007882,0.008452,0.01491,900.0
1.7627E+03,-0.006737,0.009385,0.01491,900.0
1.7628E+03,-0.005474,0.010171,0.01491,900.0
1.7629E+03,-0.004111,0.010792,0.01491,900.0
1.7630E+03,-0.002632,0.011226,0.01491,900.0
1.7631E+03,-0.001160,0.011478,0.01491,900.0
1.7632E+03,0.000302,0.011540,0.01491,900.0
1.7633E+03,0.001834,0.011393,0.01491,900.0
1.7634E+03,0.003330,0.011054,0.01491,900.0
1.7635E+03,0.004670,0.010564,0.01491,900.0
1.7636E+03,0.006092,0.009829,0.01491,900.0
1.7637E+03,0.007253,0.009017,0.01491,900.0
1.7638E+03,0.008361,0.007990,0.01491,900.0
1.7639E+03,0.009236,0.006945,0.01491,900.0
1.7640E+03,0.010081,0.005645,0.01491,900.0
1.7641E+03,0.010724,0.004284,0.01491,900.0
1.7642E+03,0.011184,0.002888,0.01491,900.0
1.7643E+03,0.011473,0.001409,0.01491,900.0
1.7644E+03,0.011578,-0.000090,0.01491,900.0
1.7645E+03,0.011476,-0.001540,0.01491,900.0
1.7646E+03,0.011184,-0.003073,0.01491,900.0
1.7647E+03,0.010697,-0.004483,0.01491,900.0
1.7648E+03,0.010048,-0.005824,0.01491,900.0
1.7649E+03,0.009208,-0.007085,0.01491,900.0
1.7650E+03,0.008212,-0.008218,0.01491,900.0
1.7651E+03,0.007082,-0.009193,0.01491,900.0
1.7652E+03,0.005812,-0.010042,0.01491,900.0
1.7653E+03,0.004461,-0.010722,0.01491,900.0
1.7654E+03,0.003063,-0.011198,0.01491,900.0
1.7655E+03,0.001605,-0.011494,0.01491,900.0
1.7656E+03,0.000249,-0.011609,0.01491,900.0
1.7657E+03,-0.001262,-0.011546,0.01491,900.0
1.7658E+03,-0.002747,-0.011302,0.01491,900.0
1.7659E+03,-0.004172,-0.010851,0.01491,0.0
1.7660E+03,-0.005616,-0.010176,0.01491,0.0
1.7661E+03,-0.006830,-0.009399,0.01491,0.0
1.7662E+03,-0.008020,-0.008404,0.01491,0.0
1.7663E+03,-0.009022,-0.007289,0.01491,0.0
1.7664E+03,-0.009853,-0.006100,0.01491,0.0
1.7665E+03,-0.010571,-0.004736,0.01491,0.0
1.7666E+03,-0.011065,-0.003466,0.01491,900.0
1.7667E+03,-0.011267,-0.002814,0.01491,900.0
1.7668E+03,-0.011267,-0.002813,0.01491,900.0
1.7669E+03,-0.009810,-0.002708,0.01491,900.0
1.7670E+03,-0.004134,-0.002299,0.01491,900.0
1.7671E+03,0.003685,-0.001736,0.01491,900.0
1.7672E+03,0.010957,-0.001211,0.01491,900.0
1.7673E+03,0.013422,-0.001035,0.01491,900.0
1.7674E+03,0.013535,-0.001027,0.01491,900.0
1.7675E+03,0.013536,-0.001006,0.01491,900.0
1.7676E+03,0.013549,-0.000182,0.01491,900.0
1.7677E+03,0.013482,0.001227,0.01491,900.0
1.7678E+03,0.013263,0.002705,0.01491,900.0
1.7679E+03,0.012865,0.004194,0.01491,900.0
1.7680E+03,0.012309,0.005628,0.01491,900.0
1.7681E+03,0.011644,0.006906,0.01491,900.0
1.7682E+03,0.010801,0.008150,0.01491,900.0
1.7683E+03,0.009795,0.009348,0.01491,900.0
1.7684E+03,0.008703,0.010370,0.01491,900.0
1.7685E+03,0.007453,0.011285,0.01491,900.0
1.7686E+03,0.006209,0.012013,0.01491,900.0
1.7687E+03,0.004845,0.012611,0.01491,900.0
1.7688E+03,0.003363,0.013085,0.01491,900.0
1.7689E+03,0.001876,0.013375,0.01491,900.0
1.7690E+03,0.000423,0.013503,0.01491,900.0
1.7691E+03,-0.000918,0.013474,0.01491,900.0
1.7692E+03,-0.002467,0.013291,0.01491,900.0
1.7693E+03,-0.003936,0.012942,0.01491,900.0
1.7694E+03,-0.005342,0.012425,0.01491,900.0
1.7695E+03,-0.006668,0.011773,0.01491,900.0
1.7696E+03,-0.007957,0.010942,0.01491,900.0
1.7697E+03,-0.009126,0.009984,0.01491,900.0
1.7698E+03,-0.010160,0.008924,0.01491,900.0
1.7699E+03,-0.011097,0.007729,0.01491,900.0
1.7700E+03,-0.011889,0.006451,0.01491,900.0
1.7701E+03,-0.012527,0.005103,0.01491,900.0
1.7702E+03,-0.013021,0.003693,0.01491,900.0
1.7703E+03,-0.013348,0.002243,0.01491,900.0
1.7704E+03,-0.013526,0.000743,0.01491,900.0
1.7705E+03,-0.013533,-0.000820,0.01491,900.0
1.7706E+03,-0.013373,-0.002285,0.01491,900.0
1.7707E+03,-0.013029,-0.003802,0.01491,900.0
1.7708E+03,-0.012541,-0.005203,0.01491,900.0
1.7709E+03,-0.011945,-0.006422,0.01491,900.0
1.7710E+03,-0.011169,-0.007705,0.01491,900.0
1.7711E+03,-0.010251,-0.008886,0.01491,900.0
1.7712E+03,-0.009226,-0.009950,0.01491,900.0
1.7713E+03,-0.008063,-0.010910,0.01491,900.0
1.7714E+03,-0.006773,-0.011768,0.01491,900.0
1.7715E+03,-0.005415,-0.012450,0.01491,900.0
1.7716E+03,-0.004014,-0.012979,0.01491,900.0
1.7717E+03,-0.002551,-0.013357,0.01491,900.0
1.7718E+03,-0.001105,-0.013553,0.01491,900.0
1.7719E+03,0.000377,-0.013588,0.01491,900.0
1.7720E+03,0.001905,-0.013460,0.01491,900.0
1.7721E+03,0.003356,-0.013160,0.01491,900.0
1.7722E+03,0.004796,-0.012701,0.01491,900.0
1.7723E+03,0.006172,-0.012093,0.01491,900.0
1.7724E+03,0.007468,-0.011329,0.01491,900.0
1.7725E+03,0.008678,-0.010435,0.01491,0.0
1.7726E+03,0.009685,-0.009504,0.01491,0.0
1.7727E+03,0.010709,-0.008338,0.01491,0.0
1.7728E+03,0.011560,-0.007106,0.01491,0.0
1.7729E+03,0.012280,-0.005802,0.01491,0.0
1.7730E+03,0.012851,-0.004365,0.01491,0.0
1.7731E+03,0.013232,-0.002982,0.01491,0.0
1.7732E+03,0.013477,-0.001465,0.01491,900.0
1.7733E+03,0.013530,-0.001071,0.01491,900.0
1.7734E+03,0.013535,-0.001027,0.01491,900.0
1.7735E+03,0.011598,-0.001192,0.01491,900.0
1.7736E+03,0.006163,-0.001655,0.01491,900.0
1.7737E+03,-0.001651,-0.002321,0.01491,900.0
1.7738E+03,-0.008730,-0.002924,0.01491,900.0
1.7739E+03,-0.012898,-0.003279,0.01491,900.0
1.7740E+03,-0.012902,-0.003280,0.01491,900.0
1.7741E+03,-0.012905,-0.003267,0.01491,900.0
1.7742E+03,-0.013047,-0.002627,0.01491,900.0
1.7743E+03,-0.013226,-0.001257,0.01491,900.0
1.7744E+03,-0.013277,0.000232,0.01491,900.0
1.7745E+03,-0.013156,0.001727,0.01491,900.0
1.7746E+03,-0.012876,0.003194,0.01491,900.0
1.7747E+03,-0.012427,0.004616,0.01491,900.0
1.7748E+03,-0.011836,0.005993,0.01491,900.0
1.7749E+03,-0.011081,0.007295,0.01491,900.0
1.7750E+03,-0.010188,0.008496,0.01491,900.0
1.7751E+03,-0.009175,0.009590,0.01491,900.0
1.7752E+03,-0.008021,0.010571,0.01491,900.0
1.7753E+03,-0.006710,0.011446,0.01491,900.0
1.7754E+03,-0.005373,0.012128,0.01491,900.0
1.7755E+03,-0.004013,0.012626,0.01491,900.0
1.7756E+03,-0.002499,0.013004,0.01491,900.0
1.7757E+03,-0.000978,0.013203,0.01491,900.0
1.7758E+03,0.000531,0.013233,0.01491,900.0
1.7759E+03,0.002022,0.013087,0.01491,900.0
1.7760E+03,0.003335,0.012825,0.01491,900.0
1.7761E+03,0.004742,0.012376,0.01491,900.0
1.7762E+03,0.006097,0.011778,0.01491,900.0
1.7763E+03,0.007422,0.010994,0.01491,900.0
1.7764E+03,0.008640,0.010072,0.01491,900.0
1.7765E+03,0.009727,0.009019,0.01491,900.0
1.7766E+03,0.010666,0.007884,0.01491,900.0
1.7767E+03,0.011495,0.006622,0.01491,900.0
1.7768E+03,0.012163,0.005286,0.01491,900.0
1.7769E+03,0.012687,0.003872,0.01491,900.0
1.7770E+03,0.013047,0.002437,0.01491,900.0
1.7771E+03,0.013245,0.000921,0.01491,900.0
1.7772E+03,0.013274,-0.000608,0.01491,900.0
1.7773E+03,0.013138,-0.002062,0.01491,900.0
1.7774E+03,0.012827,-0.003510,0.01491,900.0
1.7775E+03,0.012334,-0.004976,0.01491,900.0
1.7776E+03,0.011672,-0.006400,0.01491,900.0
1.7777E+03,0.010894,-0.007655,0.01491,900.0
1.7778E+03,0.010084,-0.008681,0.01491,900.0
1.7779E+03,0.009029,-0.009769,0.01491,900.0
1.7780E+03,0.007843,-0.010747,0.01491,900.0
1.7781E+03,0.006575,-0.011574,0.01491,900.0
1.7782E+03,0.005247,-0.012235,0.01491,900.0
1.7783E+03,0.003829,-0.012757,0.01491,900.0
1.7784E+03,0.002337,-0.013119,0.01491,900.0
1.7785E+03,0.000858,-0.013294,0.01491,900.0
1.7786E+03,-0.000630,-0.013305,0.01491,900.0
1.7787E+03,-0.002168,-0.013150,0.01491,900.0
1.7788E+03,-0.003619,-0.012822,0.01491,900.0
1.7789E+03,-0.005033,-0.012338,0.01491,900.0
1.7790E+03,-0.006395,-0.011679,0.01491,0.0
1.7791E+03,-0.007656,-0.010891,0.01491,0.0
1.7792E+03,-0.008819,-0.009964,0.01491,0.0
1.7793E+03,-0.009887,-0.008908,0.01491,0.0
1.7794E+03,-0.010825,-0.007737,0.01491,0.0
1.7795E+03,-0.011551,-0.006616,0.01491,0.0
1.7796E+03,-0.012216,-0.005255,0.01491,0.0
1.7797E+03,-0.012715,-0.003927,0.01491,0.0
1.7800E+03,-0.012902,-0.003280,0.01491,0.0
1.7801E+03,-0.012902,-0.003277,0.01491,0.0
1.7802E+03,-0.012902,-0.003276,0.01491,0.0
1.7803E+03,-0.012902,-0.003275,0.01491,0.0
1.7804E+03,-0.012902,-0.003274,0.01491,0.0
1.7805E+03,-0.012902,-0.003272,0.01491,0.0
1.7806E+03,-0.012902,-0.003271,0.01491,0.0
1.7807E+03,-0.012902,-0.003270,0.01491,0.0
1.7808E+03,-0.012902,-0.003269,0.01491,0.0
1.7809E+03,-0.012902,-0.003268,0.01491,0.0
1.7810E+03,-0.012902,-0.003266,0.01491,0.0
1.7811E+03,-0.012902,-0.003265,0.01491,0.0
1.7812E+03,-0.012902,-0.003264,0.01491,0.0
1.7813E+03,-0.012902,-0.003263,0.01491,0.0
1.7814E+03,-0.012902,-0.003261,0.01491,0.0
1.7815E+03,-0.012902,-0.003259,0.01491,0.0
1.7816E+03,-0.012902,-0.003258,0.01491,0.0
1.7817E+03,-0.012902,-0.003257,0.01491,0.0
1.7818E+03,-0.012902,-0.003256,0.01491,0.0
1.7819E+03,-0.012902,-0.003255,0.01491,0.0
1.7820E+03,-0.012902,-0.003253,0.01491,0.0
1.7821E+03,-0.012902,-0.003252,0.01491,0.0
1.7822E+03,-0.012902,-0.003251,0.01491,0.0
1.7823E+03,-0.012902,-0.003249,0.01491,0.0
1.7824E+03,-0.012902,-0.003248,0.01491,0.0
1.7825E+03,-0.012902,-0.003246,0.01491,0.0
1.7826E+03,-0.012902,-0.003245,0.01491,0.0
1.7828E+03,-0.012902,-0.003244,0.01491,0.0
1.7829E+03,-0.012902,-0.018837,0.01491,0.0
1.7830E+03,-0.012784,-0.018763,0.01491,0.0
1.7831E+03,-0.011595,-0.018011,0.01491,0.0
1.7832E+03,-0.008795,-0.016241,0.01491,0.0
1.7833E+03,-0.005973,-0.014456,0.01491,0.0
1.7834E+03,-0.003187,-0.012694,0.01491,0.0
1.7835E+03,-0.000397,-0.010930,0.01491,0.0
1.7836E+03,0.002372,-0.009179,0.01491,0.0
1.7837E+03,0.005304,-0.007326,0.01491,0.0
1.7838E+03,0.008061,-0.005582,0.01491,0.0
1.7839E+03,0.010843,-0.003823,0.01491,0.0
1.7840E+03,0.013778,-0.001967,0.01491,0.0
1.7841E+03,0.016050,-0.000530,0.01491,0.0
