2.3666E+03,-0.012825,0.015593,0.02201,0.0
2.3667E+03,-0.012825,0.015592,0.02201,0.0
2.3668E+03,-0.012825,0.015590,0.02201,0.0
2.3669E+03,-0.012825,0.015588,0.02201,0.0
2.3670E+03,-0.012825,0.015586,0.02201,0.0
2.3671E+03,-0.012825,0.015584,0.02201,0.0
2.3672E+03,-0.012825,0.015582,0.02201,0.0
2.3673E+03,-0.012825,0.015580,0.02201,0.0
2.3674E+03,-0.012825,0.015578,0.02201,0.0
2.3675E+03,-0.012825,0.015576,0.02201,0.0
2.3676E+03,-0.012825,0.015574,0.02201,0.0
2.3677E+03,-0.012825,0.015572,0.02201,0.0
2.3678E+03,-0.012825,0.015570,0.02201,0.0
2.3679E+03,-0.012825,0.015568,0.02201,0.0
2.3680E+03,-0.012825,0.015566,0.02201,0.0
2.3681E+03,-0.012825,0.015564,0.02201,0.0
2.3682E+03,-0.012825,0.015562,0.02201,0.0
2.3683E+03,-0.012825,0.015560,0.02201,0.0
2.3684E+03,-0.012825,0.015559,0.02201,0.0
2.3686E+03,-0.012825,0.015558,0.02201,0.0
2.3687E+03,-0.012709,0.015539,0.02201,0.0
2.3688E+03,-0.012286,0.015470,0.02201,0.0
2.3689E+03,-0.011604,0.015359,0.02201,0.0
2.3690E+03,-0.010898,0.015244,0.02201,900.0
2.3691E+03,-0.010204,0.015131,0.02201,900.0
2.3692E+03,-0.009504,0.015017,0.02201,900.0
2.3693E+03,-0.008807,0.014903,0.02201,900.0
2.3694E+03,-0.008131,0.014793,0.02201,900.0
2.3695E+03,-0.007474,0.014686,0.02201,900.0
2.3696E+03,-0.006779,0.014573,0.02201,900.0
2.3697E+03,-0.006264,0.014489,0.02201,900.0
2.3699E+03,-0.006149,0.014470,0.02201,900.0
2.3700E+03,-0.006352,0.014384,0.02201,900.0
2.3701E+03,-0.007214,0.013950,0.02201,900.0
2.3702E+03,-0.008539,0.013182,0.02201,900.0
2.3703E+03,-0.009770,0.012308,0.02201,900.0
2.3704E+03,-0.010766,0.011459,0.02201,900.0
2.3705E+03,-0.011810,0.010396,0.02201,900.0
2.3706E+03,-0.012771,0.009182,0.02201,900.0
2.3707E+03,-0.013611,0.007873,0.02201,900.0
2.3708E+03,-0.014279,0.006597,0.02201,900.0
2.3709E+03,-0.014839,0.005202,0.02201,900.0
2.3710E+03,-0.015280,0.003718,0.02201,900.0
2.3711E+03,-0.015568,0.002260,0.02201,900.0
2.3712E+03,-0.015718,0.000799,0.02201,900.0
2.3713E+03,-0.015726,-0.000718,0.02201,900.0
2.3714E+03,-0.015587,-0.002222,0.02201,900.0
2.3715E+03,-0.015305,-0.003714,0.02201,900.0
2.3716E+03,-0.014878,-0.005193,0.02201,900.0
2.3717E+03,-0.014314,-0.006605,0.02201,900.0
2.3718E+03,-0.013615,-0.007952,0.02201,900.0
2.3719E+03,-0.012795,-0.009227,0.02201,900.0
2.3720E+03,-0.011904,-0.010344,0.02201,900.0
2.3721E+03,-0.010959,-0.011331,0.02201,900.0
2.3722E+03,-0.009810,-0.012341,0.02201,900.0
2.3723E+03,-0.008571,-0.013233,0.02201,900.0
2.3724E+03,-0.007291,-0.013985,0.02201,900.0
2.3725E+03,-0.005950,-0.014605,0.02201,900.0
2.3726E+03,-0.004593,-0.015095,0.02201,900.0
2.3727E+03,-0.003512,-0.015382,0.02201,900.0
2.3728E+03,-0.002230,-0.015628,0.02201,900.0
2.3729E+03,-0.001102,-0.015752,0.02201,900.0
2.3730E+03,0.000221,-0.015789,0.02201,900.0
2.3731E+03,0.001708,-0.015687,0.02201,900.0
2.3732E+03,0.003221,-0.015443,0.02201,900.0
2.3733E+03,0.004717,-0.015050,0.02201,900.0
2.3734E+03,0.006140,-0.014525,0.02201,900.0
2.3735E+03,0.007505,-0.013869,0.02201,900.0
2.3736E+03,0.008764,-0.013104,0.02201,900.0
2.3737E+03,0.009958,-0.012214,0.02201,900.0
2.3738E+03,0.011020,-0.011287,0.02201,900.0
2.3739E+03,0.012020,-0.010209,0.02201,900.0
2.3740E+03,0.012959,-0.008998,0.02201,900.0
2.3741E+03,0.013766,-0.007694,0.02201,900.0
2.3742E+03,0.014404,-0.006400,0.02201,900.0
2.3743E+03,0.014957,-0.004947,0.02201,900.0
2.3744E+03,0.015355,-0.003481,0.02201,900.0
2.3745E+03,0.015611,-0.002019,0.02201,900.0
2.3746E+03,0.015730,-0.000542,0.02201,900.0
2.3747E+03,0.015700,0.000977,0.02201,900.0
2.3748E+03,0.015534,0.002493,0.02201,900.0
2.3749E+03,0.015223,0.003962,0.02201,900.0
2.3750E+03,0.014770,0.005413,0.02201,900.0
2.3751E+03,0.014209,0.006752,0.02201,900.0
2.3752E+03,0.013494,0.008093,0.02201,900.0
2.3753E+03,0.012639,0.009370,0.02201,900.0
2.3754E+03,0.011726,0.010481,0.02201,900.0
2.3755E+03,0.010759,0.011447,0.02201,900.0
2.3756E+03,0.009594,0.012435,0.02201,900.0
2.3757E+03,0.008339,0.013307,0.02201,900.0
2.3758E+03,0.007014,0.014048,0.02201,900.0
2.3759E+03,0.005647,0.014654,0.02201,900.0
2.3760E+03,0.004229,0.015129,0.02201,900.0
2.3761E+03,0.002723,0.015475,0.02201,0.0
2.3762E+03,0.001247,0.015660,0.02201,0.0
2.3763E+03,-0.000242,0.015713,0.02201,0.0
2.3764E+03,-0.001326,0.015658,0.02201,0.0
2.3765E+03,-0.002611,0.015494,0.02201,900.0
2.3766E+03,-0.003720,0.015264,0.02201,900.0
2.3767E+03,-0.004980,0.014900,0.02201,900.0
2.3768E+03,-0.005885,0.014574,0.02201,900.0
2.3769E+03,-0.006149,0.014470,0.02201,900.0
2.3770E+03,-0.006227,0.014242,0.02201,900.0
2.3771E+03,-0.007299,0.011116,0.02201,900.0
2.3772E+03,-0.009305,0.005267,0.02201,900.0
2.3773E+03,-0.011104,0.000020,0.02201,900.0
2.3774E+03,-0.011123,-0.000036,0.02201,900.0
2.3775E+03,-0.011122,-0.000021,0.02201,900.0
2.3776E+03,-0.011098,0.000487,0.02201,900.0
2.3777E+03,-0.010938,0.001865,0.02201,900.0
2.3778E+03,-0.010567,0.003341,0.02201,900.0
2.3779E+03,-0.010003,0.004746,0.02201,900.0
2.3780E+03,-0.009235,0.006092,0.02201,900.0
2.3781E+03,-0.008302,0.007308,0.02201,900.0
2.3782E+03,-0.007250,0.008354,0.02201,900.0
2.3783E+03,-0.006058,0.009246,0.02201,900.0
2.3784E+03,-0.004758,0.009984,0.02201,900.0
2.3785E+03,-0.003411,0.010521,0.02201,900.0
2.3786E+03,-0.001923,0.010897,0.02201,900.0
2.3787E+03,-0.000384,0.011063,0.02201,900.0
2.3788E+03,0.001047,0.011031,0.02201,900.0
2.3789E+03,0.002368,0.010800,0.02201,900.0
2.3790E+03,0.003871,0.010354,0.02201,900.0
2.3791E+03,0.005230,0.009742,0.02201,900.0
2.3792E+03,0.006522,0.008919,0.02201,900.0
2.3793E+03,0.007684,0.007953,0.02201,900.0
2.3794E+03,0.008681,0.006855,0.02201,900.0
2.3795E+03,0.009558,0.005594,0.02201,900.0
2.3796E+03,0.010231,0.004269,0.02201,900.0
2.3797E+03,0.010699,0.002901,0.02201,900.0
2.3798E+03,0.011007,0.001391,0.02201,900.0
2.3799E+03,0.011108,-0.000135,0.02201,900.0
2.3800E+03,0.010986,-0.001655,0.02201,900.0
2.3801E+03,0.010683,-0.003050,0.02201,900.0
2.3802E+03,0.010152,-0.004506,0.02201,900.0
2.3803E+03,0.009436,-0.005856,0.02201,900.0
2.3804E+03,0.008578,-0.007057,0.02201,900.0
2.3805E+03,0.007556,-0.008146,0.02201,900.0
2.3806E+03,0.006369,-0.009111,0.02201,900.0
2.3807E+03,0.005207,-0.009830,0.02201,900.0
2.3808E+03,0.003858,-0.010435,0.02201,900.0
2.3809E+03,0.002403,-0.010875,0.02201,900.0
2.3810E+03,0.000988,-0.011104,0.02201,900.0
2.3811E+03,-0.000545,-0.011121,0.02201,900.0
2.3812E+03,-0.002059,-0.010949,0.02201,900.0
2.3813E+03,-0.003522,-0.010557,0.02201,900.0
2.3814E+03,-0.004912,-0.009975,0.02201,900.0
2.3815E+03,-0.006209,-0.009221,0.02201,0.0
2.3816E+03,-0.007385,-0.008300,0.02201,0.0
2.3817E+03,-0.008437,-0.007230,0.02201,0.0
2.3818E+03,-0.009331,-0.006017,0.02201,0.0
2.3819E+03,-0.010056,-0.004712,0.02201,0.0
2.3820E+03,-0.010598,-0.003329,0.02201,0.0
2.3821E+03,-0.010945,-0.001870,0.02201,900.0
2.3822E+03,-0.011104,-0.000436,0.02201,900.0
2.3823E+03,-0.011123,-0.000045,0.02201,900.0
2.3824E+03,-0.011123,-0.000036,0.02201,900.0
2.3825E+03,-0.009974,-0.001244,0.02201,900.0
2.3826E+03,-0.006092,-0.005329,0.02201,900.0
2.3827E+03,-0.000881,-0.010811,0.02201,900.0
2.3828E+03,0.001792,-0.013622,0.02201,900.0
2.3829E+03,0.002092,-0.013938,0.02201,900.0
2.3830E+03,0.002134,-0.013931,0.02201,900.0
2.3831E+03,0.002522,-0.013852,0.02201,900.0
2.3832E+03,0.003941,-0.013516,0.02201,900.0
2.3833E+03,0.005429,-0.012994,0.02201,900.0
2.3834E+03,0.006736,-0.012367,0.02201,900.0
2.3835E+03,0.007997,-0.011581,0.02201,900.0
2.3836E+03,0.008801,-0.010993,0.02201,900.0
2.3837E+03,0.009866,-0.010020,0.02201,900.0
2.3838E+03,0.010873,-0.008917,0.02201,900.0
2.3839E+03,0.011749,-0.007712,0.02201,900.0
2.3840E+03,0.012491,-0.006429,0.02201,900.0
2.3841E+03,0.013048,-0.005216,0.02201,900.0
2.3842E+03,0.013530,-0.003781,0.02201,900.0
2.3843E+03,0.013858,-0.002291,0.02201,900.0
2.3844E+03,0.014027,-0.000780,0.02201,900.0
2.3845E+03,0.014023,0.000749,0.02201,900.0
2.3846E+03,0.013864,0.002277,0.02201,900.0
2.3847E+03,0.013555,0.003652,0.02201,900.0
2.3848E+03,0.013075,0.005082,0.02201,900.0
2.3849E+03,0.012440,0.006466,0.02201,900.0
2.3850E+03,0.011672,0.007760,0.02201,900.0
2.3851E+03,0.010769,0.008958,0.02201,900.0
2.3852E+03,0.009733,0.010069,0.02201,900.0
2.3853E+03,0.008770,0.010933,0.02201,900.0
2.3854E+03,0.007859,0.011593,0.02201,900.0
2.3855E+03,0.006622,0.012344,0.02201,900.0
2.3856E+03,0.005237,0.012994,0.02201,900.0
2.3857E+03,0.003775,0.013505,0.02201,900.0
2.3858E+03,0.002467,0.013793,0.02201,900.0
2.3859E+03,0.000945,0.013978,0.02201,900.0
2.3860E+03,-0.000551,0.013984,0.02201,900.0
2.3861E+03,-0.002023,0.013855,0.02201,900.0
2.3862E+03,-0.003492,0.013553,0.02201,900.0
2.3863E+03,-0.004827,0.013145,0.02201,900.0
2.3864E+03,-0.005953,0.012683,0.02201,900.0
2.3865E+03,-0.007070,0.012084,0.02201,900.0
2.3866E+03,-0.008342,0.011263,0.02201,900.0
2.3867E+03,-0.009529,0.010281,0.02201,900.0
2.3868E+03,-0.010597,0.009192,0.02201,900.0
2.3869E+03,-0.011517,0.008015,0.02201,900.0
2.3870E+03,-0.012277,0.006796,0.02201,900.0
2.3871E+03,-0.012962,0.005356,0.02201,900.0
2.3872E+03,-0.013463,0.003952,0.02201,900.0
2.3873E+03,-0.013809,0.002477,0.02201,900.0
2.3874E+03,-0.013997,0.000981,0.02201,900.0
2.3875E+03,-0.014032,-0.000347,0.02201,900.0
2.3876E+03,-0.013931,-0.001810,0.02201,900.0
2.3877E+03,-0.013649,-0.003302,0.02201,900.0
2.3878E+03,-0.013217,-0.004787,0.02201,900.0
2.3879E+03,-0.012651,-0.006131,0.02201,900.0
2.3880E+03,-0.011901,-0.007513,0.02201,900.0
2.3881E+03,-0.011024,-0.008748,0.02201,900.0
2.3882E+03,-0.010078,-0.009825,0.02201,900.0
2.3883E+03,-0.008959,-0.010849,0.02201,900.0
2.3884E+03,-0.007738,-0.011754,0.02201,900.0
2.3885E+03,-0.006417,-0.012521,0.02201,0.0
2.3886E+03,-0.005416,-0.013001,0.02201,0.0
2.3887E+03,-0.004234,-0.013407,0.02201,0.0
2.3888E+03,-0.002751,-0.013798,0.02201,0.0
2.3889E+03,-0.001262,-0.014015,0.02201,0.0
2.3890E+03,0.000250,-0.014074,0.02201,900.0
2.3891E+03,0.001533,-0.014010,0.02201,900.0
2.3892E+03,0.002052,-0.013943,0.02201,900.0
2.3893E+03,0.002092,-0.013938,0.02201,900.0
2.3894E+03,0.001596,-0.013476,0.02201,900.0
2.3895E+03,-0.003103,-0.009096,0.02201,900.0
2.3896E+03,-0.008888,-0.003705,0.02201,900.0
2.3897E+03,-0.012053,-0.000755,0.02201,900.0
2.3898E+03,-0.012825,-0.000036,0.02201,900.0
2.3899E+03,-0.012824,-0.000005,0.02201,900.0
2.3900E+03,-0.012783,0.000541,0.02201,900.0
2.3901E+03,-0.012639,0.001991,0.02201,900.0
2.3902E+03,-0.012322,0.003420,0.02201,900.0
2.3903E+03,-0.011844,0.004837,0.02201,900.0
2.3904E+03,-0.011193,0.006192,0.02201,900.0
2.3905E+03,-0.010374,0.007476,0.02201,900.0
2.3906E+03,-0.009412,0.008640,0.02201,900.0
2.3907E+03,-0.008309,0.009701,0.02201,900.0
2.3908E+03,-0.007135,0.010588,0.02201,900.0
2.3909E+03,-0.005987,0.011265,0.02201,900.0
2.3910E+03,-0.004622,0.011893,0.02201,900.0
2.3911E+03,-0.003161,0.012352,0.02201,900.0
2.3912E+03,-0.001641,0.012652,0.02201,900.0
2.3913E+03,-0.000164,0.012759,0.02201,900.0
2.3914E+03,0.001278,0.012703,0.02201,900.0
2.3915E+03,0.002770,0.012479,0.02201,900.0
2.3916E+03,0.004296,0.012035,0.02201,900.0
2.3917E+03,0.005704,0.011431,0.02201,900.0
2.3918E+03,0.006963,0.010706,0.02201,900.0
2.3919E+03,0.008182,0.009787,0.02201,900.0
2.3920E+03,0.009256,0.008792,0.02201,900.0
2.3921E+03,0.010225,0.007643,0.02201,900.0
2.3922E+03,0.011083,0.006347,0.02201,900.0
2.3923E+03,0.011757,0.004998,0.02201,900.0
2.3924E+03,0.012261,0.003633,0.02201,900.0
2.3925E+03,0.012604,0.002190,0.02201,900.0
2.3926E+03,0.012778,0.000794,0.02201,900.0
2.3927E+03,0.012790,-0.000734,0.02201,900.0
2.3928E+03,0.012610,-0.002252,0.02201,900.0
2.3929E+03,0.012278,-0.003667,0.02201,900.0
2.3930E+03,0.011755,-0.005087,0.02201,900.0
2.3931E+03,0.011069,-0.006451,0.02201,900.0
2.3932E+03,0.010233,-0.007719,0.02201,900.0
2.3933E+03,0.009281,-0.008832,0.02201,900.0
2.3934E+03,0.008215,-0.009836,0.02201,900.0
2.3935E+03,0.007001,-0.010737,0.02201,900.0
2.3936E+03,0.005677,-0.011501,0.02201,900.0
2.3937E+03,0.004239,-0.012113,0.02201,900.0
2.3938E+03,0.002807,-0.012533,0.02201,900.0
2.3939E+03,0.001361,-0.012782,0.02201,900.0
2.3940E+03,-0.000184,-0.012845,0.02201,900.0
2.3941E+03,-0.001607,-0.012736,0.02201,900.0
2.3942E+03,-0.003151,-0.012438,0.02201,900.0
2.3943E+03,-0.004402,-0.012046,0.02201,900.0
2.3944E+03,-0.005754,-0.011455,0.02201,900.0
2.3945E+03,-0.007078,-0.010686,0.02201,900.0
2.3946E+03,-0.008317,-0.009756,0.02201,0.0
2.3947E+03,-0.009417,-0.008703,0.02201,0.0
2.3948E+03,-0.010353,-0.007562,0.02201,0.0
2.3949E+03,-0.011162,-0.006305,0.02201,0.0
2.3950E+03,-0.011828,-0.004954,0.02201,0.0
2.3951E+03,-0.012308,-0.003587,0.02201,0.0
2.3952E+03,-0.012643,-0.002020,0.02201,0.0
2.3953E+03,-0.012787,-0.000577,0.02201,0.0
2.3954E+03,-0.012823,-0.000072,0.02201,0.0
2.3955E+03,-0.012825,-0.000036,0.02201,0.0
2.3956E+03,-0.012825,-0.000035,0.02201,0.0
2.3957E+03,-0.012825,-0.000034,0.02201,0.0
2.3958E+03,-0.012825,-0.000032,0.02201,0.0
2.3959E+03,-0.012825,-0.000031,0.02201,0.0
2.3960E+03,-0.012825,-0.000030,0.02201,0.0
2.3961E+03,-0.012825,-0.000029,0.02201,0.0
2.3962E+03,-0.012825,-0.000028,0.02201,0.0
2.3963E+03,-0.012825,-0.000027,0.02201,0.0
2.3964E+03,-0.012825,-0.000025,0.02201,0.0
2.3965E+03,-0.012825,-0.000024,0.02201,0.0
2.3966E+03,-0.012825,-0.000023,0.02201,0.0
2.3967E+03,-0.012825,-0.000022,0.02201,0.0
2.3968E+03,-0.012825,-0.000020,0.02201,0.0
2.3969E+03,-0.012825,-0.000019,0.02201,0.0
2.3970E+03,-0.012825,-0.000018,0.02201,0.0
2.3971E+03,-0.012825,-0.000016,0.02201,0.0
2.3973E+03,-0.012825,-0.000014,0.02201,0.0
2.3974E+03,-0.012825,-0.000013,0.02201,0.0
2.3976E+03,-0.012825,-0.000011,0.02201,0.0
2.3977E+03,-0.012825,-0.000009,0.02201,0.0
2.3978E+03,-0.012825,-0.000008,0.02201,0.0
2.3979E+03,-0.012825,-0.000006,0.02201,0.0
2.3980E+03,-0.012825,-0.000005,0.02201,0.0
2.3981E+03,-0.012825,-0.000004,0.02201,0.0
2.3982E+03,-0.012825,-0.000003,0.02201,0.0
2.3983E+03,-0.012825,-0.000001,0.02201,0.0
2.3984E+03,-0.012825,0.000000,0.02201,0.0
2.3987E+03,-0.012825,-0.015593,0.02201,0.0
2.3988E+03,-0.011359,-0.015195,0.02201,0.0
2.3989E+03,-0.008884,-0.014523,0.02201,0.0
2.3990E+03,-0.006320,-0.013827,0.02201,0.0
2.3991E+03,-0.003751,-0.013129,0.02201,0.0
2.3992E+03,-0.001159,-0.012425,0.02201,0.0
2.3993E+03,0.001401,-0.011730,0.02201,0.0
2.3994E+03,0.003912,-0.011047,0.02201,0.0
2.3995E+03,0.006139,-0.010443,0.02201,0.0
2.3996E+03,0.008780,-0.009725,0.02201,0.0
2.3997E+03,0.011388,-0.009017,0.02201,0.0
2.3998E+03,0.012925,-0.008599,0.02201,0.0
