3.3013E+03,-0.005260,0.027489,0.03763,0.0
3.3014E+03,-0.005260,0.027487,0.03763,0.0
3.3015E+03,-0.005260,0.027485,0.03763,0.0
3.3016E+03,-0.005260,0.027484,0.03763,0.0
3.3017E+03,-0.005260,0.027482,0.03763,0.0
3.3018E+03,-0.005260,0.027480,0.03763,0.0
3.3019E+03,-0.005260,0.027479,0.03763,0.0
3.3020E+03,-0.005260,0.027477,0.03763,0.0
3.3021E+03,-0.005260,0.027475,0.03763,0.0
3.3022E+03,-0.005260,0.027473,0.03763,0.0
3.3023E+03,-0.005260,0.027471,0.03763,0.0
3.3024E+03,-0.005260,0.027469,0.03763,0.0
3.3025E+03,-0.005260,0.027468,0.03763,0.0
3.3026E+03,-0.005260,0.027466,0.03763,0.0
3.3027E+03,-0.005260,0.027464,0.03763,0.0
3.3028E+03,-0.005260,0.027462,0.03763,0.0
3.3029E+03,-0.005260,0.027460,0.03763,0.0
3.3030E+03,-0.005260,0.027459,0.03763,0.0
3.3031E+03,-0.005260,0.027457,0.03763,0.0
3.3032E+03,-0.005260,0.027455,0.03763,0.0
3.3035E+03,-0.005260,0.027454,0.03763,0.0
3.3036E+03,-0.005337,0.027272,0.03763,0.0
3.3037E+03,-0.005852,0.026055,0.03763,0.0
3.3038E+03,-0.006784,0.023850,0.03763,0.0
3.3039E+03,-0.007710,0.021663,0.03763,0.0
3.3040E+03,-0.008655,0.019429,0.03763,900.0
3.3041E+03,-0.009581,0.017240,0.03763,900.0
3.3042E+03,-0.010501,0.015064,0.03763,900.0
3.3043E+03,-0.011368,0.013016,0.03763,900.0
3.3044E+03,-0.012291,0.010833,0.03763,900.0
3.3045E+03,-0.013208,0.008667,0.03763,900.0
3.3046E+03,-0.014124,0.006501,0.03763,900.0
3.3047E+03,-0.014494,0.005627,0.03763,900.0
3.3048E+03,-0.014535,0.005529,0.03763,900.0
3.3049E+03,-0.014540,0.005515,0.03763,900.0
3.3050E+03,-0.014737,0.004922,0.03763,900.0
3.3051E+03,-0.015129,0.003548,0.03763,900.0
3.3052E+03,-0.015414,0.002031,0.03763,900.0
3.3053E+03,-0.015548,0.000684,0.03763,900.0
3.3054E+03,-0.015551,-0.000761,0.03763,900.0
3.3055E+03,-0.015397,-0.002283,0.03763,900.0
3.3056E+03,-0.015100,-0.003768,0.03763,900.0
3.3057E+03,-0.014665,-0.005209,0.03763,900.0
3.3058E+03,-0.014085,-0.006618,0.03763,900.0
3.3059E+03,-0.013526,-0.007722,0.03763,900.0
3.3060E+03,-0.012834,-0.008818,0.03763,900.0
3.3061E+03,-0.011901,-0.010038,0.03763,900.0
3.3062E+03,-0.010881,-0.011145,0.03763,900.0
3.3063E+03,-0.009780,-0.012125,0.03763,900.0
3.3064E+03,-0.008547,-0.013040,0.03763,900.0
3.3065E+03,-0.007268,-0.013796,0.03763,900.0
3.3066E+03,-0.006049,-0.014378,0.03763,900.0
3.3067E+03,-0.005009,-0.014770,0.03763,900.0
3.3068E+03,-0.003545,-0.015183,0.03763,900.0
3.3069E+03,-0.002071,-0.015448,0.03763,900.0
3.3070E+03,-0.000722,-0.015564,0.03763,900.0
3.3071E+03,0.000809,-0.015564,0.03763,900.0
3.3072E+03,0.002291,-0.015417,0.03763,900.0
3.3073E+03,0.003745,-0.015123,0.03763,900.0
3.3074E+03,0.005188,-0.014701,0.03763,900.0
3.3075E+03,0.006405,-0.014215,0.03763,900.0
3.3076E+03,0.007424,-0.013707,0.03763,900.0
3.3077E+03,0.008685,-0.012946,0.03763,900.0
3.3078E+03,0.009878,-0.012064,0.03763,900.0
3.3079E+03,0.011039,-0.010998,0.03763,900.0
3.3080E+03,0.012010,-0.009922,0.03763,900.0
3.3081E+03,0.012895,-0.008726,0.03763,900.0
3.3082E+03,0.013679,-0.007425,0.03763,900.0
3.3083E+03,0.014327,-0.006072,0.03763,900.0
3.3084E+03,0.014849,-0.004651,0.03763,900.0
3.3085E+03,0.015232,-0.003146,0.03763,900.0
3.3086E+03,0.015463,-0.001658,0.03763,900.0
3.3087E+03,0.015548,-0.000366,0.03763,900.0
3.3088E+03,0.015520,0.001145,0.03763,900.0
3.3089E+03,0.015330,0.002648,0.03763,900.0
3.3090E+03,0.014969,0.004191,0.03763,900.0
3.3091E+03,0.014489,0.005628,0.03763,900.0
3.3092E+03,0.013870,0.007008,0.03763,900.0
3.3093E+03,0.013141,0.008274,0.03763,900.0
3.3094E+03,0.012297,0.009478,0.03763,900.0
3.3095E+03,0.011302,0.010640,0.03763,900.0
3.3096E+03,0.010196,0.011701,0.03763,900.0
3.3097E+03,0.009032,0.012617,0.03763,900.0
3.3098E+03,0.007801,0.013415,0.03763,900.0
3.3099E+03,0.006545,0.014088,0.03763,900.0
3.3100E+03,0.005629,0.014478,0.03763,900.0
3.3101E+03,0.004175,0.014958,0.03763,900.0
3.3102E+03,0.002677,0.015298,0.03763,900.0
3.3103E+03,0.001181,0.015477,0.03763,900.0
3.3104E+03,-0.000124,0.015516,0.03763,900.0
3.3105E+03,-0.001614,0.015425,0.03763,900.0
3.3106E+03,-0.003128,0.015188,0.03763,900.0
3.3107E+03,-0.004601,0.014816,0.03763,900.0
3.3108E+03,-0.005829,0.014393,0.03763,900.0
3.3109E+03,-0.006879,0.013918,0.03763,900.0
3.3110E+03,-0.008181,0.013195,0.03763,0.0
3.3111E+03,-0.009411,0.012353,0.03763,0.0
3.3112E+03,-0.010596,0.011366,0.03763,0.0
3.3113E+03,-0.011613,0.010334,0.03763,0.0
3.3114E+03,-0.012559,0.009149,0.03763,900.0
3.3115E+03,-0.013314,0.008002,0.03763,900.0
3.3116E+03,-0.013949,0.006836,0.03763,900.0
3.3117E+03,-0.014382,0.005893,0.03763,900.0
3.3118E+03,-0.014535,0.005529,0.03763,900.0
3.3119E+03,-0.014531,0.005531,0.03763,900.0
3.3120E+03,-0.011970,0.006759,0.03763,900.0
3.3121E+03,-0.007214,0.009038,0.03763,900.0
3.3123E+03,-0.004571,0.010305,0.03763,900.0
3.3124E+03,-0.004566,0.010307,0.03763,900.0
3.3125E+03,-0.003503,0.010708,0.03763,900.0
3.3126E+03,-0.002092,0.011057,0.03763,900.0
3.3127E+03,-0.000588,0.011229,0.03763,900.0
3.3128E+03,0.000946,0.011200,0.03763,900.0
3.3129E+03,0.002464,0.010964,0.03763,900.0
3.3130E+03,0.003874,0.010555,0.03763,900.0
3.3131E+03,0.005228,0.009954,0.03763,900.0
3.3132E+03,0.006522,0.009161,0.03763,900.0
3.3133E+03,0.007667,0.008237,0.03763,900.0
3.3134E+03,0.008701,0.007143,0.03763,900.0
3.3135E+03,0.009607,0.005905,0.03763,900.0
3.3136E+03,0.010294,0.004617,0.03763,900.0
3.3137E+03,0.010849,0.003105,0.03763,900.0
3.3138E+03,0.011161,0.001638,0.03763,900.0
3.3139E+03,0.011276,0.000308,0.03763,900.0
3.3140E+03,0.011214,-0.001180,0.03763,900.0
3.3141E+03,0.010965,-0.002666,0.03763,900.0
3.3142E+03,0.010509,-0.004115,0.03763,900.0
3.3143E+03,0.009876,-0.005473,0.03763,900.0
3.3144E+03,0.009090,-0.006716,0.03763,900.0
3.3145E+03,0.008127,-0.007857,0.03763,900.0
3.3146E+03,0.007006,-0.008897,0.03763,900.0
3.3147E+03,0.005818,-0.009719,0.03763,900.0
3.3148E+03,0.004452,-0.010421,0.03763,900.0
3.3149E+03,0.003027,-0.010910,0.03763,900.0
3.3150E+03,0.001593,-0.011212,0.03763,900.0
3.3151E+03,0.000037,-0.011313,0.03763,900.0
3.3152E+03,-0.001445,-0.011220,0.03763,900.0
3.3153E+03,-0.002922,-0.010924,0.03763,900.0
3.3154E+03,-0.004349,-0.010438,0.03763,900.0
3.3155E+03,-0.005701,-0.009763,0.03763,900.0
3.3156E+03,-0.006843,-0.009003,0.03763,900.0
3.3157E+03,-0.007961,-0.008045,0.03763,900.0
3.3158E+03,-0.008963,-0.006911,0.03763,900.0
3.3159E+03,-0.009841,-0.005593,0.03763,900.0
3.3160E+03,-0.010461,-0.004301,0.03763,900.0
3.3161E+03,-0.010932,-0.002828,0.03763,900.0
3.3162E+03,-0.011207,-0.001343,0.03763,900.0
3.3163E+03,-0.011271,0.000176,0.03763,900.0
3.3164E+03,-0.011154,0.001643,0.03763,900.0
3.3165E+03,-0.010826,0.003114,0.03763,0.0
3.3166E+03,-0.010293,0.004558,0.03763,0.0
3.3167E+03,-0.009608,0.005869,0.03763,0.0
3.3168E+03,-0.008765,0.007062,0.03763,0.0
3.3169E+03,-0.007738,0.008187,0.03763,900.0
3.3170E+03,-0.006628,0.009104,0.03763,900.0
3.3171E+03,-0.005274,0.009962,0.03763,900.0
3.3172E+03,-0.004585,0.010299,0.03763,900.0
3.3173E+03,-0.004571,0.010305,0.03763,900.0
3.3174E+03,-0.004688,0.010220,0.03763,900.0
3.3175E+03,-0.008515,0.007408,0.03763,900.0
3.3176E+03,-0.012164,0.004727,0.03763,900.0
3.3178E+03,-0.013298,0.003893,0.03763,900.0
3.3179E+03,-0.013356,0.003674,0.03763,900.0
3.3180E+03,-0.013571,0.002726,0.03763,900.0
3.3181E+03,-0.013799,0.001238,0.03763,900.0
3.3182E+03,-0.013861,-0.000325,0.03763,900.0
3.3183E+03,-0.013759,-0.001766,0.03763,900.0
3.3184E+03,-0.013488,-0.003232,0.03763,900.0
3.3185E+03,-0.013030,-0.004731,0.03763,900.0
3.3186E+03,-0.012429,-0.006144,0.03763,900.0
3.3187E+03,-0.011714,-0.007421,0.03763,900.0
3.3188E+03,-0.010837,-0.008650,0.03763,900.0
3.3189E+03,-0.009831,-0.009784,0.03763,900.0
3.3190E+03,-0.008848,-0.010692,0.03763,900.0
3.3191E+03,-0.007640,-0.011587,0.03763,900.0
3.3192E+03,-0.006308,-0.012369,0.03763,900.0
3.3193E+03,-0.004984,-0.012975,0.03763,900.0
3.3194E+03,-0.004084,-0.013285,0.03763,900.0
3.3195E+03,-0.002608,-0.013648,0.03763,900.0
3.3196E+03,-0.001168,-0.013843,0.03763,900.0
3.3197E+03,0.000313,-0.013882,0.03763,900.0
3.3198E+03,0.001861,-0.013754,0.03763,900.0
3.3199E+03,0.003326,-0.013482,0.03763,900.0
3.3200E+03,0.004737,-0.013043,0.03763,900.0
3.3201E+03,0.006140,-0.012443,0.03763,900.0
3.3202E+03,0.007472,-0.011691,0.03763,900.0
3.3203E+03,0.008706,-0.010800,0.03763,900.0
3.3204E+03,0.009855,-0.009772,0.03763,900.0
3.3205E+03,0.010850,-0.008660,0.03763,900.0
3.3206E+03,0.011694,-0.007493,0.03763,900.0
3.3207E+03,0.012369,-0.006290,0.03763,900.0
3.3208E+03,0.012981,-0.004871,0.03763,900.0
3.3209E+03,0.013427,-0.003420,0.03763,900.0
3.3210E+03,0.013685,-0.002163,0.03763,900.0
3.3211E+03,0.013819,-0.000951,0.03763,900.0
3.3212E+03,0.013831,0.000449,0.03763,900.0
3.3213E+03,0.013696,0.001972,0.03763,900.0
3.3214E+03,0.013409,0.003436,0.03763,900.0
3.3215E+03,0.012958,0.004857,0.03763,900.0
3.3216E+03,0.012354,0.006247,0.03763,900.0
3.3217E+03,0.011595,0.007558,0.03763,900.0
3.3218E+03,0.010693,0.008791,0.03763,900.0
3.3219E+03,0.009668,0.009900,0.03763,900.0
3.3220E+03,0.008514,0.010886,0.03763,900.0
3.3221E+03,0.007290,0.011743,0.03763,900.0
3.3222E+03,0.006012,0.012441,0.03763,900.0
3.3223E+03,0.004623,0.013015,0.03763,900.0
3.3224E+03,0.003317,0.013406,0.03763,900.0
3.3225E+03,0.001850,0.013689,0.03763,900.0
3.3226E+03,0.000344,0.013805,0.03763,900.0
3.3227E+03,-0.001214,0.013765,0.03763,900.0
3.3228E+03,-0.002693,0.013557,0.03763,900.0
3.3229E+03,-0.004061,0.013221,0.03763,900.0
3.3230E+03,-0.005080,0.012863,0.03763,900.0
3.3231E+03,-0.006322,0.012290,0.03763,900.0
3.3232E+03,-0.007628,0.011528,0.03763,0.0
3.3233E+03,-0.008853,0.010613,0.03763,0.0
3.3234E+03,-0.009975,0.009567,0.03763,0.0
3.3235E+03,-0.010967,0.008411,0.03763,0.0
3.3236E+03,-0.011825,0.007160,0.03763,900.0
3.3237E+03,-0.012534,0.005854,0.03763,900.0
3.3238E+03,-0.013037,0.004658,0.03763,900.0
3.3239E+03,-0.013298,0.003893,0.03763,900.0
3.3240E+03,-0.013293,0.003899,0.03763,900.0
3.3241E+03,-0.013248,0.003947,0.03763,900.0
3.3242E+03,-0.008897,0.008256,0.03763,900.0
3.3243E+03,-0.005942,0.011184,0.03763,900.0
3.3244E+03,-0.005260,0.011860,0.03763,900.0
3.3245E+03,-0.005257,0.011861,0.03763,900.0
3.3246E+03,-0.004690,0.012082,0.03763,900.0
3.3247E+03,-0.003381,0.012495,0.03763,900.0
3.3248E+03,-0.001880,0.012806,0.03763,900.0
3.3249E+03,-0.000399,0.012937,0.03763,900.0
3.3250E+03,0.001049,0.012901,0.03763,900.0
3.3251E+03,0.002558,0.012697,0.03763,900.0
3.3252E+03,0.004047,0.012325,0.03763,900.0
3.3253E+03,0.005502,0.011745,0.03763,900.0
3.3254E+03,0.006748,0.011070,0.03763,900.0
3.3255E+03,0.007992,0.010208,0.03763,900.0
3.3256E+03,0.009109,0.009222,0.03763,900.0
3.3257E+03,0.010110,0.008101,0.03763,900.0
3.3258E+03,0.010918,0.006973,0.03763,900.0
3.3259E+03,0.011677,0.005625,0.03763,900.0
3.3260E+03,0.012253,0.004254,0.03763,900.0
3.3261E+03,0.012654,0.002864,0.03763,900.0
3.3262E+03,0.012915,0.001355,0.03763,900.0
3.3263E+03,0.013005,-0.000167,0.03763,900.0
3.3264E+03,0.012900,-0.001660,0.03763,900.0
3.3265E+03,0.012611,-0.003179,0.03763,900.0
3.3266E+03,0.012184,-0.004554,0.03763,900.0
3.3267E+03,0.011560,-0.005950,0.03763,900.0
3.3268E+03,0.010790,-0.007249,0.03763,900.0
3.3269E+03,0.009875,-0.008452,0.03763,900.0
3.3270E+03,0.008856,-0.009526,0.03763,900.0
3.3271E+03,0.007680,-0.010494,0.03763,900.0
3.3272E+03,0.006379,-0.011342,0.03763,900.0
3.3273E+03,0.005070,-0.011988,0.03763,900.0
3.3274E+03,0.003689,-0.012496,0.03763,900.0
3.3275E+03,0.002314,-0.012826,0.03763,900.0
3.3276E+03,0.000889,-0.013003,0.03763,900.0
3.3277E+03,-0.000634,-0.013009,0.03763,900.0
3.3278E+03,-0.002148,-0.012843,0.03763,900.0
3.3279E+03,-0.003653,-0.012495,0.03763,900.0
3.3280E+03,-0.005034,-0.011998,0.03763,900.0
3.3281E+03,-0.006359,-0.011354,0.03763,900.0
3.3282E+03,-0.007625,-0.010539,0.03763,900.0
3.3283E+03,-0.008807,-0.009567,0.03763,900.0
3.3284E+03,-0.009886,-0.008442,0.03763,900.0
3.3285E+03,-0.010803,-0.007243,0.03763,900.0
3.3286E+03,-0.011571,-0.005939,0.03763,900.0
3.3287E+03,-0.012162,-0.004613,0.03763,900.0
3.3288E+03,-0.012626,-0.003131,0.03763,900.0
3.3289E+03,-0.012898,-0.001654,0.03763,900.0
3.3290E+03,-0.012995,-0.000217,0.03763,900.0
3.3291E+03,-0.012914,0.001305,0.03763,900.0
3.3292E+03,-0.012688,0.002686,0.03763,900.0
3.3293E+03,-0.012296,0.004122,0.03763,0.0
3.3294E+03,-0.011737,0.005500,0.03763,0.0
3.3295E+03,-0.010997,0.006855,0.03763,0.0
3.3296E+03,-0.010117,0.008097,0.03763,0.0
3.3297E+03,-0.009129,0.009208,0.03763,0.0
3.3298E+03,-0.007984,0.010225,0.03763,0.0
3.3299E+03,-0.006830,0.011024,0.03763,0.0
3.3300E+03,-0.005503,0.011741,0.03763,0.0
3.3301E+03,-0.005283,0.011849,0.03763,0.0
3.3303E+03,-0.005260,0.011860,0.03763,0.0
3.3304E+03,-0.005260,0.011862,0.03763,0.0
3.3305E+03,-0.005260,0.011863,0.03763,0.0
3.3306E+03,-0.005260,0.011864,0.03763,0.0
3.3307E+03,-0.005260,0.011865,0.03763,0.0
3.3308E+03,-0.005260,0.011866,0.03763,0.0
3.3309E+03,-0.005260,0.011867,0.03763,0.0
3.3310E+03,-0.005260,0.011868,0.03763,0.0
3.3311E+03,-0.005260,0.011870,0.03763,0.0
3.3312E+03,-0.005260,0.011871,0.03763,0.0
3.3313E+03,-0.005260,0.011872,0.03763,0.0
3.3314E+03,-0.005260,0.011873,0.03763,0.0
3.3315E+03,-0.005260,0.011874,0.03763,0.0
3.3316E+03,-0.005260,0.011876,0.03763,0.0
3.3317E+03,-0.005260,0.011877,0.03763,0.0
3.3318E+03,-0.005260,0.011878,0.03763,0.0
3.3319E+03,-0.005260,0.011879,0.03763,0.0
3.3320E+03,-0.005260,0.011880,0.03763,0.0
3.3321E+03,-0.005260,0.011882,0.03763,0.0
3.3322E+03,-0.005260,0.011894,0.03763,0.0
3.3323E+03,-0.005260,0.011999,0.03763,0.0
3.3324E+03,-0.005260,0.011896,0.03763,0.0
3.3325E+03,-0.005260,0.011886,0.03763,0.0
3.3326E+03,-0.005260,0.011887,0.03763,0.0
3.3327E+03,-0.005260,0.011889,0.03763,0.0
3.3328E+03,-0.005260,0.011890,0.03763,0.0
3.3329E+03,-0.005260,0.011891,0.03763,0.0
3.3330E+03,-0.005260,0.011892,0.03763,0.0
3.3331E+03,-0.005260,0.011893,0.03763,0.0
3.3332E+03,-0.005260,0.011895,0.03763,0.0
3.3333E+03,-0.005260,0.011896,0.03763,0.0
3.3335E+03,-0.005260,-0.003697,0.03763,0.0
3.3336E+03,-0.005285,-0.003677,0.03763,0.0
3.3337E+03,-0.006060,-0.003034,0.03763,0.0
3.3338E+03,-0.007049,-0.002212,0.03763,0.0
3.3339E+03,-0.008037,-0.001391,0.03763,0.0
3.3340E+03,-0.009041,-0.000558,0.03763,0.0
3.3341E+03,-0.010068,0.000295,0.03763,0.0
3.3342E+03,-0.011094,0.001146,0.03763,0.0
3.3343E+03,-0.012098,0.001980,0.03763,0.0
3.3344E+03,-0.012971,0.002705,0.03763,0.0
3.3345E+03,-0.014000,0.003560,0.03763,0.0
3.3346E+03,-0.014963,0.004359,0.03763,0.0
3.3347E+03,-0.015045,0.004428,0.03763,0.0
