5.5125E+03,0.012143,0.014150,0.05822,0.0
5.5126E+03,0.012143,0.014149,0.05822,0.0
5.5127E+03,0.012143,0.014148,0.05822,0.0
5.5128E+03,0.012143,0.014146,0.05822,0.0
5.5129E+03,0.012143,0.014144,0.05822,0.0
5.5130E+03,0.012143,0.014143,0.05822,0.0
5.5132E+03,0.012143,0.014141,0.05822,0.0
5.5133E+03,0.012143,0.014139,0.05822,0.0
5.5134E+03,0.012143,0.014138,0.05822,0.0
5.5135E+03,0.012143,0.014136,0.05822,0.0
5.5136E+03,0.012143,0.014135,0.05822,0.0
5.5137E+03,0.012143,0.014133,0.05822,0.0
5.5137E+03,0.012143,0.014132,0.05822,0.0
5.5138E+03,0.012143,0.014130,0.05822,0.0
5.5139E+03,0.012143,0.014129,0.05822,0.0
5.5140E+03,0.012143,0.014127,0.05822,0.0
5.5141E+03,0.012143,0.014126,0.05822,0.0
5.5142E+03,0.012143,0.014124,0.05822,0.0
5.5143E+03,0.012143,0.014123,0.05822,0.0
5.5144E+03,0.012143,0.014121,0.05822,0.0
5.5145E+03,0.012143,0.014120,0.05822,0.0
5.5146E+03,0.012143,0.014118,0.05822,0.0
5.5147E+03,0.012143,0.014116,0.05822,0.0
5.5150E+03,0.012143,0.014115,0.05822,0.0
5.5151E+03,0.012003,0.013968,0.05822,0.0
5.5152E+03,0.011213,0.013142,0.05822,0.0
5.5153E+03,0.008867,0.010689,0.05822,0.0
5.5154E+03,0.006613,0.008332,0.05822,0.0
5.5155E+03,0.004151,0.005759,0.05822,900.0
5.5155E+03,0.002087,0.003600,0.05822,900.0
5.5156E+03,-0.000291,0.001114,0.05822,900.0
5.5157E+03,-0.002741,-0.001448,0.05822,900.0
5.5158E+03,-0.005123,-0.003938,0.05822,900.0
5.5159E+03,-0.007417,-0.006337,0.05822,900.0
5.5160E+03,-0.009752,-0.008778,0.05822,900.0
5.5161E+03,-0.011975,-0.011103,0.05822,900.0
5.5164E+03,-0.013189,-0.012372,0.05822,900.0
5.5165E+03,-0.012905,-0.012661,0.05822,900.0
5.5167E+03,-0.011827,-0.013660,0.05822,900.0
5.5168E+03,-0.010637,-0.014607,0.05822,900.0
5.5169E+03,-0.009381,-0.015452,0.05822,900.0
5.5170E+03,-0.008064,-0.016171,0.05822,900.0
5.5171E+03,-0.006696,-0.016780,0.05822,900.0
5.5172E+03,-0.005271,-0.017285,0.05822,900.0
5.5172E+03,-0.003954,-0.017637,0.05822,900.0
5.5173E+03,-0.002478,-0.017911,0.05822,900.0
5.5174E+03,-0.000958,-0.018056,0.05822,900.0
5.5175E+03,0.000482,-0.018078,0.05822,900.0
5.5176E+03,0.002007,-0.017978,0.05822,900.0
5.5177E+03,0.003513,-0.017739,0.05822,900.0
5.5178E+03,0.005012,-0.017365,0.05822,900.0
5.5179E+03,0.006354,-0.016887,0.05822,900.0
5.5180E+03,0.007762,-0.016300,0.05822,900.0
5.5181E+03,0.009133,-0.015590,0.05822,900.0
5.5182E+03,0.010385,-0.014783,0.05822,900.0
5.5184E+03,0.011568,-0.013870,0.05822,900.0
5.5185E+03,0.012707,-0.012840,0.05822,900.0
5.5186E+03,0.013725,-0.011747,0.05822,900.0
5.5187E+03,0.014641,-0.010584,0.05822,900.0
5.5188E+03,0.015498,-0.009281,0.05822,900.0
5.5189E+03,0.016192,-0.008015,0.05822,900.0
5.5190E+03,0.016815,-0.006593,0.05822,900.0
5.5190E+03,0.017257,-0.005300,0.05822,900.0
5.5191E+03,0.017577,-0.004123,0.05822,900.0
5.5192E+03,0.017806,-0.002942,0.05822,900.0
5.5193E+03,0.017971,-0.001552,0.05822,900.0
5.5194E+03,0.018031,-0.000047,0.05822,900.0
5.5195E+03,0.017975,0.001459,0.05822,900.0
5.5196E+03,0.017817,0.002870,0.05822,900.0
5.5197E+03,0.017594,0.004007,0.05822,900.0
5.5198E+03,0.017248,0.005290,0.05822,900.0
5.5199E+03,0.016738,0.006722,0.05822,900.0
5.5201E+03,0.016095,0.008128,0.05822,900.0
5.5202E+03,0.015353,0.009449,0.05822,900.0
5.5203E+03,0.014547,0.010645,0.05822,900.0
5.5204E+03,0.013565,0.011854,0.05822,900.0
5.5205E+03,0.012556,0.012911,0.05822,900.0
5.5206E+03,0.011422,0.013920,0.05822,900.0
5.5207E+03,0.010204,0.014838,0.05822,900.0
5.5207E+03,0.009074,0.015558,0.05822,900.0
5.5208E+03,0.007722,0.016269,0.05822,900.0
5.5209E+03,0.006368,0.016847,0.05822,900.0
5.5210E+03,0.004902,0.017340,0.05822,900.0
5.5211E+03,0.003430,0.017688,0.05822,900.0
5.5212E+03,0.001930,0.017909,0.05822,900.0
5.5213E+03,0.000427,0.018000,0.05822,900.0
5.5214E+03,-0.001071,0.017975,0.05822,900.0
5.5215E+03,-0.002576,0.017823,0.05822,900.0
5.5216E+03,-0.004047,0.017539,0.05822,900.0
5.5218E+03,-0.005503,0.017137,0.05822,900.0
5.5219E+03,-0.006905,0.016630,0.05822,900.0
5.5220E+03,-0.008247,0.016010,0.05822,900.0
5.5221E+03,-0.009591,0.015244,0.05822,900.0
5.5222E+03,-0.010837,0.014389,0.05822,900.0
5.5223E+03,-0.011960,0.013479,0.05822,900.0
5.5223E+03,-0.012940,0.012553,0.05822,900.0
5.5224E+03,-0.013982,0.011367,0.05822,900.0
5.5225E+03,-0.014895,0.010135,0.05822,900.0
5.5226E+03,-0.015673,0.008891,0.05822,900.0
5.5227E+03,-0.016368,0.007543,0.05822,900.0
5.5228E+03,-0.016906,0.006249,0.05822,900.0
5.5229E+03,-0.017311,0.005024,0.05822,900.0
5.5230E+03,-0.017649,0.003679,0.05822,900.0
5.5231E+03,-0.017896,0.002222,0.05822,900.0
5.5232E+03,-0.018022,0.000789,0.05822,900.0
5.5233E+03,-0.018033,-0.000714,0.05822,900.0
5.5235E+03,-0.017919,-0.002231,0.05822,0.0
5.5236E+03,-0.017648,-0.003801,0.05822,0.0
5.5237E+03,-0.017301,-0.005158,0.05822,0.0
5.5238E+03,-0.016943,-0.006244,0.05822,0.0
5.5239E+03,-0.016399,-0.007548,0.05822,0.0
5.5240E+03,-0.015706,-0.008907,0.05822,0.0
5.5240E+03,-0.014991,-0.010069,0.05822,0.0
5.5241E+03,-0.014083,-0.011296,0.05822,900.0
5.5242E+03,-0.013335,-0.012206,0.05822,900.0
5.5243E+03,-0.013189,-0.012372,0.05822,900.0
5.5244E+03,-0.012994,-0.012273,0.05822,900.0
5.5245E+03,-0.011213,-0.011376,0.05822,900.0
5.5246E+03,-0.003901,-0.007691,0.05822,900.0
5.5247E+03,0.002793,-0.004317,0.05822,900.0
5.5248E+03,0.007723,-0.001832,0.05822,900.0
5.5250E+03,0.008721,-0.001329,0.05822,900.0
5.5252E+03,0.008600,-0.001914,0.05822,900.0
5.5253E+03,0.008244,-0.003055,0.05822,900.0
5.5254E+03,0.007610,-0.004405,0.05822,900.0
5.5255E+03,0.006769,-0.005665,0.05822,900.0
5.5256E+03,0.005761,-0.006728,0.05822,900.0
5.5257E+03,0.004520,-0.007581,0.05822,900.0
5.5258E+03,0.003118,-0.008262,0.05822,900.0
5.5258E+03,0.001831,-0.008644,0.05822,900.0
5.5259E+03,0.000398,-0.008818,0.05822,900.0
5.5260E+03,-0.001144,-0.008748,0.05822,900.0
5.5261E+03,-0.002570,-0.008435,0.05822,900.0
5.5262E+03,-0.003957,-0.007870,0.05822,900.0
5.5263E+03,-0.005249,-0.007068,0.05822,900.0
5.5264E+03,-0.006383,-0.006054,0.05822,900.0
5.5265E+03,-0.007319,-0.004888,0.05822,900.0
5.5266E+03,-0.008021,-0.003622,0.05822,900.0
5.5267E+03,-0.008518,-0.002192,0.05822,900.0
5.5269E+03,-0.008780,-0.000643,0.05822,900.0
5.5270E+03,-0.008764,0.000877,0.05822,900.0
5.5271E+03,-0.008491,0.002305,0.05822,900.0
5.5272E+03,-0.007937,0.003750,0.05822,900.0
5.5273E+03,-0.007175,0.005047,0.05822,900.0
5.5274E+03,-0.006278,0.006169,0.05822,900.0
5.5275E+03,-0.005135,0.007111,0.05822,900.0
5.5275E+03,-0.003973,0.007787,0.05822,900.0
5.5276E+03,-0.002592,0.008355,0.05822,900.0
5.5277E+03,-0.001110,0.008672,0.05822,900.0
5.5278E+03,0.000392,0.008741,0.05822,900.0
5.5279E+03,0.001882,0.008559,0.05822,900.0
5.5280E+03,0.003336,0.008114,0.05822,0.0
5.5281E+03,0.004691,0.007426,0.05822,0.0
5.5282E+03,0.005871,0.006516,0.05822,0.0
5.5283E+03,0.006912,0.005400,0.05822,0.0
5.5284E+03,0.007735,0.004139,0.05822,0.0
5.5286E+03,0.008315,0.002785,0.05822,900.0
5.5287E+03,0.008670,0.001314,0.05822,900.0
5.5288E+03,0.008775,-0.000218,0.05822,900.0
5.5289E+03,0.008745,-0.001175,0.05822,900.0
5.5290E+03,0.008721,-0.001329,0.05822,900.0
5.5291E+03,0.009187,-0.000705,0.05822,900.0
5.5292E+03,0.011192,0.001976,0.05822,900.0
5.5292E+03,0.014675,0.006635,0.05822,900.0
5.5293E+03,0.014835,0.006849,0.05822,900.0
5.5294E+03,0.014839,0.006854,0.05822,900.0
5.5295E+03,0.014731,0.007144,0.05822,900.0
5.5296E+03,0.014145,0.008165,0.05822,900.0
5.5297E+03,0.013306,0.009439,0.05822,900.0
5.5298E+03,0.012397,0.010600,0.05822,900.0
5.5299E+03,0.011383,0.011675,0.05822,900.0
5.5300E+03,0.010261,0.012678,0.05822,900.0
5.5301E+03,0.009045,0.013566,0.05822,900.0
5.5303E+03,0.007706,0.014378,0.05822,900.0
5.5304E+03,0.006422,0.014995,0.05822,900.0
5.5305E+03,0.004947,0.015547,0.05822,900.0
5.5306E+03,0.003458,0.015947,0.05822,900.0
5.5307E+03,0.002035,0.016184,0.05822,900.0
5.5308E+03,0.000510,0.016294,0.05822,900.0
5.5309E+03,-0.001005,0.016277,0.05822,900.0
5.5309E+03,-0.002346,0.016129,0.05822,900.0
5.5310E+03,-0.003813,0.015844,0.05822,900.0
5.5311E+03,-0.005271,0.015426,0.05822,900.0
5.5312E+03,-0.006679,0.014875,0.05822,900.0
5.5313E+03,-0.007970,0.014227,0.05822,900.0
5.5314E+03,-0.009292,0.013417,0.05822,900.0
5.5315E+03,-0.010525,0.012473,0.05822,900.0
5.5316E+03,-0.011642,0.011445,0.05822,900.0
5.5317E+03,-0.012625,0.010352,0.05822,900.0
5.5318E+03,-0.013495,0.009178,0.05822,900.0
5.5319E+03,-0.014287,0.007889,0.05822,900.0
5.5321E+03,-0.014957,0.006539,0.05822,900.0
5.5322E+03,-0.015494,0.005127,0.05822,900.0
5.5323E+03,-0.015905,0.003683,0.05822,900.0
5.5324E+03,-0.016169,0.002369,0.05822,900.0
5.5325E+03,-0.016298,0.001170,0.05822,900.0
5.5326E+03,-0.016334,-0.000197,0.05822,900.0
5.5326E+03,-0.016284,-0.001480,0.05822,900.0
5.5327E+03,-0.016169,-0.002466,0.05822,900.0
5.5328E+03,-0.015880,-0.003938,0.05822,900.0
5.5329E+03,-0.015439,-0.005375,0.05822,900.0
5.5330E+03,-0.014919,-0.006778,0.05822,900.0
5.5331E+03,-0.014238,-0.008081,0.05822,900.0
5.5332E+03,-0.013427,-0.009336,0.05822,900.0
5.5333E+03,-0.012494,-0.010556,0.05822,900.0
5.5334E+03,-0.011466,-0.011673,0.05822,900.0
5.5335E+03,-0.010355,-0.012666,0.05822,900.0
5.5336E+03,-0.009141,-0.013576,0.05822,900.0
5.5338E+03,-0.007844,-0.014376,0.05822,900.0
5.5339E+03,-0.006497,-0.015031,0.05822,900.0
5.5340E+03,-0.005105,-0.015570,0.05822,900.0
5.5341E+03,-0.003588,-0.015989,0.05822,900.0
5.5342E+03,-0.002173,-0.016237,0.05822,900.0
5.5343E+03,-0.000671,-0.016367,0.05822,900.0
5.5344E+03,0.000847,-0.016351,0.05822,900.0
5.5344E+03,0.002185,-0.016223,0.05822,900.0
5.5345E+03,0.003649,-0.015956,0.05822,900.0
5.5346E+03,0.005100,-0.015556,0.05822,900.0
5.5347E+03,0.006505,-0.015019,0.05822,900.0
5.5348E+03,0.007850,-0.014368,0.05822,900.0
5.5349E+03,0.009173,-0.013561,0.05822,900.0
5.5350E+03,0.010416,-0.012635,0.05822,900.0
5.5351E+03,0.011554,-0.011610,0.05822,900.0
5.5352E+03,0.012510,-0.010554,0.05822,900.0
5.5353E+03,0.013437,-0.009337,0.05822,900.0
5.5355E+03,0.014254,-0.008019,0.05822,900.0
5.5356E+03,0.014910,-0.006710,0.05822,900.0
5.5357E+03,0.015455,-0.005324,0.05822,900.0
5.5358E+03,0.015883,-0.003841,0.05822,900.0
5.5359E+03,0.016167,-0.002357,0.05822,0.0
5.5360E+03,0.016311,-0.000892,0.05822,0.0
5.5361E+03,0.016325,0.000615,0.05822,0.0
5.5361E+03,0.016219,0.001962,0.05822,900.0
5.5362E+03,0.015982,0.003445,0.05822,900.0
5.5363E+03,0.015574,0.004925,0.05822,900.0
5.5364E+03,0.015065,0.006304,0.05822,900.0
5.5365E+03,0.014872,0.006776,0.05822,900.0
5.5366E+03,0.014839,0.006854,0.05822,900.0
5.5367E+03,0.014483,0.006175,0.05822,900.0
5.5368E+03,0.012353,0.002109,0.05822,900.0
5.5369E+03,0.010564,-0.001305,0.05822,900.0
5.5370E+03,0.010395,-0.001628,0.05822,900.0
5.5372E+03,0.010372,-0.001753,0.05822,900.0
5.5373E+03,0.010211,-0.002434,0.05822,900.0
5.5374E+03,0.009791,-0.003848,0.05822,900.0
5.5375E+03,0.009128,-0.005252,0.05822,900.0
5.5376E+03,0.008271,-0.006512,0.05822,900.0
5.5377E+03,0.007275,-0.007608,0.05822,900.0
5.5378E+03,0.006147,-0.008552,0.05822,900.0
5.5378E+03,0.004967,-0.009264,0.05822,900.0
5.5379E+03,0.003612,-0.009876,0.05822,900.0
5.5380E+03,0.002192,-0.010285,0.05822,900.0
5.5381E+03,0.000671,-0.010492,0.05822,900.0
5.5382E+03,-0.000851,-0.010496,0.05822,900.0
5.5383E+03,-0.002271,-0.010281,0.05822,900.0
5.5384E+03,-0.003675,-0.009864,0.05822,900.0
5.5385E+03,-0.005083,-0.009232,0.05822,900.0
5.5386E+03,-0.006365,-0.008414,0.05822,900.0
5.5387E+03,-0.007492,-0.007405,0.05822,900.0
5.5389E+03,-0.008454,-0.006251,0.05822,900.0
5.5390E+03,-0.009248,-0.004989,0.05822,900.0
5.5391E+03,-0.009867,-0.003612,0.05822,900.0
5.5392E+03,-0.010264,-0.002168,0.05822,900.0
5.5393E+03,-0.010460,-0.000668,0.05822,900.0
5.5394E+03,-0.010444,0.000871,0.05822,900.0
5.5395E+03,-0.010204,0.002386,0.05822,900.0
5.5395E+03,-0.009819,0.003680,0.05822,900.0
5.5396E+03,-0.009222,0.004985,0.05822,900.0
5.5397E+03,-0.008396,0.006291,0.05822,900.0
5.5398E+03,-0.007420,0.007421,0.05822,900.0
5.5399E+03,-0.006258,0.008384,0.05822,900.0
5.5400E+03,-0.005000,0.009184,0.05822,900.0
5.5401E+03,-0.003600,0.009814,0.05822,900.0
5.5402E+03,-0.002174,0.010229,0.05822,900.0
5.5403E+03,-0.000712,0.010429,0.05822,900.0
5.5404E+03,0.000819,0.010407,0.05822,900.0
5.5406E+03,0.002323,0.010190,0.05822,900.0
5.5407E+03,0.003739,0.009765,0.05822,900.0
5.5408E+03,0.005119,0.009129,0.05822,900.0
5.5409E+03,0.006370,0.008304,0.05822,0.0
5.5410E+03,0.007513,0.007304,0.05822,0.0
5.5411E+03,0.008517,0.006138,0.05822,0.0
5.5412E+03,0.009234,0.004886,0.05822,0.0
5.5412E+03,0.009814,0.003634,0.05822,0.0
5.5413E+03,0.010242,0.002196,0.05822,0.0
5.5414E+03,0.010459,0.000764,0.05822,0.0
5.5415E+03,0.010468,-0.000717,0.05822,900.0
5.5416E+03,0.010406,-0.001565,0.05822,900.0
5.5417E+03,0.010395,-0.001628,0.05822,900.0
5.5418E+03,0.009506,-0.001941,0.05822,900.0
5.5419E+03,0.005298,-0.003422,0.05822,900.0
5.5420E+03,-0.002303,-0.006099,0.05822,900.0
5.5421E+03,-0.009295,-0.008561,0.05822,900.0
5.5422E+03,-0.011150,-0.009214,0.05822,900.0
5.5424E+03,-0.011369,-0.009291,0.05822,900.0
5.5425E+03,-0.011365,-0.009296,0.05822,900.0
5.5426E+03,-0.010730,-0.009996,0.05822,900.0
5.5427E+03,-0.009707,-0.010982,0.05822,900.0
5.5428E+03,-0.008488,-0.011950,0.05822,900.0
5.5429E+03,-0.007223,-0.012762,0.05822,900.0
5.5429E+03,-0.006057,-0.013361,0.05822,900.0
5.5430E+03,-0.004649,-0.013919,0.05822,900.0
5.5431E+03,-0.003197,-0.014331,0.05822,900.0
5.5432E+03,-0.001720,-0.014585,0.05822,900.0
5.5433E+03,-0.000222,-0.014682,0.05822,900.0
5.5434E+03,0.001300,-0.014623,0.05822,900.0
5.5435E+03,0.002779,-0.014408,0.05822,900.0
5.5436E+03,0.004264,-0.014035,0.05822,900.0
5.5437E+03,0.005714,-0.013504,0.05822,900.0
5.5438E+03,0.007036,-0.012868,0.05822,900.0
5.5439E+03,0.008286,-0.012094,0.05822,900.0
5.5441E+03,0.009507,-0.011157,0.05822,900.0
5.5442E+03,0.010626,-0.010103,0.05822,900.0
5.5443E+03,0.011594,-0.008966,0.05822,900.0
5.5444E+03,0.012446,-0.007755,0.05822,900.0
5.5445E+03,0.013176,-0.006441,0.05822,900.0
5.5446E+03,0.013754,-0.005087,0.05822,900.0
5.5446E+03,0.014160,-0.003747,0.05822,900.0
5.5447E+03,0.014461,-0.002262,0.05822,900.0
5.5448E+03,0.014616,-0.000768,0.05822,900.0
5.5449E+03,0.014608,0.000734,0.05822,900.0
5.5450E+03,0.014452,0.002243,0.05822,900.0
5.5451E+03,0.014143,0.003729,0.05822,900.0
5.5452E+03,0.013676,0.005163,0.05822,900.0
5.5453E+03,0.013077,0.006543,0.05822,900.0
5.5454E+03,0.012363,0.007813,0.05822,900.0
5.5455E+03,0.011614,0.008903,0.05822,900.0
5.5456E+03,0.010805,0.009860,0.05822,900.0
5.5458E+03,0.010185,0.010497,0.05822,900.0
5.5459E+03,0.009206,0.011349,0.05822,900.0
5.5460E+03,0.007938,0.012265,0.05822,900.0
5.5461E+03,0.006636,0.013007,0.05822,900.0
5.5462E+03,0.005310,0.013600,0.05822,900.0
5.5463E+03,0.003885,0.014069,0.05822,900.0
5.5463E+03,0.002522,0.014378,0.05822,900.0
5.5464E+03,0.000997,0.014567,0.05822,900.0
5.5465E+03,-0.000466,0.014596,0.05822,900.0
5.5466E+03,-0.001920,0.014484,0.05822,900.0
5.5467E+03,-0.003462,0.014208,0.05822,900.0
5.5468E+03,-0.004910,0.013767,0.05822,900.0
5.5469E+03,-0.006286,0.013183,0.05822,900.0
5.5470E+03,-0.007644,0.012448,0.05822,900.0
5.5471E+03,-0.008884,0.011590,0.05822,900.0
5.5472E+03,-0.009997,0.010651,0.05822,900.0
5.5473E+03,-0.010937,0.009699,0.05822,900.0
5.5475E+03,-0.011703,0.008762,0.05822,900.0
5.5476E+03,-0.012423,0.007696,0.05822,900.0
5.5477E+03,-0.013135,0.006410,0.05822,900.0
5.5478E+03,-0.013705,0.005126,0.05822,900.0
5.5479E+03,-0.014059,0.004053,0.05822,900.0
5.5480E+03,-0.014372,0.002780,0.05822,900.0
5.5480E+03,-0.014570,0.001409,0.05822,900.0
5.5481E+03,-0.014640,-0.000040,0.05822,900.0
5.5482E+03,-0.014554,-0.001550,0.05822,0.0
5.5483E+03,-0.014316,-0.003061,0.05822,0.0
5.5484E+03,-0.013916,-0.004547,0.05822,0.0
5.5485E+03,-0.013377,-0.005971,0.05822,0.0
5.5486E+03,-0.012702,-0.007299,0.05822,0.0
5.5487E+03,-0.012033,-0.008381,0.05822,900.0
5.5488E+03,-0.011582,-0.009010,0.05822,900.0
5.5490E+03,-0.011369,-0.009291,0.05822,900.0
5.5491E+03,-0.011264,-0.009256,0.05822,900.0
5.5492E+03,-0.009872,-0.008793,0.05822,900.0
5.5493E+03,-0.002819,-0.006450,0.05822,900.0
5.5494E+03,0.004831,-0.003908,0.05822,900.0
5.5495E+03,0.010747,-0.001943,0.05822,900.0
5.5496E+03,0.012141,-0.001479,0.05822,900.0
5.5496E+03,0.012143,-0.001479,0.05822,900.0
5.5497E+03,0.012101,-0.001724,0.05822,900.0
5.5498E+03,0.011916,-0.002587,0.05822,900.0
5.5499E+03,0.011524,-0.004022,0.05822,900.0
5.5500E+03,0.010972,-0.005347,0.05822,900.0
5.5501E+03,0.010230,-0.006677,0.05822,900.0
5.5502E+03,0.009361,-0.007875,0.05822,900.0
5.5503E+03,0.008317,-0.008979,0.05822,900.0
5.5504E+03,0.007096,-0.009965,0.05822,900.0
5.5505E+03,0.005858,-0.010741,0.05822,900.0
5.5507E+03,0.004481,-0.011387,0.05822,900.0
5.5508E+03,0.003021,-0.011852,0.05822,900.0
5.5509E+03,0.001576,-0.012127,0.05822,900.0
5.5510E+03,0.000069,-0.012223,0.05822,900.0
5.5511E+03,-0.001478,-0.012132,0.05822,900.0
5.5512E+03,-0.002964,-0.011857,0.05822,900.0
5.5513E+03,-0.004416,-0.011401,0.05822,900.0
5.5513E+03,-0.005643,-0.010854,0.05822,900.0
5.5514E+03,-0.006931,-0.010089,0.05822,900.0
5.5515E+03,-0.008074,-0.009189,0.05822,900.0
5.5516E+03,-0.009153,-0.008103,0.05822,900.0
5.5517E+03,-0.010088,-0.006900,0.05822,900.0
5.5518E+03,-0.010831,-0.005661,0.05822,900.0
5.5519E+03,-0.011435,-0.004273,0.05822,900.0
5.5520E+03,-0.011873,-0.002802,0.05822,900.0
5.5521E+03,-0.012127,-0.001313,0.05822,900.0
5.5522E+03,-0.012186,0.000193,0.05822,900.0
5.5524E+03,-0.012066,0.001689,0.05822,900.0
5.5525E+03,-0.011766,0.003172,0.05822,900.0
5.5526E+03,-0.011305,0.004547,0.05822,900.0
5.5527E+03,-0.010654,0.005928,0.05822,900.0
5.5528E+03,-0.009821,0.007212,0.05822,900.0
5.5529E+03,-0.008829,0.008391,0.05822,900.0
5.5530E+03,-0.007725,0.009417,0.05822,900.0
5.5530E+03,-0.006643,0.010191,0.05822,900.0
5.5531E+03,-0.005336,0.010925,0.05822,900.0
5.5532E+03,-0.003964,0.011498,0.05822,900.0
5.5533E+03,-0.002529,0.011892,0.05822,900.0
5.5534E+03,-0.001004,0.012117,0.05822,900.0
5.5535E+03,0.000482,0.012146,0.05822,900.0
5.5536E+03,0.001938,0.012008,0.05822,900.0
5.5537E+03,0.003414,0.011682,0.05822,900.0
5.5538E+03,0.004288,0.011358,0.05822,900.0
5.5539E+03,0.005665,0.010765,0.05822,900.0
5.5541E+03,0.006931,0.010003,0.05822,900.0
5.5542E+03,0.008148,0.009023,0.05822,900.0
5.5543E+03,0.009184,0.007976,0.05822,0.0
5.5544E+03,0.010082,0.006810,0.05822,0.0
5.5545E+03,0.010870,0.005462,0.05822,0.0
5.5546E+03,0.011483,0.004067,0.05822,0.0
5.5547E+03,0.011891,0.002675,0.05822,0.0
5.5547E+03,0.012124,0.001331,0.05822,0.0
5.5548E+03,0.012220,-0.000209,0.05822,0.0
5.5549E+03,0.012145,-0.001441,0.05822,0.0
5.5550E+03,0.012143,-0.001477,0.05822,0.0
5.5551E+03,0.012143,-0.001479,0.05822,0.0
5.5552E+03,0.012143,-0.001478,0.05822,0.0
5.5553E+03,0.012143,-0.001476,0.05822,0.0
5.5554E+03,0.012143,-0.001475,0.05822,0.0
5.5555E+03,0.012143,-0.001474,0.05822,0.0
5.5556E+03,0.012143,-0.001473,0.05822,0.0
5.5557E+03,0.012143,-0.001472,0.05822,0.0
5.5559E+03,0.012143,-0.001471,0.05822,0.0
5.5560E+03,0.012143,-0.001470,0.05822,0.0
5.5561E+03,0.012143,-0.001469,0.05822,0.0
5.5562E+03,0.012143,-0.001468,0.05822,0.0
5.5563E+03,0.012143,-0.001467,0.05822,0.0
5.5564E+03,0.012143,-0.001466,0.05822,0.0
5.5564E+03,0.012143,-0.001465,0.05822,0.0
5.5565E+03,0.012143,-0.001464,0.05822,0.0
5.5566E+03,0.012143,-0.001463,0.05822,0.0
5.5567E+03,0.012143,-0.001462,0.05822,0.0
5.5568E+03,0.012143,-0.001461,0.05822,0.0
5.5569E+03,0.012143,-0.001460,0.05822,0.0
5.5570E+03,0.012143,-0.001459,0.05822,0.0
5.5571E+03,0.012143,-0.001457,0.05822,0.0
5.5572E+03,0.012143,-0.001456,0.05822,0.0
5.5573E+03,0.012143,-0.001454,0.05822,0.0
5.5574E+03,0.012143,-0.001351,0.05822,0.0
5.5576E+03,0.012143,-0.001337,0.05822,0.0
5.5577E+03,0.012143,-0.001419,0.05822,0.0
5.5578E+03,0.012143,-0.001451,0.05822,0.0
5.5579E+03,0.012143,-0.001450,0.05822,0.0
5.5580E+03,0.012143,-0.001449,0.05822,0.0
5.5581E+03,0.012143,-0.001447,0.05822,0.0
5.5582E+03,0.012143,-0.001446,0.05822,0.0
5.5583E+03,0.012143,-0.001444,0.05822,0.0
5.5585E+03,0.012143,-0.001443,0.05822,0.0
5.5587E+03,0.012143,-0.017036,0.05822,0.0
5.5588E+03,0.011061,-0.016493,0.05822,0.0
5.5589E+03,0.008659,-0.015287,0.05822,0.0
5.5590E+03,0.005748,-0.013826,0.05822,0.0
5.5591E+03,0.002811,-0.012350,0.05822,0.0
5.5593E+03,-0.000101,-0.010888,0.05822,0.0
5.5594E+03,-0.002926,-0.009470,0.05822,0.0
5.5595E+03,-0.005851,-0.008001,0.05822,0.0
5.5596E+03,-0.008673,-0.006584,0.05822,0.0
5.5597E+03,-0.011681,-0.005073,0.05822,0.0
5.5598E+03,-0.014451,-0.003683,0.05822,0.0
5.5598E+03,-0.017033,-0.002386,0.05822,0.0
5.5599E+03,-0.017950,-0.001926,0.05822,0.0
