7.1460E+02,-0.005886,0.004498,0.00639,0.0
7.1470E+02,-0.005886,0.004497,0.00639,0.0
7.1481E+02,-0.005886,0.004494,0.00639,0.0
7.1491E+02,-0.005886,0.004492,0.00639,0.0
7.1501E+02,-0.005886,0.004490,0.00639,0.0
7.1511E+02,-0.005886,0.004488,0.00639,0.0
7.1521E+02,-0.005886,0.004486,0.00639,0.0
7.1531E+02,-0.005886,0.004484,0.00639,0.0
7.1540E+02,-0.005886,0.004482,0.00639,0.0
7.1550E+02,-0.005886,0.004479,0.00639,0.0
7.1560E+02,-0.005886,0.004477,0.00639,0.0
7.1570E+02,-0.005886,0.004476,0.00639,0.0
7.1580E+02,-0.005886,0.004474,0.00639,0.0
7.1590E+02,-0.005886,0.004471,0.00639,0.0
7.1600E+02,-0.005886,0.004469,0.00639,0.0
7.1610E+02,-0.005886,0.004468,0.00639,0.0
7.1620E+02,-0.005886,0.004465,0.00639,0.0
7.1640E+02,-0.005886,0.004463,0.00639,0.0
7.1651E+02,-0.005662,0.004021,0.00639,0.0
7.1661E+02,-0.004846,0.002411,0.00639,0.0
7.1671E+02,-0.003811,0.000367,0.00639,0.0
7.1681E+02,-0.002722,-0.001781,0.00639,900.0
7.1691E+02,-0.001615,-0.003965,0.00639,900.0
7.1701E+02,-0.000570,-0.006027,0.00639,900.0
7.1710E+02,0.000399,-0.007938,0.00639,900.0
7.1720E+02,0.001512,-0.010135,0.00639,900.0
7.1730E+02,0.002589,-0.012259,0.00639,900.0
7.1740E+02,0.003650,-0.014354,0.00639,900.0
7.1750E+02,0.004585,-0.016199,0.00639,900.0
7.1770E+02,0.005007,-0.017031,0.00639,900.0
7.1780E+02,0.005055,-0.017016,0.00639,900.0
7.1790E+02,0.005622,-0.016835,0.00639,900.0
7.1800E+02,0.006966,-0.016320,0.00639,900.0
7.1810E+02,0.008341,-0.015652,0.00639,900.0
7.1821E+02,0.009601,-0.014907,0.00639,900.0
7.1831E+02,0.010811,-0.014047,0.00639,900.0
7.1841E+02,0.011999,-0.013043,0.00639,900.0
7.1851E+02,0.013088,-0.011942,0.00639,900.0
7.1861E+02,0.014033,-0.010818,0.00639,900.0
7.1871E+02,0.014868,-0.009627,0.00639,900.0
7.1880E+02,0.015574,-0.008469,0.00639,900.0
7.1890E+02,0.016231,-0.007112,0.00639,900.0
7.1900E+02,0.016804,-0.005619,0.00639,900.0
7.1910E+02,0.017206,-0.004235,0.00639,900.0
7.1920E+02,0.017413,-0.003246,0.00639,900.0
7.1930E+02,0.017566,-0.002231,0.00639,900.0
7.1940E+02,0.017674,-0.000917,0.00639,900.0
7.1950E+02,0.017686,0.000550,0.00639,900.0
7.1960E+02,0.017617,0.001749,0.00639,900.0
7.1970E+02,0.017482,0.002748,0.00639,900.0
7.1980E+02,0.017261,0.003879,0.00639,900.0
7.1990E+02,0.016899,0.005219,0.00639,900.0
7.2001E+02,0.016396,0.006643,0.00639,900.0
7.2011E+02,0.015768,0.008012,0.00639,900.0
7.2021E+02,0.015044,0.009299,0.00639,900.0
7.2031E+02,0.014189,0.010570,0.00639,900.0
7.2041E+02,0.013277,0.011691,0.00639,900.0
7.2051E+02,0.012210,0.012782,0.00639,900.0
7.2060E+02,0.011149,0.013702,0.00639,900.0
7.2070E+02,0.009926,0.014618,0.00639,900.0
7.2080E+02,0.008687,0.015385,0.00639,900.0
7.2090E+02,0.007366,0.016054,0.00639,900.0
7.2100E+02,0.005924,0.016640,0.00639,900.0
7.2110E+02,0.004476,0.017091,0.00639,900.0
7.2120E+02,0.003066,0.017407,0.00639,900.0
7.2130E+02,0.001484,0.017607,0.00639,900.0
7.2140E+02,0.000021,0.017679,0.00639,900.0
7.2150E+02,-0.001508,0.017609,0.00639,900.0
7.2160E+02,-0.003002,0.017409,0.00639,900.0
7.2171E+02,-0.004478,0.017090,0.00639,900.0
7.2181E+02,-0.005935,0.016639,0.00639,900.0
7.2191E+02,-0.007288,0.016094,0.00639,900.0
7.2201E+02,-0.008604,0.015430,0.00639,900.0
7.2211E+02,-0.009903,0.014627,0.00639,900.0
7.2221E+02,-0.011135,0.013718,0.00639,900.0
7.2230E+02,-0.012172,0.012820,0.00639,900.0
7.2240E+02,-0.013229,0.011732,0.00639,900.0
7.2250E+02,-0.014162,0.010601,0.00639,900.0
7.2260E+02,-0.015046,0.009316,0.00639,900.0
7.2270E+02,-0.015744,0.008077,0.00639,900.0
7.2280E+02,-0.016376,0.006686,0.00639,900.0
7.2290E+02,-0.016882,0.005267,0.00639,900.0
7.2300E+02,-0.017283,0.003776,0.00639,900.0
7.2310E+02,-0.017544,0.002272,0.00639,900.0
7.2320E+02,-0.017673,0.000764,0.00639,900.0
7.2330E+02,-0.017680,-0.000750,0.00639,900.0
7.2341E+02,-0.017565,-0.002221,0.00639,900.0
7.2351E+02,-0.017327,-0.003664,0.00639,900.0
7.2361E+02,-0.016947,-0.005146,0.00639,900.0
7.2371E+02,-0.016441,-0.006611,0.00639,900.0
7.2381E+02,-0.015830,-0.007990,0.00639,900.0
7.2391E+02,-0.015120,-0.009258,0.00639,900.0
7.2400E+02,-0.014352,-0.010392,0.00639,900.0
7.2410E+02,-0.013393,-0.011596,0.00639,900.0
7.2420E+02,-0.012361,-0.012708,0.00639,900.0
7.2430E+02,-0.011281,-0.013675,0.00639,900.0
7.2440E+02,-0.010102,-0.014563,0.00639,900.0
7.2450E+02,-0.008798,-0.015389,0.00639,900.0
7.2460E+02,-0.007449,-0.016092,0.00639,900.0
7.2470E+02,-0.006098,-0.016661,0.00639,0.0
7.2480E+02,-0.004665,-0.017116,0.00639,0.0
7.2490E+02,-0.003168,-0.017463,0.00639,0.0
7.2500E+02,-0.001638,-0.017672,0.00639,0.0
7.2511E+02,-0.000186,-0.017743,0.00639,0.0
7.2521E+02,0.001379,-0.017680,0.00639,0.0
7.2531E+02,0.002889,-0.017501,0.00639,900.0
7.2541E+02,0.004288,-0.017210,0.00639,900.0
7.2551E+02,0.004923,-0.017055,0.00639,900.0
7.2561E+02,0.005007,-0.017031,0.00639,900.0
7.2570E+02,0.004108,-0.016171,0.00639,900.0
7.2580E+02,0.000855,-0.013057,0.00639,900.0
7.2590E+02,-0.003979,-0.008430,0.00639,900.0
7.2610E+02,-0.004302,-0.008121,0.00639,900.0
7.2620E+02,-0.004544,-0.007986,0.00639,900.0
7.2630E+02,-0.005653,-0.007204,0.00639,900.0
7.2640E+02,-0.006785,-0.006143,0.00639,900.0
7.2650E+02,-0.007683,-0.004960,0.00639,900.0
7.2660E+02,-0.008374,-0.003647,0.00639,900.0
7.2670E+02,-0.008853,-0.002207,0.00639,900.0
7.2681E+02,-0.009105,-0.000709,0.00639,900.0
7.2691E+02,-0.009094,0.000756,0.00639,900.0
7.2701E+02,-0.008853,0.002188,0.00639,900.0
7.2711E+02,-0.008364,0.003629,0.00639,900.0
7.2721E+02,-0.007643,0.004990,0.00639,900.0
7.2731E+02,-0.006698,0.006199,0.00639,900.0
7.2740E+02,-0.005759,0.007123,0.00639,900.0
7.2750E+02,-0.004506,0.007920,0.00639,900.0
7.2760E+02,-0.003129,0.008533,0.00639,900.0
7.2770E+02,-0.001643,0.008927,0.00639,900.0
7.2780E+02,-0.000131,0.009090,0.00639,900.0
7.2790E+02,0.001337,0.008982,0.00639,900.0
7.2800E+02,0.002762,0.008644,0.00639,900.0
7.2810E+02,0.004138,0.008061,0.00639,900.0
7.2820E+02,0.005437,0.007303,0.00639,900.0
7.2830E+02,0.006576,0.006318,0.00639,900.0
7.2840E+02,0.007532,0.005169,0.00639,900.0
7.2851E+02,0.008298,0.003821,0.00639,900.0
7.2861E+02,0.008828,0.002357,0.00639,900.0
7.2871E+02,0.009077,0.000913,0.00639,900.0
7.2881E+02,0.009115,-0.000550,0.00639,900.0
7.2891E+02,0.008890,-0.002079,0.00639,900.0
7.2901E+02,0.008446,-0.003489,0.00639,900.0
7.2910E+02,0.007855,-0.004673,0.00639,900.0
7.2920E+02,0.006972,-0.005924,0.00639,900.0
7.2930E+02,0.005899,-0.007006,0.00639,0.0
7.2940E+02,0.004682,-0.007888,0.00639,0.0
7.2950E+02,0.003303,-0.008566,0.00639,0.0
7.2960E+02,0.001947,-0.008979,0.00639,0.0
7.2970E+02,0.000429,-0.009162,0.00639,0.0
7.2980E+02,-0.001128,-0.009098,0.00639,0.0
7.2990E+02,-0.002583,-0.008793,0.00639,0.0
7.3000E+02,-0.003828,-0.008326,0.00639,900.0
7.3010E+02,-0.004296,-0.008124,0.00639,900.0
7.3021E+02,-0.004302,-0.008121,0.00639,900.0
7.3031E+02,-0.003539,-0.006260,0.00639,900.0
7.3041E+02,-0.001249,-0.000679,0.00639,900.0
7.3051E+02,0.001777,0.006696,0.00639,900.0
7.3061E+02,0.004358,0.012988,0.00639,900.0
7.3090E+02,0.005227,0.015106,0.00639,900.0
7.3100E+02,0.004307,0.015382,0.00639,900.0
7.3110E+02,0.002947,0.015686,0.00639,900.0
7.3120E+02,0.001472,0.015894,0.00639,900.0
7.3130E+02,-0.000057,0.015957,0.00639,900.0
7.3140E+02,-0.001547,0.015886,0.00639,900.0
7.3150E+02,-0.003005,0.015676,0.00639,900.0
7.3160E+02,-0.004497,0.015317,0.00639,900.0
7.3170E+02,-0.005919,0.014833,0.00639,900.0
7.3180E+02,-0.007337,0.014191,0.00639,900.0
7.3191E+02,-0.008575,0.013485,0.00639,900.0
7.3201E+02,-0.009827,0.012604,0.00639,900.0
7.3211E+02,-0.010960,0.011629,0.00639,900.0
7.3221E+02,-0.012006,0.010537,0.00639,900.0
7.3231E+02,-0.012963,0.009340,0.00639,900.0
7.3241E+02,-0.013795,0.008053,0.00639,900.0
7.3250E+02,-0.014436,0.006852,0.00639,900.0
7.3260E+02,-0.015020,0.005458,0.00639,900.0
7.3270E+02,-0.015468,0.004038,0.00639,900.0
7.3280E+02,-0.015776,0.002626,0.00639,900.0
7.3290E+02,-0.015959,0.001120,0.00639,900.0
7.3300E+02,-0.016005,-0.000394,0.00639,900.0
7.3310E+02,-0.015909,-0.001876,0.00639,900.0
7.3320E+02,-0.015647,-0.003392,0.00639,900.0
7.3330E+02,-0.015263,-0.004844,0.00639,900.0
7.3340E+02,-0.014739,-0.006261,0.00639,900.0
7.3350E+02,-0.014070,-0.007642,0.00639,900.0
7.3361E+02,-0.013277,-0.008953,0.00639,900.0
7.3371E+02,-0.012372,-0.010168,0.00639,900.0
7.3381E+02,-0.011393,-0.011266,0.00639,900.0
7.3391E+02,-0.010317,-0.012262,0.00639,900.0
7.3401E+02,-0.009123,-0.013178,0.00639,900.0
7.3411E+02,-0.007888,-0.013959,0.00639,900.0
7.3420E+02,-0.006638,-0.014609,0.00639,900.0
7.3430E+02,-0.005264,-0.015153,0.00639,900.0
7.3440E+02,-0.003792,-0.015589,0.00639,900.0
7.3450E+02,-0.002254,-0.015874,0.00639,900.0
7.3460E+02,-0.000800,-0.016014,0.00639,900.0
7.3470E+02,0.000685,-0.016018,0.00639,900.0
7.3480E+02,0.002217,-0.015876,0.00639,900.0
7.3490E+02,0.003671,-0.015608,0.00639,900.0
7.3500E+02,0.005077,-0.015204,0.00639,900.0
7.3510E+02,0.006505,-0.014650,0.00639,900.0
7.3520E+02,0.007881,-0.013960,0.00639,900.0
7.3530E+02,0.009205,-0.013135,0.00639,900.0
7.3541E+02,0.010380,-0.012233,0.00639,900.0
7.3551E+02,0.011431,-0.011245,0.00639,900.0
7.3561E+02,0.012441,-0.010102,0.00639,900.0
7.3571E+02,0.013343,-0.008852,0.00639,900.0
7.3581E+02,0.014100,-0.007587,0.00639,900.0
7.3591E+02,0.014749,-0.006231,0.00639,900.0
7.3600E+02,0.015197,-0.005038,0.00639,900.0
7.3610E+02,0.015540,-0.003859,0.00639,900.0
7.3620E+02,0.015777,-0.002655,0.00639,900.0
7.3630E+02,0.015956,-0.001178,0.00639,900.0
7.3640E+02,0.015999,0.000395,0.00639,900.0
7.3650E+02,0.015904,0.001889,0.00639,900.0
7.3660E+02,0.015660,0.003317,0.00639,900.0
7.3670E+02,0.015266,0.004756,0.00639,900.0
7.3680E+02,0.014736,0.006202,0.00639,900.0
7.3690E+02,0.014071,0.007574,0.00639,900.0
7.3700E+02,0.013265,0.008898,0.00639,0.0
7.3711E+02,0.012383,0.010091,0.00639,0.0
7.3721E+02,0.011393,0.011188,0.00639,0.0
7.3731E+02,0.010278,0.012216,0.00639,0.0
7.3741E+02,0.009066,0.013142,0.00639,0.0
7.3751E+02,0.007780,0.013945,0.00639,0.0
7.3761E+02,0.006462,0.014606,0.00639,900.0
7.3770E+02,0.005351,0.015061,0.00639,900.0
7.3780E+02,0.005234,0.015103,0.00639,900.0
7.3790E+02,0.005227,0.015106,0.00639,900.0
7.3800E+02,0.003992,0.012146,0.00639,900.0
7.3810E+02,0.001366,0.005854,0.00639,900.0
7.3820E+02,-0.001672,-0.001426,0.00639,900.0
7.3830E+02,-0.004098,-0.007240,0.00639,900.0
7.3840E+02,-0.005094,-0.009625,0.00639,900.0
7.3850E+02,-0.005094,-0.009626,0.00639,900.0
7.3860E+02,-0.005293,-0.009508,0.00639,900.0
7.3870E+02,-0.006119,-0.008978,0.00639,900.0
7.3881E+02,-0.007267,-0.008075,0.00639,900.0
7.3891E+02,-0.008368,-0.006939,0.00639,900.0
7.3901E+02,-0.009212,-0.005773,0.00639,900.0
7.3911E+02,-0.009906,-0.004450,0.00639,900.0
7.3921E+02,-0.010414,-0.003024,0.00639,900.0
7.3931E+02,-0.010727,-0.001531,0.00639,900.0
7.3940E+02,-0.010825,-0.000180,0.00639,900.0
7.3950E+02,-0.010746,0.001332,0.00639,900.0
7.3960E+02,-0.010439,0.002840,0.00639,900.0
7.3970E+02,-0.009945,0.004249,0.00639,900.0
7.3980E+02,-0.009297,0.005521,0.00639,900.0
7.3990E+02,-0.008444,0.006768,0.00639,900.0
7.4000E+02,-0.007433,0.007874,0.00639,900.0
7.4010E+02,-0.006256,0.008835,0.00639,900.0
7.4020E+02,-0.004944,0.009616,0.00639,900.0
7.4030E+02,-0.003520,0.010219,0.00639,900.0
7.4040E+02,-0.002083,0.010596,0.00639,900.0
7.4051E+02,-0.000578,0.010777,0.00639,900.0
7.4061E+02,0.000911,0.010753,0.00639,900.0
7.4071E+02,0.002389,0.010518,0.00639,900.0
7.4081E+02,0.003841,0.010090,0.00639,900.0
7.4091E+02,0.005180,0.009482,0.00639,900.0
7.4101E+02,0.006425,0.008686,0.00639,900.0
7.4110E+02,0.007501,0.007795,0.00639,900.0
7.4120E+02,0.008522,0.006683,0.00639,900.0
7.4130E+02,0.009377,0.005423,0.00639,900.0
7.4140E+02,0.010033,0.004087,0.00639,900.0
7.4150E+02,0.010502,0.002605,0.00639,900.0
7.4160E+02,0.010760,0.001170,0.00639,900.0
7.4170E+02,0.010822,-0.000301,0.00639,900.0
7.4180E+02,0.010679,-0.001823,0.00639,900.0
7.4190E+02,0.010324,-0.003305,0.00639,900.0
7.4200E+02,0.009762,-0.004717,0.00639,900.0
7.4210E+02,0.009016,-0.006036,0.00639,900.0
7.4221E+02,0.008132,-0.007205,0.00639,900.0
7.4231E+02,0.007063,-0.008264,0.00639,900.0
7.4241E+02,0.005875,-0.009159,0.00639,0.0
7.4251E+02,0.004562,-0.009883,0.00639,0.0
7.4261E+02,0.003080,-0.010422,0.00639,0.0
7.4271E+02,0.001605,-0.010756,0.00639,0.0
7.4280E+02,0.000298,-0.010868,0.00639,0.0
7.4290E+02,-0.001159,-0.010802,0.00639,900.0
7.4300E+02,-0.002643,-0.010533,0.00639,900.0
7.4310E+02,-0.004082,-0.010066,0.00639,900.0
7.4320E+02,-0.005028,-0.009659,0.00639,900.0
7.4330E+02,-0.005094,-0.009626,0.00639,900.0
7.4340E+02,-0.004720,-0.009795,0.00639,900.0
7.4350E+02,-0.001397,-0.011295,0.00639,900.0
7.4360E+02,0.004058,-0.013759,0.00639,900.0
7.4370E+02,0.004066,-0.013763,0.00639,900.0
7.4380E+02,0.004067,-0.013763,0.00639,900.0
7.4391E+02,0.004366,-0.013668,0.00639,900.0
7.4401E+02,0.005475,-0.013239,0.00639,900.0
7.4411E+02,0.006840,-0.012588,0.00639,900.0
7.4421E+02,0.008130,-0.011787,0.00639,900.0
7.4431E+02,0.009345,-0.010846,0.00639,900.0
7.4441E+02,0.010368,-0.009886,0.00639,900.0
7.4450E+02,0.011067,-0.009100,0.00639,900.0
7.4460E+02,0.011782,-0.008147,0.00639,900.0
7.4470E+02,0.012594,-0.006840,0.00639,900.0
7.4480E+02,0.013211,-0.005527,0.00639,900.0
7.4490E+02,0.013712,-0.004090,0.00639,900.0
7.4500E+02,0.014065,-0.002601,0.00639,900.0
7.4510E+02,0.014243,-0.001127,0.00639,900.0
7.4520E+02,0.014289,0.000393,0.00639,900.0
7.4530E+02,0.014165,0.001863,0.00639,900.0
7.4540E+02,0.013944,0.003124,0.00639,900.0
7.4550E+02,0.013599,0.004353,0.00639,900.0
7.4561E+02,0.013077,0.005745,0.00639,900.0
7.4571E+02,0.012421,0.007041,0.00639,900.0
7.4581E+02,0.011623,0.008301,0.00639,900.0
7.4591E+02,0.010860,0.009280,0.00639,900.0
7.4601E+02,0.010084,0.010120,0.00639,900.0
7.4611E+02,0.008968,0.011109,0.00639,900.0
7.4620E+02,0.007850,0.011913,0.00639,900.0
7.4630E+02,0.006507,0.012692,0.00639,900.0
7.4640E+02,0.005158,0.013297,0.00639,900.0
7.4650E+02,0.003730,0.013761,0.00639,900.0
7.4660E+02,0.002264,0.014079,0.00639,900.0
7.4670E+02,0.000806,0.014234,0.00639,900.0
7.4680E+02,-0.000718,0.014243,0.00639,900.0
7.4690E+02,-0.002218,0.014093,0.00639,900.0
7.4700E+02,-0.003737,0.013781,0.00639,900.0
7.4710E+02,-0.005140,0.013323,0.00639,900.0
7.4720E+02,-0.006489,0.012713,0.00639,900.0
7.4730E+02,-0.007825,0.011935,0.00639,900.0
7.4741E+02,-0.009029,0.011046,0.00639,900.0
7.4751E+02,-0.010153,0.010027,0.00639,900.0
7.4761E+02,-0.011135,0.008926,0.00639,900.0
7.4771E+02,-0.012002,0.007717,0.00639,900.0
7.4781E+02,-0.012760,0.006400,0.00639,900.0
7.4791E+02,-0.013376,0.005002,0.00639,900.0
7.4800E+02,-0.013802,0.003690,0.00639,900.0
7.4810E+02,-0.014129,0.002201,0.00639,900.0
7.4820E+02,-0.014286,0.000781,0.00639,900.0
7.4830E+02,-0.014286,-0.000745,0.00639,900.0
7.4840E+02,-0.014123,-0.002290,0.00639,900.0
7.4850E+02,-0.013817,-0.003706,0.00639,900.0
7.4860E+02,-0.013330,-0.005179,0.00639,900.0
7.4870E+02,-0.012727,-0.006546,0.00639,900.0
7.4880E+02,-0.011981,-0.007822,0.00639,900.0
7.4890E+02,-0.011091,-0.009046,0.00639,900.0
7.4900E+02,-0.010065,-0.010180,0.00639,900.0
7.4911E+02,-0.008923,-0.011203,0.00639,900.0
7.4921E+02,-0.007697,-0.012092,0.00639,900.0
7.4931E+02,-0.006393,-0.012830,0.00639,0.0
7.4941E+02,-0.005100,-0.013408,0.00639,0.0
7.4951E+02,-0.003645,-0.013877,0.00639,0.0
7.4961E+02,-0.002165,-0.014176,0.00639,0.0
7.4970E+02,-0.000771,-0.014305,0.00639,0.0
7.4980E+02,0.000770,-0.014309,0.00639,900.0
7.4990E+02,0.002276,-0.014149,0.00639,900.0
7.5000E+02,0.003498,-0.013907,0.00639,900.0
7.5010E+02,0.004067,-0.013763,0.00639,900.0
7.5020E+02,0.004064,-0.013762,0.00639,900.0
7.5030E+02,0.002497,-0.013348,0.00639,900.0
7.5040E+02,-0.002774,-0.011954,0.00639,900.0
7.5060E+02,-0.005886,-0.011131,0.00639,900.0
7.5070E+02,-0.005891,-0.011128,0.00639,900.0
7.5081E+02,-0.006822,-0.010566,0.00639,900.0
7.5091E+02,-0.008013,-0.009676,0.00639,900.0
7.5101E+02,-0.009066,-0.008689,0.00639,900.0
7.5111E+02,-0.010031,-0.007539,0.00639,900.0
7.5121E+02,-0.010873,-0.006261,0.00639,900.0
7.5131E+02,-0.011546,-0.004920,0.00639,900.0
7.5140E+02,-0.012012,-0.003669,0.00639,900.0
7.5150E+02,-0.012355,-0.002210,0.00639,900.0
7.5160E+02,-0.012531,-0.000708,0.00639,900.0
7.5170E+02,-0.012525,0.000856,0.00639,900.0
7.5180E+02,-0.012330,0.002325,0.00639,900.0
7.5190E+02,-0.011985,0.003710,0.00639,900.0
7.5200E+02,-0.011427,0.005147,0.00639,900.0
7.5210E+02,-0.010685,0.006505,0.00639,900.0
7.5220E+02,-0.009833,0.007730,0.00639,900.0
7.5230E+02,-0.008821,0.008857,0.00639,900.0
7.5240E+02,-0.007665,0.009871,0.00639,900.0
7.5250E+02,-0.006416,0.010725,0.00639,900.0
7.5261E+02,-0.005088,0.011422,0.00639,900.0
7.5271E+02,-0.003688,0.011948,0.00639,900.0
7.5281E+02,-0.002254,0.012301,0.00639,900.0
7.5291E+02,-0.000761,0.012492,0.00639,900.0
7.5301E+02,0.000769,0.012494,0.00639,900.0
7.5311E+02,0.002289,0.012301,0.00639,900.0
7.5320E+02,0.003561,0.011989,0.00639,900.0
7.5330E+02,0.004973,0.011476,0.00639,900.0
7.5340E+02,0.006347,0.010775,0.00639,900.0
7.5350E+02,0.007573,0.009953,0.00639,900.0
7.5360E+02,0.008694,0.008988,0.00639,900.0
7.5370E+02,0.009738,0.007859,0.00639,900.0
7.5380E+02,0.010600,0.006663,0.00639,900.0
7.5390E+02,0.011335,0.005341,0.00639,900.0
7.5400E+02,0.011903,0.003944,0.00639,900.0
7.5410E+02,0.012305,0.002447,0.00639,900.0
7.5420E+02,0.012499,0.001021,0.00639,900.0
7.5431E+02,0.012526,-0.000469,0.00639,900.0
7.5441E+02,0.012383,-0.001984,0.00639,900.0
7.5451E+02,0.012052,-0.003462,0.00639,900.0
7.5461E+02,0.011553,-0.004883,0.00639,900.0
7.5471E+02,0.010895,-0.006233,0.00639,900.0
7.5481E+02,0.010059,-0.007507,0.00639,900.0
7.5490E+02,0.009175,-0.008576,0.00639,900.0
7.5500E+02,0.008072,-0.009631,0.00639,900.0
7.5510E+02,0.006875,-0.010536,0.00639,900.0
7.5520E+02,0.005628,-0.011263,0.00639,900.0
7.5530E+02,0.004227,-0.011867,0.00639,0.0
7.5540E+02,0.002841,-0.012265,0.00639,0.0
7.5550E+02,0.001264,-0.012507,0.00639,0.0
7.5560E+02,-0.000268,-0.012570,0.00639,0.0
7.5570E+02,-0.001705,-0.012455,0.00639,0.0
7.5580E+02,-0.003145,-0.012166,0.00639,0.0
7.5590E+02,-0.004572,-0.011707,0.00639,0.0
7.5601E+02,-0.005562,-0.011292,0.00639,0.0
7.5621E+02,-0.005886,-0.011131,0.00639,0.0
7.5631E+02,-0.005886,-0.011129,0.00639,0.0
7.5641E+02,-0.005886,-0.011127,0.00639,0.0
7.5660E+02,-0.005886,-0.011126,0.00639,0.0
7.5670E+02,-0.005886,-0.011124,0.00639,0.0
7.5680E+02,-0.005886,-0.011122,0.00639,0.0
7.5690E+02,-0.005886,-0.011121,0.00639,0.0
7.5700E+02,-0.005886,-0.011120,0.00639,0.0
7.5710E+02,-0.005886,-0.011074,0.00639,0.0
7.5720E+02,-0.005886,-0.011040,0.00639,0.0
7.5730E+02,-0.005886,-0.011116,0.00639,0.0
7.5740E+02,-0.005886,-0.011115,0.00639,0.0
7.5750E+02,-0.005886,-0.011114,0.00639,0.0
7.5760E+02,-0.005886,-0.011111,0.00639,0.0
7.5771E+02,-0.005886,-0.011109,0.00639,0.0
7.5791E+02,-0.005886,-0.011108,0.00639,0.0
7.5801E+02,-0.005886,-0.011106,0.00639,0.0
7.5811E+02,-0.005886,-0.011105,0.00639,0.0
7.5821E+02,-0.005886,-0.011104,0.00639,0.0
7.5830E+02,-0.005886,-0.011103,0.00639,0.0
7.5840E+02,-0.005886,-0.011101,0.00639,0.0
7.5850E+02,-0.005886,-0.011099,0.00639,0.0
7.5860E+02,-0.005886,-0.011098,0.00639,0.0
7.5870E+02,-0.005886,-0.011096,0.00639,0.0
7.5900E+02,-0.005886,-0.011095,0.00639,0.0
7.5910E+02,-0.005886,-0.026688,0.00639,0.0
7.5920E+02,-0.005716,-0.026542,0.00639,0.0
7.5930E+02,-0.004902,-0.025843,0.00639,0.0
7.5941E+02,-0.003739,-0.024843,0.00639,0.0
7.5951E+02,-0.002529,-0.023803,0.00639,0.0
7.5961E+02,-0.001323,-0.022766,0.00639,0.0
7.5971E+02,-0.000143,-0.021752,0.00639,0.0
7.5981E+02,0.001082,-0.020699,0.00639,0.0
7.5991E+02,0.002295,-0.019656,0.00639,0.0
7.6000E+02,0.003360,-0.018741,0.00639,0.0
7.6010E+02,0.004511,-0.017752,0.00639,0.0
7.6020E+02,0.005496,-0.016905,0.00639,0.0
7.6030E+02,0.005734,-0.016700,0.00639,0.0
