3.1245E+03,-0.007344,0.026787,0.03550,0.0
3.1246E+03,-0.007344,0.026784,0.03550,0.0
3.1247E+03,-0.007344,0.026783,0.03550,0.0
3.1248E+03,-0.007344,0.026697,0.03550,0.0
3.1249E+03,-0.007344,0.026745,0.03550,0.0
3.1250E+03,-0.007344,0.026777,0.03550,0.0
3.1251E+03,-0.007344,0.026776,0.03550,0.0
3.1252E+03,-0.007344,0.026774,0.03550,0.0
3.1253E+03,-0.007344,0.026772,0.03550,0.0
3.1254E+03,-0.007344,0.026770,0.03550,0.0
3.1255E+03,-0.007344,0.026768,0.03550,0.0
3.1256E+03,-0.007344,0.026767,0.03550,0.0
3.1257E+03,-0.007344,0.026765,0.03550,0.0
3.1258E+03,-0.007344,0.026763,0.03550,0.0
3.1259E+03,-0.007344,0.026678,0.03550,0.0
3.1260E+03,-0.007344,0.026726,0.03550,0.0
3.1261E+03,-0.007344,0.026758,0.03550,0.0
3.1262E+03,-0.007344,0.026756,0.03550,0.0
3.1263E+03,-0.007344,0.026753,0.03550,0.0
3.1266E+03,-0.007344,0.026752,0.03550,0.0
3.1267E+03,-0.007411,0.026542,0.03550,0.0
3.1268E+03,-0.007755,0.025466,0.03550,0.0
3.1269E+03,-0.008361,0.023571,0.03550,0.0
3.1270E+03,-0.009026,0.021493,0.03550,0.0
3.1271E+03,-0.009697,0.019395,0.03550,900.0
3.1272E+03,-0.010366,0.017303,0.03550,900.0
3.1273E+03,-0.011055,0.015148,0.03550,900.0
3.1274E+03,-0.011736,0.013021,0.03550,900.0
3.1275E+03,-0.012399,0.010948,0.03550,900.0
3.1276E+03,-0.013070,0.008849,0.03550,900.0
3.1277E+03,-0.013710,0.006850,0.03550,900.0
3.1279E+03,-0.014123,0.005557,0.03550,900.0
3.1280E+03,-0.014126,0.005550,0.03550,900.0
3.1281E+03,-0.014307,0.005073,0.03550,900.0
3.1282E+03,-0.014708,0.003742,0.03550,900.0
3.1283E+03,-0.015001,0.002298,0.03550,900.0
3.1284E+03,-0.015147,0.000760,0.03550,900.0
3.1285E+03,-0.015159,-0.000721,0.03550,900.0
3.1286E+03,-0.015013,-0.002211,0.03550,900.0
3.1287E+03,-0.014755,-0.003561,0.03550,900.0
3.1288E+03,-0.014341,-0.005006,0.03550,900.0
3.1289E+03,-0.013787,-0.006389,0.03550,900.0
3.1290E+03,-0.013090,-0.007716,0.03550,900.0
3.1291E+03,-0.012251,-0.009006,0.03550,900.0
3.1292E+03,-0.011319,-0.010167,0.03550,900.0
3.1293E+03,-0.010228,-0.011255,0.03550,900.0
3.1294E+03,-0.009055,-0.012219,0.03550,900.0
3.1295E+03,-0.007786,-0.013061,0.03550,900.0
3.1296E+03,-0.006440,-0.013774,0.03550,900.0
3.1297E+03,-0.005061,-0.014335,0.03550,900.0
3.1298E+03,-0.003634,-0.014767,0.03550,900.0
3.1299E+03,-0.002184,-0.015050,0.03550,900.0
3.1300E+03,-0.000684,-0.015188,0.03550,900.0
3.1301E+03,0.000873,-0.015192,0.03550,900.0
3.1302E+03,0.002306,-0.015041,0.03550,900.0
3.1303E+03,0.003772,-0.014746,0.03550,900.0
3.1304E+03,0.005115,-0.014334,0.03550,900.0
3.1305E+03,0.006513,-0.013745,0.03550,900.0
3.1306E+03,0.007800,-0.013051,0.03550,900.0
3.1307E+03,0.009072,-0.012197,0.03550,900.0
3.1308E+03,0.010242,-0.011232,0.03550,900.0
3.1309E+03,0.011291,-0.010164,0.03550,900.0
3.1310E+03,0.012238,-0.009005,0.03550,900.0
3.1311E+03,0.013071,-0.007735,0.03550,900.0
3.1312E+03,0.013787,-0.006381,0.03550,900.0
3.1313E+03,0.014333,-0.005031,0.03550,900.0
3.1314E+03,0.014772,-0.003561,0.03550,900.0
3.1315E+03,0.015057,-0.002025,0.03550,900.0
3.1316E+03,0.015172,-0.000606,0.03550,900.0
3.1317E+03,0.015153,0.000954,0.03550,900.0
3.1318E+03,0.014969,0.002461,0.03550,900.0
3.1319E+03,0.014656,0.003892,0.03550,900.0
3.1320E+03,0.014180,0.005347,0.03550,900.0
3.1321E+03,0.013649,0.006603,0.03550,900.0
3.1322E+03,0.012925,0.007906,0.03550,900.0
3.1323E+03,0.012062,0.009165,0.03550,900.0
3.1324E+03,0.011095,0.010330,0.03550,900.0
3.1325E+03,0.010006,0.011378,0.03550,900.0
3.1326E+03,0.008862,0.012293,0.03550,900.0
3.1327E+03,0.007570,0.013138,0.03550,900.0
3.1328E+03,0.006208,0.013819,0.03550,900.0
3.1329E+03,0.004834,0.014355,0.03550,900.0
3.1330E+03,0.003406,0.014753,0.03550,900.0
3.1331E+03,0.001926,0.015017,0.03550,900.0
3.1332E+03,0.000430,0.015128,0.03550,900.0
3.1333E+03,-0.001056,0.015102,0.03550,900.0
3.1334E+03,-0.002567,0.014910,0.03550,900.0
3.1335E+03,-0.004086,0.014578,0.03550,900.0
3.1336E+03,-0.005512,0.014100,0.03550,900.0
3.1337E+03,-0.006878,0.013496,0.03550,0.0
3.1338E+03,-0.008071,0.012831,0.03550,0.0
3.1339E+03,-0.009319,0.011955,0.03550,0.0
3.1340E+03,-0.010420,0.011009,0.03550,0.0
3.1341E+03,-0.011432,0.009946,0.03550,0.0
3.1342E+03,-0.012382,0.008731,0.03550,900.0
3.1343E+03,-0.013207,0.007428,0.03550,900.0
3.1344E+03,-0.013835,0.006200,0.03550,900.0
3.1345E+03,-0.014114,0.005581,0.03550,900.0
3.1346E+03,-0.014123,0.005557,0.03550,900.0
3.1347E+03,-0.012961,0.006187,0.03550,900.0
3.1348E+03,-0.008862,0.008407,0.03550,900.0
3.1350E+03,-0.006412,0.009734,0.03550,900.0
3.1351E+03,-0.006407,0.009737,0.03550,900.0
3.1352E+03,-0.005428,0.010301,0.03550,900.0
3.1353E+03,-0.004080,0.010886,0.03550,900.0
3.1354E+03,-0.002654,0.011319,0.03550,900.0
3.1355E+03,-0.001348,0.011533,0.03550,900.0
3.1356E+03,0.000185,0.011610,0.03550,900.0
3.1357E+03,0.001728,0.011487,0.03550,900.0
3.1358E+03,0.003155,0.011173,0.03550,900.0
3.1359E+03,0.004534,0.010673,0.03550,900.0
3.1360E+03,0.005927,0.010012,0.03550,900.0
3.1361E+03,0.007217,0.009134,0.03550,900.0
3.1362E+03,0.008345,0.008130,0.03550,900.0
3.1363E+03,0.009268,0.007045,0.03550,900.0
3.1364E+03,0.010127,0.005745,0.03550,900.0
3.1365E+03,0.010768,0.004431,0.03550,900.0
3.1366E+03,0.011244,0.003021,0.03550,900.0
3.1367E+03,0.011540,0.001509,0.03550,900.0
3.1368E+03,0.011650,-0.000030,0.03550,900.0
3.1369E+03,0.011552,-0.001535,0.03550,900.0
3.1370E+03,0.011275,-0.002997,0.03550,900.0
3.1371E+03,0.010805,-0.004406,0.03550,900.0
3.1372E+03,0.010234,-0.005652,0.03550,900.0
3.1373E+03,0.009418,-0.006930,0.03550,900.0
3.1374E+03,0.008461,-0.008074,0.03550,900.0
3.1375E+03,0.007333,-0.009101,0.03550,900.0
3.1376E+03,0.006155,-0.009936,0.03550,900.0
3.1377E+03,0.004859,-0.010632,0.03550,900.0
3.1378E+03,0.003444,-0.011164,0.03550,900.0
3.1379E+03,0.001973,-0.011518,0.03550,900.0
3.1380E+03,0.000461,-0.011678,0.03550,900.0
3.1381E+03,-0.001059,-0.011639,0.03550,900.0
3.1382E+03,-0.002528,-0.011412,0.03550,900.0
3.1383E+03,-0.003954,-0.011008,0.03550,900.0
3.1384E+03,-0.005345,-0.010401,0.03550,900.0
3.1385E+03,-0.006649,-0.009630,0.03550,900.0
3.1386E+03,-0.007811,-0.008702,0.03550,900.0
3.1387E+03,-0.008855,-0.007632,0.03550,900.0
3.1388E+03,-0.009788,-0.006366,0.03550,900.0
3.1389E+03,-0.010463,-0.005171,0.03550,900.0
3.1390E+03,-0.011024,-0.003785,0.03550,900.0
3.1391E+03,-0.011421,-0.002346,0.03550,900.0
3.1392E+03,-0.011627,-0.000854,0.03550,900.0
3.1393E+03,-0.011633,0.000650,0.03550,0.0
3.1394E+03,-0.011454,0.002129,0.03550,0.0
3.1395E+03,-0.011075,0.003634,0.03550,0.0
3.1396E+03,-0.010522,0.005021,0.03550,0.0
3.1397E+03,-0.009793,0.006336,0.03550,0.0
3.1398E+03,-0.008902,0.007511,0.03550,900.0
3.1399E+03,-0.007873,0.008561,0.03550,900.0
3.1400E+03,-0.006772,0.009461,0.03550,900.0
3.1401E+03,-0.006441,0.009714,0.03550,900.0
3.1402E+03,-0.006412,0.009734,0.03550,900.0
3.1403E+03,-0.007433,0.007570,0.03550,900.0
3.1404E+03,-0.009951,0.002231,0.03550,900.0
3.1405E+03,-0.012271,-0.002685,0.03550,900.0
3.1406E+03,-0.012894,-0.004007,0.03550,900.0
3.1407E+03,-0.012893,-0.004009,0.03550,900.0
3.1408E+03,-0.012885,-0.004037,0.03550,900.0
3.1409E+03,-0.012458,-0.005214,0.03550,900.0
3.1410E+03,-0.011811,-0.006530,0.03550,900.0
3.1411E+03,-0.010979,-0.007841,0.03550,900.0
3.1412E+03,-0.010019,-0.009037,0.03550,900.0
3.1413E+03,-0.008948,-0.010106,0.03550,900.0
3.1414E+03,-0.007783,-0.011030,0.03550,900.0
3.1415E+03,-0.006538,-0.011810,0.03550,900.0
3.1416E+03,-0.005393,-0.012397,0.03550,900.0
3.1417E+03,-0.004339,-0.012793,0.03550,900.0
3.1418E+03,-0.002921,-0.013193,0.03550,900.0
3.1419E+03,-0.001363,-0.013449,0.03550,900.0
3.1420E+03,0.000123,-0.013521,0.03550,900.0
3.1421E+03,0.001665,-0.013424,0.03550,900.0
3.1422E+03,0.003105,-0.013157,0.03550,900.0
3.1423E+03,0.004586,-0.012704,0.03550,900.0
3.1424E+03,0.005827,-0.012180,0.03550,900.0
3.1425E+03,0.007128,-0.011466,0.03550,900.0
3.1426E+03,0.008228,-0.010707,0.03550,900.0
3.1427E+03,0.009155,-0.009923,0.03550,900.0
3.1428E+03,0.010080,-0.008967,0.03550,900.0
3.1429E+03,0.011021,-0.007790,0.03550,900.0
3.1430E+03,0.011833,-0.006492,0.03550,900.0
3.1431E+03,0.012470,-0.005168,0.03550,900.0
3.1432E+03,0.012967,-0.003750,0.03550,900.0
3.1433E+03,0.013297,-0.002226,0.03550,900.0
3.1434E+03,0.013438,-0.001177,0.03550,900.0
3.1435E+03,0.013465,0.000247,0.03550,900.0
3.1436E+03,0.013352,0.001754,0.03550,900.0
3.1437E+03,0.013076,0.003181,0.03550,900.0
3.1438E+03,0.012654,0.004582,0.03550,900.0
3.1439E+03,0.012042,0.005996,0.03550,900.0
3.1440E+03,0.011262,0.007351,0.03550,900.0
3.1441E+03,0.010468,0.008453,0.03550,900.0
3.1442E+03,0.009492,0.009547,0.03550,900.0
3.1443E+03,0.008739,0.010239,0.03550,900.0
3.1444E+03,0.007666,0.011066,0.03550,900.0
3.1445E+03,0.006332,0.011858,0.03550,900.0
3.1446E+03,0.004985,0.012486,0.03550,900.0
3.1447E+03,0.003584,0.012948,0.03550,900.0
3.1448E+03,0.002116,0.013264,0.03550,900.0
3.1449E+03,0.000614,0.013420,0.03550,900.0
3.1450E+03,-0.000915,0.013399,0.03550,900.0
3.1451E+03,-0.002410,0.013216,0.03550,900.0
3.1452E+03,-0.003837,0.012874,0.03550,900.0
3.1453E+03,-0.005278,0.012364,0.03550,900.0
3.1454E+03,-0.006612,0.011698,0.03550,900.0
3.1455E+03,-0.007876,0.010849,0.03550,900.0
3.1456E+03,-0.009068,0.009947,0.03550,900.0
3.1457E+03,-0.010165,0.008821,0.03550,900.0
3.1458E+03,-0.010984,0.007767,0.03550,900.0
3.1459E+03,-0.011761,0.006522,0.03550,900.0
3.1460E+03,-0.012425,0.005145,0.03550,0.0
3.1461E+03,-0.012945,0.003692,0.03550,0.0
3.1462E+03,-0.013280,0.002225,0.03550,0.0
3.1463E+03,-0.013448,0.000732,0.03550,0.0
3.1464E+03,-0.013456,-0.000761,0.03550,900.0
3.1465E+03,-0.013298,-0.002232,0.03550,900.0
3.1466E+03,-0.013011,-0.003602,0.03550,900.0
3.1468E+03,-0.012894,-0.004007,0.03550,900.0
3.1469E+03,-0.012385,-0.002615,0.03550,900.0
3.1470E+03,-0.010111,0.003598,0.03550,900.0
3.1471E+03,-0.007967,0.009457,0.03550,900.0
3.1473E+03,-0.007344,0.011158,0.03550,900.0
3.1474E+03,-0.006981,0.011375,0.03550,900.0
3.1475E+03,-0.006132,0.011832,0.03550,900.0
3.1476E+03,-0.004764,0.012450,0.03550,900.0
3.1477E+03,-0.003317,0.012915,0.03550,900.0
3.1478E+03,-0.001823,0.013209,0.03550,900.0
3.1479E+03,-0.000390,0.013331,0.03550,900.0
3.1480E+03,0.001107,0.013294,0.03550,900.0
3.1481E+03,0.002654,0.013055,0.03550,900.0
3.1482E+03,0.004090,0.012679,0.03550,900.0
3.1483E+03,0.005469,0.012148,0.03550,900.0
3.1484E+03,0.006800,0.011465,0.03550,900.0
3.1485E+03,0.008078,0.010597,0.03550,900.0
3.1486E+03,0.009244,0.009595,0.03550,900.0
3.1487E+03,0.010251,0.008522,0.03550,900.0
3.1488E+03,0.011143,0.007348,0.03550,900.0
3.1489E+03,0.011904,0.006052,0.03550,900.0
3.1490E+03,0.012532,0.004634,0.03550,900.0
3.1491E+03,0.012957,0.003266,0.03550,900.0
3.1492E+03,0.013223,0.001890,0.03550,900.0
3.1493E+03,0.013356,0.000376,0.03550,900.0
3.1494E+03,0.013311,-0.001119,0.03550,900.0
3.1495E+03,0.013106,-0.002597,0.03550,900.0
3.1496E+03,0.012729,-0.004069,0.03550,900.0
3.1497E+03,0.012195,-0.005491,0.03550,900.0
3.1498E+03,0.011504,-0.006816,0.03550,900.0
3.1499E+03,0.010673,-0.008074,0.03550,900.0
3.1500E+03,0.009705,-0.009221,0.03550,900.0
3.1501E+03,0.008623,-0.010250,0.03550,900.0
3.1502E+03,0.007349,-0.011223,0.03550,900.0
3.1503E+03,0.006091,-0.011940,0.03550,900.0
3.1504E+03,0.004696,-0.012545,0.03550,900.0
3.1505E+03,0.003316,-0.012979,0.03550,900.0
3.1506E+03,0.001854,-0.013279,0.03550,900.0
3.1507E+03,0.000287,-0.013388,0.03550,900.0
3.1508E+03,-0.001257,-0.013326,0.03550,900.0
3.1509E+03,-0.002573,-0.013143,0.03550,900.0
3.1510E+03,-0.003984,-0.012791,0.03550,900.0
3.1511E+03,-0.005404,-0.012257,0.03550,900.0
3.1512E+03,-0.006735,-0.011585,0.03550,900.0
3.1513E+03,-0.008003,-0.010751,0.03550,900.0
3.1514E+03,-0.009140,-0.009792,0.03550,900.0
3.1515E+03,-0.010213,-0.008672,0.03550,900.0
3.1516E+03,-0.011118,-0.007451,0.03550,900.0
3.1517E+03,-0.011870,-0.006155,0.03550,900.0
3.1518E+03,-0.012489,-0.004767,0.03550,900.0
3.1519E+03,-0.012953,-0.003308,0.03550,900.0
3.1520E+03,-0.013230,-0.001847,0.03550,900.0
3.1521E+03,-0.013350,-0.000378,0.03550,900.0
3.1522E+03,-0.013302,0.001122,0.03550,900.0
3.1523E+03,-0.013100,0.002599,0.03550,0.0
3.1524E+03,-0.012719,0.004062,0.03550,0.0
3.1525E+03,-0.012164,0.005525,0.03550,0.0
3.1526E+03,-0.011479,0.006829,0.03550,0.0
3.1527E+03,-0.010740,0.007917,0.03550,0.0
3.1528E+03,-0.009782,0.009071,0.03550,0.0
3.1529E+03,-0.008646,0.010147,0.03550,0.0
3.1530E+03,-0.007749,0.010863,0.03550,0.0
3.1532E+03,-0.007344,0.011158,0.03550,0.0
3.1533E+03,-0.007344,0.011159,0.03550,0.0
3.1534E+03,-0.007344,0.011186,0.03550,0.0
3.1535E+03,-0.007344,0.011259,0.03550,0.0
3.1536E+03,-0.007344,0.011162,0.03550,0.0
3.1537E+03,-0.007344,0.011163,0.03550,0.0
3.1538E+03,-0.007344,0.011165,0.03550,0.0
3.1539E+03,-0.007344,0.011166,0.03550,0.0
3.1540E+03,-0.007344,0.011167,0.03550,0.0
3.1541E+03,-0.007344,0.011168,0.03550,0.0
3.1542E+03,-0.007344,0.011169,0.03550,0.0
3.1543E+03,-0.007344,0.011170,0.03550,0.0
3.1544E+03,-0.007344,0.011172,0.03550,0.0
3.1545E+03,-0.007344,0.011173,0.03550,0.0
3.1546E+03,-0.007344,0.011174,0.03550,0.0
3.1547E+03,-0.007344,0.011175,0.03550,0.0
3.1548E+03,-0.007344,0.011176,0.03550,0.0
3.1549E+03,-0.007344,0.011178,0.03550,0.0
3.1550E+03,-0.007344,0.011179,0.03550,0.0
3.1551E+03,-0.007344,0.011180,0.03550,0.0
3.1552E+03,-0.007344,0.011181,0.03550,0.0
3.1553E+03,-0.007344,0.011182,0.03550,0.0
3.1554E+03,-0.007344,0.011184,0.03550,0.0
3.1555E+03,-0.007344,0.011185,0.03550,0.0
3.1556E+03,-0.007344,0.011186,0.03550,0.0
3.1557E+03,-0.007344,0.011187,0.03550,0.0
3.1558E+03,-0.007344,0.011188,0.03550,0.0
3.1559E+03,-0.007344,0.011189,0.03550,0.0
3.1560E+03,-0.007344,0.011191,0.03550,0.0
3.1561E+03,-0.007344,0.011192,0.03550,0.0
3.1563E+03,-0.007344,0.011193,0.03550,0.0
3.1565E+03,-0.007344,-0.004399,0.03550,0.0
3.1566E+03,-0.006685,-0.004285,0.03550,0.0
3.1567E+03,-0.004968,-0.003988,0.03550,0.0
3.1568E+03,-0.002687,-0.003592,0.03550,0.0
3.1569E+03,-0.000367,-0.003190,0.03550,0.0
3.1570E+03,0.001943,-0.002790,0.03550,0.0
3.1571E+03,0.004135,-0.002410,0.03550,0.0
3.1572E+03,0.006333,-0.002029,0.03550,0.0
3.1573E+03,0.008758,-0.001608,0.03550,0.0
3.1574E+03,0.010940,-0.001230,0.03550,0.0
3.1575E+03,0.013191,-0.000840,0.03550,0.0
3.1576E+03,0.014802,-0.000560,0.03550,0.0
