2.0718E+03,-0.011816,0.012595,0.01846,0.0
2.0719E+03,-0.011816,0.012593,0.01846,0.0
2.0720E+03,-0.011816,0.012591,0.01846,0.0
2.0721E+03,-0.011816,0.012589,0.01846,0.0
2.0722E+03,-0.011816,0.012587,0.01846,0.0
2.0723E+03,-0.011816,0.012585,0.01846,0.0
2.0724E+03,-0.011816,0.012583,0.01846,0.0
2.0725E+03,-0.011816,0.012581,0.01846,0.0
2.0726E+03,-0.011816,0.012579,0.01846,0.0
2.0727E+03,-0.011816,0.012577,0.01846,0.0
2.0728E+03,-0.011816,0.012575,0.01846,0.0
2.0729E+03,-0.011816,0.012573,0.01846,0.0
2.0730E+03,-0.011816,0.012571,0.01846,0.0
2.0731E+03,-0.011816,0.012569,0.01846,0.0
2.0732E+03,-0.011816,0.012567,0.01846,0.0
2.0733E+03,-0.011816,0.012565,0.01846,0.0
2.0734E+03,-0.011816,0.012563,0.01846,0.0
2.0735E+03,-0.011816,0.012562,0.01846,0.0
2.0737E+03,-0.011816,0.012560,0.01846,0.0
2.0738E+03,-0.011733,0.012593,0.01846,0.0
2.0739E+03,-0.011284,0.012775,0.01846,0.0
2.0740E+03,-0.010422,0.013126,0.01846,0.0
2.0741E+03,-0.009534,0.013486,0.01846,900.0
2.0742E+03,-0.008647,0.013846,0.01846,900.0
2.0743E+03,-0.007776,0.014200,0.01846,900.0
2.0744E+03,-0.006865,0.014570,0.01846,900.0
2.0745E+03,-0.005983,0.014928,0.01846,900.0
2.0746E+03,-0.005118,0.015279,0.01846,900.0
2.0747E+03,-0.004253,0.015630,0.01846,900.0
2.0748E+03,-0.003578,0.015904,0.01846,900.0
2.0750E+03,-0.003305,0.016015,0.01846,900.0
2.0751E+03,-0.003337,0.016007,0.01846,900.0
2.0752E+03,-0.003950,0.015857,0.01846,900.0
2.0753E+03,-0.005451,0.015410,0.01846,900.0
2.0754E+03,-0.006761,0.014883,0.01846,900.0
2.0755E+03,-0.008069,0.014203,0.01846,900.0
2.0756E+03,-0.009382,0.013376,0.01846,900.0
2.0757E+03,-0.010570,0.012463,0.01846,900.0
2.0758E+03,-0.011692,0.011400,0.01846,900.0
2.0759E+03,-0.012715,0.010273,0.01846,900.0
2.0760E+03,-0.013502,0.009226,0.01846,900.0
2.0761E+03,-0.014183,0.008131,0.01846,900.0
2.0762E+03,-0.014881,0.006771,0.01846,900.0
2.0763E+03,-0.015439,0.005395,0.01846,900.0
2.0764E+03,-0.015892,0.003951,0.01846,900.0
2.0765E+03,-0.016175,0.002516,0.01846,900.0
2.0766E+03,-0.016329,0.001144,0.01846,900.0
2.0767E+03,-0.016365,-0.000355,0.01846,900.0
2.0768E+03,-0.016265,-0.001838,0.01846,900.0
2.0769E+03,-0.016019,-0.003353,0.01846,900.0
2.0770E+03,-0.015649,-0.004826,0.01846,900.0
2.0771E+03,-0.015135,-0.006243,0.01846,900.0
2.0772E+03,-0.014494,-0.007629,0.01846,900.0
2.0773E+03,-0.013803,-0.008843,0.01846,900.0
2.0774E+03,-0.013106,-0.009855,0.01846,900.0
2.0775E+03,-0.012144,-0.011018,0.01846,900.0
2.0776E+03,-0.011106,-0.012075,0.01846,900.0
2.0777E+03,-0.009963,-0.013040,0.01846,900.0
2.0778E+03,-0.008750,-0.013876,0.01846,900.0
2.0779E+03,-0.007449,-0.014609,0.01846,900.0
2.0780E+03,-0.006075,-0.015232,0.01846,900.0
2.0781E+03,-0.004607,-0.015730,0.01846,900.0
2.0782E+03,-0.003158,-0.016090,0.01846,900.0
2.0783E+03,-0.001965,-0.016288,0.01846,900.0
2.0784E+03,-0.000932,-0.016374,0.01846,900.0
2.0785E+03,0.000602,-0.016398,0.01846,900.0
2.0786E+03,0.002151,-0.016267,0.01846,900.0
2.0787E+03,0.003572,-0.016021,0.01846,900.0
2.0788E+03,0.005013,-0.015637,0.01846,900.0
2.0789E+03,0.006487,-0.015064,0.01846,900.0
2.0790E+03,0.007804,-0.014424,0.01846,900.0
2.0791E+03,0.008683,-0.013918,0.01846,900.0
2.0792E+03,0.009819,-0.013124,0.01846,900.0
2.0793E+03,0.010993,-0.012154,0.01846,900.0
2.0794E+03,0.012034,-0.011123,0.01846,900.0
2.0795E+03,0.013001,-0.009965,0.01846,900.0
2.0796E+03,0.013883,-0.008709,0.01846,900.0
2.0797E+03,0.014592,-0.007448,0.01846,900.0
2.0798E+03,0.015219,-0.006055,0.01846,900.0
2.0799E+03,0.015742,-0.004560,0.01846,900.0
2.0800E+03,0.016082,-0.003138,0.01846,900.0
2.0801E+03,0.016271,-0.001835,0.01846,900.0
2.0802E+03,0.016361,-0.000265,0.01846,900.0
2.0803E+03,0.016315,0.001210,0.01846,900.0
2.0804E+03,0.016133,0.002686,0.01846,900.0
2.0805E+03,0.015808,0.004184,0.01846,900.0
2.0806E+03,0.015343,0.005644,0.01846,900.0
2.0807E+03,0.014767,0.007020,0.01846,900.0
2.0808E+03,0.014099,0.008311,0.01846,900.0
2.0809E+03,0.013293,0.009600,0.01846,900.0
2.0810E+03,0.012320,0.010747,0.01846,900.0
2.0811E+03,0.011293,0.011838,0.01846,900.0
2.0812E+03,0.010098,0.012851,0.01846,900.0
2.0813E+03,0.008890,0.013708,0.01846,900.0
2.0814E+03,0.008025,0.014236,0.01846,900.0
2.0815E+03,0.006790,0.014853,0.01846,900.0
2.0816E+03,0.005392,0.015417,0.01846,0.0
2.0817E+03,0.003930,0.015840,0.01846,0.0
2.0818E+03,0.002599,0.016130,0.01846,0.0
2.0819E+03,0.001133,0.016288,0.01846,0.0
2.0820E+03,-0.000391,0.016328,0.01846,0.0
2.0821E+03,-0.001790,0.016242,0.01846,900.0
2.0822E+03,-0.002675,0.016121,0.01846,900.0
2.0824E+03,-0.003305,0.016015,0.01846,900.0
2.0825E+03,-0.003653,0.015074,0.01846,900.0
2.0826E+03,-0.005804,0.009248,0.01846,900.0
2.0827E+03,-0.008458,0.002059,0.01846,900.0
2.0828E+03,-0.009872,-0.001771,0.01846,900.0
2.0829E+03,-0.010175,-0.002591,0.01846,900.0
2.0830E+03,-0.010189,-0.002535,0.01846,900.0
2.0831E+03,-0.010288,-0.001939,0.01846,900.0
2.0832E+03,-0.010454,-0.000480,0.01846,900.0
2.0833E+03,-0.010421,0.000951,0.01846,900.0
2.0834E+03,-0.010218,0.002341,0.01846,900.0
2.0835E+03,-0.009754,0.003774,0.01846,900.0
2.0836E+03,-0.009125,0.005103,0.01846,900.0
2.0837E+03,-0.008251,0.006400,0.01846,900.0
2.0838E+03,-0.007219,0.007521,0.01846,900.0
2.0839E+03,-0.006075,0.008479,0.01846,900.0
2.0840E+03,-0.004827,0.009243,0.01846,900.0
2.0841E+03,-0.003459,0.009830,0.01846,900.0
2.0842E+03,-0.001983,0.010235,0.01846,900.0
2.0843E+03,-0.000496,0.010417,0.01846,900.0
2.0844E+03,0.000958,0.010389,0.01846,900.0
2.0845E+03,0.002460,0.010149,0.01846,900.0
2.0846E+03,0.003885,0.009700,0.01846,900.0
2.0847E+03,0.005317,0.008993,0.01846,900.0
2.0848E+03,0.006544,0.008144,0.01846,900.0
2.0849E+03,0.007619,0.007140,0.01846,900.0
2.0850E+03,0.008579,0.005957,0.01846,900.0
2.0851E+03,0.009249,0.004793,0.01846,900.0
2.0852E+03,0.009844,0.003423,0.01846,900.0
2.0853E+03,0.010259,0.001991,0.01846,900.0
2.0854E+03,0.010450,0.000524,0.01846,900.0
2.0855E+03,0.010416,-0.000978,0.01846,900.0
2.0856E+03,0.010185,-0.002513,0.01846,900.0
2.0857E+03,0.009736,-0.003916,0.01846,900.0
2.0858E+03,0.009101,-0.005241,0.01846,900.0
2.0859E+03,0.008214,-0.006531,0.01846,900.0
2.0860E+03,0.007171,-0.007661,0.01846,900.0
2.0861E+03,0.006042,-0.008579,0.01846,900.0
2.0862E+03,0.004791,-0.009339,0.01846,900.0
2.0863E+03,0.003357,-0.009933,0.01846,900.0
2.0864E+03,0.001878,-0.010328,0.01846,900.0
2.0865E+03,0.000440,-0.010488,0.01846,900.0
2.0866E+03,-0.001018,-0.010443,0.01846,900.0
2.0867E+03,-0.002537,-0.010191,0.01846,0.0
2.0868E+03,-0.003878,-0.009771,0.01846,0.0
2.0869E+03,-0.005231,-0.009120,0.01846,0.0
2.0870E+03,-0.006492,-0.008274,0.01846,0.0
2.0871E+03,-0.007550,-0.007292,0.01846,0.0
2.0872E+03,-0.008535,-0.006086,0.01846,0.0
2.0873E+03,-0.009317,-0.004803,0.01846,0.0
2.0874E+03,-0.009884,-0.003445,0.01846,900.0
2.0875E+03,-0.010144,-0.002699,0.01846,900.0
2.0876E+03,-0.010175,-0.002591,0.01846,900.0
2.0877E+03,-0.009174,-0.002847,0.01846,900.0
2.0878E+03,-0.005285,-0.003844,0.01846,900.0
2.0879E+03,0.002079,-0.005732,0.01846,900.0
2.0880E+03,0.009072,-0.007525,0.01846,900.0
2.0881E+03,0.012125,-0.008308,0.01846,900.0
2.0883E+03,0.012133,-0.008310,0.01846,900.0
2.0884E+03,0.012560,-0.007633,0.01846,900.0
2.0885E+03,0.013138,-0.006547,0.01846,900.0
2.0886E+03,0.013729,-0.005172,0.01846,900.0
2.0887E+03,0.014189,-0.003715,0.01846,900.0
2.0888E+03,0.014495,-0.002232,0.01846,900.0
2.0889E+03,0.014643,-0.000959,0.01846,900.0
2.0890E+03,0.014672,0.000135,0.01846,900.0
2.0891E+03,0.014574,0.001636,0.01846,900.0
2.0892E+03,0.014327,0.003169,0.01846,900.0
2.0893E+03,0.013907,0.004654,0.01846,900.0
2.0894E+03,0.013388,0.005975,0.01846,900.0
2.0895E+03,0.012680,0.007323,0.01846,900.0
2.0896E+03,0.011847,0.008616,0.01846,900.0
2.0897E+03,0.010889,0.009778,0.01846,900.0
2.0898E+03,0.010077,0.010622,0.01846,900.0
2.0899E+03,0.009118,0.011440,0.01846,900.0
2.0900E+03,0.007913,0.012308,0.01846,900.0
2.0901E+03,0.006622,0.013043,0.01846,900.0
2.0902E+03,0.005360,0.013624,0.01846,900.0
2.0903E+03,0.003955,0.014093,0.01846,900.0
2.0904E+03,0.002485,0.014439,0.01846,900.0
2.0905E+03,0.000941,0.014608,0.01846,900.0
2.0906E+03,-0.000482,0.014629,0.01846,900.0
2.0907E+03,-0.001942,0.014501,0.01846,900.0
2.0908E+03,-0.003489,0.014204,0.01846,900.0
2.0909E+03,-0.004652,0.013885,0.01846,900.0
2.0910E+03,-0.005615,0.013524,0.01846,900.0
2.0911E+03,-0.006716,0.012997,0.01846,900.0
2.0912E+03,-0.007929,0.012299,0.01846,900.0
2.0913E+03,-0.009145,0.011429,0.01846,900.0
2.0914E+03,-0.010316,0.010386,0.01846,900.0
2.0915E+03,-0.011323,0.009302,0.01846,900.0
2.0916E+03,-0.012229,0.008082,0.01846,900.0
2.0917E+03,-0.012992,0.006804,0.01846,900.0
2.0918E+03,-0.013600,0.005455,0.01846,900.0
2.0919E+03,-0.014058,0.004149,0.01846,900.0
2.0920E+03,-0.014402,0.002701,0.01846,900.0
2.0921E+03,-0.014608,0.001232,0.01846,900.0
2.0922E+03,-0.014655,-0.000289,0.01846,900.0
2.0923E+03,-0.014550,-0.001829,0.01846,900.0
2.0924E+03,-0.014290,-0.003333,0.01846,900.0
2.0925E+03,-0.013884,-0.004757,0.01846,900.0
2.0926E+03,-0.013337,-0.006146,0.01846,900.0
2.0927E+03,-0.012638,-0.007488,0.01846,900.0
2.0928E+03,-0.011786,-0.008775,0.01846,900.0
2.0929E+03,-0.010854,-0.009913,0.01846,900.0
2.0930E+03,-0.009789,-0.010963,0.01846,900.0
2.0931E+03,-0.008574,-0.011933,0.01846,900.0
2.0932E+03,-0.007298,-0.012750,0.01846,900.0
2.0933E+03,-0.005989,-0.013416,0.01846,900.0
2.0934E+03,-0.004863,-0.013876,0.01846,900.0
2.0935E+03,-0.003707,-0.014221,0.01846,900.0
2.0936E+03,-0.002432,-0.014497,0.01846,900.0
2.0937E+03,-0.000909,-0.014674,0.01846,900.0
2.0938E+03,0.000555,-0.014696,0.01846,900.0
2.0939E+03,0.002063,-0.014569,0.01846,900.0
2.0940E+03,0.003637,-0.014259,0.01846,0.0
2.0941E+03,0.005033,-0.013814,0.01846,0.0
2.0942E+03,0.006437,-0.013209,0.01846,0.0
2.0943E+03,0.007758,-0.012479,0.01846,0.0
2.0944E+03,0.008979,-0.011621,0.01846,0.0
2.0945E+03,0.010117,-0.010640,0.01846,0.0
2.0946E+03,0.011142,-0.009565,0.01846,900.0
2.0947E+03,0.011872,-0.008669,0.01846,900.0
2.0948E+03,0.012133,-0.008310,0.01846,900.0
2.0949E+03,0.012008,-0.008282,0.01846,900.0
2.0950E+03,0.010433,-0.007935,0.01846,900.0
2.0951E+03,0.003116,-0.006323,0.01846,900.0
2.0952E+03,-0.004504,-0.004645,0.01846,900.0
2.0953E+03,-0.010240,-0.003381,0.01846,900.0
2.0954E+03,-0.011788,-0.003040,0.01846,900.0
2.0955E+03,-0.011816,-0.003034,0.01846,900.0
2.0956E+03,-0.011883,-0.002744,0.01846,900.0
2.0957E+03,-0.012042,-0.001748,0.01846,900.0
2.0958E+03,-0.012152,-0.000211,0.01846,900.0
2.0959E+03,-0.012085,0.001344,0.01846,900.0
2.0960E+03,-0.011831,0.002839,0.01846,900.0
2.0961E+03,-0.011389,0.004285,0.01846,900.0
2.0962E+03,-0.010773,0.005650,0.01846,900.0
2.0963E+03,-0.009995,0.006925,0.01846,900.0
2.0964E+03,-0.009071,0.008086,0.01846,900.0
2.0965E+03,-0.008018,0.009126,0.01846,900.0
2.0966E+03,-0.006777,0.010067,0.01846,900.0
2.0967E+03,-0.005498,0.010819,0.01846,900.0
2.0968E+03,-0.004148,0.011399,0.01846,900.0
2.0969E+03,-0.002705,0.011812,0.01846,900.0
2.0970E+03,-0.001375,0.012053,0.01846,900.0
2.0971E+03,0.000119,0.012133,0.01846,900.0
2.0972E+03,0.001674,0.012026,0.01846,900.0
2.0973E+03,0.003183,0.011721,0.01846,900.0
2.0974E+03,0.004610,0.011240,0.01846,900.0
2.0975E+03,0.005895,0.010624,0.01846,900.0
2.0976E+03,0.007217,0.009766,0.01846,900.0
2.0977E+03,0.008340,0.008837,0.01846,900.0
2.0978E+03,0.009353,0.007754,0.01846,900.0
2.0979E+03,0.010254,0.006491,0.01846,900.0
2.0980E+03,0.010980,0.005189,0.01846,900.0
2.0981E+03,0.011535,0.003809,0.01846,900.0
2.0982E+03,0.011937,0.002327,0.01846,900.0
2.0983E+03,0.012135,0.000857,0.01846,900.0
2.0984E+03,0.012156,-0.000624,0.01846,900.0
2.0985E+03,0.011977,-0.002199,0.01846,900.0
2.0986E+03,0.011628,-0.003668,0.01846,900.0
2.0987E+03,0.011182,-0.004858,0.01846,900.0
2.0988E+03,0.010480,-0.006230,0.01846,900.0
2.0989E+03,0.009660,-0.007443,0.01846,900.0
2.0990E+03,0.008664,-0.008569,0.01846,900.0
2.0991E+03,0.007541,-0.009574,0.01846,900.0
2.0992E+03,0.006288,-0.010438,0.01846,900.0
2.0993E+03,0.004944,-0.011155,0.01846,900.0
2.0994E+03,0.003542,-0.011675,0.01846,900.0
2.0995E+03,0.002073,-0.012029,0.01846,900.0
2.0996E+03,0.000579,-0.012189,0.01846,900.0
2.0997E+03,-0.000916,-0.012178,0.01846,900.0
2.0998E+03,-0.002394,-0.011982,0.01846,900.0
2.0999E+03,-0.003910,-0.011572,0.01846,900.0
2.1000E+03,-0.005246,-0.011025,0.01846,900.0
2.1001E+03,-0.006550,-0.010285,0.01846,0.0
2.1002E+03,-0.007804,-0.009358,0.01846,0.0
2.1003E+03,-0.008877,-0.008349,0.01846,0.0
2.1004E+03,-0.009730,-0.007341,0.01846,0.0
2.1005E+03,-0.010570,-0.006054,0.01846,0.0
2.1006E+03,-0.011254,-0.004666,0.01846,0.0
2.1007E+03,-0.011690,-0.003470,0.01846,0.0
2.1010E+03,-0.011816,-0.003034,0.01846,0.0
2.1011E+03,-0.011816,-0.003031,0.01846,0.0
2.1012E+03,-0.011816,-0.003030,0.01846,0.0
2.1013E+03,-0.011816,-0.003029,0.01846,0.0
2.1014E+03,-0.011816,-0.003028,0.01846,0.0
2.1015E+03,-0.011816,-0.003026,0.01846,0.0
2.1016E+03,-0.011816,-0.003025,0.01846,0.0
2.1017E+03,-0.011816,-0.003024,0.01846,0.0
2.1018E+03,-0.011816,-0.003023,0.01846,0.0
2.1019E+03,-0.011816,-0.003022,0.01846,0.0
2.1020E+03,-0.011816,-0.003020,0.01846,0.0
2.1021E+03,-0.011816,-0.003019,0.01846,0.0
2.1022E+03,-0.011816,-0.003018,0.01846,0.0
2.1023E+03,-0.011816,-0.002926,0.01846,0.0
2.1024E+03,-0.011816,-0.002981,0.01846,0.0
2.1025E+03,-0.011816,-0.003013,0.01846,0.0
2.1026E+03,-0.011816,-0.003012,0.01846,0.0
2.1027E+03,-0.011816,-0.003011,0.01846,0.0
2.1028E+03,-0.011816,-0.003010,0.01846,0.0
2.1029E+03,-0.011816,-0.003009,0.01846,0.0
2.1030E+03,-0.011816,-0.003008,0.01846,0.0
2.1031E+03,-0.011816,-0.003006,0.01846,0.0
2.1032E+03,-0.011816,-0.003005,0.01846,0.0
2.1033E+03,-0.011816,-0.003003,0.01846,0.0
2.1034E+03,-0.011816,-0.003002,0.01846,0.0
2.1035E+03,-0.011816,-0.003001,0.01846,0.0
2.1036E+03,-0.011816,-0.002999,0.01846,0.0
2.1038E+03,-0.011816,-0.002998,0.01846,0.0
2.1039E+03,-0.011816,-0.018591,0.01846,0.0
2.1040E+03,-0.011814,-0.018580,0.01846,0.0
2.1041E+03,-0.011692,-0.017804,0.01846,0.0
2.1042E+03,-0.011248,-0.014993,0.01846,0.0
2.1043E+03,-0.010726,-0.011691,0.01846,0.0
2.1044E+03,-0.010246,-0.008651,0.01846,0.0
2.1045E+03,-0.009739,-0.005441,0.01846,0.0
2.1046E+03,-0.009215,-0.002121,0.01846,0.0
2.1047E+03,-0.008728,0.000966,0.01846,0.0
2.1048E+03,-0.008226,0.004142,0.01846,0.0
2.1049E+03,-0.007728,0.007299,0.01846,0.0
2.1050E+03,-0.007222,0.010503,0.01846,0.0
2.1051E+03,-0.006762,0.013412,0.01846,0.0
2.1052E+03,-0.006529,0.014887,0.01846,0.0
