2.9120E+03,-0.009621,0.023476,0.03124,0.0
2.9121E+03,-0.009621,0.023475,0.03124,0.0
2.9122E+03,-0.009621,0.023473,0.03124,0.0
2.9123E+03,-0.009621,0.023384,0.03124,0.0
2.9124E+03,-0.009621,0.023441,0.03124,0.0
2.9125E+03,-0.009621,0.023468,0.03124,0.0
2.9126E+03,-0.009621,0.023466,0.03124,0.0
2.9127E+03,-0.009621,0.023464,0.03124,0.0
2.9128E+03,-0.009621,0.023462,0.03124,0.0
2.9129E+03,-0.009621,0.023460,0.03124,0.0
2.9130E+03,-0.009621,0.023458,0.03124,0.0
2.9131E+03,-0.009621,0.023457,0.03124,0.0
2.9132E+03,-0.009621,0.023450,0.03124,0.0
2.9133E+03,-0.009621,0.023349,0.03124,0.0
2.9134E+03,-0.009621,0.023438,0.03124,0.0
2.9135E+03,-0.009621,0.023449,0.03124,0.0
2.9136E+03,-0.009621,0.023447,0.03124,0.0
2.9137E+03,-0.009621,0.023446,0.03124,0.0
2.9138E+03,-0.009621,0.023444,0.03124,0.0
2.9139E+03,-0.009621,0.023442,0.03124,0.0
2.9141E+03,-0.009621,0.023441,0.03124,0.0
2.9142E+03,-0.009627,0.023392,0.03124,0.0
2.9143E+03,-0.009697,0.022840,0.03124,0.0
2.9144E+03,-0.010037,0.020140,0.03124,0.0
2.9145E+03,-0.010385,0.017376,0.03124,0.0
2.9146E+03,-0.010753,0.014456,0.03124,0.0
2.9147E+03,-0.011117,0.011560,0.03124,900.0
2.9148E+03,-0.011467,0.008785,0.03124,900.0
2.9149E+03,-0.011824,0.005947,0.03124,900.0
2.9150E+03,-0.012173,0.003181,0.03124,900.0
2.9151E+03,-0.012520,0.000424,0.03124,900.0
2.9152E+03,-0.012879,-0.002422,0.03124,900.0
2.9153E+03,-0.013170,-0.004737,0.03124,900.0
2.9155E+03,-0.013291,-0.005698,0.03124,900.0
2.9156E+03,-0.013290,-0.005700,0.03124,900.0
2.9157E+03,-0.012853,-0.006621,0.03124,900.0
2.9158E+03,-0.012146,-0.007803,0.03124,900.0
2.9159E+03,-0.011257,-0.009049,0.03124,900.0
2.9160E+03,-0.010245,-0.010179,0.03124,900.0
2.9161E+03,-0.009145,-0.011181,0.03124,900.0
2.9162E+03,-0.007932,-0.012075,0.03124,900.0
2.9163E+03,-0.006629,-0.012841,0.03124,900.0
2.9164E+03,-0.005273,-0.013456,0.03124,900.0
2.9165E+03,-0.003836,-0.013944,0.03124,900.0
2.9166E+03,-0.002377,-0.014272,0.03124,900.0
2.9167E+03,-0.001423,-0.014402,0.03124,900.0
2.9168E+03,0.000011,-0.014471,0.03124,900.0
2.9169E+03,0.001521,-0.014392,0.03124,900.0
2.9170E+03,0.002990,-0.014145,0.03124,900.0
2.9171E+03,0.004497,-0.013737,0.03124,900.0
2.9172E+03,0.005892,-0.013200,0.03124,900.0
2.9173E+03,0.007229,-0.012506,0.03124,900.0
2.9174E+03,0.008455,-0.011716,0.03124,900.0
2.9175E+03,0.009444,-0.010941,0.03124,900.0
2.9176E+03,0.010470,-0.009955,0.03124,900.0
2.9177E+03,0.011432,-0.008829,0.03124,900.0
2.9178E+03,0.012294,-0.007605,0.03124,900.0
2.9179E+03,0.013033,-0.006245,0.03124,900.0
2.9180E+03,0.013607,-0.004864,0.03124,900.0
2.9181E+03,0.014022,-0.003428,0.03124,900.0
2.9182E+03,0.014293,-0.001969,0.03124,900.0
2.9183E+03,0.014414,-0.000495,0.03124,900.0
2.9184E+03,0.014378,0.001005,0.03124,900.0
2.9185E+03,0.014193,0.002500,0.03124,900.0
2.9186E+03,0.013853,0.003953,0.03124,900.0
2.9187E+03,0.013357,0.005388,0.03124,900.0
2.9188E+03,0.012697,0.006798,0.03124,900.0
2.9189E+03,0.011910,0.008103,0.03124,900.0
2.9190E+03,0.011003,0.009301,0.03124,900.0
2.9191E+03,0.010015,0.010371,0.03124,900.0
2.9192E+03,0.008955,0.011273,0.03124,900.0
2.9193E+03,0.007776,0.012111,0.03124,900.0
2.9194E+03,0.006419,0.012877,0.03124,900.0
2.9195E+03,0.005032,0.013472,0.03124,900.0
2.9196E+03,0.003602,0.013923,0.03124,900.0
2.9197E+03,0.002137,0.014226,0.03124,900.0
2.9198E+03,0.000645,0.014366,0.03124,900.0
2.9199E+03,-0.000807,0.014373,0.03124,900.0
2.9200E+03,-0.002031,0.014254,0.03124,900.0
2.9201E+03,-0.003241,0.014025,0.03124,900.0
2.9202E+03,-0.004698,0.013611,0.03124,900.0
2.9203E+03,-0.006082,0.013065,0.03124,900.0
2.9204E+03,-0.007427,0.012328,0.03124,900.0
2.9205E+03,-0.008696,0.011474,0.03124,900.0
2.9206E+03,-0.009834,0.010518,0.03124,900.0
2.9207E+03,-0.010871,0.009434,0.03124,900.0
2.9208E+03,-0.011792,0.008266,0.03124,900.0
2.9209E+03,-0.012507,0.007135,0.03124,900.0
2.9210E+03,-0.013130,0.005942,0.03124,900.0
2.9211E+03,-0.013579,0.004813,0.03124,0.0
2.9212E+03,-0.014018,0.003357,0.03124,0.0
2.9213E+03,-0.014304,0.001880,0.03124,0.0
2.9214E+03,-0.014425,0.000428,0.03124,0.0
2.9215E+03,-0.014392,-0.001175,0.03124,0.0
2.9216E+03,-0.014196,-0.002605,0.03124,900.0
2.9217E+03,-0.013832,-0.004117,0.03124,900.0
2.9218E+03,-0.013439,-0.005305,0.03124,900.0
2.9219E+03,-0.013295,-0.005688,0.03124,900.0
2.9220E+03,-0.013291,-0.005698,0.03124,900.0
2.9221E+03,-0.012745,-0.003681,0.03124,900.0
2.9222E+03,-0.011271,0.001756,0.03124,900.0
2.9223E+03,-0.009845,0.007021,0.03124,900.0
2.9224E+03,-0.009621,0.007847,0.03124,900.0
2.9225E+03,-0.009609,0.007861,0.03124,900.0
2.9226E+03,-0.009441,0.008041,0.03124,900.0
2.9227E+03,-0.008555,0.008958,0.03124,900.0
2.9228E+03,-0.007427,0.009907,0.03124,900.0
2.9229E+03,-0.006133,0.010754,0.03124,900.0
2.9230E+03,-0.004776,0.011409,0.03124,900.0
2.9231E+03,-0.003358,0.011900,0.03124,900.0
2.9232E+03,-0.001890,0.012227,0.03124,900.0
2.9233E+03,-0.000404,0.012359,0.03124,900.0
2.9234E+03,0.001094,0.012316,0.03124,900.0
2.9235E+03,0.002606,0.012110,0.03124,900.0
2.9236E+03,0.004080,0.011691,0.03124,900.0
2.9237E+03,0.005409,0.011144,0.03124,900.0
2.9238E+03,0.006708,0.010427,0.03124,900.0
2.9239E+03,0.007971,0.009480,0.03124,900.0
2.9240E+03,0.009068,0.008430,0.03124,900.0
2.9241E+03,0.010022,0.007286,0.03124,900.0
2.9242E+03,0.010801,0.006070,0.03124,900.0
2.9243E+03,0.011471,0.004668,0.03124,900.0
2.9244E+03,0.011935,0.003336,0.03124,900.0
2.9245E+03,0.012258,0.001883,0.03124,900.0
2.9246E+03,0.012399,0.000434,0.03124,900.0
2.9247E+03,0.012371,-0.001034,0.03124,900.0
2.9248E+03,0.012166,-0.002574,0.03124,900.0
2.9249E+03,0.011756,-0.004054,0.03124,900.0
2.9250E+03,0.011168,-0.005464,0.03124,900.0
2.9251E+03,0.010467,-0.006720,0.03124,900.0
2.9252E+03,0.009541,-0.007965,0.03124,900.0
2.9253E+03,0.008524,-0.009047,0.03124,900.0
2.9254E+03,0.007401,-0.009995,0.03124,900.0
2.9255E+03,0.006128,-0.010818,0.03124,900.0
2.9256E+03,0.004748,-0.011486,0.03124,900.0
2.9257E+03,0.003329,-0.011990,0.03124,900.0
2.9258E+03,0.001879,-0.012304,0.03124,900.0
2.9259E+03,0.000365,-0.012435,0.03124,900.0
2.9260E+03,-0.001157,-0.012395,0.03124,900.0
2.9261E+03,-0.002442,-0.012218,0.03124,900.0
2.9262E+03,-0.003876,-0.011823,0.03124,900.0
2.9263E+03,-0.005298,-0.011259,0.03124,900.0
2.9264E+03,-0.006630,-0.010523,0.03124,900.0
2.9265E+03,-0.007848,-0.009641,0.03124,900.0
2.9266E+03,-0.008933,-0.008634,0.03124,900.0
2.9267E+03,-0.009927,-0.007468,0.03124,900.0
2.9268E+03,-0.010775,-0.006174,0.03124,900.0
2.9269E+03,-0.011440,-0.004830,0.03124,900.0
2.9270E+03,-0.011950,-0.003412,0.03124,900.0
2.9271E+03,-0.012260,-0.001986,0.03124,0.0
2.9272E+03,-0.012415,-0.000467,0.03124,0.0
2.9273E+03,-0.012387,0.001016,0.03124,0.0
2.9274E+03,-0.012172,0.002467,0.03124,0.0
2.9275E+03,-0.011761,0.003926,0.03124,0.0
2.9276E+03,-0.011172,0.005373,0.03124,0.0
2.9277E+03,-0.010432,0.006675,0.03124,0.0
2.9278E+03,-0.009844,0.007547,0.03124,0.0
2.9280E+03,-0.009621,0.007847,0.03124,0.0
2.9281E+03,-0.009621,0.007848,0.03124,0.0
2.9282E+03,-0.009621,0.007849,0.03124,0.0
2.9283E+03,-0.009621,0.007850,0.03124,0.0
2.9284E+03,-0.009621,0.007852,0.03124,0.0
2.9285E+03,-0.009621,0.007853,0.03124,0.0
2.9286E+03,-0.009621,0.007854,0.03124,0.0
2.9287E+03,-0.009621,0.007855,0.03124,0.0
2.9288E+03,-0.009621,0.007856,0.03124,0.0
2.9289E+03,-0.009621,0.007857,0.03124,0.0
2.9290E+03,-0.009621,0.007859,0.03124,0.0
2.9291E+03,-0.009621,0.007860,0.03124,0.0
2.9292E+03,-0.009621,0.007861,0.03124,0.0
2.9293E+03,-0.009621,0.007862,0.03124,0.0
2.9294E+03,-0.009621,0.007864,0.03124,0.0
2.9295E+03,-0.009621,0.007865,0.03124,0.0
2.9296E+03,-0.009621,0.007866,0.03124,0.0
2.9297E+03,-0.009621,0.007867,0.03124,0.0
2.9298E+03,-0.009621,0.007868,0.03124,0.0
2.9299E+03,-0.009621,0.007870,0.03124,0.0
2.9300E+03,-0.009621,0.007871,0.03124,0.0
2.9301E+03,-0.009621,0.007872,0.03124,0.0
2.9302E+03,-0.009621,0.007873,0.03124,0.0
2.9303E+03,-0.009621,0.007874,0.03124,0.0
2.9304E+03,-0.009621,0.007875,0.03124,0.0
2.9305E+03,-0.009621,0.007877,0.03124,0.0
2.9306E+03,-0.009621,0.007878,0.03124,0.0
2.9307E+03,-0.009621,0.007879,0.03124,0.0
2.9308E+03,-0.009621,0.007881,0.03124,0.0
2.9310E+03,-0.009621,0.007882,0.03124,0.0
2.9311E+03,-0.009621,0.007883,0.03124,0.0
2.9312E+03,-0.009621,-0.007710,0.03124,0.0
2.9313E+03,-0.009295,-0.007682,0.03124,0.0
2.9314E+03,-0.007953,-0.007564,0.03124,0.0
2.9315E+03,-0.005686,-0.007365,0.03124,0.0
2.9316E+03,-0.003403,-0.007164,0.03124,0.0
2.9317E+03,-0.001030,-0.006956,0.03124,0.0
2.9318E+03,0.001249,-0.006756,0.03124,0.0
2.9319E+03,0.003525,-0.006556,0.03124,0.0
2.9320E+03,0.005789,-0.006357,0.03124,0.0
2.9321E+03,0.008059,-0.006158,0.03124,0.0
2.9322E+03,0.010469,-0.005946,0.03124,0.0
2.9323E+03,0.012586,-0.005760,0.03124,0.0
2.9324E+03,0.013369,-0.005691,0.03124,0.0
