5.5992E+03,0.012081,0.014140,0.05893,0.0
5.5993E+03,0.012081,0.014139,0.05893,0.0
5.5994E+03,0.012081,0.014137,0.05893,0.0
5.5995E+03,0.012081,0.014135,0.05893,0.0
5.5996E+03,0.012081,0.014041,0.05893,0.0
5.5997E+03,0.012081,0.014105,0.05893,0.0
5.5998E+03,0.012081,0.014131,0.05893,0.0
5.5998E+03,0.012081,0.014129,0.05893,0.0
5.5999E+03,0.012081,0.014128,0.05893,0.0
5.6000E+03,0.012081,0.014126,0.05893,0.0
5.6001E+03,0.012081,0.014125,0.05893,0.0
5.6002E+03,0.012081,0.014123,0.05893,0.0
5.6003E+03,0.012081,0.014122,0.05893,0.0
5.6004E+03,0.012081,0.014120,0.05893,0.0
5.6005E+03,0.012081,0.014118,0.05893,0.0
5.6006E+03,0.012081,0.014117,0.05893,0.0
5.6007E+03,0.012081,0.014115,0.05893,0.0
5.6008E+03,0.012081,0.014114,0.05893,0.0
5.6010E+03,0.012081,0.014112,0.05893,0.0
5.6011E+03,0.012081,0.014111,0.05893,0.0
5.6012E+03,0.012081,0.014109,0.05893,0.0
5.6013E+03,0.012081,0.014108,0.05893,0.0
5.6014E+03,0.012081,0.014106,0.05893,0.0
5.6015E+03,0.012081,0.014105,0.05893,0.0
5.6016E+03,0.012063,0.014095,0.05893,0.0
5.6017E+03,0.010706,0.013372,0.05893,0.0
5.6018E+03,0.008133,0.012002,0.05893,0.0
5.6019E+03,0.005265,0.010475,0.05893,0.0
5.6020E+03,0.002409,0.008955,0.05893,0.0
5.6021E+03,-0.000449,0.007433,0.05893,900.0
5.6022E+03,-0.003287,0.005921,0.05893,900.0
5.6023E+03,-0.006131,0.004407,0.05893,900.0
5.6024E+03,-0.009021,0.002869,0.05893,900.0
5.6025E+03,-0.011897,0.001337,0.05893,900.0
5.6027E+03,-0.014731,-0.000172,0.05893,900.0
5.6028E+03,-0.017417,-0.001602,0.05893,900.0
5.6029E+03,-0.018020,-0.001923,0.05893,900.0
5.6031E+03,-0.018023,-0.001925,0.05893,900.0
5.6032E+03,-0.017913,-0.002706,0.05893,900.0
5.6033E+03,-0.017645,-0.004088,0.05893,900.0
5.6033E+03,-0.017291,-0.005397,0.05893,900.0
5.6034E+03,-0.016797,-0.006767,0.05893,900.0
5.6035E+03,-0.016191,-0.008123,0.05893,900.0
5.6036E+03,-0.015463,-0.009456,0.05893,900.0
5.6037E+03,-0.014705,-0.010604,0.05893,900.0
5.6038E+03,-0.013892,-0.011663,0.05893,900.0
5.6039E+03,-0.012919,-0.012734,0.05893,900.0
5.6040E+03,-0.011768,-0.013800,0.05893,900.0
5.6041E+03,-0.010636,-0.014689,0.05893,900.0
5.6042E+03,-0.009382,-0.015523,0.05893,900.0
5.6044E+03,-0.008054,-0.016252,0.05893,900.0
5.6045E+03,-0.006676,-0.016857,0.05893,900.0
5.6046E+03,-0.005260,-0.017350,0.05893,900.0
5.6047E+03,-0.003812,-0.017732,0.05893,900.0
5.6048E+03,-0.002330,-0.017986,0.05893,900.0
5.6049E+03,-0.000816,-0.018116,0.05893,900.0
5.6050E+03,0.000728,-0.018121,0.05893,900.0
5.6050E+03,0.002116,-0.018024,0.05893,900.0
5.6051E+03,0.003625,-0.017788,0.05893,900.0
5.6052E+03,0.004995,-0.017442,0.05893,900.0
5.6053E+03,0.006449,-0.016948,0.05893,900.0
5.6054E+03,0.007838,-0.016353,0.05893,900.0
5.6055E+03,0.009144,-0.015660,0.05893,900.0
5.6056E+03,0.010436,-0.014823,0.05893,900.0
5.6057E+03,0.011654,-0.013877,0.05893,900.0
5.6058E+03,0.012750,-0.012880,0.05893,900.0
5.6059E+03,0.013752,-0.011809,0.05893,900.0
5.6060E+03,0.014691,-0.010614,0.05893,900.0
5.6062E+03,0.015545,-0.009317,0.05893,900.0
5.6063E+03,0.016245,-0.008032,0.05893,900.0
5.6064E+03,0.016867,-0.006648,0.05893,900.0
5.6065E+03,0.017364,-0.005216,0.05893,900.0
5.6066E+03,0.017724,-0.003738,0.05893,900.0
5.6067E+03,0.017961,-0.002264,0.05893,900.0
5.6067E+03,0.018076,-0.000910,0.05893,900.0
5.6068E+03,0.018091,0.000610,0.05893,900.0
5.6069E+03,0.017970,0.002111,0.05893,900.0
5.6070E+03,0.017726,0.003604,0.05893,900.0
5.6071E+03,0.017365,0.005074,0.05893,900.0
5.6072E+03,0.016940,0.006363,0.05893,900.0
5.6073E+03,0.016494,0.007439,0.05893,900.0
5.6074E+03,0.015806,0.008824,0.05893,900.0
5.6075E+03,0.015045,0.010049,0.05893,900.0
5.6076E+03,0.014115,0.011303,0.05893,900.0
5.6077E+03,0.013137,0.012422,0.05893,900.0
5.6079E+03,0.012029,0.013490,0.05893,900.0
5.6080E+03,0.010886,0.014426,0.05893,900.0
5.6081E+03,0.009658,0.015268,0.05893,900.0
5.6082E+03,0.008315,0.016033,0.05893,900.0
5.6083E+03,0.006950,0.016682,0.05893,900.0
5.6084E+03,0.005559,0.017194,0.05893,900.0
5.6084E+03,0.004217,0.017572,0.05893,900.0
5.6085E+03,0.002809,0.017854,0.05893,900.0
5.6086E+03,0.001313,0.018030,0.05893,900.0
5.6087E+03,-0.000212,0.018082,0.05893,900.0
5.6088E+03,-0.001712,0.017989,0.05893,900.0
5.6089E+03,-0.003193,0.017778,0.05893,900.0
5.6090E+03,-0.004673,0.017451,0.05893,900.0
5.6091E+03,-0.006123,0.016999,0.05893,900.0
5.6092E+03,-0.007512,0.016431,0.05893,900.0
5.6093E+03,-0.008859,0.015742,0.05893,900.0
5.6094E+03,-0.010173,0.014932,0.05893,900.0
5.6096E+03,-0.011388,0.014045,0.05893,900.0
5.6097E+03,-0.012461,0.013103,0.05893,900.0
5.6098E+03,-0.013526,0.012000,0.05893,900.0
5.6099E+03,-0.014533,0.010775,0.05893,900.0
5.6100E+03,-0.015168,0.009857,0.05893,900.0
5.6101E+03,-0.015903,0.008622,0.05893,900.0
5.6102E+03,-0.016583,0.007229,0.05893,0.0
5.6102E+03,-0.017068,0.005989,0.05893,0.0
5.6103E+03,-0.017498,0.004579,0.05893,0.0
5.6104E+03,-0.017814,0.003138,0.05893,0.0
5.6105E+03,-0.018008,0.001849,0.05893,0.0
5.6106E+03,-0.018086,0.000655,0.05893,0.0
5.6107E+03,-0.018095,-0.000819,0.05893,900.0
5.6108E+03,-0.018027,-0.001878,0.05893,900.0
5.6110E+03,-0.018023,-0.001925,0.05893,900.0
5.6111E+03,-0.015077,-0.001854,0.05893,900.0
5.6112E+03,-0.007844,-0.001681,0.05893,900.0
5.6114E+03,-0.000049,-0.001494,0.05893,900.0
5.6115E+03,0.006290,-0.001342,0.05893,900.0
5.6116E+03,0.008660,-0.001285,0.05893,900.0
5.6117E+03,0.008665,-0.001285,0.05893,900.0
5.6118E+03,0.008614,-0.001557,0.05893,900.0
5.6119E+03,0.008371,-0.002463,0.05893,900.0
5.6119E+03,0.007896,-0.003759,0.05893,900.0
5.6120E+03,0.007149,-0.005079,0.05893,900.0
5.6121E+03,0.006149,-0.006251,0.05893,900.0
5.6122E+03,0.005018,-0.007198,0.05893,900.0
5.6123E+03,0.003704,-0.007936,0.05893,900.0
5.6124E+03,0.002311,-0.008455,0.05893,900.0
5.6125E+03,0.000870,-0.008707,0.05893,900.0
5.6126E+03,-0.000637,-0.008727,0.05893,900.0
5.6127E+03,-0.002111,-0.008495,0.05893,900.0
5.6128E+03,-0.003519,-0.008007,0.05893,900.0
5.6129E+03,-0.004857,-0.007277,0.05893,900.0
5.6131E+03,-0.006039,-0.006333,0.05893,900.0
5.6132E+03,-0.007033,-0.005211,0.05893,900.0
5.6133E+03,-0.007813,-0.003938,0.05893,900.0
5.6134E+03,-0.008389,-0.002544,0.05893,900.0
5.6135E+03,-0.008685,-0.001056,0.05893,900.0
5.6136E+03,-0.008724,0.000433,0.05893,900.0
5.6137E+03,-0.008496,0.001942,0.05893,900.0
5.6137E+03,-0.008101,0.003190,0.05893,900.0
5.6138E+03,-0.007430,0.004512,0.05893,900.0
5.6139E+03,-0.006522,0.005737,0.05893,900.0
5.6140E+03,-0.005419,0.006791,0.05893,900.0
5.6141E+03,-0.004155,0.007637,0.05893,900.0
5.6142E+03,-0.002798,0.008230,0.05893,900.0
5.6143E+03,-0.001397,0.008582,0.05893,900.0
5.6144E+03,0.000045,0.008713,0.05893,900.0
5.6145E+03,0.001628,0.008560,0.05893,900.0
5.6146E+03,0.003082,0.008132,0.05893,0.0
5.6148E+03,0.004433,0.007488,0.05893,0.0
5.6149E+03,0.005679,0.006580,0.05893,0.0
5.6150E+03,0.006735,0.005501,0.05893,0.0
5.6151E+03,0.007577,0.004265,0.05893,0.0
5.6152E+03,0.008206,0.002909,0.05893,0.0
5.6153E+03,0.008585,0.001458,0.05893,900.0
5.6154E+03,0.008721,-0.000013,0.05893,900.0
5.6154E+03,0.008696,-0.001083,0.05893,900.0
5.6156E+03,0.008665,-0.001285,0.05893,900.0
5.6157E+03,0.006540,-0.003788,0.05893,900.0
5.6158E+03,0.001791,-0.009381,0.05893,900.0
5.6159E+03,-0.002701,-0.014671,0.05893,900.0
5.6160E+03,-0.003813,-0.015981,0.05893,900.0
5.6161E+03,-0.003834,-0.016006,0.05893,900.0
5.6162E+03,-0.003686,-0.016047,0.05893,900.0
5.6163E+03,-0.002884,-0.016188,0.05893,900.0
5.6164E+03,-0.001367,-0.016379,0.05893,900.0
5.6166E+03,0.000106,-0.016439,0.05893,900.0
5.6167E+03,0.001682,-0.016350,0.05893,900.0
5.6168E+03,0.003162,-0.016137,0.05893,900.0
5.6169E+03,0.004510,-0.015786,0.05893,900.0
5.6170E+03,0.006021,-0.015290,0.05893,900.0
5.6171E+03,0.007412,-0.014676,0.05893,900.0
5.6171E+03,0.008562,-0.014025,0.05893,900.0
5.6172E+03,0.009810,-0.013171,0.05893,900.0
5.6173E+03,0.010989,-0.012203,0.05893,900.0
5.6174E+03,0.012065,-0.011141,0.05893,900.0
5.6175E+03,0.013031,-0.009983,0.05893,900.0
5.6176E+03,0.013891,-0.008750,0.05893,900.0
5.6177E+03,0.014634,-0.007444,0.05893,900.0
5.6178E+03,0.015255,-0.006062,0.05893,900.0
5.6179E+03,0.015752,-0.004667,0.05893,900.0
5.6180E+03,0.016090,-0.003266,0.05893,900.0
5.6181E+03,0.016316,-0.001744,0.05893,900.0
5.6183E+03,0.016402,-0.000223,0.05893,900.0
5.6184E+03,0.016341,0.001303,0.05893,900.0
5.6185E+03,0.016144,0.002834,0.05893,900.0
5.6186E+03,0.015811,0.004316,0.05893,900.0
5.6187E+03,0.015347,0.005726,0.05893,900.0
5.6188E+03,0.014761,0.007099,0.05893,900.0
5.6189E+03,0.014052,0.008423,0.05893,900.0
5.6189E+03,0.013323,0.009533,0.05893,900.0
5.6190E+03,0.012365,0.010758,0.05893,900.0
5.6191E+03,0.011325,0.011846,0.05893,900.0
5.6192E+03,0.010214,0.012802,0.05893,900.0
5.6193E+03,0.008951,0.013718,0.05893,900.0
5.6194E+03,0.007616,0.014488,0.05893,900.0
5.6195E+03,0.006250,0.015125,0.05893,900.0
5.6196E+03,0.004827,0.015634,0.05893,900.0
5.6197E+03,0.003440,0.015997,0.05893,900.0
5.6199E+03,0.001966,0.016240,0.05893,900.0
5.6200E+03,0.000418,0.016366,0.05893,900.0
5.6201E+03,-0.001047,0.016327,0.05893,900.0
5.6202E+03,-0.002605,0.016161,0.05893,900.0
5.6203E+03,-0.004010,0.015882,0.05893,900.0
5.6204E+03,-0.005456,0.015439,0.05893,900.0
5.6204E+03,-0.006699,0.014939,0.05893,900.0
5.6205E+03,-0.007665,0.014473,0.05893,900.0
5.6206E+03,-0.008866,0.013760,0.05893,900.0
5.6207E+03,-0.010075,0.012902,0.05893,900.0
5.6208E+03,-0.011240,0.011899,0.05893,900.0
5.6209E+03,-0.012293,0.010812,0.05893,900.0
5.6210E+03,-0.013227,0.009651,0.05893,900.0
5.6211E+03,-0.013983,0.008551,0.05893,900.0
5.6212E+03,-0.014469,0.007680,0.05893,900.0
5.6213E+03,-0.015112,0.006354,0.05893,900.0
5.6214E+03,-0.015650,0.004910,0.05893,900.0
5.6216E+03,-0.016025,0.003499,0.05893,900.0
5.6217E+03,-0.016288,0.001982,0.05893,900.0
5.6218E+03,-0.016393,0.000468,0.05893,900.0
5.6219E+03,-0.016376,-0.001042,0.05893,900.0
5.6220E+03,-0.016209,-0.002542,0.05893,900.0
5.6221E+03,-0.015905,-0.004012,0.05893,900.0
5.6221E+03,-0.015524,-0.005314,0.05893,900.0
5.6222E+03,-0.014973,-0.006718,0.05893,900.0
5.6223E+03,-0.014301,-0.008062,0.05893,900.0
5.6224E+03,-0.013497,-0.009360,0.05893,900.0
5.6225E+03,-0.012632,-0.010516,0.05893,0.0
5.6226E+03,-0.011603,-0.011645,0.05893,0.0
5.6227E+03,-0.010470,-0.012670,0.05893,0.0
5.6228E+03,-0.009309,-0.013548,0.05893,0.0
5.6229E+03,-0.008041,-0.014331,0.05893,0.0
5.6230E+03,-0.007089,-0.014862,0.05893,0.0
5.6231E+03,-0.005806,-0.015386,0.05893,900.0
5.6233E+03,-0.004471,-0.015823,0.05893,900.0
5.6234E+03,-0.003843,-0.016003,0.05893,900.0
5.6235E+03,-0.003834,-0.016006,0.05893,900.0
5.6236E+03,-0.002767,-0.014920,0.05893,900.0
5.6237E+03,0.001383,-0.010699,0.05893,900.0
5.6238E+03,0.006617,-0.005374,0.05893,900.0
5.6238E+03,0.010026,-0.001905,0.05893,900.0
5.6239E+03,0.010337,-0.001589,0.05893,900.0
5.6240E+03,0.010338,-0.001588,0.05893,900.0
5.6241E+03,0.010252,-0.002049,0.05893,900.0
5.6242E+03,0.009954,-0.003148,0.05893,900.0
5.6243E+03,0.009418,-0.004517,0.05893,900.0
5.6244E+03,0.008667,-0.005818,0.05893,900.0
5.6245E+03,0.007741,-0.007007,0.05893,900.0
5.6246E+03,0.006647,-0.008072,0.05893,900.0
5.6247E+03,0.005411,-0.008949,0.05893,900.0
5.6248E+03,0.004044,-0.009656,0.05893,900.0
5.6250E+03,0.002666,-0.010130,0.05893,900.0
5.6251E+03,0.001150,-0.010428,0.05893,900.0
5.6252E+03,-0.000310,-0.010480,0.05893,900.0
5.6253E+03,-0.001871,-0.010300,0.05893,900.0
5.6254E+03,-0.003305,-0.009923,0.05893,900.0
5.6255E+03,-0.004651,-0.009371,0.05893,900.0
5.6255E+03,-0.005840,-0.008667,0.05893,900.0
5.6256E+03,-0.007038,-0.007716,0.05893,900.0
5.6257E+03,-0.008040,-0.006668,0.05893,900.0
5.6258E+03,-0.008892,-0.005482,0.05893,900.0
5.6259E+03,-0.009616,-0.004098,0.05893,900.0
5.6260E+03,-0.010108,-0.002646,0.05893,900.0
5.6261E+03,-0.010372,-0.001274,0.05893,900.0
5.6262E+03,-0.010445,0.000355,0.05893,900.0
5.6263E+03,-0.010268,0.001857,0.05893,900.0
5.6264E+03,-0.009877,0.003301,0.05893,900.0
5.6265E+03,-0.009290,0.004695,0.05893,900.0
5.6267E+03,-0.008520,0.005975,0.05893,900.0
5.6268E+03,-0.007607,0.007100,0.05893,900.0
5.6269E+03,-0.006512,0.008097,0.05893,900.0
5.6270E+03,-0.005249,0.008965,0.05893,900.0
5.6271E+03,-0.003883,0.009644,0.05893,900.0
5.6272E+03,-0.002439,0.010115,0.05893,900.0
5.6272E+03,-0.001164,0.010347,0.05893,900.0
5.6273E+03,0.000332,0.010405,0.05893,900.0
5.6274E+03,0.001899,0.010229,0.05893,900.0
5.6275E+03,0.003298,0.009867,0.05893,900.0
5.6276E+03,0.004699,0.009267,0.05893,900.0
5.6277E+03,0.006027,0.008463,0.05893,900.0
5.6278E+03,0.007163,0.007541,0.05893,0.0
5.6279E+03,0.008147,0.006475,0.05893,0.0
5.6280E+03,0.008988,0.005236,0.05893,0.0
5.6281E+03,0.009655,0.003884,0.05893,0.0
5.6282E+03,0.010135,0.002444,0.05893,0.0
5.6284E+03,0.010391,0.000948,0.05893,900.0
5.6285E+03,0.010430,-0.000598,0.05893,900.0
5.6286E+03,0.010339,-0.001578,0.05893,900.0
5.6287E+03,0.010338,-0.001588,0.05893,900.0
5.6288E+03,0.010295,-0.001605,0.05893,900.0
5.6289E+03,0.005650,-0.003503,0.05893,900.0
5.6290E+03,-0.001169,-0.006287,0.05893,900.0
5.6290E+03,-0.007076,-0.008700,0.05893,900.0
5.6291E+03,-0.010621,-0.010147,0.05893,900.0
5.6292E+03,-0.010678,-0.010171,0.05893,900.0
5.6293E+03,-0.010578,-0.010269,0.05893,900.0
5.6294E+03,-0.010057,-0.010757,0.05893,900.0
5.6295E+03,-0.008902,-0.011746,0.05893,900.0
5.6296E+03,-0.007626,-0.012619,0.05893,900.0
5.6297E+03,-0.006328,-0.013320,0.05893,900.0
5.6298E+03,-0.004928,-0.013889,0.05893,900.0
5.6299E+03,-0.003506,-0.014314,0.05893,900.0
5.6301E+03,-0.001975,-0.014597,0.05893,900.0
5.6302E+03,-0.000735,-0.014727,0.05893,900.0
5.6303E+03,0.000403,-0.014736,0.05893,900.0
5.6304E+03,0.001762,-0.014622,0.05893,900.0
5.6305E+03,0.003270,-0.014360,0.05893,900.0
5.6306E+03,0.004695,-0.013965,0.05893,900.0
5.6307E+03,0.006041,-0.013431,0.05893,900.0
5.6307E+03,0.007335,-0.012785,0.05893,900.0
5.6308E+03,0.008601,-0.011977,0.05893,900.0
5.6309E+03,0.009737,-0.011048,0.05893,900.0
5.6310E+03,0.010817,-0.009995,0.05893,900.0
5.6311E+03,0.011788,-0.008809,0.05893,900.0
5.6312E+03,0.012607,-0.007590,0.05893,900.0
5.6313E+03,0.013306,-0.006266,0.05893,900.0
5.6314E+03,0.013874,-0.004877,0.05893,900.0
5.6315E+03,0.014292,-0.003443,0.05893,900.0
5.6316E+03,0.014570,-0.001937,0.05893,900.0
5.6318E+03,0.014693,-0.000421,0.05893,900.0
5.6319E+03,0.014662,0.001104,0.05893,900.0
5.6320E+03,0.014486,0.002514,0.05893,900.0
5.6321E+03,0.014140,0.004037,0.05893,900.0
5.6322E+03,0.013661,0.005407,0.05893,900.0
5.6323E+03,0.012998,0.006848,0.05893,900.0
5.6324E+03,0.012223,0.008124,0.05893,900.0
5.6324E+03,0.011442,0.009188,0.05893,900.0
5.6325E+03,0.010442,0.010300,0.05893,900.0
5.6326E+03,0.009324,0.011323,0.05893,900.0
5.6327E+03,0.008113,0.012217,0.05893,900.0
5.6328E+03,0.006817,0.012982,0.05893,900.0
5.6329E+03,0.005464,0.013614,0.05893,900.0
5.6330E+03,0.004024,0.014113,0.05893,900.0
5.6331E+03,0.002539,0.014454,0.05893,900.0
5.6332E+03,0.001062,0.014637,0.05893,900.0
5.6333E+03,-0.000094,0.014679,0.05893,900.0
5.6334E+03,-0.001250,0.014621,0.05893,900.0
5.6336E+03,-0.002642,0.014420,0.05893,900.0
5.6337E+03,-0.004124,0.014065,0.05893,900.0
5.6338E+03,-0.005585,0.013555,0.05893,900.0
5.6339E+03,-0.006943,0.012917,0.05893,900.0
5.6340E+03,-0.008205,0.012153,0.05893,900.0
5.6341E+03,-0.009405,0.011263,0.05893,900.0
5.6341E+03,-0.010394,0.010364,0.05893,900.0
5.6342E+03,-0.011412,0.009259,0.05893,900.0
5.6343E+03,-0.012313,0.008010,0.05893,900.0
5.6344E+03,-0.013070,0.006721,0.05893,900.0
5.6345E+03,-0.013676,0.005351,0.05893,900.0
5.6346E+03,-0.014165,0.003878,0.05893,900.0
5.6347E+03,-0.014485,0.002442,0.05893,900.0
5.6348E+03,-0.014656,0.000968,0.05893,900.0
5.6349E+03,-0.014694,-0.000401,0.05893,900.0
5.6350E+03,-0.014615,-0.001618,0.05893,0.0
5.6352E+03,-0.014410,-0.002907,0.05893,0.0
5.6353E+03,-0.014049,-0.004360,0.05893,0.0
5.6354E+03,-0.013531,-0.005801,0.05893,0.0
5.6355E+03,-0.012892,-0.007211,0.05893,0.0
5.6356E+03,-0.012081,-0.008445,0.05893,900.0
5.6357E+03,-0.011120,-0.009659,0.05893,900.0
5.6358E+03,-0.010737,-0.010104,0.05893,900.0
5.6358E+03,-0.010678,-0.010171,0.05893,900.0
5.6359E+03,-0.010078,-0.009942,0.05893,900.0
5.6360E+03,-0.005832,-0.008322,0.05893,900.0
5.6361E+03,0.001292,-0.005605,0.05893,900.0
5.6362E+03,0.007891,-0.003087,0.05893,900.0
5.6363E+03,0.012072,-0.001492,0.05893,900.0
5.6364E+03,0.012081,-0.001489,0.05893,900.0
5.6365E+03,0.012071,-0.001545,0.05893,900.0
5.6366E+03,0.011960,-0.002131,0.05893,900.0
5.6367E+03,0.011584,-0.003666,0.05893,900.0
5.6369E+03,0.011060,-0.005032,0.05893,900.0
5.6370E+03,0.010348,-0.006366,0.05893,900.0
5.6371E+03,0.009485,-0.007603,0.05893,900.0
5.6372E+03,0.008481,-0.008706,0.05893,900.0
5.6373E+03,0.007346,-0.009688,0.05893,900.0
5.6374E+03,0.006087,-0.010530,0.05893,900.0
5.6375E+03,0.004730,-0.011213,0.05893,900.0
5.6375E+03,0.003448,-0.011672,0.05893,900.0
5.6376E+03,0.002008,-0.012010,0.05893,900.0
5.6377E+03,0.000582,-0.012171,0.05893,900.0
5.6378E+03,-0.001041,-0.012138,0.05893,900.0
5.6379E+03,-0.002509,-0.011905,0.05893,900.0
5.6380E+03,-0.003976,-0.011500,0.05893,900.0
5.6381E+03,-0.005318,-0.010940,0.05893,900.0
5.6382E+03,-0.006643,-0.010184,0.05893,900.0
5.6383E+03,-0.007851,-0.009286,0.05893,900.0
5.6384E+03,-0.008937,-0.008233,0.05893,900.0
5.6385E+03,-0.009893,-0.007067,0.05893,900.0
5.6387E+03,-0.010670,-0.005817,0.05893,900.0
5.6388E+03,-0.011306,-0.004426,0.05893,900.0
5.6389E+03,-0.011780,-0.002954,0.05893,900.0
5.6390E+03,-0.012048,-0.001536,0.05893,900.0
5.6391E+03,-0.012147,0.000026,0.05893,900.0
5.6392E+03,-0.012049,0.001459,0.05893,900.0
5.6392E+03,-0.011794,0.002795,0.05893,900.0
5.6393E+03,-0.011353,0.004240,0.05893,900.0
5.6394E+03,-0.010743,0.005593,0.05893,900.0
5.6395E+03,-0.009950,0.006908,0.05893,900.0
5.6396E+03,-0.008996,0.008108,0.05893,900.0
5.6397E+03,-0.007918,0.009155,0.05893,900.0
5.6398E+03,-0.006715,0.010073,0.05893,900.0
5.6399E+03,-0.005460,0.010802,0.05893,900.0
5.6400E+03,-0.004040,0.011411,0.05893,900.0
5.6401E+03,-0.002560,0.011838,0.05893,900.0
5.6402E+03,-0.001062,0.012064,0.05893,900.0
5.6404E+03,0.000426,0.012093,0.05893,900.0
5.6405E+03,0.001925,0.011943,0.05893,900.0
5.6406E+03,0.003407,0.011611,0.05893,900.0
5.6407E+03,0.004467,0.011256,0.05893,900.0
5.6408E+03,0.005582,0.010725,0.05893,900.0
5.6409E+03,0.006871,0.009950,0.05893,900.0
5.6409E+03,0.007947,0.009131,0.05893,900.0
