1.9532E+03,-0.011211,0.011477,0.01704,0.0
1.9533E+03,-0.011211,0.011476,0.01704,0.0
1.9534E+03,-0.011211,0.011475,0.01704,0.0
1.9535E+03,-0.011211,0.011472,0.01704,0.0
1.9536E+03,-0.011211,0.011470,0.01704,0.0
1.9537E+03,-0.011211,0.011468,0.01704,0.0
1.9538E+03,-0.011211,0.011466,0.01704,0.0
1.9539E+03,-0.011211,0.011465,0.01704,0.0
1.9540E+03,-0.011211,0.011463,0.01704,0.0
1.9541E+03,-0.011211,0.011461,0.01704,0.0
1.9542E+03,-0.011211,0.011459,0.01704,0.0
1.9543E+03,-0.011211,0.011457,0.01704,0.0
1.9544E+03,-0.011211,0.011454,0.01704,0.0
1.9545E+03,-0.011211,0.011452,0.01704,0.0
1.9546E+03,-0.011211,0.011451,0.01704,0.0
1.9547E+03,-0.011211,0.011449,0.01704,0.0
1.9548E+03,-0.011211,0.011446,0.01704,0.0
1.9549E+03,-0.011211,0.011445,0.01704,0.0
1.9552E+03,-0.011211,0.011442,0.01704,0.0
1.9553E+03,-0.010618,0.010911,0.01704,0.0
1.9554E+03,-0.008493,0.009012,0.01704,0.0
1.9555E+03,-0.006417,0.007155,0.01704,0.0
1.9556E+03,-0.004099,0.005084,0.01704,0.0
1.9557E+03,-0.001747,0.002980,0.01704,900.0
1.9558E+03,0.000557,0.000921,0.01704,900.0
1.9559E+03,0.002857,-0.001135,0.01704,900.0
1.9560E+03,0.005184,-0.003216,0.01704,900.0
1.9561E+03,0.007427,-0.005221,0.01704,900.0
1.9562E+03,0.009828,-0.007368,0.01704,900.0
1.9563E+03,0.012154,-0.009447,0.01704,900.0
1.9564E+03,0.012993,-0.010198,0.01704,900.0
1.9566E+03,0.013101,-0.010294,0.01704,900.0
1.9567E+03,0.013513,-0.009727,0.01704,900.0
1.9568E+03,0.014224,-0.008625,0.01704,900.0
1.9569E+03,0.014947,-0.007274,0.01704,900.0
1.9570E+03,0.015565,-0.005845,0.01704,900.0
1.9571E+03,0.016035,-0.004404,0.01704,900.0
1.9572E+03,0.016343,-0.003081,0.01704,900.0
1.9573E+03,0.016546,-0.001629,0.01704,900.0
1.9574E+03,0.016634,-0.000139,0.01704,900.0
1.9575E+03,0.016569,0.001347,0.01704,900.0
1.9576E+03,0.016354,0.002902,0.01704,900.0
1.9577E+03,0.016037,0.004332,0.01704,900.0
1.9578E+03,0.015581,0.005743,0.01704,900.0
1.9579E+03,0.014963,0.007169,0.01704,900.0
1.9580E+03,0.014258,0.008497,0.01704,900.0
1.9581E+03,0.013450,0.009719,0.01704,900.0
1.9582E+03,0.012495,0.010910,0.01704,900.0
1.9583E+03,0.011424,0.012032,0.01704,900.0
1.9584E+03,0.010286,0.013021,0.01704,900.0
1.9585E+03,0.009073,0.013893,0.01704,900.0
1.9586E+03,0.007758,0.014673,0.01704,900.0
1.9587E+03,0.006400,0.015318,0.01704,900.0
1.9588E+03,0.005138,0.015766,0.01704,900.0
1.9589E+03,0.003714,0.016157,0.01704,900.0
1.9590E+03,0.002252,0.016425,0.01704,900.0
1.9591E+03,0.000715,0.016561,0.01704,900.0
1.9592E+03,-0.000814,0.016553,0.01704,900.0
1.9593E+03,-0.002277,0.016423,0.01704,900.0
1.9594E+03,-0.003741,0.016156,0.01704,900.0
1.9595E+03,-0.005203,0.015747,0.01704,900.0
1.9596E+03,-0.006615,0.015211,0.01704,900.0
1.9597E+03,-0.007963,0.014571,0.01704,900.0
1.9598E+03,-0.009230,0.013798,0.01704,900.0
1.9599E+03,-0.010487,0.012856,0.01704,900.0
1.9600E+03,-0.011578,0.011826,0.01704,900.0
1.9601E+03,-0.012599,0.010779,0.01704,900.0
1.9602E+03,-0.013555,0.009556,0.01704,900.0
1.9603E+03,-0.014395,0.008261,0.01704,900.0
1.9604E+03,-0.015069,0.006970,0.01704,900.0
1.9605E+03,-0.015575,0.005734,0.01704,900.0
1.9606E+03,-0.016058,0.004237,0.01704,900.0
1.9607E+03,-0.016390,0.002767,0.01704,900.0
1.9608E+03,-0.016575,0.001287,0.01704,900.0
1.9609E+03,-0.016628,-0.000175,0.01704,900.0
1.9610E+03,-0.016551,-0.001634,0.01704,900.0
1.9611E+03,-0.016318,-0.003177,0.01704,900.0
1.9612E+03,-0.015962,-0.004635,0.01704,900.0
1.9613E+03,-0.015481,-0.006077,0.01704,900.0
1.9614E+03,-0.014879,-0.007424,0.01704,900.0
1.9615E+03,-0.014140,-0.008747,0.01704,900.0
1.9616E+03,-0.013267,-0.010034,0.01704,900.0
1.9617E+03,-0.012323,-0.011187,0.01704,900.0
1.9618E+03,-0.011289,-0.012228,0.01704,900.0
1.9619E+03,-0.010129,-0.013207,0.01704,900.0
1.9620E+03,-0.008848,-0.014118,0.01704,900.0
1.9621E+03,-0.007601,-0.014826,0.01704,900.0
1.9622E+03,-0.006372,-0.015386,0.01704,900.0
1.9623E+03,-0.004895,-0.015914,0.01704,900.0
1.9624E+03,-0.003467,-0.016285,0.01704,900.0
1.9625E+03,-0.002016,-0.016524,0.01704,900.0
1.9626E+03,-0.000520,-0.016640,0.01704,900.0
1.9627E+03,0.001028,-0.016617,0.01704,900.0
1.9628E+03,0.002572,-0.016445,0.01704,900.0
1.9629E+03,0.004032,-0.016157,0.01704,0.0
1.9630E+03,0.005450,-0.015738,0.01704,0.0
1.9631E+03,0.006845,-0.015187,0.01704,0.0
1.9632E+03,0.008224,-0.014488,0.01704,0.0
1.9633E+03,0.009478,-0.013709,0.01704,0.0
1.9634E+03,0.010656,-0.012790,0.01704,0.0
1.9635E+03,0.011806,-0.011728,0.01704,0.0
1.9636E+03,0.012751,-0.010696,0.01704,900.0
1.9637E+03,0.013086,-0.010312,0.01704,900.0
1.9638E+03,0.013101,-0.010294,0.01704,900.0
1.9639E+03,0.011619,-0.009853,0.01704,900.0
1.9640E+03,0.006535,-0.008342,0.01704,900.0
1.9641E+03,-0.000881,-0.006137,0.01704,900.0
1.9642E+03,-0.007684,-0.004115,0.01704,900.0
1.9644E+03,-0.009625,-0.003538,0.01704,900.0
1.9645E+03,-0.009627,-0.003532,0.01704,900.0
1.9646E+03,-0.009955,-0.002358,0.01704,900.0
1.9647E+03,-0.010171,-0.000897,0.01704,900.0
1.9648E+03,-0.010202,0.000538,0.01704,900.0
1.9649E+03,-0.009992,0.002007,0.01704,900.0
1.9650E+03,-0.009576,0.003499,0.01704,900.0
1.9651E+03,-0.008947,0.004873,0.01704,900.0
1.9652E+03,-0.008151,0.006110,0.01704,900.0
1.9653E+03,-0.007144,0.007250,0.01704,900.0
1.9654E+03,-0.005981,0.008255,0.01704,900.0
1.9655E+03,-0.004761,0.009004,0.01704,900.0
1.9656E+03,-0.003480,0.009583,0.01704,900.0
1.9657E+03,-0.002013,0.009985,0.01704,900.0
1.9658E+03,-0.000548,0.010163,0.01704,900.0
1.9659E+03,0.000988,0.010122,0.01704,900.0
1.9660E+03,0.002467,0.009868,0.01704,900.0
1.9661E+03,0.003890,0.009397,0.01704,900.0
1.9662E+03,0.005245,0.008716,0.01704,900.0
1.9663E+03,0.006453,0.007876,0.01704,900.0
1.9664E+03,0.007507,0.006891,0.01704,900.0
1.9665E+03,0.008459,0.005692,0.01704,900.0
1.9666E+03,0.009209,0.004399,0.01704,900.0
1.9667E+03,0.009764,0.003030,0.01704,900.0
1.9668E+03,0.010108,0.001526,0.01704,900.0
1.9669E+03,0.010222,-0.000018,0.01704,900.0
1.9670E+03,0.010109,-0.001513,0.01704,900.0
1.9671E+03,0.009774,-0.003002,0.01704,900.0
1.9672E+03,0.009225,-0.004399,0.01704,900.0
1.9673E+03,0.008573,-0.005568,0.01704,900.0
1.9674E+03,0.007703,-0.006749,0.01704,900.0
1.9675E+03,0.006665,-0.007766,0.01704,900.0
1.9676E+03,0.005450,-0.008667,0.01704,900.0
1.9677E+03,0.004034,-0.009431,0.01704,900.0
1.9678E+03,0.002613,-0.009919,0.01704,900.0
1.9679E+03,0.001187,-0.010207,0.01704,900.0
1.9680E+03,-0.000308,-0.010256,0.01704,900.0
1.9681E+03,-0.001768,-0.010103,0.01704,900.0
1.9682E+03,-0.003276,-0.009701,0.01704,0.0
1.9683E+03,-0.004636,-0.009130,0.01704,0.0
1.9684E+03,-0.005913,-0.008352,0.01704,0.0
1.9685E+03,-0.007079,-0.007388,0.01704,0.0
1.9686E+03,-0.008062,-0.006290,0.01704,900.0
1.9687E+03,-0.008891,-0.005058,0.01704,900.0
1.9688E+03,-0.009466,-0.003923,0.01704,900.0
1.9690E+03,-0.009625,-0.003538,0.01704,900.0
1.9691E+03,-0.009708,-0.002418,0.01704,900.0
1.9692E+03,-0.010227,0.004565,0.01704,900.0
1.9693E+03,-0.010579,0.009305,0.01704,900.0
1.9695E+03,-0.010662,0.010427,0.01704,900.0
1.9696E+03,-0.010947,0.010114,0.01704,900.0
1.9697E+03,-0.011684,0.009221,0.01704,900.0
1.9698E+03,-0.012554,0.008008,0.01704,900.0
1.9699E+03,-0.013288,0.006719,0.01704,900.0
1.9700E+03,-0.013922,0.005325,0.01704,900.0
1.9701E+03,-0.014377,0.003970,0.01704,900.0
1.9702E+03,-0.014684,0.002695,0.01704,900.0
1.9703E+03,-0.014859,0.001409,0.01704,900.0
1.9704E+03,-0.014921,-0.000005,0.01704,900.0
1.9705E+03,-0.014841,-0.001523,0.01704,900.0
1.9706E+03,-0.014690,-0.002672,0.01704,900.0
1.9707E+03,-0.014389,-0.003932,0.01704,900.0
1.9708E+03,-0.013993,-0.005189,0.01704,900.0
1.9709E+03,-0.013390,-0.006598,0.01704,900.0
1.9710E+03,-0.012667,-0.007900,0.01704,900.0
1.9711E+03,-0.011834,-0.009123,0.01704,900.0
1.9712E+03,-0.010853,-0.010274,0.01704,900.0
1.9713E+03,-0.009706,-0.011380,0.01704,900.0
1.9714E+03,-0.008525,-0.012289,0.01704,900.0
1.9715E+03,-0.007268,-0.013075,0.01704,900.0
1.9716E+03,-0.005882,-0.013743,0.01704,900.0
1.9717E+03,-0.004929,-0.014121,0.01704,900.0
1.9718E+03,-0.003654,-0.014495,0.01704,900.0
1.9719E+03,-0.002415,-0.014760,0.01704,900.0
1.9720E+03,-0.001151,-0.014906,0.01704,900.0
1.9721E+03,0.000278,-0.014941,0.01704,900.0
1.9722E+03,0.001776,-0.014841,0.01704,900.0
1.9723E+03,0.003265,-0.014588,0.01704,900.0
1.9724E+03,0.004680,-0.014202,0.01704,900.0
1.9725E+03,0.005936,-0.013732,0.01704,900.0
1.9726E+03,0.007349,-0.013026,0.01704,900.0
1.9727E+03,0.008526,-0.012223,0.01704,900.0
1.9728E+03,0.009739,-0.011313,0.01704,900.0
1.9729E+03,0.010689,-0.010447,0.01704,900.0
1.9730E+03,0.011630,-0.009350,0.01704,900.0
1.9731E+03,0.012523,-0.008136,0.01704,900.0
1.9732E+03,0.013260,-0.006859,0.01704,900.0
1.9733E+03,0.013869,-0.005508,0.01704,900.0
1.9734E+03,0.014350,-0.004101,0.01704,900.0
1.9735E+03,0.014693,-0.002617,0.01704,900.0
1.9736E+03,0.014879,-0.001104,0.01704,900.0
1.9737E+03,0.014920,0.000439,0.01704,900.0
1.9738E+03,0.014872,0.001293,0.01704,900.0
1.9739E+03,0.014739,0.002314,0.01704,900.0
1.9740E+03,0.014439,0.003714,0.01704,900.0
1.9741E+03,0.013994,0.005117,0.01704,900.0
1.9742E+03,0.013454,0.006386,0.01704,900.0
1.9743E+03,0.012748,0.007699,0.01704,900.0
1.9744E+03,0.011908,0.008935,0.01704,900.0
1.9745E+03,0.010904,0.010132,0.01704,900.0
1.9746E+03,0.009855,0.011161,0.01704,900.0
1.9747E+03,0.008710,0.012074,0.01704,900.0
1.9748E+03,0.007432,0.012911,0.01704,900.0
1.9749E+03,0.006085,0.013592,0.01704,900.0
1.9750E+03,0.004683,0.014141,0.01704,900.0
1.9751E+03,0.003253,0.014521,0.01704,900.0
1.9752E+03,0.001726,0.014779,0.01704,900.0
1.9753E+03,0.000207,0.014875,0.01704,900.0
1.9754E+03,-0.001196,0.014828,0.01704,900.0
1.9755E+03,-0.002414,0.014691,0.01704,0.0
1.9756E+03,-0.003647,0.014426,0.01704,0.0
1.9757E+03,-0.004880,0.014063,0.01704,0.0
1.9758E+03,-0.005949,0.013639,0.01704,0.0
1.9759E+03,-0.007152,0.013060,0.01704,0.0
1.9760E+03,-0.008476,0.012249,0.01704,900.0
1.9761E+03,-0.009661,0.011345,0.01704,900.0
1.9762E+03,-0.010521,0.010559,0.01704,900.0
1.9764E+03,-0.010662,0.010427,0.01704,900.0
1.9765E+03,-0.010792,0.006979,0.01704,900.0
1.9766E+03,-0.011043,0.000316,0.01704,900.0
1.9767E+03,-0.011202,-0.003912,0.01704,900.0
1.9768E+03,-0.011211,-0.004152,0.01704,900.0
1.9769E+03,-0.011248,-0.004042,0.01704,900.0
1.9770E+03,-0.011425,-0.003444,0.01704,900.0
1.9771E+03,-0.011750,-0.002058,0.01704,900.0
1.9772E+03,-0.011920,-0.000486,0.01704,900.0
1.9773E+03,-0.011888,0.001042,0.01704,900.0
1.9774E+03,-0.011664,0.002485,0.01704,900.0
1.9775E+03,-0.011260,0.003896,0.01704,900.0
1.9776E+03,-0.010715,0.005162,0.01704,900.0
1.9777E+03,-0.009974,0.006466,0.01704,900.0
1.9778E+03,-0.009079,0.007673,0.01704,900.0
1.9779E+03,-0.008023,0.008777,0.01704,900.0
1.9780E+03,-0.006856,0.009706,0.01704,900.0
1.9781E+03,-0.005605,0.010477,0.01704,900.0
1.9782E+03,-0.004209,0.011119,0.01704,900.0
1.9783E+03,-0.002756,0.011570,0.01704,900.0
1.9784E+03,-0.001321,0.011837,0.01704,900.0
1.9785E+03,0.000191,0.011887,0.01704,900.0
1.9786E+03,0.001728,0.011759,0.01704,900.0
1.9787E+03,0.003195,0.011442,0.01704,900.0
1.9788E+03,0.004601,0.010961,0.01704,900.0
1.9789E+03,0.005956,0.010275,0.01704,900.0
1.9790E+03,0.007233,0.009427,0.01704,900.0
1.9791E+03,0.008364,0.008434,0.01704,900.0
1.9792E+03,0.009371,0.007315,0.01704,900.0
1.9793E+03,0.010176,0.006189,0.01704,900.0
1.9794E+03,0.010872,0.004873,0.01704,900.0
1.9795E+03,0.011390,0.003527,0.01704,900.0
1.9796E+03,0.011752,0.001992,0.01704,900.0
1.9797E+03,0.011914,0.000495,0.01704,900.0
1.9798E+03,0.011888,-0.000984,0.01704,900.0
1.9799E+03,0.011665,-0.002466,0.01704,900.0
1.9800E+03,0.011273,-0.003882,0.01704,900.0
1.9801E+03,0.010686,-0.005283,0.01704,900.0
1.9802E+03,0.009934,-0.006609,0.01704,900.0
1.9803E+03,0.009043,-0.007791,0.01704,900.0
1.9804E+03,0.007982,-0.008882,0.01704,900.0
1.9805E+03,0.006763,-0.009844,0.01704,900.0
1.9806E+03,0.005514,-0.010607,0.01704,900.0
1.9807E+03,0.004164,-0.011217,0.01704,900.0
1.9808E+03,0.002648,-0.011682,0.01704,900.0
1.9809E+03,0.001178,-0.011904,0.01704,900.0
1.9810E+03,-0.000140,-0.011949,0.01704,900.0
1.9811E+03,-0.001596,-0.011834,0.01704,900.0
1.9812E+03,-0.003112,-0.011533,0.01704,900.0
1.9813E+03,-0.004546,-0.011054,0.01704,0.0
1.9814E+03,-0.005851,-0.010417,0.01704,0.0
1.9815E+03,-0.007091,-0.009604,0.01704,0.0
1.9816E+03,-0.008249,-0.008626,0.01704,0.0
1.9817E+03,-0.009330,-0.007470,0.01704,0.0
1.9818E+03,-0.010176,-0.006274,0.01704,0.0
1.9819E+03,-0.010896,-0.004909,0.01704,0.0
1.9820E+03,-0.011198,-0.004183,0.01704,0.0
1.9822E+03,-0.011211,-0.004152,0.01704,0.0
1.9823E+03,-0.011211,-0.004150,0.01704,0.0
1.9824E+03,-0.011211,-0.004148,0.01704,0.0
1.9825E+03,-0.011211,-0.004147,0.01704,0.0
1.9826E+03,-0.011211,-0.004146,0.01704,0.0
1.9827E+03,-0.011211,-0.004145,0.01704,0.0
1.9828E+03,-0.011211,-0.004144,0.01704,0.0
1.9829E+03,-0.011211,-0.004143,0.01704,0.0
1.9830E+03,-0.011211,-0.004141,0.01704,0.0
1.9831E+03,-0.011211,-0.004140,0.01704,0.0
1.9832E+03,-0.011211,-0.004139,0.01704,0.0
1.9833E+03,-0.011211,-0.004138,0.01704,0.0
1.9834E+03,-0.011211,-0.004136,0.01704,0.0
1.9835E+03,-0.011211,-0.004135,0.01704,0.0
1.9836E+03,-0.011211,-0.004133,0.01704,0.0
1.9837E+03,-0.011211,-0.004131,0.01704,0.0
1.9838E+03,-0.011211,-0.004130,0.01704,0.0
1.9839E+03,-0.011211,-0.004129,0.01704,0.0
1.9840E+03,-0.011211,-0.004128,0.01704,0.0
1.9842E+03,-0.011211,-0.004127,0.01704,0.0
1.9843E+03,-0.011211,-0.004125,0.01704,0.0
1.9844E+03,-0.011211,-0.004123,0.01704,0.0
1.9845E+03,-0.011211,-0.004122,0.01704,0.0
1.9846E+03,-0.011211,-0.004120,0.01704,0.0
1.9847E+03,-0.011211,-0.004119,0.01704,0.0
1.9848E+03,-0.011211,-0.004118,0.01704,0.0
1.9849E+03,-0.011211,-0.004117,0.01704,0.0
1.9850E+03,-0.011211,-0.004116,0.01704,0.0
1.9852E+03,-0.011211,-0.019709,0.01704,0.0
1.9853E+03,-0.011111,-0.019673,0.01704,0.0
1.9854E+03,-0.010397,-0.019411,0.01704,0.0
1.9855E+03,-0.009467,-0.019070,0.01704,0.0
1.9856E+03,-0.008537,-0.018730,0.01704,0.0
1.9857E+03,-0.007564,-0.018373,0.01704,0.0
1.9858E+03,-0.006615,-0.018026,0.01704,0.0
1.9859E+03,-0.005657,-0.017675,0.01704,0.0
1.9860E+03,-0.004704,-0.017326,0.01704,0.0
1.9861E+03,-0.003756,-0.016978,0.01704,0.0
1.9862E+03,-0.002910,-0.016669,0.01704,0.0
1.9863E+03,-0.002164,-0.016395,0.01704,0.0
