3.0784E+03,-0.006782,0.025253,0.03479,0.0
3.0785E+03,-0.006782,0.025251,0.03479,0.0
3.0786E+03,-0.006782,0.025249,0.03479,0.0
3.0787E+03,-0.006782,0.025248,0.03479,0.0
3.0788E+03,-0.006782,0.025246,0.03479,0.0
3.0789E+03,-0.006782,0.025245,0.03479,0.0
3.0790E+03,-0.006782,0.025243,0.03479,0.0
3.0791E+03,-0.006782,0.025241,0.03479,0.0
3.0792E+03,-0.006782,0.025239,0.03479,0.0
3.0793E+03,-0.006782,0.025237,0.03479,0.0
3.0794E+03,-0.006782,0.025235,0.03479,0.0
3.0795E+03,-0.006782,0.025233,0.03479,0.0
3.0796E+03,-0.006782,0.025232,0.03479,0.0
3.0797E+03,-0.006782,0.025230,0.03479,0.0
3.0798E+03,-0.006782,0.025193,0.03479,0.0
3.0799E+03,-0.006782,0.025145,0.03479,0.0
3.0800E+03,-0.006782,0.025224,0.03479,0.0
3.0801E+03,-0.006782,0.025223,0.03479,0.0
3.0802E+03,-0.006782,0.025220,0.03479,0.0
3.0803E+03,-0.006782,0.025219,0.03479,0.0
3.0806E+03,-0.006782,0.025218,0.03479,0.0
3.0807E+03,-0.006184,0.024634,0.03479,0.0
3.0808E+03,-0.004609,0.023098,0.03479,0.0
3.0809E+03,-0.002521,0.021061,0.03479,0.0
3.0810E+03,-0.000515,0.019104,0.03479,900.0
3.0811E+03,0.001532,0.017108,0.03479,900.0
3.0812E+03,0.003603,0.015087,0.03479,900.0
3.0813E+03,0.005605,0.013135,0.03479,900.0
3.0814E+03,0.007726,0.011066,0.03479,900.0
3.0815E+03,0.009767,0.009075,0.03479,900.0
3.0816E+03,0.011734,0.007156,0.03479,900.0
3.0817E+03,0.013642,0.005295,0.03479,900.0
3.0818E+03,0.014286,0.004667,0.03479,900.0
3.0819E+03,0.014336,0.004618,0.03479,900.0
3.0820E+03,0.014325,0.004650,0.03479,900.0
3.0821E+03,0.014108,0.005210,0.03479,900.0
3.0822E+03,0.013607,0.006405,0.03479,900.0
3.0823E+03,0.012892,0.007736,0.03479,900.0
3.0824E+03,0.012069,0.008981,0.03479,900.0
3.0825E+03,0.011076,0.010160,0.03479,900.0
3.0826E+03,0.010017,0.011205,0.03479,900.0
3.0827E+03,0.008827,0.012162,0.03479,900.0
3.0828E+03,0.007626,0.012941,0.03479,900.0
3.0829E+03,0.006257,0.013645,0.03479,900.0
3.0830E+03,0.004872,0.014198,0.03479,900.0
3.0831E+03,0.003457,0.014610,0.03479,900.0
3.0832E+03,0.001939,0.014883,0.03479,900.0
3.0833E+03,0.000404,0.015003,0.03479,900.0
3.0834E+03,-0.001081,0.014983,0.03479,900.0
3.0835E+03,-0.002445,0.014822,0.03479,900.0
3.0836E+03,-0.003442,0.014623,0.03479,900.0
3.0837E+03,-0.004895,0.014209,0.03479,900.0
3.0838E+03,-0.006335,0.013621,0.03479,900.0
3.0839E+03,-0.007669,0.012924,0.03479,900.0
3.0840E+03,-0.008768,0.012191,0.03479,900.0
3.0841E+03,-0.009957,0.011244,0.03479,900.0
3.0842E+03,-0.011025,0.010205,0.03479,900.0
3.0843E+03,-0.011966,0.009084,0.03479,900.0
3.0844E+03,-0.012764,0.007935,0.03479,900.0
3.0845E+03,-0.013411,0.006800,0.03479,900.0
3.0846E+03,-0.014011,0.005474,0.03479,900.0
3.0847E+03,-0.014495,0.004056,0.03479,900.0
3.0848E+03,-0.014826,0.002617,0.03479,900.0
3.0849E+03,-0.015028,0.001072,0.03479,900.0
3.0850E+03,-0.015050,-0.000384,0.03479,900.0
3.0851E+03,-0.014939,-0.001863,0.03479,900.0
3.0852E+03,-0.014686,-0.003335,0.03479,900.0
3.0853E+03,-0.014255,-0.004840,0.03479,900.0
3.0854E+03,-0.013697,-0.006257,0.03479,900.0
3.0855E+03,-0.013113,-0.007436,0.03479,900.0
3.0856E+03,-0.012436,-0.008515,0.03479,900.0
3.0857E+03,-0.011642,-0.009579,0.03479,900.0
3.0858E+03,-0.010661,-0.010664,0.03479,900.0
3.0859E+03,-0.009550,-0.011689,0.03479,900.0
3.0860E+03,-0.008309,-0.012600,0.03479,900.0
3.0861E+03,-0.007026,-0.013349,0.03479,900.0
3.0862E+03,-0.005613,-0.014009,0.03479,900.0
3.0863E+03,-0.004209,-0.014482,0.03479,900.0
3.0864E+03,-0.003013,-0.014785,0.03479,900.0
3.0865E+03,-0.001778,-0.014977,0.03479,900.0
3.0866E+03,-0.000364,-0.015076,0.03479,900.0
3.0867E+03,0.001158,-0.015040,0.03479,900.0
3.0868E+03,0.002677,-0.014843,0.03479,900.0
3.0869E+03,0.004157,-0.014504,0.03479,900.0
3.0870E+03,0.005592,-0.014014,0.03479,900.0
3.0871E+03,0.006926,-0.013408,0.03479,900.0
3.0872E+03,0.008202,-0.012670,0.03479,900.0
3.0873E+03,0.009462,-0.011760,0.03479,900.0
3.0874E+03,0.010455,-0.010858,0.03479,900.0
3.0875E+03,0.011466,-0.009780,0.03479,900.0
3.0876E+03,0.012406,-0.008548,0.03479,900.0
3.0877E+03,0.013199,-0.007254,0.03479,900.0
3.0878E+03,0.013849,-0.005919,0.03479,0.0
3.0879E+03,0.014368,-0.004506,0.03479,0.0
3.0880E+03,0.014746,-0.003049,0.03479,0.0
3.0881E+03,0.014974,-0.001550,0.03479,0.0
3.0882E+03,0.015072,-0.000021,0.03479,0.0
3.0883E+03,0.014982,0.001502,0.03479,0.0
3.0884E+03,0.014760,0.002948,0.03479,900.0
3.0885E+03,0.014414,0.004330,0.03479,900.0
3.0886E+03,0.014344,0.004592,0.03479,900.0
3.0887E+03,0.014336,0.004618,0.03479,900.0
3.0888E+03,0.012132,0.005141,0.03479,900.0
3.0889E+03,0.006333,0.006515,0.03479,900.0
3.0890E+03,-0.001110,0.008280,0.03479,900.0
3.0891E+03,-0.005993,0.009437,0.03479,900.0
3.0892E+03,-0.006782,0.009624,0.03479,900.0
3.0893E+03,-0.006779,0.009627,0.03479,900.0
3.0894E+03,-0.006639,0.009713,0.03479,900.0
3.0895E+03,-0.005434,0.010443,0.03479,900.0
3.0896E+03,-0.004123,0.011011,0.03479,900.0
3.0897E+03,-0.002621,0.011460,0.03479,900.0
3.0898E+03,-0.001144,0.011686,0.03479,900.0
3.0899E+03,0.000306,0.011737,0.03479,900.0
3.0900E+03,0.001789,0.011601,0.03479,900.0
3.0901E+03,0.003282,0.011272,0.03479,900.0
3.0902E+03,0.004708,0.010758,0.03479,900.0
3.0903E+03,0.006038,0.010083,0.03479,900.0
3.0904E+03,0.007278,0.009229,0.03479,900.0
3.0905E+03,0.008405,0.008222,0.03479,900.0
3.0906E+03,0.009434,0.007043,0.03479,900.0
3.0907E+03,0.010243,0.005828,0.03479,900.0
3.0908E+03,0.010834,0.004624,0.03479,900.0
3.0909E+03,0.011331,0.003171,0.03479,900.0
3.0910E+03,0.011649,0.001750,0.03479,900.0
3.0911E+03,0.011765,0.000236,0.03479,900.0
3.0912E+03,0.011702,-0.001315,0.03479,900.0
3.0913E+03,0.011461,-0.002776,0.03479,900.0
3.0914E+03,0.011028,-0.004160,0.03479,900.0
3.0915E+03,0.010413,-0.005555,0.03479,900.0
3.0916E+03,0.009608,-0.006866,0.03479,900.0
3.0917E+03,0.008698,-0.007988,0.03479,900.0
3.0918E+03,0.007610,-0.009050,0.03479,900.0
3.0919E+03,0.006347,-0.009988,0.03479,900.0
3.0920E+03,0.005091,-0.010673,0.03479,900.0
3.0921E+03,0.003631,-0.011245,0.03479,900.0
3.0922E+03,0.002219,-0.011605,0.03479,900.0
3.0923E+03,0.000707,-0.011787,0.03479,900.0
3.0924E+03,-0.000836,-0.011786,0.03479,900.0
3.0925E+03,-0.002293,-0.011587,0.03479,900.0
3.0926E+03,-0.003589,-0.011256,0.03479,900.0
3.0927E+03,-0.005039,-0.010691,0.03479,900.0
3.0928E+03,-0.006303,-0.009993,0.03479,900.0
3.0929E+03,-0.007528,-0.009130,0.03479,900.0
3.0930E+03,-0.008629,-0.008078,0.03479,900.0
3.0931E+03,-0.009581,-0.006916,0.03479,900.0
3.0932E+03,-0.010390,-0.005608,0.03479,900.0
3.0933E+03,-0.011003,-0.004244,0.03479,900.0
3.0934E+03,-0.011445,-0.002838,0.03479,900.0
3.0935E+03,-0.011701,-0.001342,0.03479,900.0
3.0936E+03,-0.011767,0.000201,0.03479,900.0
3.0937E+03,-0.011653,0.001711,0.03479,0.0
3.0938E+03,-0.011335,0.003167,0.03479,0.0
3.0939E+03,-0.010836,0.004584,0.03479,0.0
3.0940E+03,-0.010176,0.005914,0.03479,0.0
3.0941E+03,-0.009321,0.007187,0.03479,0.0
3.0942E+03,-0.008336,0.008321,0.03479,0.0
3.0943E+03,-0.007286,0.009231,0.03479,0.0
3.0944E+03,-0.006855,0.009570,0.03479,0.0
3.0946E+03,-0.006782,0.009624,0.03479,0.0
3.0947E+03,-0.006782,0.009625,0.03479,0.0
3.0948E+03,-0.006782,0.009627,0.03479,0.0
3.0949E+03,-0.006782,0.009628,0.03479,0.0
3.0950E+03,-0.006782,0.009629,0.03479,0.0
3.0951E+03,-0.006782,0.009630,0.03479,0.0
3.0952E+03,-0.006782,0.009631,0.03479,0.0
3.0953E+03,-0.006782,0.009633,0.03479,0.0
3.0954E+03,-0.006782,0.009634,0.03479,0.0
3.0955E+03,-0.006782,0.009635,0.03479,0.0
3.0956E+03,-0.006782,0.009636,0.03479,0.0
3.0957E+03,-0.006782,0.009637,0.03479,0.0
3.0958E+03,-0.006782,0.009638,0.03479,0.0
3.0960E+03,-0.006782,0.009640,0.03479,0.0
3.0961E+03,-0.006782,0.009642,0.03479,0.0
3.0962E+03,-0.006782,0.009643,0.03479,0.0
3.0963E+03,-0.006782,0.009645,0.03479,0.0
3.0964E+03,-0.006782,0.009646,0.03479,0.0
3.0965E+03,-0.006782,0.009647,0.03479,0.0
3.0966E+03,-0.006782,0.009648,0.03479,0.0
3.0967E+03,-0.006782,0.009649,0.03479,0.0
3.0968E+03,-0.006782,0.009650,0.03479,0.0
3.0969E+03,-0.006782,0.009652,0.03479,0.0
3.0970E+03,-0.006782,0.009653,0.03479,0.0
3.0971E+03,-0.006782,0.009654,0.03479,0.0
3.0972E+03,-0.006782,0.009655,0.03479,0.0
3.0973E+03,-0.006782,0.009656,0.03479,0.0
3.0974E+03,-0.006782,0.009658,0.03479,0.0
3.0975E+03,-0.006782,0.009659,0.03479,0.0
3.0977E+03,-0.006782,0.009660,0.03479,0.0
3.0978E+03,-0.006782,-0.005933,0.03479,0.0
3.0979E+03,-0.006818,-0.005877,0.03479,0.0
3.0980E+03,-0.007348,-0.005044,0.03479,0.0
3.0981E+03,-0.008116,-0.003839,0.03479,0.0
3.0982E+03,-0.008891,-0.002623,0.03479,0.0
3.0983E+03,-0.009633,-0.001457,0.03479,0.0
3.0984E+03,-0.010372,-0.000297,0.03479,0.0
3.0985E+03,-0.011120,0.000878,0.03479,0.0
3.0986E+03,-0.011877,0.002066,0.03479,0.0
3.0987E+03,-0.012650,0.003280,0.03479,0.0
3.0988E+03,-0.013391,0.004444,0.03479,0.0
3.0989E+03,-0.014059,0.005493,0.03479,0.0
3.0990E+03,-0.014122,0.005591,0.03479,0.0
