2.6493E+03,-0.011303,0.018757,0.02556,0.0
2.6494E+03,-0.011303,0.018698,0.02556,0.0
2.6495E+03,-0.011303,0.018769,0.02556,0.0
2.6496E+03,-0.011303,0.018767,0.02556,0.0
2.6497E+03,-0.011303,0.018765,0.02556,0.0
2.6498E+03,-0.011303,0.018763,0.02556,0.0
2.6499E+03,-0.011303,0.018761,0.02556,0.0
2.6500E+03,-0.011303,0.018759,0.02556,0.0
2.6501E+03,-0.011303,0.018757,0.02556,0.0
2.6502E+03,-0.011303,0.018755,0.02556,0.0
2.6503E+03,-0.011303,0.018753,0.02556,0.0
2.6504E+03,-0.011303,0.018751,0.02556,0.0
2.6505E+03,-0.011303,0.018750,0.02556,0.0
2.6506E+03,-0.011303,0.018748,0.02556,0.0
2.6507E+03,-0.011303,0.018746,0.02556,0.0
2.6508E+03,-0.011303,0.018653,0.02556,0.0
2.6509E+03,-0.011303,0.018721,0.02556,0.0
2.6510E+03,-0.011303,0.018740,0.02556,0.0
2.6511E+03,-0.011303,0.018738,0.02556,0.0
2.6512E+03,-0.011303,0.018706,0.02556,0.0
2.6513E+03,-0.011303,0.018710,0.02556,0.0
2.6514E+03,-0.011303,0.018736,0.02556,0.0
2.6515E+03,-0.011042,0.018263,0.02556,0.0
2.6516E+03,-0.009903,0.016197,0.02556,0.0
2.6517E+03,-0.008217,0.013141,0.02556,0.0
2.6518E+03,-0.006525,0.010074,0.02556,0.0
2.6519E+03,-0.004867,0.007069,0.02556,900.0
2.6520E+03,-0.003259,0.004153,0.02556,900.0
2.6521E+03,-0.001600,0.001145,0.02556,900.0
2.6522E+03,0.000081,-0.001903,0.02556,900.0
2.6523E+03,0.001767,-0.004959,0.02556,900.0
2.6524E+03,0.003460,-0.008028,0.02556,900.0
2.6525E+03,0.005146,-0.011084,0.02556,900.0
2.6526E+03,0.006315,-0.013202,0.02556,900.0
2.6528E+03,0.006573,-0.013671,0.02556,900.0
2.6529E+03,0.006664,-0.013623,0.02556,900.0
2.6530E+03,0.007569,-0.013133,0.02556,900.0
2.6531E+03,0.008830,-0.012315,0.02556,900.0
2.6532E+03,0.010014,-0.011360,0.02556,900.0
2.6533E+03,0.011007,-0.010390,0.02556,900.0
2.6534E+03,0.011959,-0.009275,0.02556,900.0
2.6535E+03,0.012797,-0.008070,0.02556,900.0
2.6536E+03,0.013536,-0.006748,0.02556,900.0
2.6537E+03,0.014142,-0.005357,0.02556,900.0
2.6538E+03,0.014604,-0.003911,0.02556,900.0
2.6539E+03,0.014929,-0.002398,0.02556,900.0
2.6540E+03,0.015097,-0.000891,0.02556,900.0
2.6541E+03,0.015108,0.000564,0.02556,900.0
2.6542E+03,0.014972,0.002119,0.02556,900.0
2.6543E+03,0.014687,0.003565,0.02556,900.0
2.6544E+03,0.014248,0.005021,0.02556,900.0
2.6545E+03,0.013663,0.006429,0.02556,900.0
2.6546E+03,0.012984,0.007706,0.02556,900.0
2.6547E+03,0.012135,0.008964,0.02556,900.0
2.6548E+03,0.011167,0.010137,0.02556,900.0
2.6549E+03,0.010096,0.011204,0.02556,900.0
2.6550E+03,0.009035,0.012078,0.02556,900.0
2.6551E+03,0.007817,0.012906,0.02556,900.0
2.6552E+03,0.006494,0.013628,0.02556,900.0
2.6553E+03,0.005107,0.014205,0.02556,900.0
2.6554E+03,0.003689,0.014630,0.02556,900.0
2.6555E+03,0.002217,0.014920,0.02556,900.0
2.6556E+03,0.000707,0.015060,0.02556,900.0
2.6557E+03,-0.000835,0.015052,0.02556,900.0
2.6558E+03,-0.002325,0.014894,0.02556,900.0
2.6559E+03,-0.003714,0.014616,0.02556,900.0
2.6560E+03,-0.004915,0.014259,0.02556,900.0
2.6561E+03,-0.006076,0.013801,0.02556,900.0
2.6562E+03,-0.007425,0.013126,0.02556,900.0
2.6563E+03,-0.008723,0.012318,0.02556,900.0
2.6564E+03,-0.009855,0.011437,0.02556,900.0
2.6565E+03,-0.010984,0.010363,0.02556,900.0
2.6566E+03,-0.011940,0.009247,0.02556,900.0
2.6567E+03,-0.012743,0.008098,0.02556,900.0
2.6568E+03,-0.013494,0.006758,0.02556,900.0
2.6569E+03,-0.014111,0.005369,0.02556,900.0
2.6570E+03,-0.014570,0.003979,0.02556,900.0
2.6571E+03,-0.014889,0.002521,0.02556,900.0
2.6572E+03,-0.015073,0.001016,0.02556,900.0
2.6573E+03,-0.015111,-0.000460,0.02556,900.0
2.6574E+03,-0.014990,-0.001968,0.02556,900.0
2.6575E+03,-0.014727,-0.003457,0.02556,900.0
2.6576E+03,-0.014311,-0.004949,0.02556,900.0
2.6577E+03,-0.013776,-0.006279,0.02556,900.0
2.6578E+03,-0.013048,-0.007668,0.02556,900.0
2.6579E+03,-0.012224,-0.008934,0.02556,900.0
2.6580E+03,-0.011261,-0.010112,0.02556,900.0
2.6581E+03,-0.010205,-0.011182,0.02556,900.0
2.6582E+03,-0.009055,-0.012134,0.02556,900.0
2.6583E+03,-0.007826,-0.012964,0.02556,900.0
2.6584E+03,-0.006498,-0.013673,0.02556,900.0
2.6585E+03,-0.005333,-0.014184,0.02556,900.0
2.6586E+03,-0.004219,-0.014555,0.02556,0.0
2.6587E+03,-0.002891,-0.014886,0.02556,0.0
2.6588E+03,-0.001439,-0.015090,0.02556,0.0
2.6589E+03,0.000041,-0.015161,0.02556,0.0
2.6590E+03,0.001602,-0.015069,0.02556,0.0
2.6591E+03,0.003051,-0.014841,0.02556,0.0
2.6592E+03,0.004476,-0.014470,0.02556,0.0
2.6593E+03,0.005875,-0.013959,0.02556,900.0
2.6594E+03,0.006512,-0.013699,0.02556,900.0
2.6595E+03,0.006573,-0.013671,0.02556,900.0
2.6596E+03,0.005672,-0.012823,0.02556,900.0
2.6597E+03,0.002191,-0.009550,0.02556,900.0
2.6598E+03,-0.003496,-0.004201,0.02556,900.0
2.6599E+03,-0.008967,0.000945,0.02556,900.0
2.6602E+03,-0.011303,0.003142,0.02556,900.0
2.6603E+03,-0.011043,0.003919,0.02556,900.0
2.6604E+03,-0.010481,0.005194,0.02556,900.0
2.6605E+03,-0.009708,0.006512,0.02556,900.0
2.6606E+03,-0.008808,0.007690,0.02556,900.0
2.6607E+03,-0.007764,0.008735,0.02556,900.0
2.6608E+03,-0.006551,0.009673,0.02556,900.0
2.6609E+03,-0.005234,0.010452,0.02556,900.0
2.6610E+03,-0.003848,0.011042,0.02556,900.0
2.6611E+03,-0.002472,0.011439,0.02556,900.0
2.6612E+03,-0.000978,0.011663,0.02556,900.0
2.6613E+03,0.000547,0.011678,0.02556,900.0
2.6614E+03,0.002048,0.011510,0.02556,900.0
2.6615E+03,0.003531,0.011135,0.02556,900.0
2.6616E+03,0.004908,0.010606,0.02556,900.0
2.6617E+03,0.006223,0.009886,0.02556,900.0
2.6618E+03,0.007449,0.008998,0.02556,900.0
2.6619E+03,0.008560,0.007957,0.02556,900.0
2.6620E+03,0.009452,0.006890,0.02556,900.0
2.6621E+03,0.010287,0.005614,0.02556,900.0
2.6622E+03,0.010917,0.004261,0.02556,900.0
2.6623E+03,0.011365,0.002882,0.02556,900.0
2.6624E+03,0.011649,0.001363,0.02556,900.0
2.6625E+03,0.011724,-0.000132,0.02556,900.0
2.6626E+03,0.011613,-0.001618,0.02556,900.0
2.6627E+03,0.011311,-0.003102,0.02556,900.0
2.6628E+03,0.010814,-0.004534,0.02556,900.0
2.6629E+03,0.010167,-0.005860,0.02556,900.0
2.6630E+03,0.009339,-0.007097,0.02556,900.0
2.6631E+03,0.008347,-0.008255,0.02556,900.0
2.6632E+03,0.007222,-0.009263,0.02556,900.0
2.6633E+03,0.005962,-0.010129,0.02556,900.0
2.6634E+03,0.004604,-0.010828,0.02556,900.0
2.6635E+03,0.003241,-0.011318,0.02556,900.0
2.6636E+03,0.001793,-0.011632,0.02556,900.0
2.6637E+03,0.000404,-0.011754,0.02556,900.0
2.6638E+03,-0.001108,-0.011698,0.02556,900.0
2.6639E+03,-0.002559,-0.011468,0.02556,900.0
2.6640E+03,-0.003995,-0.011045,0.02556,900.0
2.6641E+03,-0.005417,-0.010419,0.02556,900.0
2.6642E+03,-0.006709,-0.009642,0.02556,900.0
2.6643E+03,-0.007862,-0.008719,0.02556,900.0
2.6644E+03,-0.008943,-0.007610,0.02556,0.0
2.6645E+03,-0.009812,-0.006462,0.02556,0.0
2.6646E+03,-0.010579,-0.005110,0.02556,0.0
2.6647E+03,-0.011149,-0.003707,0.02556,0.0
2.6648E+03,-0.011526,-0.002233,0.02556,0.0
2.6649E+03,-0.011695,-0.000824,0.02556,0.0
2.6650E+03,-0.011699,0.000698,0.02556,0.0
2.6651E+03,-0.011493,0.002197,0.02556,0.0
2.6652E+03,-0.011334,0.003017,0.02556,0.0
2.6654E+03,-0.011303,0.003142,0.02556,0.0
2.6655E+03,-0.011303,0.003144,0.02556,0.0
2.6656E+03,-0.011303,0.003164,0.02556,0.0
2.6657E+03,-0.011303,0.003251,0.02556,0.0
2.6658E+03,-0.011303,0.003147,0.02556,0.0
2.6659E+03,-0.011303,0.003148,0.02556,0.0
2.6660E+03,-0.011303,0.003150,0.02556,0.0
2.6661E+03,-0.011303,0.003151,0.02556,0.0
2.6662E+03,-0.011303,0.003152,0.02556,0.0
2.6663E+03,-0.011303,0.003153,0.02556,0.0
2.6664E+03,-0.011303,0.003154,0.02556,0.0
2.6665E+03,-0.011303,0.003156,0.02556,0.0
2.6666E+03,-0.011303,0.003157,0.02556,0.0
2.6667E+03,-0.011303,0.003158,0.02556,0.0
2.6668E+03,-0.011303,0.003159,0.02556,0.0
2.6669E+03,-0.011303,0.003161,0.02556,0.0
2.6670E+03,-0.011303,0.003163,0.02556,0.0
2.6672E+03,-0.011303,0.003164,0.02556,0.0
2.6673E+03,-0.011303,0.003247,0.02556,0.0
2.6674E+03,-0.011303,0.003212,0.02556,0.0
2.6675E+03,-0.011303,0.003168,0.02556,0.0
2.6676E+03,-0.011303,0.003169,0.02556,0.0
2.6677E+03,-0.011303,0.003171,0.02556,0.0
2.6678E+03,-0.011303,0.003172,0.02556,0.0
2.6679E+03,-0.011303,0.003173,0.02556,0.0
2.6680E+03,-0.011303,0.003174,0.02556,0.0
2.6681E+03,-0.011303,0.003176,0.02556,0.0
2.6682E+03,-0.011303,0.003177,0.02556,0.0
2.6684E+03,-0.011303,0.003178,0.02556,0.0
2.6685E+03,-0.011303,-0.012415,0.02556,0.0
2.6686E+03,-0.011260,-0.012136,0.02556,0.0
2.6687E+03,-0.010983,-0.010312,0.02556,0.0
2.6688E+03,-0.010594,-0.007756,0.02556,0.0
2.6689E+03,-0.010244,-0.005456,0.02556,0.0
2.6690E+03,-0.009864,-0.002959,0.02556,0.0
2.6691E+03,-0.009496,-0.000545,0.02556,0.0
2.6692E+03,-0.009107,0.002014,0.02556,0.0
2.6693E+03,-0.008721,0.004548,0.02556,0.0
2.6694E+03,-0.008326,0.007143,0.02556,0.0
2.6695E+03,-0.007938,0.009691,0.02556,0.0
2.6696E+03,-0.007574,0.012083,0.02556,0.0
2.6697E+03,-0.007446,0.012923,0.02556,0.0
