2.7154E+03,-0.011138,0.020045,0.02698,0.0
2.7155E+03,-0.011138,0.020043,0.02698,0.0
2.7156E+03,-0.011138,0.020042,0.02698,0.0
2.7157E+03,-0.011138,0.020040,0.02698,0.0
2.7158E+03,-0.011138,0.020038,0.02698,0.0
2.7159E+03,-0.011138,0.020036,0.02698,0.0
2.7160E+03,-0.011138,0.020034,0.02698,0.0
2.7161E+03,-0.011138,0.020032,0.02698,0.0
2.7162E+03,-0.011138,0.020030,0.02698,0.0
2.7163E+03,-0.011138,0.020028,0.02698,0.0
2.7164E+03,-0.011138,0.020026,0.02698,0.0
2.7165E+03,-0.011138,0.020025,0.02698,0.0
2.7166E+03,-0.011138,0.020023,0.02698,0.0
2.7167E+03,-0.011138,0.020021,0.02698,0.0
2.7168E+03,-0.011138,0.020019,0.02698,0.0
2.7169E+03,-0.011138,0.020017,0.02698,0.0
2.7170E+03,-0.011138,0.020015,0.02698,0.0
2.7171E+03,-0.011138,0.020013,0.02698,0.0
2.7172E+03,-0.011138,0.020011,0.02698,0.0
2.7175E+03,-0.011138,0.020010,0.02698,0.0
2.7176E+03,-0.011102,0.019654,0.02698,0.0
2.7177E+03,-0.011020,0.018835,0.02698,0.0
2.7178E+03,-0.010926,0.017900,0.02698,0.0
2.7179E+03,-0.010832,0.016959,0.02698,900.0
2.7180E+03,-0.010736,0.016004,0.02698,900.0
2.7181E+03,-0.010651,0.015157,0.02698,900.0
2.7182E+03,-0.010550,0.014155,0.02698,900.0
2.7183E+03,-0.010457,0.013227,0.02698,900.0
2.7184E+03,-0.010360,0.012266,0.02698,900.0
2.7185E+03,-0.010266,0.011332,0.02698,900.0
2.7186E+03,-0.010222,0.010888,0.02698,900.0
2.7188E+03,-0.010212,0.010791,0.02698,900.0
2.7189E+03,-0.010587,0.010409,0.02698,900.0
2.7190E+03,-0.011352,0.009551,0.02698,900.0
2.7191E+03,-0.012276,0.008346,0.02698,900.0
2.7192E+03,-0.013052,0.007056,0.02698,900.0
2.7193E+03,-0.013732,0.005654,0.02698,900.0
2.7194E+03,-0.014251,0.004230,0.02698,900.0
2.7195E+03,-0.014524,0.003189,0.02698,900.0
2.7196E+03,-0.014758,0.001842,0.02698,900.0
2.7197E+03,-0.014866,0.000380,0.02698,900.0
2.7198E+03,-0.014828,-0.001050,0.02698,900.0
2.7199E+03,-0.014648,-0.002527,0.02698,900.0
2.7200E+03,-0.014415,-0.003678,0.02698,900.0
2.7201E+03,-0.014029,-0.004922,0.02698,900.0
2.7202E+03,-0.013456,-0.006344,0.02698,900.0
2.7203E+03,-0.012759,-0.007647,0.02698,900.0
2.7204E+03,-0.011907,-0.008928,0.02698,900.0
2.7205E+03,-0.010953,-0.010092,0.02698,900.0
2.7206E+03,-0.009859,-0.011175,0.02698,900.0
2.7207E+03,-0.008681,-0.012120,0.02698,900.0
2.7208E+03,-0.007416,-0.012936,0.02698,900.0
2.7209E+03,-0.006123,-0.013586,0.02698,900.0
2.7210E+03,-0.004735,-0.014123,0.02698,900.0
2.7211E+03,-0.003236,-0.014539,0.02698,900.0
2.7212E+03,-0.001781,-0.014787,0.02698,900.0
2.7213E+03,-0.000305,-0.014890,0.02698,900.0
2.7214E+03,0.001211,-0.014845,0.02698,900.0
2.7215E+03,0.002557,-0.014677,0.02698,900.0
2.7216E+03,0.004009,-0.014349,0.02698,900.0
2.7217E+03,0.005463,-0.013871,0.02698,900.0
2.7218E+03,0.006821,-0.013256,0.02698,900.0
2.7219E+03,0.008107,-0.012507,0.02698,900.0
2.7220E+03,0.009350,-0.011589,0.02698,900.0
2.7221E+03,0.010503,-0.010552,0.02698,900.0
2.7222E+03,0.011482,-0.009474,0.02698,900.0
2.7223E+03,0.012376,-0.008259,0.02698,900.0
2.7224E+03,0.013144,-0.006958,0.02698,900.0
2.7225E+03,0.013773,-0.005607,0.02698,900.0
2.7226E+03,0.014271,-0.004191,0.02698,900.0
2.7227E+03,0.014597,-0.002864,0.02698,900.0
2.7228E+03,0.014768,-0.001690,0.02698,900.0
2.7229E+03,0.014866,-0.000216,0.02698,900.0
2.7230E+03,0.014820,0.001305,0.02698,900.0
2.7231E+03,0.014653,0.002555,0.02698,900.0
2.7232E+03,0.014405,0.003646,0.02698,900.0
2.7233E+03,0.013961,0.005055,0.02698,900.0
2.7234E+03,0.013376,0.006448,0.02698,900.0
2.7235E+03,0.012675,0.007724,0.02698,900.0
2.7236E+03,0.011838,0.008935,0.02698,900.0
2.7237E+03,0.010878,0.010091,0.02698,900.0
2.7238E+03,0.009798,0.011138,0.02698,900.0
2.7239E+03,0.008614,0.012070,0.02698,900.0
2.7240E+03,0.007320,0.012903,0.02698,900.0
2.7241E+03,0.005953,0.013591,0.02698,900.0
2.7242E+03,0.004567,0.014123,0.02698,900.0
2.7243E+03,0.003117,0.014514,0.02698,900.0
2.7244E+03,0.001577,0.014743,0.02698,900.0
2.7245E+03,0.000142,0.014829,0.02698,900.0
2.7246E+03,-0.001368,0.014765,0.02698,0.0
2.7247E+03,-0.002902,0.014535,0.02698,0.0
2.7248E+03,-0.004371,0.014161,0.02698,0.0
2.7249E+03,-0.005624,0.013719,0.02698,900.0
2.7250E+03,-0.006956,0.013101,0.02698,900.0
2.7251E+03,-0.008260,0.012321,0.02698,900.0
2.7252E+03,-0.009484,0.011429,0.02698,900.0
2.7254E+03,-0.010212,0.010791,0.02698,900.0
2.7255E+03,-0.010221,0.010729,0.02698,900.0
2.7256E+03,-0.010915,0.005951,0.02698,900.0
2.7257E+03,-0.011131,0.004462,0.02698,900.0
2.7258E+03,-0.011138,0.004416,0.02698,900.0
2.7259E+03,-0.011016,0.004692,0.02698,900.0
2.7260E+03,-0.010556,0.005634,0.02698,900.0
2.7261E+03,-0.009780,0.006927,0.02698,900.0
2.7262E+03,-0.008783,0.008083,0.02698,900.0
2.7263E+03,-0.007656,0.009165,0.02698,900.0
2.7264E+03,-0.006465,0.010045,0.02698,900.0
2.7265E+03,-0.005137,0.010787,0.02698,900.0
2.7266E+03,-0.003921,0.011287,0.02698,900.0
2.7267E+03,-0.002443,0.011689,0.02698,900.0
2.7268E+03,-0.000976,0.011888,0.02698,900.0
2.7269E+03,0.000559,0.011911,0.02698,900.0
2.7270E+03,0.002056,0.011757,0.02698,900.0
2.7271E+03,0.003485,0.011405,0.02698,900.0
2.7272E+03,0.004902,0.010877,0.02698,900.0
2.7273E+03,0.006265,0.010158,0.02698,900.0
2.7274E+03,0.007491,0.009301,0.02698,900.0
2.7275E+03,0.008558,0.008348,0.02698,900.0
2.7276E+03,0.009557,0.007191,0.02698,900.0
2.7277E+03,0.010381,0.005959,0.02698,900.0
2.7278E+03,0.011050,0.004619,0.02698,900.0
2.7279E+03,0.011542,0.003157,0.02698,900.0
2.7280E+03,0.011845,0.001679,0.02698,900.0
2.7281E+03,0.011968,0.000139,0.02698,900.0
2.7282E+03,0.011892,-0.001344,0.02698,900.0
2.7283E+03,0.011671,-0.002653,0.02698,900.0
2.7284E+03,0.011258,-0.004089,0.02698,900.0
2.7285E+03,0.010658,-0.005477,0.02698,900.0
2.7286E+03,0.009881,-0.006806,0.02698,900.0
2.7287E+03,0.008960,-0.007980,0.02698,900.0
2.7288E+03,0.007918,-0.009031,0.02698,900.0
2.7289E+03,0.006736,-0.009950,0.02698,900.0
2.7290E+03,0.005402,-0.010728,0.02698,900.0
2.7291E+03,0.003977,-0.011331,0.02698,900.0
2.7292E+03,0.002531,-0.011732,0.02698,900.0
2.7293E+03,0.001041,-0.011950,0.02698,900.0
2.7294E+03,-0.000427,-0.011995,0.02698,900.0
2.7295E+03,-0.001905,-0.011847,0.02698,900.0
2.7296E+03,-0.003391,-0.011509,0.02698,900.0
2.7297E+03,-0.004799,-0.010996,0.02698,900.0
2.7298E+03,-0.006128,-0.010321,0.02698,900.0
2.7299E+03,-0.007362,-0.009473,0.02698,900.0
2.7300E+03,-0.008454,-0.008544,0.02698,900.0
2.7301E+03,-0.009372,-0.007504,0.02698,900.0
2.7302E+03,-0.010251,-0.006215,0.02698,900.0
2.7303E+03,-0.010962,-0.004839,0.02698,0.0
2.7304E+03,-0.011471,-0.003441,0.02698,0.0
2.7305E+03,-0.011803,-0.002006,0.02698,0.0
2.7306E+03,-0.011951,-0.000532,0.02698,0.0
2.7307E+03,-0.011915,0.000996,0.02698,0.0
2.7308E+03,-0.011695,0.002500,0.02698,0.0
2.7309E+03,-0.011387,0.003710,0.02698,0.0
2.7312E+03,-0.011138,0.004416,0.02698,0.0
2.7313E+03,-0.011138,0.004418,0.02698,0.0
2.7314E+03,-0.011138,0.004419,0.02698,0.0
2.7315E+03,-0.011138,0.004420,0.02698,0.0
2.7316E+03,-0.011138,0.004422,0.02698,0.0
2.7317E+03,-0.011138,0.004423,0.02698,0.0
2.7318E+03,-0.011138,0.004424,0.02698,0.0
2.7319E+03,-0.011138,0.004425,0.02698,0.0
2.7320E+03,-0.011138,0.004426,0.02698,0.0
2.7321E+03,-0.011138,0.004428,0.02698,0.0
2.7322E+03,-0.011138,0.004429,0.02698,0.0
2.7323E+03,-0.011138,0.004430,0.02698,0.0
2.7324E+03,-0.011138,0.004431,0.02698,0.0
2.7325E+03,-0.011138,0.004432,0.02698,0.0
2.7326E+03,-0.011138,0.004433,0.02698,0.0
2.7327E+03,-0.011138,0.004435,0.02698,0.0
2.7328E+03,-0.011138,0.004437,0.02698,0.0
2.7329E+03,-0.011138,0.004438,0.02698,0.0
2.7330E+03,-0.011138,0.004439,0.02698,0.0
2.7331E+03,-0.011138,0.004440,0.02698,0.0
2.7332E+03,-0.011138,0.004441,0.02698,0.0
2.7333E+03,-0.011138,0.004442,0.02698,0.0
2.7334E+03,-0.011138,0.004443,0.02698,0.0
2.7335E+03,-0.011138,0.004445,0.02698,0.0
2.7336E+03,-0.011138,0.004446,0.02698,0.0
2.7337E+03,-0.011138,0.004447,0.02698,0.0
2.7338E+03,-0.011138,0.004449,0.02698,0.0
2.7339E+03,-0.011138,0.004450,0.02698,0.0
2.7340E+03,-0.011138,0.004451,0.02698,0.0
2.7341E+03,-0.011138,0.004452,0.02698,0.0
2.7343E+03,-0.011138,-0.011141,0.02698,0.0
2.7344E+03,-0.011119,-0.010654,0.02698,0.0
2.7345E+03,-0.011051,-0.008968,0.02698,0.0
2.7346E+03,-0.010964,-0.006769,0.02698,0.0
2.7347E+03,-0.010878,-0.004613,0.02698,0.0
2.7348E+03,-0.010789,-0.002383,0.02698,0.0
2.7349E+03,-0.010702,-0.000195,0.02698,0.0
2.7350E+03,-0.010613,0.002015,0.02698,0.0
2.7351E+03,-0.010537,0.003935,0.02698,0.0
2.7352E+03,-0.010452,0.006075,0.02698,0.0
2.7353E+03,-0.010363,0.008286,0.02698,0.0
2.7354E+03,-0.010296,0.009977,0.02698,0.0
