2.6035E+03,-0.013043,0.018310,0.02485,0.0
2.6036E+03,-0.013043,0.018309,0.02485,0.0
2.6037E+03,-0.013043,0.018282,0.02485,0.0
2.6038E+03,-0.013043,0.018211,0.02485,0.0
2.6039E+03,-0.013043,0.018303,0.02485,0.0
2.6040E+03,-0.013043,0.018301,0.02485,0.0
2.6041E+03,-0.013043,0.018299,0.02485,0.0
2.6042E+03,-0.013043,0.018297,0.02485,0.0
2.6043E+03,-0.013043,0.018295,0.02485,0.0
2.6044E+03,-0.013043,0.018293,0.02485,0.0
2.6045E+03,-0.013043,0.018291,0.02485,0.0
2.6046E+03,-0.013043,0.018289,0.02485,0.0
2.6047E+03,-0.013043,0.018288,0.02485,0.0
2.6048E+03,-0.013043,0.018286,0.02485,0.0
2.6049E+03,-0.013043,0.018284,0.02485,0.0
2.6050E+03,-0.013043,0.018282,0.02485,0.0
2.6051E+03,-0.013043,0.018280,0.02485,0.0
2.6052E+03,-0.013043,0.018278,0.02485,0.0
2.6053E+03,-0.013043,0.018276,0.02485,0.0
2.6055E+03,-0.013043,0.018275,0.02485,0.0
2.6056E+03,-0.013040,0.018259,0.02485,0.0
2.6057E+03,-0.012960,0.017824,0.02485,0.0
2.6058E+03,-0.012813,0.017029,0.02485,0.0
2.6059E+03,-0.012657,0.016182,0.02485,0.0
2.6060E+03,-0.012502,0.015345,0.02485,900.0
2.6061E+03,-0.012341,0.014472,0.02485,900.0
2.6062E+03,-0.012183,0.013617,0.02485,900.0
2.6063E+03,-0.012038,0.012833,0.02485,900.0
2.6064E+03,-0.011878,0.011964,0.02485,900.0
2.6065E+03,-0.011725,0.011137,0.02485,900.0
2.6066E+03,-0.011570,0.010295,0.02485,900.0
2.6067E+03,-0.011518,0.010014,0.02485,900.0
2.6068E+03,-0.011512,0.009983,0.02485,900.0
2.6069E+03,-0.011554,0.009931,0.02485,900.0
2.6070E+03,-0.011964,0.009397,0.02485,900.0
2.6071E+03,-0.012811,0.008212,0.02485,900.0
2.6072E+03,-0.013583,0.006873,0.02485,900.0
2.6073E+03,-0.014181,0.005552,0.02485,900.0
2.6074E+03,-0.014674,0.004094,0.02485,900.0
2.6075E+03,-0.015027,0.002608,0.02485,900.0
2.6076E+03,-0.015204,0.001189,0.02485,900.0
2.6077E+03,-0.015240,-0.000346,0.02485,900.0
2.6078E+03,-0.015131,-0.001858,0.02485,900.0
2.6079E+03,-0.014872,-0.003349,0.02485,900.0
2.6080E+03,-0.014476,-0.004784,0.02485,900.0
2.6081E+03,-0.013983,-0.006073,0.02485,900.0
2.6082E+03,-0.013319,-0.007438,0.02485,900.0
2.6083E+03,-0.012551,-0.008677,0.02485,900.0
2.6084E+03,-0.011617,-0.009900,0.02485,900.0
2.6085E+03,-0.010587,-0.011011,0.02485,900.0
2.6086E+03,-0.009502,-0.011973,0.02485,900.0
2.6087E+03,-0.008275,-0.012846,0.02485,900.0
2.6088E+03,-0.006948,-0.013605,0.02485,900.0
2.6089E+03,-0.005570,-0.014221,0.02485,900.0
2.6090E+03,-0.004122,-0.014704,0.02485,900.0
2.6091E+03,-0.002623,-0.015039,0.02485,900.0
2.6092E+03,-0.001159,-0.015234,0.02485,900.0
2.6093E+03,0.000355,-0.015258,0.02485,900.0
2.6094E+03,0.001879,-0.015162,0.02485,900.0
2.6095E+03,0.003306,-0.014914,0.02485,900.0
2.6096E+03,0.004784,-0.014510,0.02485,900.0
2.6097E+03,0.006190,-0.013963,0.02485,900.0
2.6098E+03,0.007448,-0.013344,0.02485,900.0
2.6099E+03,0.008656,-0.012594,0.02485,900.0
2.6100E+03,0.009835,-0.011675,0.02485,900.0
2.6101E+03,0.010946,-0.010635,0.02485,900.0
2.6102E+03,0.011964,-0.009470,0.02485,900.0
2.6103E+03,0.012836,-0.008244,0.02485,900.0
2.6104E+03,0.013581,-0.006937,0.02485,900.0
2.6105E+03,0.014210,-0.005533,0.02485,900.0
2.6106E+03,0.014687,-0.004099,0.02485,900.0
2.6107E+03,0.015007,-0.002661,0.02485,900.0
2.6108E+03,0.015201,-0.001159,0.02485,900.0
2.6109E+03,0.015245,0.000308,0.02485,900.0
2.6110E+03,0.015131,0.001880,0.02485,900.0
2.6111E+03,0.014875,0.003341,0.02485,900.0
2.6112E+03,0.014484,0.004731,0.02485,900.0
2.6113E+03,0.013922,0.006163,0.02485,900.0
2.6114E+03,0.013233,0.007517,0.02485,900.0
2.6115E+03,0.012411,0.008801,0.02485,900.0
2.6116E+03,0.011595,0.009848,0.02485,900.0
2.6117E+03,0.010586,0.010917,0.02485,900.0
2.6118E+03,0.009433,0.011928,0.02485,900.0
2.6119E+03,0.008201,0.012817,0.02485,900.0
2.6120E+03,0.006890,0.013560,0.02485,900.0
2.6121E+03,0.005487,0.014198,0.02485,900.0
2.6122E+03,0.004050,0.014672,0.02485,900.0
2.6123E+03,0.002572,0.014990,0.02485,900.0
2.6124E+03,0.001140,0.015164,0.02485,900.0
2.6125E+03,-0.000369,0.015197,0.02485,900.0
2.6126E+03,-0.001908,0.015076,0.02485,900.0
2.6127E+03,-0.003389,0.014817,0.02485,0.0
2.6128E+03,-0.004801,0.014425,0.02485,0.0
2.6129E+03,-0.006186,0.013885,0.02485,0.0
2.6130E+03,-0.007539,0.013204,0.02485,900.0
2.6131E+03,-0.008820,0.012398,0.02485,900.0
2.6132E+03,-0.010027,0.011451,0.02485,900.0
2.6133E+03,-0.010978,0.010545,0.02485,900.0
2.6134E+03,-0.011454,0.010046,0.02485,900.0
2.6135E+03,-0.011512,0.009983,0.02485,900.0
2.6136E+03,-0.011501,0.009376,0.02485,900.0
2.6137E+03,-0.011419,0.004659,0.02485,900.0
2.6138E+03,-0.011378,0.002351,0.02485,900.0
2.6139E+03,-0.011378,0.002332,0.02485,900.0
2.6140E+03,-0.011290,0.002676,0.02485,900.0
2.6141E+03,-0.011002,0.003624,0.02485,900.0
2.6142E+03,-0.010438,0.005013,0.02485,900.0
2.6143E+03,-0.009693,0.006341,0.02485,900.0
2.6144E+03,-0.008793,0.007537,0.02485,900.0
2.6145E+03,-0.007707,0.008643,0.02485,900.0
2.6146E+03,-0.006506,0.009581,0.02485,900.0
2.6147E+03,-0.005241,0.010307,0.02485,900.0
2.6148E+03,-0.003856,0.010903,0.02485,900.0
2.6149E+03,-0.002401,0.011301,0.02485,900.0
2.6150E+03,-0.000888,0.011515,0.02485,900.0
2.6151E+03,0.000431,0.011553,0.02485,900.0
2.6152E+03,0.001887,0.011396,0.02485,900.0
2.6153E+03,0.003412,0.011043,0.02485,900.0
2.6154E+03,0.004851,0.010502,0.02485,900.0
2.6155E+03,0.006146,0.009803,0.02485,900.0
2.6156E+03,0.007332,0.008967,0.02485,900.0
2.6157E+03,0.008489,0.007872,0.02485,900.0
2.6158E+03,0.009396,0.006767,0.02485,900.0
2.6159E+03,0.010213,0.005453,0.02485,900.0
2.6160E+03,0.010843,0.004060,0.02485,900.0
2.6161E+03,0.011285,0.002612,0.02485,900.0
2.6162E+03,0.011523,0.001140,0.02485,900.0
2.6163E+03,0.011586,-0.000330,0.02485,900.0
2.6164E+03,0.011450,-0.001819,0.02485,900.0
2.6165E+03,0.011126,-0.003288,0.02485,900.0
2.6166E+03,0.010632,-0.004662,0.02485,900.0
2.6167E+03,0.009941,-0.006012,0.02485,900.0
2.6168E+03,0.009188,-0.007132,0.02485,900.0
2.6169E+03,0.008151,-0.008290,0.02485,900.0
2.6170E+03,0.006990,-0.009285,0.02485,900.0
2.6171E+03,0.005768,-0.010095,0.02485,900.0
2.6172E+03,0.004427,-0.010744,0.02485,900.0
2.6173E+03,0.003009,-0.011231,0.02485,900.0
2.6174E+03,0.001515,-0.011522,0.02485,900.0
2.6175E+03,-0.000010,-0.011620,0.02485,900.0
2.6176E+03,-0.001500,-0.011532,0.02485,900.0
2.6177E+03,-0.002964,-0.011243,0.02485,900.0
2.6178E+03,-0.004422,-0.010757,0.02485,900.0
2.6179E+03,-0.005753,-0.010118,0.02485,900.0
2.6180E+03,-0.007000,-0.009295,0.02485,900.0
2.6181E+03,-0.008142,-0.008317,0.02485,900.0
2.6182E+03,-0.009153,-0.007156,0.02485,0.0
2.6183E+03,-0.009974,-0.005939,0.02485,0.0
2.6184E+03,-0.010656,-0.004584,0.02485,0.0
2.6185E+03,-0.011118,-0.003307,0.02485,0.0
2.6186E+03,-0.011449,-0.001847,0.02485,0.0
2.6187E+03,-0.011581,-0.000340,0.02485,0.0
2.6188E+03,-0.011534,0.001126,0.02485,900.0
2.6189E+03,-0.011383,0.002303,0.02485,900.0
2.6191E+03,-0.011378,0.002332,0.02485,900.0
2.6192E+03,-0.008119,0.001550,0.02485,900.0
2.6193E+03,-0.000633,-0.000248,0.02485,900.0
2.6194E+03,0.007032,-0.002088,0.02485,900.0
2.6195E+03,0.011859,-0.003247,0.02485,900.0
2.6197E+03,0.013095,-0.003544,0.02485,900.0
2.6198E+03,0.013189,-0.003129,0.02485,900.0
2.6199E+03,0.013380,-0.002045,0.02485,900.0
2.6200E+03,0.013526,-0.000528,0.02485,900.0
2.6201E+03,0.013497,0.000949,0.02485,900.0
2.6202E+03,0.013318,0.002437,0.02485,900.0
2.6203E+03,0.012994,0.003813,0.02485,900.0
2.6204E+03,0.012507,0.005174,0.02485,900.0
2.6205E+03,0.011835,0.006541,0.02485,900.0
2.6206E+03,0.011021,0.007824,0.02485,900.0
2.6207E+03,0.010099,0.008975,0.02485,900.0
2.6208E+03,0.009002,0.010065,0.02485,900.0
2.6209E+03,0.007836,0.010997,0.02485,900.0
2.6210E+03,0.006599,0.011770,0.02485,900.0
2.6211E+03,0.005222,0.012454,0.02485,900.0
2.6212E+03,0.003764,0.012968,0.02485,900.0
2.6213E+03,0.002345,0.013300,0.02485,900.0
2.6214E+03,0.000777,0.013491,0.02485,900.0
2.6215E+03,-0.000707,0.013503,0.02485,900.0
2.6216E+03,-0.002161,0.013339,0.02485,900.0
2.6217E+03,-0.003653,0.013007,0.02485,900.0
2.6218E+03,-0.005094,0.012506,0.02485,900.0
2.6219E+03,-0.006465,0.011848,0.02485,900.0
2.6220E+03,-0.007623,0.011147,0.02485,900.0
2.6221E+03,-0.008822,0.010229,0.02485,900.0
2.6222E+03,-0.009905,0.009186,0.02485,900.0
2.6223E+03,-0.010854,0.008057,0.02485,900.0
2.6224E+03,-0.011686,0.006802,0.02485,900.0
2.6225E+03,-0.012372,0.005466,0.02485,900.0
2.6226E+03,-0.012928,0.004029,0.02485,900.0
2.6227E+03,-0.013289,0.002623,0.02485,900.0
2.6228E+03,-0.013492,0.001092,0.02485,900.0
2.6229E+03,-0.013534,-0.000425,0.02485,900.0
2.6230E+03,-0.013417,-0.001855,0.02485,900.0
2.6231E+03,-0.013110,-0.003375,0.02485,900.0
2.6232E+03,-0.012644,-0.004856,0.02485,900.0
2.6233E+03,-0.012044,-0.006202,0.02485,900.0
2.6234E+03,-0.011289,-0.007490,0.02485,900.0
2.6235E+03,-0.010379,-0.008720,0.02485,900.0
2.6236E+03,-0.009347,-0.009828,0.02485,900.0
2.6237E+03,-0.008332,-0.010727,0.02485,900.0
2.6238E+03,-0.007157,-0.011544,0.02485,900.0
2.6239E+03,-0.005814,-0.012271,0.02485,900.0
2.6240E+03,-0.004379,-0.012845,0.02485,900.0
2.6241E+03,-0.002966,-0.013244,0.02485,900.0
2.6242E+03,-0.001439,-0.013491,0.02485,900.0
2.6243E+03,0.000051,-0.013570,0.02485,900.0
2.6244E+03,0.001514,-0.013481,0.02485,900.0
2.6245E+03,0.002995,-0.013232,0.02485,900.0
2.6246E+03,0.004456,-0.012819,0.02485,900.0
2.6247E+03,0.005867,-0.012232,0.02485,900.0
2.6248E+03,0.007203,-0.011500,0.02485,0.0
2.6249E+03,0.008377,-0.010685,0.02485,0.0
2.6250E+03,0.009142,-0.010042,0.02485,0.0
2.6251E+03,0.010186,-0.008976,0.02485,0.0
2.6252E+03,0.011074,-0.007837,0.02485,0.0
2.6253E+03,0.011878,-0.006527,0.02485,0.0
2.6254E+03,0.012476,-0.005285,0.02485,0.0
2.6255E+03,0.012919,-0.004095,0.02485,900.0
2.6256E+03,0.013095,-0.003544,0.02485,900.0
2.6257E+03,0.013092,-0.003543,0.02485,900.0
2.6258E+03,0.011294,-0.003115,0.02485,900.0
2.6259E+03,0.005068,-0.001632,0.02485,900.0
2.6260E+03,-0.002498,0.000170,0.02485,900.0
2.6261E+03,-0.009610,0.001864,0.02485,900.0
2.6262E+03,-0.012763,0.002615,0.02485,900.0
2.6264E+03,-0.013043,0.002681,0.02485,900.0
2.6265E+03,-0.012831,0.003498,0.02485,900.0
2.6266E+03,-0.012386,0.004788,0.02485,900.0
2.6267E+03,-0.011764,0.006150,0.02485,900.0
2.6268E+03,-0.010985,0.007439,0.02485,900.0
2.6269E+03,-0.010068,0.008644,0.02485,900.0
2.6270E+03,-0.009032,0.009730,0.02485,900.0
2.6271E+03,-0.007882,0.010670,0.02485,900.0
2.6272E+03,-0.006724,0.011444,0.02485,900.0
2.6273E+03,-0.005417,0.012126,0.02485,900.0
2.6274E+03,-0.004009,0.012658,0.02485,900.0
2.6275E+03,-0.002536,0.013020,0.02485,900.0
2.6276E+03,-0.001099,0.013213,0.02485,900.0
2.6277E+03,0.000402,0.013247,0.02485,900.0
2.6278E+03,0.001926,0.013115,0.02485,900.0
2.6279E+03,0.003439,0.012803,0.02485,900.0
2.6280E+03,0.004864,0.012332,0.02485,900.0
2.6281E+03,0.006188,0.011733,0.02485,900.0
2.6282E+03,0.007482,0.010962,0.02485,900.0
2.6283E+03,0.008692,0.010032,0.02485,900.0
2.6284E+03,0.009813,0.008946,0.02485,900.0
2.6285E+03,0.010725,0.007838,0.02485,900.0
2.6286E+03,0.011544,0.006593,0.02485,900.0
2.6287E+03,0.012228,0.005207,0.02485,900.0
2.6288E+03,0.012752,0.003740,0.02485,900.0
2.6289E+03,0.013051,0.002479,0.02485,900.0
2.6290E+03,0.013246,0.001015,0.02485,900.0
2.6291E+03,0.013284,-0.000516,0.02485,900.0
2.6292E+03,0.013143,-0.002043,0.02485,900.0
2.6293E+03,0.012821,-0.003539,0.02485,900.0
2.6294E+03,0.012360,-0.004970,0.02485,900.0
2.6295E+03,0.011763,-0.006245,0.02485,900.0
2.6296E+03,0.010951,-0.007606,0.02485,900.0
2.6297E+03,0.010036,-0.008765,0.02485,900.0
2.6298E+03,0.008941,-0.009884,0.02485,900.0
2.6299E+03,0.007830,-0.010787,0.02485,900.0
2.6300E+03,0.006556,-0.011605,0.02485,900.0
2.6301E+03,0.005193,-0.012271,0.02485,900.0
2.6302E+03,0.003789,-0.012776,0.02485,900.0
2.6303E+03,0.002324,-0.013121,0.02485,900.0
2.6304E+03,0.000823,-0.013304,0.02485,900.0
2.6305E+03,-0.000679,-0.013313,0.02485,900.0
2.6306E+03,-0.002040,-0.013180,0.02485,900.0
2.6307E+03,-0.003568,-0.012859,0.02485,900.0
2.6308E+03,-0.004999,-0.012373,0.02485,900.0
2.6309E+03,-0.006288,-0.011768,0.02485,900.0
2.6310E+03,-0.007600,-0.010935,0.02485,900.0
2.6311E+03,-0.008728,-0.010064,0.02485,900.0
2.6312E+03,-0.009837,-0.008969,0.02485,900.0
2.6313E+03,-0.010790,-0.007808,0.02485,900.0
2.6314E+03,-0.011591,-0.006523,0.02485,0.0
2.6315E+03,-0.012269,-0.005165,0.02485,0.0
2.6316E+03,-0.012751,-0.003791,0.02485,0.0
2.6317E+03,-0.013106,-0.002289,0.02485,0.0
2.6318E+03,-0.013277,-0.000774,0.02485,0.0
2.6319E+03,-0.013280,0.000730,0.02485,0.0
2.6320E+03,-0.013126,0.002169,0.02485,0.0
2.6321E+03,-0.013050,0.002640,0.02485,0.0
2.6322E+03,-0.013043,0.002681,0.02485,0.0
2.6323E+03,-0.013043,0.002682,0.02485,0.0
2.6324E+03,-0.013043,0.002683,0.02485,0.0
2.6326E+03,-0.013043,0.002685,0.02485,0.0
2.6327E+03,-0.013043,0.002686,0.02485,0.0
2.6328E+03,-0.013043,0.002688,0.02485,0.0
2.6329E+03,-0.013043,0.002689,0.02485,0.0
2.6330E+03,-0.013043,0.002690,0.02485,0.0
2.6331E+03,-0.013043,0.002692,0.02485,0.0
2.6332E+03,-0.013043,0.002693,0.02485,0.0
2.6333E+03,-0.013043,0.002694,0.02485,0.0
2.6334E+03,-0.013043,0.002695,0.02485,0.0
2.6335E+03,-0.013043,0.002696,0.02485,0.0
2.6336E+03,-0.013043,0.002697,0.02485,0.0
2.6337E+03,-0.013043,0.002699,0.02485,0.0
2.6338E+03,-0.013043,0.002701,0.02485,0.0
2.6339E+03,-0.013043,0.002702,0.02485,0.0
2.6340E+03,-0.013043,0.002703,0.02485,0.0
2.6341E+03,-0.013043,0.002704,0.02485,0.0
2.6342E+03,-0.013043,0.002705,0.02485,0.0
2.6343E+03,-0.013043,0.002706,0.02485,0.0
2.6344E+03,-0.013043,0.002707,0.02485,0.0
2.6345E+03,-0.013043,0.002709,0.02485,0.0
2.6346E+03,-0.013043,0.002710,0.02485,0.0
2.6347E+03,-0.013043,0.002712,0.02485,0.0
2.6348E+03,-0.013043,0.002713,0.02485,0.0
2.6349E+03,-0.013043,0.002714,0.02485,0.0
2.6350E+03,-0.013043,0.002715,0.02485,0.0
2.6351E+03,-0.013043,0.002716,0.02485,0.0
2.6352E+03,-0.013043,0.002717,0.02485,0.0
2.6353E+03,-0.013043,-0.012876,0.02485,0.0
2.6354E+03,-0.013032,-0.012877,0.02485,0.0
2.6355E+03,-0.012709,-0.012889,0.02485,0.0
2.6356E+03,-0.010748,-0.012965,0.02485,0.0
2.6357E+03,-0.008710,-0.013044,0.02485,0.0
2.6358E+03,-0.006771,-0.013119,0.02485,0.0
2.6359E+03,-0.004995,-0.013188,0.02485,0.0
2.6360E+03,-0.002983,-0.013265,0.02485,0.0
2.6361E+03,-0.000947,-0.013344,0.02485,0.0
2.6362E+03,0.001081,-0.013423,0.02485,0.0
2.6363E+03,0.003050,-0.013499,0.02485,0.0
2.6364E+03,0.004931,-0.013572,0.02485,0.0
2.6365E+03,0.006515,-0.013633,0.02485,0.0
