1.2061E+02,0.004378,0.026893,0.00142,0.0
1.2071E+02,0.004378,0.026891,0.00142,0.0
1.2081E+02,0.004378,0.026889,0.00142,0.0
1.2091E+02,0.004378,0.026886,0.00142,0.0
1.2100E+02,0.004378,0.026884,0.00142,0.0
1.2110E+02,0.004378,0.026881,0.00142,0.0
1.2120E+02,0.004378,0.026879,0.00142,0.0
1.2130E+02,0.004378,0.026877,0.00142,0.0
1.2140E+02,0.004378,0.026875,0.00142,0.0
1.2150E+02,0.004378,0.026873,0.00142,0.0
1.2160E+02,0.004378,0.026871,0.00142,0.0
1.2170E+02,0.004378,0.026868,0.00142,0.0
1.2180E+02,0.004378,0.026866,0.00142,0.0
1.2190E+02,0.004378,0.026864,0.00142,0.0
1.2200E+02,0.004378,0.026861,0.00142,0.0
1.2221E+02,0.004378,0.026860,0.00142,0.0
1.2231E+02,0.004377,0.026858,0.00142,0.0
1.2241E+02,0.003986,0.026191,0.00142,0.0
1.2251E+02,0.002472,0.023611,0.00142,0.0
1.2261E+02,0.000577,0.020382,0.00142,0.0
1.2270E+02,-0.001118,0.017494,0.00142,0.0
1.2280E+02,-0.002968,0.014341,0.00142,900.0
1.2290E+02,-0.004863,0.011111,0.00142,900.0
1.2300E+02,-0.006766,0.007868,0.00142,900.0
1.2310E+02,-0.008644,0.004667,0.00142,900.0
1.2320E+02,-0.010525,0.001462,0.00142,900.0
1.2330E+02,-0.012387,-0.001711,0.00142,900.0
1.2340E+02,-0.014225,-0.004894,0.00142,900.0
1.2350E+02,-0.015647,-0.007347,0.00142,900.0
1.2370E+02,-0.016205,-0.008218,0.00142,900.0
1.2381E+02,-0.016162,-0.008296,0.00142,900.0
1.2391E+02,-0.015774,-0.009001,0.00142,900.0
1.2401E+02,-0.014977,-0.010279,0.00142,900.0
1.2411E+02,-0.014087,-0.011466,0.00142,900.0
1.2421E+02,-0.013080,-0.012592,0.00142,900.0
1.2431E+02,-0.011994,-0.013632,0.00142,900.0
1.2440E+02,-0.010957,-0.014480,0.00142,900.0
1.2450E+02,-0.009948,-0.015204,0.00142,900.0
1.2460E+02,-0.008931,-0.015815,0.00142,900.0
1.2470E+02,-0.007601,-0.016508,0.00142,900.0
1.2480E+02,-0.006208,-0.017076,0.00142,900.0
1.2490E+02,-0.004784,-0.017531,0.00142,900.0
1.2500E+02,-0.003282,-0.017882,0.00142,900.0
1.2510E+02,-0.001803,-0.018093,0.00142,900.0
1.2520E+02,-0.000353,-0.018172,0.00142,900.0
1.2530E+02,0.001193,-0.018127,0.00142,900.0
1.2540E+02,0.002715,-0.017960,0.00142,900.0
1.2551E+02,0.004137,-0.017693,0.00142,900.0
1.2561E+02,0.005578,-0.017288,0.00142,900.0
1.2571E+02,0.007000,-0.016758,0.00142,900.0
1.2581E+02,0.008359,-0.016121,0.00142,900.0
1.2591E+02,0.009691,-0.015362,0.00142,900.0
1.2601E+02,0.010953,-0.014499,0.00142,900.0
1.2610E+02,0.011958,-0.013684,0.00142,900.0
1.2620E+02,0.013028,-0.012664,0.00142,900.0
1.2630E+02,0.014026,-0.011453,0.00142,900.0
1.2640E+02,0.014981,-0.010249,0.00142,900.0
1.2650E+02,0.015764,-0.008998,0.00142,900.0
1.2660E+02,0.016448,-0.007653,0.00142,900.0
1.2670E+02,0.017020,-0.006270,0.00142,900.0
1.2680E+02,0.017411,-0.005126,0.00142,900.0
1.2690E+02,0.017684,-0.004017,0.00142,900.0
1.2700E+02,0.017954,-0.002547,0.00142,900.0
1.2710E+02,0.018108,-0.001044,0.00142,900.0
1.2721E+02,0.018128,0.000506,0.00142,900.0
1.2731E+02,0.018032,0.001952,0.00142,900.0
1.2741E+02,0.017807,0.003441,0.00142,900.0
1.2751E+02,0.017475,0.004846,0.00142,900.0
1.2761E+02,0.017152,0.005874,0.00142,900.0
1.2771E+02,0.016656,0.007145,0.00142,900.0
1.2780E+02,0.016064,0.008370,0.00142,900.0
1.2790E+02,0.015306,0.009679,0.00142,900.0
1.2800E+02,0.014431,0.010928,0.00142,900.0
1.2810E+02,0.013469,0.012107,0.00142,900.0
1.2820E+02,0.012440,0.013164,0.00142,900.0
1.2830E+02,0.011260,0.014180,0.00142,900.0
1.2840E+02,0.010031,0.015076,0.00142,900.0
1.2850E+02,0.008758,0.015857,0.00142,900.0
1.2860E+02,0.007406,0.016536,0.00142,900.0
1.2870E+02,0.005988,0.017085,0.00142,900.0
1.2880E+02,0.004583,0.017508,0.00142,900.0
1.2891E+02,0.003097,0.017828,0.00142,900.0
1.2901E+02,0.001646,0.018024,0.00142,900.0
1.2911E+02,0.000167,0.018094,0.00142,900.0
1.2921E+02,-0.001379,0.018039,0.00142,900.0
1.2931E+02,-0.002882,0.017862,0.00142,900.0
1.2941E+02,-0.004327,0.017570,0.00142,900.0
1.2950E+02,-0.005698,0.017193,0.00142,900.0
1.2960E+02,-0.007086,0.016668,0.00142,900.0
1.2970E+02,-0.008453,0.016018,0.00142,900.0
1.2980E+02,-0.009734,0.015271,0.00142,900.0
1.2990E+02,-0.010569,0.014708,0.00142,900.0
1.3000E+02,-0.011647,0.013863,0.00142,900.0
1.3010E+02,-0.012767,0.012844,0.00142,900.0
1.3020E+02,-0.013801,0.011723,0.00142,900.0
1.3030E+02,-0.014735,0.010520,0.00142,900.0
1.3040E+02,-0.015558,0.009268,0.00142,900.0
1.3050E+02,-0.016266,0.007990,0.00142,900.0
1.3061E+02,-0.016859,0.006649,0.00142,900.0
1.3071E+02,-0.017361,0.005207,0.00142,900.0
1.3081E+02,-0.017739,0.003749,0.00142,900.0
1.3091E+02,-0.017993,0.002295,0.00142,900.0
1.3101E+02,-0.018086,0.001376,0.00142,0.0
1.3111E+02,-0.018136,-0.000135,0.00142,0.0
1.3120E+02,-0.018085,-0.001402,0.00142,0.0
1.3130E+02,-0.017969,-0.002526,0.00142,0.0
1.3140E+02,-0.017736,-0.003801,0.00142,0.0
1.3150E+02,-0.017352,-0.005294,0.00142,900.0
1.3160E+02,-0.016851,-0.006718,0.00142,900.0
1.3170E+02,-0.016369,-0.007864,0.00142,900.0
1.3180E+02,-0.016205,-0.008218,0.00142,900.0
1.3190E+02,-0.016087,-0.008167,0.00142,900.0
1.3200E+02,-0.014914,-0.007664,0.00142,900.0
1.3210E+02,-0.008257,-0.004807,0.00142,900.0
1.3220E+02,-0.007555,-0.004506,0.00142,900.0
1.3231E+02,-0.007503,-0.004484,0.00142,900.0
1.3241E+02,-0.007610,-0.004286,0.00142,900.0
1.3251E+02,-0.008065,-0.003275,0.00142,900.0
1.3261E+02,-0.008496,-0.001793,0.00142,900.0
1.3271E+02,-0.008676,-0.000284,0.00142,900.0
1.3281E+02,-0.008600,0.001202,0.00142,900.0
1.3290E+02,-0.008300,0.002538,0.00142,900.0
1.3300E+02,-0.007746,0.003938,0.00142,900.0
1.3310E+02,-0.006950,0.005204,0.00142,900.0
1.3320E+02,-0.005983,0.006304,0.00142,900.0
1.3330E+02,-0.004799,0.007221,0.00142,900.0
1.3340E+02,-0.003493,0.007932,0.00142,900.0
1.3350E+02,-0.002079,0.008405,0.00142,900.0
1.3360E+02,-0.000594,0.008629,0.00142,900.0
1.3370E+02,0.000924,0.008596,0.00142,900.0
1.3380E+02,0.002390,0.008307,0.00142,900.0
1.3390E+02,0.003795,0.007773,0.00142,900.0
1.3401E+02,0.005121,0.006987,0.00142,900.0
1.3411E+02,0.006243,0.006006,0.00142,900.0
1.3421E+02,0.007171,0.004900,0.00142,900.0
1.3431E+02,0.007945,0.003524,0.00142,900.0
1.3441E+02,0.008449,0.002118,0.00142,900.0
1.3451E+02,0.008675,0.000667,0.00142,900.0
1.3460E+02,0.008677,-0.000665,0.00142,900.0
1.3470E+02,0.008426,-0.002137,0.00142,900.0
1.3480E+02,0.007927,-0.003580,0.00142,900.0
1.3490E+02,0.007173,-0.004926,0.00142,900.0
1.3500E+02,0.006242,-0.006077,0.00142,900.0
1.3510E+02,0.005157,-0.007031,0.00142,900.0
1.3520E+02,0.003847,-0.007809,0.00142,900.0
1.3530E+02,0.002425,-0.008397,0.00142,0.0
1.3540E+02,0.001006,-0.008680,0.00142,0.0
1.3550E+02,-0.000561,-0.008733,0.00142,0.0
1.3561E+02,-0.002086,-0.008497,0.00142,0.0
1.3571E+02,-0.003482,-0.008006,0.00142,0.0
1.3581E+02,-0.004749,-0.007326,0.00142,0.0
1.3591E+02,-0.005913,-0.006401,0.00142,900.0
1.3601E+02,-0.006934,-0.005257,0.00142,900.0
1.3611E+02,-0.007436,-0.004596,0.00142,900.0
1.3620E+02,-0.007503,-0.004484,0.00142,900.0
1.3630E+02,-0.007116,-0.005129,0.00142,900.0
1.3640E+02,-0.005252,-0.008238,0.00142,900.0
1.3650E+02,-0.001559,-0.014397,0.00142,900.0
1.3670E+02,-0.000306,-0.016487,0.00142,900.0
1.3680E+02,-0.000242,-0.016486,0.00142,900.0
1.3690E+02,0.001032,-0.016438,0.00142,900.0
1.3700E+02,0.002450,-0.016283,0.00142,900.0
1.3710E+02,0.003969,-0.015974,0.00142,900.0
1.3720E+02,0.005439,-0.015537,0.00142,900.0
1.3731E+02,0.006795,-0.014992,0.00142,900.0
1.3741E+02,0.008126,-0.014312,0.00142,900.0
1.3751E+02,0.009426,-0.013489,0.00142,900.0
1.3761E+02,0.010609,-0.012585,0.00142,900.0
1.3771E+02,0.011698,-0.011582,0.00142,900.0
1.3781E+02,0.012745,-0.010421,0.00142,900.0
1.3790E+02,0.013532,-0.009377,0.00142,900.0
1.3800E+02,0.014330,-0.008094,0.00142,900.0
1.3810E+02,0.014993,-0.006752,0.00142,900.0
1.3820E+02,0.015554,-0.005326,0.00142,900.0
1.3830E+02,0.015968,-0.003907,0.00142,900.0
1.3840E+02,0.016246,-0.002442,0.00142,900.0
1.3850E+02,0.016402,-0.000915,0.00142,900.0
1.3860E+02,0.016416,0.000626,0.00142,900.0
1.3870E+02,0.016282,0.002151,0.00142,900.0
1.3880E+02,0.016024,0.003635,0.00142,900.0
1.3890E+02,0.015621,0.005080,0.00142,900.0
1.3900E+02,0.015115,0.006426,0.00142,900.0
1.3911E+02,0.014463,0.007797,0.00142,900.0
1.3921E+02,0.013657,0.009109,0.00142,900.0
1.3931E+02,0.012757,0.010321,0.00142,900.0
1.3941E+02,0.011770,0.011436,0.00142,900.0
1.3951E+02,0.010696,0.012436,0.00142,900.0
1.3961E+02,0.009472,0.013381,0.00142,900.0
1.3970E+02,0.008312,0.014138,0.00142,900.0
1.3980E+02,0.006994,0.014828,0.00142,900.0
1.3990E+02,0.005606,0.015417,0.00142,900.0
1.4000E+02,0.004214,0.015855,0.00142,900.0
1.4010E+02,0.002727,0.016177,0.00142,900.0
1.4020E+02,0.001195,0.016366,0.00142,900.0
1.4030E+02,-0.000267,0.016407,0.00142,900.0
1.4040E+02,-0.001755,0.016302,0.00142,900.0
1.4050E+02,-0.003252,0.016073,0.00142,900.0
1.4060E+02,-0.004752,0.015685,0.00142,900.0
1.4070E+02,-0.006172,0.015188,0.00142,900.0
1.4081E+02,-0.007544,0.014557,0.00142,900.0
1.4091E+02,-0.008869,0.013793,0.00142,900.0
1.4101E+02,-0.010103,0.012919,0.00142,900.0
1.4111E+02,-0.011245,0.011943,0.00142,900.0
1.4121E+02,-0.012292,0.010873,0.00142,900.0
1.4131E+02,-0.013244,0.009703,0.00142,900.0
1.4140E+02,-0.013970,0.008641,0.00142,900.0
1.4150E+02,-0.014692,0.007326,0.00142,900.0
1.4160E+02,-0.015324,0.005888,0.00142,900.0
1.4170E+02,-0.015800,0.004483,0.00142,900.0
1.4180E+02,-0.016139,0.003041,0.00142,900.0
1.4190E+02,-0.016347,0.001532,0.00142,900.0
1.4200E+02,-0.016430,0.000032,0.00142,900.0
1.4210E+02,-0.016360,-0.001478,0.00142,900.0
1.4220E+02,-0.016161,-0.003025,0.00142,900.0
1.4230E+02,-0.015830,-0.004452,0.00142,900.0
1.4240E+02,-0.015363,-0.005875,0.00142,900.0
1.4251E+02,-0.014755,-0.007290,0.00142,900.0
1.4261E+02,-0.014024,-0.008624,0.00142,900.0
1.4271E+02,-0.013171,-0.009872,0.00142,900.0
1.4281E+02,-0.012224,-0.011024,0.00142,900.0
1.4291E+02,-0.011163,-0.012090,0.00142,900.0
1.4301E+02,-0.010046,-0.013034,0.00142,0.0
1.4310E+02,-0.008946,-0.013813,0.00142,0.0
1.4320E+02,-0.007639,-0.014585,0.00142,0.0
1.4330E+02,-0.006302,-0.015219,0.00142,0.0
1.4340E+02,-0.004907,-0.015752,0.00142,0.0
1.4350E+02,-0.003384,-0.016121,0.00142,900.0
1.4360E+02,-0.001920,-0.016366,0.00142,900.0
1.4370E+02,-0.000459,-0.016479,0.00142,900.0
1.4380E+02,-0.000319,-0.016486,0.00142,900.0
1.4390E+02,-0.000306,-0.016487,0.00142,900.0
1.4400E+02,-0.002082,-0.014199,0.00142,900.0
1.4410E+02,-0.006231,-0.008856,0.00142,900.0
1.4421E+02,-0.008562,-0.005854,0.00142,900.0
1.4431E+02,-0.009000,-0.005290,0.00142,900.0
1.4441E+02,-0.009029,-0.005237,0.00142,900.0
1.4451E+02,-0.009301,-0.004664,0.00142,900.0
1.4461E+02,-0.009869,-0.003301,0.00142,900.0
1.4471E+02,-0.010237,-0.001884,0.00142,900.0
1.4480E+02,-0.010415,-0.000549,0.00142,900.0
1.4490E+02,-0.010357,0.000966,0.00142,900.0
1.4500E+02,-0.010084,0.002511,0.00142,900.0
1.4510E+02,-0.009633,0.003895,0.00142,900.0
1.4520E+02,-0.008953,0.005244,0.00142,900.0
1.4530E+02,-0.008077,0.006492,0.00142,900.0
1.4540E+02,-0.007041,0.007599,0.00142,900.0
1.4550E+02,-0.005892,0.008531,0.00142,900.0
1.4560E+02,-0.004606,0.009280,0.00142,900.0
1.4570E+02,-0.003190,0.009856,0.00142,900.0
1.4580E+02,-0.001785,0.010207,0.00142,900.0
1.4591E+02,-0.000268,0.010373,0.00142,900.0
1.4601E+02,0.001288,0.010301,0.00142,900.0
1.4611E+02,0.002679,0.010024,0.00142,900.0
1.4621E+02,0.004106,0.009522,0.00142,900.0
1.4631E+02,0.005471,0.008824,0.00142,900.0
1.4641E+02,0.006684,0.007929,0.00142,900.0
1.4650E+02,0.007660,0.006976,0.00142,900.0
1.4660E+02,0.008600,0.005794,0.00142,900.0
1.4670E+02,0.009354,0.004492,0.00142,900.0
1.4680E+02,0.009908,0.003111,0.00142,900.0
1.4690E+02,0.010252,0.001679,0.00142,900.0
1.4700E+02,0.010404,0.000132,0.00142,900.0
1.4710E+02,0.010328,-0.001382,0.00142,900.0
1.4720E+02,0.010036,-0.002841,0.00142,900.0
1.4730E+02,0.009499,-0.004283,0.00142,900.0
1.4740E+02,0.008820,-0.005554,0.00142,900.0
1.4750E+02,0.007944,-0.006757,0.00142,900.0
1.4761E+02,0.006896,-0.007811,0.00142,900.0
1.4771E+02,0.005701,-0.008715,0.00142,900.0
1.4781E+02,0.004362,-0.009462,0.00142,900.0
1.4791E+02,0.002931,-0.010006,0.00142,900.0
1.4801E+02,0.001456,-0.010328,0.00142,900.0
1.4811E+02,-0.000053,-0.010425,0.00142,0.0
1.4820E+02,-0.001404,-0.010350,0.00142,0.0
1.4830E+02,-0.002846,-0.010061,0.00142,0.0
1.4840E+02,-0.004224,-0.009554,0.00142,0.0
1.4850E+02,-0.005577,-0.008813,0.00142,0.0
1.4860E+02,-0.006761,-0.007877,0.00142,0.0
1.4870E+02,-0.007841,-0.006844,0.00142,900.0
1.4880E+02,-0.008694,-0.005751,0.00142,900.0
1.4890E+02,-0.008988,-0.005312,0.00142,900.0
1.4900E+02,-0.009000,-0.005290,0.00142,900.0
1.4910E+02,-0.007511,-0.006731,0.00142,900.0
1.4920E+02,-0.003288,-0.010818,0.00142,900.0
1.4931E+02,0.000493,-0.014477,0.00142,900.0
1.4941E+02,0.000794,-0.014768,0.00142,900.0
1.4951E+02,0.000812,-0.014766,0.00142,900.0
1.4961E+02,0.001088,-0.014741,0.00142,900.0
1.4971E+02,0.002532,-0.014554,0.00142,900.0
1.4981E+02,0.003967,-0.014225,0.00142,900.0
1.4990E+02,0.005267,-0.013788,0.00142,900.0
1.5000E+02,0.006634,-0.013184,0.00142,900.0
1.5010E+02,0.007928,-0.012440,0.00142,900.0
1.5020E+02,0.009167,-0.011566,0.00142,900.0
1.5030E+02,0.010286,-0.010577,0.00142,900.0
1.5040E+02,0.011293,-0.009498,0.00142,900.0
1.5050E+02,0.012222,-0.008261,0.00142,900.0
1.5060E+02,0.013005,-0.006984,0.00142,900.0
1.5070E+02,0.013665,-0.005563,0.00142,900.0
1.5080E+02,0.014149,-0.004172,0.00142,900.0
1.5090E+02,0.014493,-0.002685,0.00142,900.0
1.5100E+02,0.014682,-0.001173,0.00142,900.0
1.5111E+02,0.014724,0.000328,0.00142,900.0
1.5121E+02,0.014608,0.001786,0.00142,900.0
1.5131E+02,0.014347,0.003272,0.00142,900.0
1.5141E+02,0.013926,0.004755,0.00142,900.0
1.5151E+02,0.013371,0.006134,0.00142,900.0
1.5161E+02,0.012696,0.007429,0.00142,900.0
1.5170E+02,0.011974,0.008552,0.00142,900.0
1.5180E+02,0.011041,0.009746,0.00142,900.0
1.5190E+02,0.009964,0.010821,0.00142,900.0
1.5200E+02,0.008808,0.011784,0.00142,900.0
1.5210E+02,0.007518,0.012632,0.00142,900.0
1.5220E+02,0.006183,0.013330,0.00142,900.0
1.5230E+02,0.004775,0.013893,0.00142,900.0
1.5240E+02,0.003315,0.014313,0.00142,900.0
1.5250E+02,0.001827,0.014574,0.00142,900.0
1.5260E+02,0.000333,0.014687,0.00142,900.0
1.5270E+02,-0.001143,0.014645,0.00142,900.0
1.5281E+02,-0.002603,0.014465,0.00142,900.0
1.5291E+02,-0.004067,0.014128,0.00142,900.0
1.5301E+02,-0.005516,0.013637,0.00142,900.0
1.5311E+02,-0.006867,0.013008,0.00142,900.0
1.5321E+02,-0.008161,0.012247,0.00142,900.0
1.5330E+02,-0.009300,0.011382,0.00142,900.0
1.5340E+02,-0.010414,0.010380,0.00142,900.0
1.5350E+02,-0.011404,0.009277,0.00142,900.0
1.5360E+02,-0.012293,0.008065,0.00142,900.0
1.5370E+02,-0.013052,0.006784,0.00142,900.0
1.5380E+02,-0.013677,0.005420,0.00142,900.0
1.5390E+02,-0.014177,0.003961,0.00142,900.0
1.5400E+02,-0.014506,0.002539,0.00142,900.0
1.5410E+02,-0.014698,0.001036,0.00142,900.0
1.5420E+02,-0.014741,-0.000523,0.00142,900.0
1.5430E+02,-0.014601,-0.002033,0.00142,900.0
1.5440E+02,-0.014326,-0.003512,0.00142,900.0
1.5451E+02,-0.013905,-0.004888,0.00142,900.0
1.5461E+02,-0.013341,-0.006269,0.00142,900.0
1.5471E+02,-0.012629,-0.007610,0.00142,900.0
1.5481E+02,-0.011766,-0.008885,0.00142,900.0
1.5491E+02,-0.010793,-0.010053,0.00142,900.0
1.5501E+02,-0.009735,-0.011081,0.00142,900.0
1.5510E+02,-0.008703,-0.011924,0.00142,0.0
1.5520E+02,-0.007429,-0.012766,0.00142,0.0
1.5530E+02,-0.006083,-0.013467,0.00142,0.0
1.5540E+02,-0.004636,-0.014035,0.00142,0.0
1.5550E+02,-0.003205,-0.014416,0.00142,0.0
1.5560E+02,-0.001693,-0.014674,0.00142,0.0
1.5570E+02,-0.000195,-0.014761,0.00142,900.0
1.5580E+02,0.000629,-0.014771,0.00142,900.0
1.5590E+02,0.000794,-0.014768,0.00142,900.0
1.5600E+02,0.000874,-0.014189,0.00142,900.0
1.5610E+02,0.001421,-0.010214,0.00142,900.0
1.5621E+02,0.002499,-0.002384,0.00142,900.0
1.5631E+02,0.003507,0.004940,0.00142,900.0
1.5641E+02,0.004334,0.010947,0.00142,900.0
1.5661E+02,0.004378,0.011266,0.00142,900.0
1.5671E+02,0.004729,0.011118,0.00142,900.0
1.5680E+02,0.005892,0.010527,0.00142,900.0
1.5690E+02,0.007155,0.009715,0.00142,900.0
1.5700E+02,0.008313,0.008757,0.00142,900.0
1.5710E+02,0.009337,0.007650,0.00142,900.0
1.5720E+02,0.010229,0.006437,0.00142,900.0
1.5730E+02,0.010951,0.005126,0.00142,900.0
1.5740E+02,0.011493,0.003764,0.00142,900.0
1.5750E+02,0.011875,0.002316,0.00142,900.0
1.5760E+02,0.012082,0.000771,0.00142,900.0
1.5770E+02,0.012099,-0.000661,0.00142,900.0
1.5780E+02,0.011910,-0.002224,0.00142,900.0
1.5791E+02,0.011541,-0.003676,0.00142,900.0
1.5801E+02,0.010997,-0.005092,0.00142,900.0
1.5811E+02,0.010271,-0.006428,0.00142,900.0
1.5821E+02,0.009400,-0.007662,0.00142,900.0
1.5831E+02,0.008425,-0.008724,0.00142,900.0
1.5841E+02,0.007311,-0.009676,0.00142,900.0
1.5850E+02,0.006153,-0.010459,0.00142,900.0
1.5860E+02,0.004779,-0.011157,0.00142,900.0
1.5870E+02,0.003422,-0.011649,0.00142,900.0
1.5880E+02,0.001943,-0.011993,0.00142,900.0
1.5890E+02,0.000408,-0.012138,0.00142,900.0
1.5900E+02,-0.001114,-0.012088,0.00142,900.0
1.5910E+02,-0.002556,-0.011865,0.00142,900.0
1.5920E+02,-0.004025,-0.011448,0.00142,900.0
1.5930E+02,-0.005424,-0.010856,0.00142,900.0
1.5940E+02,-0.006700,-0.010110,0.00142,900.0
1.5950E+02,-0.007906,-0.009194,0.00142,900.0
1.5961E+02,-0.008982,-0.008147,0.00142,900.0
1.5971E+02,-0.009885,-0.007012,0.00142,900.0
1.5981E+02,-0.010681,-0.005725,0.00142,900.0
1.5991E+02,-0.011306,-0.004344,0.00142,900.0
1.6001E+02,-0.011783,-0.002832,0.00142,900.0
1.6011E+02,-0.012036,-0.001377,0.00142,900.0
1.6020E+02,-0.012106,-0.000071,0.00142,900.0
1.6030E+02,-0.012014,0.001390,0.00142,900.0
1.6040E+02,-0.011737,0.002900,0.00142,900.0
1.6050E+02,-0.011273,0.004364,0.00142,900.0
1.6060E+02,-0.010725,0.005594,0.00142,900.0
1.6070E+02,-0.010064,0.006694,0.00142,900.0
1.6080E+02,-0.009178,0.007855,0.00142,900.0
1.6090E+02,-0.008128,0.008942,0.00142,900.0
1.6100E+02,-0.006997,0.009848,0.00142,900.0
1.6110E+02,-0.005690,0.010660,0.00142,0.0
1.6120E+02,-0.004247,0.011312,0.00142,0.0
1.6131E+02,-0.002796,0.011746,0.00142,0.0
1.6141E+02,-0.001391,0.011987,0.00142,0.0
1.6151E+02,0.000090,0.012063,0.00142,0.0
1.6161E+02,0.001658,0.011941,0.00142,0.0
1.6171E+02,0.003134,0.011649,0.00142,0.0
1.6181E+02,0.004075,0.011374,0.00142,0.0
1.6200E+02,0.004378,0.011266,0.00142,0.0
1.6210E+02,0.004378,0.011267,0.00142,0.0
1.6220E+02,0.004378,0.011268,0.00142,0.0
1.6230E+02,0.004378,0.011269,0.00142,0.0
1.6240E+02,0.004378,0.011271,0.00142,0.0
1.6250E+02,0.004378,0.011272,0.00142,0.0
1.6260E+02,0.004378,0.011274,0.00142,0.0
1.6270E+02,0.004378,0.011275,0.00142,0.0
1.6280E+02,0.004378,0.011277,0.00142,0.0
1.6290E+02,0.004378,0.011278,0.00142,0.0
1.6300E+02,0.004378,0.011279,0.00142,0.0
1.6311E+02,0.004378,0.011326,0.00142,0.0
1.6321E+02,0.004378,0.011357,0.00142,0.0
1.6331E+02,0.004378,0.011284,0.00142,0.0
1.6341E+02,0.004378,0.011285,0.00142,0.0
1.6351E+02,0.004378,0.011286,0.00142,0.0
1.6361E+02,0.004378,0.011288,0.00142,0.0
1.6370E+02,0.004378,0.011289,0.00142,0.0
1.6380E+02,0.004378,0.011290,0.00142,0.0
1.6390E+02,0.004378,0.011292,0.00142,0.0
1.6400E+02,0.004378,0.011360,0.00142,0.0
1.6410E+02,0.004378,0.011353,0.00142,0.0
1.6420E+02,0.004378,0.011296,0.00142,0.0
1.6430E+02,0.004378,0.011298,0.00142,0.0
1.6440E+02,0.004378,0.011299,0.00142,0.0
1.6450E+02,0.004378,0.011301,0.00142,0.0
1.6460E+02,0.004378,0.011302,0.00142,0.0
1.6481E+02,0.004378,-0.004291,0.00142,0.0
1.6491E+02,0.004369,-0.004327,0.00142,0.0
1.6501E+02,0.004085,-0.005490,0.00142,0.0
1.6511E+02,0.003743,-0.006893,0.00142,0.0
1.6521E+02,0.003398,-0.008305,0.00142,0.0
1.6530E+02,0.003098,-0.009536,0.00142,0.0
1.6540E+02,0.002759,-0.010925,0.00142,0.0
1.6550E+02,0.002403,-0.012382,0.00142,0.0
1.6560E+02,0.002060,-0.013787,0.00142,0.0
1.6570E+02,0.001713,-0.015209,0.00142,0.0
1.6580E+02,0.001372,-0.016605,0.00142,0.0
1.6590E+02,0.001044,-0.017948,0.00142,0.0
