2.8793E+03,-0.009712,0.023561,0.03057,0.0
2.8794E+03,-0.009712,0.023560,0.03057,0.0
2.8795E+03,-0.009712,0.023558,0.03057,0.0
2.8796E+03,-0.009712,0.023557,0.03057,0.0
2.8797E+03,-0.009712,0.023555,0.03057,0.0
2.8798E+03,-0.009712,0.023553,0.03057,0.0
2.8799E+03,-0.009712,0.023551,0.03057,0.0
2.8800E+03,-0.009712,0.023549,0.03057,0.0
2.8801E+03,-0.009712,0.023547,0.03057,0.0
2.8802E+03,-0.009712,0.023545,0.03057,0.0
2.8803E+03,-0.009712,0.023543,0.03057,0.0
2.8804E+03,-0.009712,0.023542,0.03057,0.0
2.8805E+03,-0.009712,0.023540,0.03057,0.0
2.8806E+03,-0.009712,0.023538,0.03057,0.0
2.8807E+03,-0.009712,0.023536,0.03057,0.0
2.8808E+03,-0.009712,0.023534,0.03057,0.0
2.8809E+03,-0.009712,0.023532,0.03057,0.0
2.8810E+03,-0.009712,0.023531,0.03057,0.0
2.8811E+03,-0.009712,0.023529,0.03057,0.0
2.8812E+03,-0.009712,0.023527,0.03057,0.0
2.8814E+03,-0.009712,0.023526,0.03057,0.0
2.8815E+03,-0.009699,0.023504,0.03057,0.0
2.8816E+03,-0.009582,0.023303,0.03057,0.0
2.8817E+03,-0.009021,0.022343,0.03057,0.0
2.8818E+03,-0.008397,0.021277,0.03057,900.0
2.8819E+03,-0.007812,0.020277,0.03057,900.0
2.8820E+03,-0.007239,0.019296,0.03057,900.0
2.8821E+03,-0.006660,0.018306,0.03057,900.0
2.8822E+03,-0.006070,0.017298,0.03057,900.0
2.8823E+03,-0.005472,0.016275,0.03057,900.0
2.8824E+03,-0.004876,0.015257,0.03057,900.0
2.8825E+03,-0.004323,0.014310,0.03057,900.0
2.8826E+03,-0.003981,0.013726,0.03057,900.0
2.8827E+03,-0.003979,0.013722,0.03057,900.0
2.8828E+03,-0.004055,0.013697,0.03057,900.0
2.8829E+03,-0.004673,0.013486,0.03057,900.0
2.8830E+03,-0.006072,0.012931,0.03057,900.0
2.8831E+03,-0.007244,0.012289,0.03057,900.0
2.8832E+03,-0.008474,0.011478,0.03057,900.0
2.8833E+03,-0.009616,0.010536,0.03057,900.0
2.8834E+03,-0.010682,0.009454,0.03057,900.0
2.8835E+03,-0.011649,0.008241,0.03057,900.0
2.8836E+03,-0.012466,0.006957,0.03057,900.0
2.8837E+03,-0.013123,0.005620,0.03057,900.0
2.8838E+03,-0.013656,0.004200,0.03057,900.0
2.8839E+03,-0.014029,0.002731,0.03057,900.0
2.8840E+03,-0.014252,0.001276,0.03057,900.0
2.8841E+03,-0.014313,-0.000207,0.03057,900.0
2.8842E+03,-0.014200,-0.001746,0.03057,900.0
2.8843E+03,-0.013960,-0.003164,0.03057,900.0
2.8844E+03,-0.013522,-0.004673,0.03057,900.0
2.8845E+03,-0.012966,-0.006049,0.03057,900.0
2.8846E+03,-0.012261,-0.007375,0.03057,900.0
2.8847E+03,-0.011419,-0.008628,0.03057,900.0
2.8848E+03,-0.010557,-0.009669,0.03057,900.0
2.8849E+03,-0.009465,-0.010749,0.03057,900.0
2.8850E+03,-0.008284,-0.011693,0.03057,900.0
2.8851E+03,-0.007057,-0.012486,0.03057,900.0
2.8852E+03,-0.005662,-0.013177,0.03057,900.0
2.8853E+03,-0.004282,-0.013690,0.03057,900.0
2.8854E+03,-0.002866,-0.014046,0.03057,900.0
2.8855E+03,-0.001362,-0.014268,0.03057,900.0
2.8856E+03,0.000150,-0.014332,0.03057,900.0
2.8857E+03,0.001672,-0.014229,0.03057,900.0
2.8858E+03,0.003149,-0.013978,0.03057,900.0
2.8859E+03,0.004570,-0.013575,0.03057,900.0
2.8860E+03,0.005996,-0.013006,0.03057,900.0
2.8861E+03,0.007386,-0.012271,0.03057,900.0
2.8862E+03,0.008620,-0.011442,0.03057,900.0
2.8863E+03,0.009740,-0.010504,0.03057,900.0
2.8864E+03,0.010805,-0.009425,0.03057,900.0
2.8865E+03,0.011625,-0.008372,0.03057,900.0
2.8866E+03,0.012450,-0.007073,0.03057,900.0
2.8867E+03,0.013096,-0.005760,0.03057,900.0
2.8868E+03,0.013629,-0.004331,0.03057,900.0
2.8869E+03,0.014014,-0.002829,0.03057,900.0
2.8870E+03,0.014229,-0.001369,0.03057,900.0
2.8871E+03,0.014291,0.000097,0.03057,900.0
2.8872E+03,0.014205,0.001612,0.03057,900.0
2.8873E+03,0.013948,0.003087,0.03057,900.0
2.8874E+03,0.013523,0.004614,0.03057,900.0
2.8875E+03,0.012971,0.005998,0.03057,900.0
2.8876E+03,0.012280,0.007309,0.03057,900.0
2.8877E+03,0.011441,0.008561,0.03057,900.0
2.8878E+03,0.010438,0.009737,0.03057,900.0
2.8879E+03,0.009372,0.010767,0.03057,900.0
2.8880E+03,0.008191,0.011677,0.03057,900.0
2.8881E+03,0.006914,0.012469,0.03057,900.0
2.8882E+03,0.005566,0.013130,0.03057,0.0
2.8883E+03,0.004305,0.013591,0.03057,0.0
2.8884E+03,0.002844,0.013972,0.03057,0.0
2.8885E+03,0.001311,0.014207,0.03057,0.0
2.8886E+03,-0.000159,0.014263,0.03057,900.0
2.8887E+03,-0.001655,0.014183,0.03057,900.0
2.8888E+03,-0.003180,0.013913,0.03057,900.0
2.8889E+03,-0.003898,0.013742,0.03057,900.0
2.8890E+03,-0.003979,0.013722,0.03057,900.0
2.8891E+03,-0.004226,0.013473,0.03057,900.0
2.8892E+03,-0.007619,0.010047,0.03057,900.0
2.8893E+03,-0.009612,0.008034,0.03057,900.0
2.8894E+03,-0.009712,0.007932,0.03057,900.0
2.8895E+03,-0.009563,0.008097,0.03057,900.0
2.8896E+03,-0.009018,0.008662,0.03057,900.0
2.8897E+03,-0.007953,0.009652,0.03057,900.0
2.8898E+03,-0.006699,0.010572,0.03057,900.0
2.8899E+03,-0.005403,0.011282,0.03057,900.0
2.8900E+03,-0.004129,0.011807,0.03057,900.0
2.8901E+03,-0.002673,0.012218,0.03057,900.0
2.8902E+03,-0.001210,0.012440,0.03057,900.0
2.8903E+03,0.000333,0.012482,0.03057,900.0
2.8904E+03,0.001794,0.012373,0.03057,900.0
2.8905E+03,0.003239,0.012066,0.03057,900.0
2.8906E+03,0.004696,0.011571,0.03057,900.0
2.8907E+03,0.006091,0.010921,0.03057,900.0
2.8908E+03,0.007377,0.010100,0.03057,900.0
2.8909E+03,0.008526,0.009154,0.03057,900.0
2.8910E+03,0.009555,0.008085,0.03057,900.0
2.8911E+03,0.010448,0.006933,0.03057,900.0
2.8912E+03,0.011189,0.005623,0.03057,900.0
2.8913E+03,0.011793,0.004221,0.03057,900.0
2.8914E+03,0.012229,0.002740,0.03057,900.0
2.8915E+03,0.012459,0.001274,0.03057,900.0
2.8916E+03,0.012522,-0.000248,0.03057,900.0
2.8917E+03,0.012431,-0.001627,0.03057,900.0
2.8918E+03,0.012150,-0.003102,0.03057,900.0
2.8919E+03,0.011703,-0.004514,0.03057,900.0
2.8920E+03,0.011097,-0.005863,0.03057,900.0
2.8921E+03,0.010332,-0.007162,0.03057,900.0
2.8922E+03,0.009431,-0.008309,0.03057,900.0
2.8923E+03,0.008326,-0.009422,0.03057,900.0
2.8924E+03,0.007160,-0.010339,0.03057,900.0
2.8925E+03,0.005837,-0.011120,0.03057,900.0
2.8926E+03,0.004491,-0.011735,0.03057,900.0
2.8927E+03,0.003024,-0.012197,0.03057,900.0
2.8928E+03,0.001599,-0.012466,0.03057,900.0
2.8929E+03,0.000111,-0.012558,0.03057,900.0
2.8930E+03,-0.001441,-0.012480,0.03057,900.0
2.8931E+03,-0.002924,-0.012221,0.03057,900.0
2.8932E+03,-0.004383,-0.011782,0.03057,900.0
2.8933E+03,-0.005726,-0.011188,0.03057,900.0
2.8934E+03,-0.007028,-0.010440,0.03057,900.0
2.8935E+03,-0.008090,-0.009624,0.03057,900.0
2.8936E+03,-0.009199,-0.008550,0.03057,900.0
2.8937E+03,-0.010139,-0.007409,0.03057,900.0
2.8938E+03,-0.010952,-0.006121,0.03057,900.0
2.8939E+03,-0.011592,-0.004783,0.03057,900.0
2.8940E+03,-0.012078,-0.003343,0.03057,900.0
2.8941E+03,-0.012406,-0.001853,0.03057,0.0
2.8942E+03,-0.012520,-0.000406,0.03057,0.0
2.8943E+03,-0.012480,0.001093,0.03057,0.0
2.8944E+03,-0.012262,0.002617,0.03057,0.0
2.8945E+03,-0.011864,0.004031,0.03057,0.0
2.8946E+03,-0.011305,0.005411,0.03057,0.0
2.8947E+03,-0.010540,0.006782,0.03057,0.0
2.8948E+03,-0.009813,0.007795,0.03057,0.0
2.8949E+03,-0.009714,0.007930,0.03057,0.0
2.8950E+03,-0.009712,0.007932,0.03057,0.0
2.8951E+03,-0.009712,0.007933,0.03057,0.0
2.8952E+03,-0.009712,0.007934,0.03057,0.0
2.8953E+03,-0.009712,0.007935,0.03057,0.0
2.8954E+03,-0.009712,0.007936,0.03057,0.0
2.8955E+03,-0.009712,0.007960,0.03057,0.0
2.8956E+03,-0.009712,0.008041,0.03057,0.0
2.8957E+03,-0.009712,0.007940,0.03057,0.0
2.8958E+03,-0.009712,0.007941,0.03057,0.0
2.8959E+03,-0.009712,0.007943,0.03057,0.0
2.8960E+03,-0.009712,0.007944,0.03057,0.0
2.8961E+03,-0.009712,0.007945,0.03057,0.0
2.8962E+03,-0.009712,0.007946,0.03057,0.0
2.8963E+03,-0.009712,0.007947,0.03057,0.0
2.8964E+03,-0.009712,0.007948,0.03057,0.0
2.8965E+03,-0.009712,0.007950,0.03057,0.0
2.8966E+03,-0.009712,0.007951,0.03057,0.0
2.8968E+03,-0.009712,0.007953,0.03057,0.0
2.8969E+03,-0.009712,0.007954,0.03057,0.0
2.8970E+03,-0.009712,0.007956,0.03057,0.0
2.8971E+03,-0.009712,0.007957,0.03057,0.0
2.8972E+03,-0.009712,0.007958,0.03057,0.0
2.8973E+03,-0.009712,0.007959,0.03057,0.0
2.8974E+03,-0.009712,0.007961,0.03057,0.0
2.8975E+03,-0.009712,0.007962,0.03057,0.0
2.8976E+03,-0.009712,0.007963,0.03057,0.0
2.8977E+03,-0.009712,0.007964,0.03057,0.0
2.8978E+03,-0.009712,0.007966,0.03057,0.0
2.8979E+03,-0.009712,0.007967,0.03057,0.0
2.8980E+03,-0.009712,0.007968,0.03057,0.0
2.8982E+03,-0.009712,-0.007625,0.03057,0.0
2.8983E+03,-0.009732,-0.007615,0.03057,0.0
2.8984E+03,-0.010040,-0.007446,0.03057,0.0
2.8985E+03,-0.010415,-0.007240,0.03057,0.0
2.8986E+03,-0.010750,-0.007056,0.03057,0.0
2.8987E+03,-0.011125,-0.006850,0.03057,0.0
2.8988E+03,-0.011505,-0.006642,0.03057,0.0
2.8989E+03,-0.011877,-0.006438,0.03057,0.0
2.8990E+03,-0.012246,-0.006235,0.03057,0.0
2.8991E+03,-0.012624,-0.006028,0.03057,0.0
2.8992E+03,-0.012999,-0.005822,0.03057,0.0
2.8993E+03,-0.013274,-0.005671,0.03057,0.0
2.8994E+03,-0.013291,-0.005662,0.03057,0.0
