1.8947E+03,-0.010707,0.010586,0.01633,0.0
1.8948E+03,-0.010707,0.010585,0.01633,0.0
1.8949E+03,-0.010707,0.010583,0.01633,0.0
1.8950E+03,-0.010707,0.010581,0.01633,0.0
1.8951E+03,-0.010707,0.010579,0.01633,0.0
1.8952E+03,-0.010707,0.010577,0.01633,0.0
1.8953E+03,-0.010707,0.010575,0.01633,0.0
1.8954E+03,-0.010707,0.010573,0.01633,0.0
1.8955E+03,-0.010707,0.010571,0.01633,0.0
1.8956E+03,-0.010707,0.010569,0.01633,0.0
1.8957E+03,-0.010707,0.010567,0.01633,0.0
1.8958E+03,-0.010707,0.010565,0.01633,0.0
1.8959E+03,-0.010707,0.010562,0.01633,0.0
1.8960E+03,-0.010707,0.010561,0.01633,0.0
1.8961E+03,-0.010707,0.010559,0.01633,0.0
1.8962E+03,-0.010707,0.010557,0.01633,0.0
1.8963E+03,-0.010707,0.010555,0.01633,0.0
1.8964E+03,-0.010707,0.010553,0.01633,0.0
1.8965E+03,-0.010707,0.010552,0.01633,0.0
1.8966E+03,-0.010692,0.010509,0.01633,0.0
1.8967E+03,-0.010617,0.010300,0.01633,0.0
1.8968E+03,-0.009792,0.007995,0.01633,0.0
1.8969E+03,-0.008864,0.005406,0.01633,0.0
1.8970E+03,-0.007917,0.002760,0.01633,0.0
1.8971E+03,-0.006925,-0.000009,0.01633,900.0
1.8972E+03,-0.005964,-0.002695,0.01633,900.0
1.8973E+03,-0.005031,-0.005299,0.01633,900.0
1.8974E+03,-0.004106,-0.007884,0.01633,900.0
1.8975E+03,-0.003165,-0.010510,0.01633,900.0
1.8976E+03,-0.002192,-0.013229,0.01633,900.0
1.8977E+03,-0.001346,-0.015591,0.01633,900.0
1.8980E+03,-0.000922,-0.016775,0.01633,900.0
1.8981E+03,-0.000151,-0.016789,0.01633,900.0
1.8982E+03,0.001205,-0.016742,0.01633,900.0
1.8983E+03,0.002669,-0.016560,0.01633,900.0
1.8984E+03,0.003997,-0.016285,0.01633,900.0
1.8985E+03,0.005450,-0.015865,0.01633,900.0
1.8986E+03,0.006864,-0.015304,0.01633,900.0
1.8987E+03,0.008228,-0.014611,0.01633,900.0
1.8988E+03,0.009397,-0.013901,0.01633,900.0
1.8989E+03,0.010188,-0.013322,0.01633,900.0
1.8990E+03,0.011406,-0.012312,0.01633,900.0
1.8991E+03,0.012398,-0.011303,0.01633,900.0
1.8992E+03,0.013356,-0.010140,0.01633,900.0
1.8993E+03,0.014241,-0.008836,0.01633,900.0
1.8994E+03,0.014959,-0.007560,0.01633,900.0
1.8995E+03,0.015572,-0.006169,0.01633,900.0
1.8996E+03,0.016064,-0.004730,0.01633,900.0
1.8997E+03,0.016415,-0.003301,0.01633,900.0
1.8998E+03,0.016642,-0.001830,0.01633,900.0
1.8999E+03,0.016736,-0.000303,0.01633,900.0
1.9000E+03,0.016693,0.001206,0.01633,900.0
1.9001E+03,0.016529,0.002703,0.01633,900.0
1.9002E+03,0.016251,0.004016,0.01633,900.0
1.9003E+03,0.015799,0.005518,0.01633,900.0
1.9004E+03,0.015265,0.006859,0.01633,900.0
1.9005E+03,0.014571,0.008205,0.01633,900.0
1.9006E+03,0.013765,0.009487,0.01633,900.0
1.9007E+03,0.012832,0.010705,0.01633,900.0
1.9008E+03,0.011793,0.011839,0.01633,900.0
1.9009E+03,0.010693,0.012841,0.01633,900.0
1.9010E+03,0.009720,0.013600,0.01633,900.0
1.9011E+03,0.008832,0.014183,0.01633,900.0
1.9012E+03,0.007489,0.014943,0.01633,900.0
1.9013E+03,0.006080,0.015575,0.01633,900.0
1.9014E+03,0.004643,0.016058,0.01633,900.0
1.9015E+03,0.003269,0.016393,0.01633,900.0
1.9016E+03,0.001700,0.016623,0.01633,900.0
1.9017E+03,0.000245,0.016704,0.01633,900.0
1.9018E+03,-0.001236,0.016657,0.01633,900.0
1.9019E+03,-0.002633,0.016489,0.01633,900.0
1.9020E+03,-0.004139,0.016184,0.01633,900.0
1.9021E+03,-0.005551,0.015752,0.01633,900.0
1.9022E+03,-0.006945,0.015196,0.01633,900.0
1.9023E+03,-0.008298,0.014515,0.01633,900.0
1.9024E+03,-0.009555,0.013719,0.01633,900.0
1.9025E+03,-0.010729,0.012826,0.01633,900.0
1.9026E+03,-0.011898,0.011763,0.01633,900.0
1.9027E+03,-0.012892,0.010654,0.01633,900.0
1.9028E+03,-0.013786,0.009459,0.01633,900.0
1.9029E+03,-0.014585,0.008188,0.01633,900.0
1.9030E+03,-0.015273,0.006800,0.01633,900.0
1.9031E+03,-0.015823,0.005414,0.01633,900.0
1.9032E+03,-0.016243,0.004003,0.01633,900.0
1.9033E+03,-0.016539,0.002537,0.01633,900.0
1.9034E+03,-0.016704,0.001033,0.01633,900.0
1.9035E+03,-0.016733,-0.000528,0.01633,900.0
1.9036E+03,-0.016661,-0.001856,0.01633,900.0
1.9037E+03,-0.016414,-0.003379,0.01633,900.0
1.9038E+03,-0.016059,-0.004780,0.01633,900.0
1.9039E+03,-0.015569,-0.006205,0.01633,900.0
1.9040E+03,-0.014918,-0.007623,0.01633,900.0
1.9041E+03,-0.014168,-0.008946,0.01633,900.0
1.9042E+03,-0.013336,-0.010150,0.01633,900.0
1.9043E+03,-0.012402,-0.011275,0.01633,900.0
1.9044E+03,-0.011335,-0.012349,0.01633,900.0
1.9045E+03,-0.010163,-0.013334,0.01633,0.0
1.9046E+03,-0.008943,-0.014193,0.01633,0.0
1.9047E+03,-0.007586,-0.014967,0.01633,0.0
1.9048E+03,-0.006270,-0.015565,0.01633,0.0
1.9049E+03,-0.004818,-0.016084,0.01633,900.0
1.9050E+03,-0.003378,-0.016448,0.01633,900.0
1.9051E+03,-0.001825,-0.016681,0.01633,900.0
1.9052E+03,-0.001084,-0.016760,0.01633,900.0
1.9053E+03,-0.000922,-0.016775,0.01633,900.0
1.9054E+03,-0.001172,-0.016398,0.01633,900.0
1.9055E+03,-0.003282,-0.012988,0.01633,900.0
1.9056E+03,-0.006954,-0.007337,0.01633,900.0
1.9058E+03,-0.009155,-0.004347,0.01633,900.0
1.9059E+03,-0.009204,-0.004228,0.01633,900.0
1.9060E+03,-0.009515,-0.003458,0.01633,900.0
1.9061E+03,-0.009909,-0.001995,0.01633,900.0
1.9062E+03,-0.010085,-0.000425,0.01633,900.0
1.9063E+03,-0.010027,0.001095,0.01633,900.0
1.9064E+03,-0.009756,0.002519,0.01633,900.0
1.9065E+03,-0.009260,0.003945,0.01633,900.0
1.9066E+03,-0.008564,0.005282,0.01633,900.0
1.9067E+03,-0.007677,0.006482,0.01633,900.0
1.9068E+03,-0.006649,0.007552,0.01633,900.0
1.9069E+03,-0.005446,0.008442,0.01633,900.0
1.9070E+03,-0.004097,0.009193,0.01633,900.0
1.9071E+03,-0.002894,0.009646,0.01633,900.0
1.9072E+03,-0.001420,0.009970,0.01633,900.0
1.9073E+03,0.000129,0.010067,0.01633,900.0
1.9074E+03,0.001591,0.009926,0.01633,900.0
1.9075E+03,0.003069,0.009569,0.01633,900.0
1.9076E+03,0.004476,0.008999,0.01633,900.0
1.9077E+03,0.005755,0.008241,0.01633,900.0
1.9078E+03,0.006914,0.007298,0.01633,900.0
1.9079E+03,0.007939,0.006178,0.01633,900.0
1.9080E+03,0.008774,0.004930,0.01633,900.0
1.9081E+03,0.009418,0.003566,0.01633,900.0
1.9082E+03,0.009871,0.002084,0.01633,900.0
1.9083E+03,0.010073,0.000631,0.01633,900.0
1.9084E+03,0.010071,-0.000921,0.01633,900.0
1.9085E+03,0.009839,-0.002323,0.01633,900.0
1.9086E+03,0.009375,-0.003759,0.01633,900.0
1.9087E+03,0.008722,-0.005120,0.01633,900.0
1.9088E+03,0.007962,-0.006223,0.01633,900.0
1.9089E+03,0.006923,-0.007354,0.01633,900.0
1.9090E+03,0.005741,-0.008328,0.01633,900.0
1.9091E+03,0.004435,-0.009082,0.01633,900.0
1.9092E+03,0.003030,-0.009665,0.01633,900.0
1.9093E+03,0.001603,-0.010002,0.01633,900.0
1.9094E+03,0.000199,-0.010129,0.01633,0.0
1.9095E+03,-0.001387,-0.010051,0.01633,0.0
1.9096E+03,-0.002886,-0.009716,0.01633,0.0
1.9097E+03,-0.004284,-0.009190,0.01633,0.0
1.9098E+03,-0.005565,-0.008447,0.01633,0.0
1.9099E+03,-0.006775,-0.007510,0.01633,0.0
1.9100E+03,-0.007790,-0.006440,0.01633,900.0
1.9101E+03,-0.008644,-0.005216,0.01633,900.0
1.9102E+03,-0.009094,-0.004466,0.01633,900.0
1.9103E+03,-0.009155,-0.004347,0.01633,900.0
1.9104E+03,-0.008533,-0.005054,0.01633,900.0
1.9105E+03,-0.006244,-0.007657,0.01633,900.0
1.9106E+03,-0.001350,-0.013223,0.01633,900.0
1.9107E+03,0.000224,-0.015012,0.01633,900.0
1.9108E+03,0.000297,-0.015096,0.01633,900.0
1.9109E+03,0.000302,-0.015096,0.01633,900.0
1.9110E+03,0.001369,-0.015015,0.01633,900.0
1.9111E+03,0.002744,-0.014820,0.01633,900.0
1.9112E+03,0.004161,-0.014485,0.01633,900.0
1.9113E+03,0.005583,-0.013992,0.01633,900.0
1.9114E+03,0.007004,-0.013336,0.01633,900.0
1.9115E+03,0.008320,-0.012558,0.01633,900.0
1.9116E+03,0.009496,-0.011701,0.01633,900.0
1.9117E+03,0.010647,-0.010663,0.01633,900.0
1.9118E+03,0.011641,-0.009570,0.01633,900.0
1.9119E+03,0.012567,-0.008336,0.01633,900.0
1.9120E+03,0.013329,-0.007025,0.01633,900.0
1.9121E+03,0.013948,-0.005687,0.01633,900.0
1.9122E+03,0.014390,-0.004395,0.01633,900.0
1.9123E+03,0.014759,-0.002921,0.01633,900.0
1.9124E+03,0.014968,-0.001434,0.01633,900.0
1.9125E+03,0.015033,0.000066,0.01633,900.0
1.9126E+03,0.014958,0.001546,0.01633,900.0
1.9127E+03,0.014726,0.003012,0.01633,900.0
1.9128E+03,0.014328,0.004542,0.01633,900.0
1.9129E+03,0.013815,0.005926,0.01633,900.0
1.9130E+03,0.013132,0.007330,0.01633,900.0
1.9131E+03,0.012368,0.008540,0.01633,900.0
1.9132E+03,0.011446,0.009725,0.01633,900.0
1.9133E+03,0.010373,0.010851,0.01633,900.0
1.9134E+03,0.009252,0.011819,0.01633,900.0
1.9135E+03,0.008019,0.012680,0.01633,900.0
1.9136E+03,0.006679,0.013431,0.01633,900.0
1.9137E+03,0.005290,0.014035,0.01633,900.0
1.9138E+03,0.003878,0.014493,0.01633,900.0
1.9139E+03,0.002559,0.014784,0.01633,900.0
1.9140E+03,0.001030,0.014978,0.01633,900.0
1.9141E+03,-0.000396,0.015008,0.01633,900.0
1.9142E+03,-0.001949,0.014895,0.01633,900.0
1.9143E+03,-0.003351,0.014630,0.01633,900.0
1.9144E+03,-0.004875,0.014199,0.01633,900.0
1.9145E+03,-0.006305,0.013612,0.01633,900.0
1.9146E+03,-0.007639,0.012920,0.01633,900.0
1.9147E+03,-0.008878,0.012101,0.01633,900.0
1.9148E+03,-0.010031,0.011161,0.01633,900.0
1.9149E+03,-0.011096,0.010113,0.01633,900.0
1.9150E+03,-0.012044,0.008962,0.01633,900.0
1.9151E+03,-0.012887,0.007711,0.01633,900.0
1.9152E+03,-0.013633,0.006327,0.01633,900.0
1.9153E+03,-0.014184,0.004981,0.01633,900.0
1.9154E+03,-0.014616,0.003581,0.01633,900.0
1.9155E+03,-0.014910,0.002016,0.01633,900.0
1.9156E+03,-0.015027,0.000692,0.01633,900.0
1.9157E+03,-0.015017,-0.000781,0.01633,900.0
1.9158E+03,-0.014861,-0.002317,0.01633,900.0
1.9159E+03,-0.014546,-0.003822,0.01633,900.0
1.9160E+03,-0.014106,-0.005257,0.01633,900.0
1.9161E+03,-0.013521,-0.006612,0.01633,900.0
1.9162E+03,-0.012808,-0.007912,0.01633,900.0
1.9163E+03,-0.011942,-0.009189,0.01633,900.0
1.9164E+03,-0.010966,-0.010332,0.01633,900.0
1.9165E+03,-0.009939,-0.011354,0.01633,0.0
1.9166E+03,-0.008708,-0.012309,0.01633,0.0
1.9167E+03,-0.007425,-0.013129,0.01633,0.0
1.9168E+03,-0.006089,-0.013787,0.01633,0.0
1.9169E+03,-0.004720,-0.014315,0.01633,0.0
1.9170E+03,-0.003221,-0.014715,0.01633,0.0
1.9171E+03,-0.001735,-0.014970,0.01633,900.0
1.9172E+03,-0.000387,-0.015076,0.01633,900.0
1.9173E+03,0.000288,-0.015096,0.01633,900.0
1.9174E+03,0.000297,-0.015096,0.01633,900.0
1.9175E+03,-0.000229,-0.014616,0.01633,900.0
1.9176E+03,-0.004223,-0.010966,0.01633,900.0
1.9177E+03,-0.009973,-0.005713,0.01633,900.0
1.9178E+03,-0.010656,-0.005088,0.01633,900.0
1.9179E+03,-0.010707,-0.005042,0.01633,900.0
1.9180E+03,-0.010770,-0.004890,0.01633,900.0
1.9181E+03,-0.011167,-0.003795,0.01633,900.0
1.9182E+03,-0.011554,-0.002355,0.01633,900.0
1.9183E+03,-0.011755,-0.000895,0.01633,900.0
1.9184E+03,-0.011771,0.000611,0.01633,900.0
1.9185E+03,-0.011584,0.002130,0.01633,900.0
1.9186E+03,-0.011208,0.003612,0.01633,900.0
1.9187E+03,-0.010658,0.005026,0.01633,900.0
1.9188E+03,-0.009967,0.006295,0.01633,900.0
1.9189E+03,-0.009059,0.007528,0.01633,900.0
1.9190E+03,-0.008014,0.008633,0.01633,900.0
1.9191E+03,-0.006969,0.009471,0.01633,900.0
1.9192E+03,-0.005732,0.010269,0.01633,900.0
1.9193E+03,-0.004342,0.010917,0.01633,900.0
1.9194E+03,-0.002910,0.011386,0.01633,900.0
1.9195E+03,-0.001463,0.011656,0.01633,900.0
1.9196E+03,0.000027,0.011746,0.01633,900.0
1.9197E+03,0.001523,0.011656,0.01633,900.0
1.9198E+03,0.003001,0.011375,0.01633,900.0
1.9199E+03,0.004437,0.010899,0.01633,900.0
1.9200E+03,0.005804,0.010239,0.01633,900.0
1.9201E+03,0.007082,0.009412,0.01633,900.0
1.9202E+03,0.008219,0.008449,0.01633,900.0
1.9203E+03,0.009208,0.007337,0.01633,900.0
1.9204E+03,0.010055,0.006108,0.01633,900.0
1.9205E+03,0.010768,0.004745,0.01633,900.0
1.9206E+03,0.011307,0.003294,0.01633,900.0
1.9207E+03,0.011647,0.001807,0.01633,900.0
1.9208E+03,0.011774,0.000469,0.01633,900.0
1.9209E+03,0.011748,-0.001011,0.01633,900.0
1.9210E+03,0.011538,-0.002515,0.01633,900.0
1.9211E+03,0.011160,-0.003913,0.01633,900.0
1.9212E+03,0.010547,-0.005356,0.01633,900.0
1.9213E+03,0.009766,-0.006653,0.01633,900.0
1.9214E+03,0.008867,-0.007810,0.01633,900.0
1.9215E+03,0.007823,-0.008862,0.01633,900.0
1.9216E+03,0.006599,-0.009799,0.01633,900.0
1.9217E+03,0.005287,-0.010565,0.01633,900.0
1.9218E+03,0.003942,-0.011143,0.01633,900.0
1.9219E+03,0.002548,-0.011546,0.01633,900.0
1.9220E+03,0.001041,-0.011787,0.01633,900.0
1.9221E+03,-0.000547,-0.011819,0.01633,900.0
1.9222E+03,-0.001996,-0.011659,0.01633,0.0
1.9223E+03,-0.003448,-0.011324,0.01633,0.0
1.9224E+03,-0.004860,-0.010800,0.01633,0.0
1.9225E+03,-0.006258,-0.010058,0.01633,0.0
1.9226E+03,-0.007324,-0.009287,0.01633,0.0
1.9227E+03,-0.008427,-0.008266,0.01633,0.0
1.9228E+03,-0.009426,-0.007105,0.01633,0.0
1.9229E+03,-0.010258,-0.005853,0.01633,0.0
1.9230E+03,-0.010666,-0.005127,0.01633,0.0
1.9231E+03,-0.010707,-0.005042,0.01633,0.0
1.9232E+03,-0.010707,-0.005041,0.01633,0.0
1.9233E+03,-0.010707,-0.005040,0.01633,0.0
1.9234E+03,-0.010707,-0.005038,0.01633,0.0
1.9236E+03,-0.010707,-0.005037,0.01633,0.0
1.9237E+03,-0.010707,-0.005035,0.01633,0.0
1.9239E+03,-0.010707,-0.005033,0.01633,0.0
1.9240E+03,-0.010707,-0.005031,0.01633,0.0
1.9241E+03,-0.010707,-0.005030,0.01633,0.0
1.9242E+03,-0.010707,-0.005029,0.01633,0.0
1.9244E+03,-0.010707,-0.005027,0.01633,0.0
1.9245E+03,-0.010707,-0.005025,0.01633,0.0
1.9246E+03,-0.010707,-0.005024,0.01633,0.0
1.9247E+03,-0.010707,-0.005021,0.01633,0.0
1.9249E+03,-0.010707,-0.005020,0.01633,0.0
1.9250E+03,-0.010707,-0.005018,0.01633,0.0
1.9251E+03,-0.010707,-0.004938,0.01633,0.0
1.9252E+03,-0.010707,-0.004972,0.01633,0.0
1.9253E+03,-0.010707,-0.005015,0.01633,0.0
1.9254E+03,-0.010707,-0.005013,0.01633,0.0
1.9255E+03,-0.010707,-0.005011,0.01633,0.0
1.9257E+03,-0.010707,-0.005010,0.01633,0.0
1.9258E+03,-0.010707,-0.005008,0.01633,0.0
1.9260E+03,-0.010707,-0.005006,0.01633,0.0
1.9262E+03,-0.010707,-0.020599,0.01633,0.0
1.9263E+03,-0.010242,-0.020397,0.01633,0.0
1.9264E+03,-0.008552,-0.019663,0.01633,0.0
1.9265E+03,-0.006232,-0.018656,0.01633,0.0
1.9266E+03,-0.003824,-0.017609,0.01633,0.0
1.9267E+03,-0.001405,-0.016559,0.01633,0.0
1.9268E+03,0.000858,-0.015576,0.01633,0.0
1.9269E+03,0.003201,-0.014545,0.01633,0.0
1.9270E+03,0.005526,-0.013470,0.01633,0.0
1.9271E+03,0.007940,-0.012497,0.01633,0.0
1.9272E+03,0.010285,-0.011481,0.01633,0.0
1.9273E+03,0.012539,-0.010502,0.01633,0.0
1.9274E+03,0.013080,-0.010267,0.01633,0.0
