4.6537E+03,0.011052,0.022131,0.05112,0.0
4.6538E+03,0.011052,0.022130,0.05112,0.0
4.6539E+03,0.011052,0.022128,0.05112,0.0
4.6540E+03,0.011052,0.022127,0.05112,0.0
4.6541E+03,0.011052,0.022125,0.05112,0.0
4.6542E+03,0.011052,0.022123,0.05112,0.0
4.6544E+03,0.011052,0.022121,0.05112,0.0
4.6545E+03,0.011052,0.022120,0.05112,0.0
4.6546E+03,0.011052,0.022118,0.05112,0.0
4.6547E+03,0.011052,0.022117,0.05112,0.0
4.6548E+03,0.011052,0.022115,0.05112,0.0
4.6549E+03,0.011052,0.022113,0.05112,0.0
4.6549E+03,0.011052,0.022112,0.05112,0.0
4.6550E+03,0.011052,0.022110,0.05112,0.0
4.6551E+03,0.011052,0.022108,0.05112,0.0
4.6552E+03,0.011052,0.022107,0.05112,0.0
4.6553E+03,0.011052,0.022105,0.05112,0.0
4.6554E+03,0.011052,0.022023,0.05112,0.0
4.6555E+03,0.011052,0.022061,0.05112,0.0
4.6556E+03,0.011052,0.022101,0.05112,0.0
4.6557E+03,0.011052,0.022099,0.05112,0.0
4.6558E+03,0.011052,0.022097,0.05112,0.0
4.6561E+03,0.011052,0.022096,0.05112,0.0
4.6562E+03,0.010980,0.022038,0.05112,0.0
4.6563E+03,0.010520,0.021670,0.05112,0.0
4.6564E+03,0.008009,0.019662,0.05112,0.0
4.6565E+03,0.005255,0.017460,0.05112,0.0
4.6566E+03,0.002677,0.015398,0.05112,0.0
4.6566E+03,0.000170,0.013393,0.05112,900.0
4.6567E+03,-0.002442,0.011304,0.05112,900.0
4.6568E+03,-0.005021,0.009242,0.05112,900.0
4.6569E+03,-0.007697,0.007102,0.05112,900.0
4.6570E+03,-0.010388,0.004950,0.05112,900.0
4.6571E+03,-0.013042,0.002828,0.05112,900.0
4.6572E+03,-0.015593,0.000787,0.05112,900.0
4.6573E+03,-0.017428,-0.000680,0.05112,900.0
4.6575E+03,-0.017429,-0.000681,0.05112,900.0
4.6576E+03,-0.017410,-0.000943,0.05112,900.0
4.6578E+03,-0.017275,-0.002240,0.05112,900.0
4.6579E+03,-0.017019,-0.003740,0.05112,900.0
4.6580E+03,-0.016625,-0.005209,0.05112,900.0
4.6581E+03,-0.016161,-0.006543,0.05112,900.0
4.6582E+03,-0.015644,-0.007703,0.05112,900.0
4.6583E+03,-0.015000,-0.008882,0.05112,900.0
4.6584E+03,-0.014173,-0.010160,0.05112,900.0
4.6584E+03,-0.013334,-0.011261,0.05112,900.0
4.6585E+03,-0.012319,-0.012374,0.05112,900.0
4.6586E+03,-0.011220,-0.013374,0.05112,900.0
4.6587E+03,-0.010005,-0.014301,0.05112,900.0
4.6588E+03,-0.008762,-0.015100,0.05112,900.0
4.6589E+03,-0.007419,-0.015798,0.05112,900.0
4.6590E+03,-0.005985,-0.016391,0.05112,900.0
4.6591E+03,-0.004571,-0.016842,0.05112,900.0
4.6592E+03,-0.003104,-0.017169,0.05112,900.0
4.6593E+03,-0.001589,-0.017383,0.05112,900.0
4.6595E+03,-0.000119,-0.017456,0.05112,900.0
4.6596E+03,0.001376,-0.017399,0.05112,900.0
4.6597E+03,0.002943,-0.017216,0.05112,900.0
4.6598E+03,0.004323,-0.016920,0.05112,900.0
4.6599E+03,0.005741,-0.016497,0.05112,900.0
4.6600E+03,0.007218,-0.015895,0.05112,900.0
4.6601E+03,0.008567,-0.015210,0.05112,900.0
4.6601E+03,0.009737,-0.014477,0.05112,900.0
4.6602E+03,0.010917,-0.013606,0.05112,900.0
4.6603E+03,0.012042,-0.012611,0.05112,900.0
4.6604E+03,0.013107,-0.011513,0.05112,900.0
4.6605E+03,0.014027,-0.010361,0.05112,900.0
4.6606E+03,0.014864,-0.009116,0.05112,900.0
4.6607E+03,0.015592,-0.007809,0.05112,900.0
4.6608E+03,0.016206,-0.006458,0.05112,900.0
4.6609E+03,0.016713,-0.005014,0.05112,900.0
4.6610E+03,0.017069,-0.003563,0.05112,900.0
4.6611E+03,0.017293,-0.002139,0.05112,900.0
4.6613E+03,0.017393,-0.001067,0.05112,900.0
4.6614E+03,0.017409,0.000320,0.05112,900.0
4.6615E+03,0.017354,0.001515,0.05112,900.0
4.6616E+03,0.017185,0.002773,0.05112,900.0
4.6617E+03,0.016890,0.004205,0.05112,900.0
4.6618E+03,0.016463,0.005649,0.05112,900.0
4.6618E+03,0.015969,0.006927,0.05112,900.0
4.6619E+03,0.015305,0.008287,0.05112,900.0
4.6620E+03,0.014554,0.009566,0.05112,900.0
4.6621E+03,0.013641,0.010815,0.05112,900.0
4.6622E+03,0.012647,0.011955,0.05112,900.0
4.6623E+03,0.011589,0.012971,0.05112,900.0
4.6624E+03,0.010454,0.013903,0.05112,900.0
4.6625E+03,0.009201,0.014754,0.05112,900.0
4.6626E+03,0.007872,0.015497,0.05112,900.0
4.6627E+03,0.006480,0.016129,0.05112,900.0
4.6628E+03,0.005046,0.016636,0.05112,900.0
4.6630E+03,0.003601,0.017010,0.05112,900.0
4.6631E+03,0.002113,0.017256,0.05112,900.0
4.6632E+03,0.000601,0.017380,0.05112,900.0
4.6633E+03,-0.000869,0.017375,0.05112,900.0
4.6634E+03,-0.002392,0.017236,0.05112,900.0
4.6635E+03,-0.003819,0.016970,0.05112,900.0
4.6635E+03,-0.005137,0.016608,0.05112,900.0
4.6636E+03,-0.006595,0.016085,0.05112,900.0
4.6637E+03,-0.007998,0.015436,0.05112,900.0
4.6638E+03,-0.009295,0.014693,0.05112,900.0
4.6639E+03,-0.010526,0.013836,0.05112,900.0
4.6640E+03,-0.011698,0.012870,0.05112,900.0
4.6641E+03,-0.012767,0.011820,0.05112,900.0
4.6642E+03,-0.013759,0.010653,0.05112,900.0
4.6643E+03,-0.014600,0.009477,0.05112,0.0
4.6644E+03,-0.015404,0.008128,0.05112,0.0
4.6645E+03,-0.015900,0.007113,0.05112,0.0
4.6647E+03,-0.016425,0.005799,0.05112,0.0
4.6648E+03,-0.016861,0.004336,0.05112,0.0
4.6649E+03,-0.017173,0.002847,0.05112,0.0
4.6650E+03,-0.017356,0.001400,0.05112,0.0
4.6651E+03,-0.017427,0.000045,0.05112,900.0
4.6652E+03,-0.017429,-0.000670,0.05112,900.0
4.6653E+03,-0.017429,-0.000681,0.05112,900.0
4.6653E+03,-0.016491,-0.000480,0.05112,900.0
4.6654E+03,-0.011496,0.000589,0.05112,900.0
4.6655E+03,-0.003562,0.002286,0.05112,900.0
4.6656E+03,0.003823,0.003867,0.05112,900.0
4.6657E+03,0.007604,0.004676,0.05112,900.0
4.6659E+03,0.008116,0.004785,0.05112,900.0
4.6660E+03,0.008481,0.004056,0.05112,900.0
4.6661E+03,0.008968,0.002785,0.05112,900.0
4.6662E+03,0.009307,0.001308,0.05112,900.0
4.6664E+03,0.009392,-0.000187,0.05112,900.0
4.6665E+03,0.009268,-0.001678,0.05112,900.0
4.6666E+03,0.008880,-0.003159,0.05112,900.0
4.6667E+03,0.008290,-0.004508,0.05112,900.0
4.6668E+03,0.007491,-0.005761,0.05112,900.0
4.6669E+03,0.006513,-0.006863,0.05112,900.0
4.6670E+03,0.005341,-0.007802,0.05112,900.0
4.6670E+03,0.004098,-0.008493,0.05112,900.0
4.6671E+03,0.002678,-0.009055,0.05112,900.0
4.6672E+03,0.001229,-0.009361,0.05112,900.0
4.6673E+03,-0.000259,-0.009431,0.05112,900.0
4.6674E+03,-0.001739,-0.009275,0.05112,900.0
4.6675E+03,-0.003162,-0.008897,0.05112,900.0
4.6676E+03,-0.004519,-0.008289,0.05112,900.0
4.6677E+03,-0.005796,-0.007457,0.05112,900.0
4.6678E+03,-0.006880,-0.006471,0.05112,900.0
4.6679E+03,-0.007840,-0.005276,0.05112,900.0
4.6681E+03,-0.008578,-0.003943,0.05112,900.0
4.6682E+03,-0.009091,-0.002522,0.05112,900.0
4.6683E+03,-0.009355,-0.001002,0.05112,900.0
4.6684E+03,-0.009396,0.000467,0.05112,900.0
4.6685E+03,-0.009196,0.001943,0.05112,900.0
4.6686E+03,-0.008761,0.003374,0.05112,900.0
4.6687E+03,-0.008106,0.004724,0.05112,900.0
4.6687E+03,-0.007324,0.005855,0.05112,900.0
4.6688E+03,-0.006282,0.006986,0.05112,900.0
4.6689E+03,-0.005098,0.007880,0.05112,900.0
4.6690E+03,-0.003795,0.008599,0.05112,900.0
4.6691E+03,-0.002353,0.009100,0.05112,900.0
4.6692E+03,-0.000939,0.009340,0.05112,0.0
4.6693E+03,0.000557,0.009362,0.05112,0.0
4.6694E+03,0.002067,0.009136,0.05112,0.0
4.6695E+03,0.003556,0.008670,0.05112,0.0
4.6696E+03,0.004892,0.007999,0.05112,0.0
4.6697E+03,0.006081,0.007137,0.05112,0.0
4.6699E+03,0.007126,0.006095,0.05112,900.0
4.6700E+03,0.007863,0.005172,0.05112,900.0
4.6701E+03,0.008116,0.004785,0.05112,900.0
4.6702E+03,0.008015,0.004756,0.05112,900.0
4.6703E+03,0.006551,0.004324,0.05112,900.0
4.6704E+03,-0.000099,0.002363,0.05112,900.0
4.6704E+03,-0.007270,0.000261,0.05112,900.0
4.6705E+03,-0.013506,-0.001571,0.05112,900.0
4.6706E+03,-0.015570,-0.002178,0.05112,900.0
4.6707E+03,-0.015583,-0.002182,0.05112,900.0
4.6708E+03,-0.015567,-0.002289,0.05112,900.0
4.6709E+03,-0.015411,-0.003100,0.05112,900.0
4.6710E+03,-0.015121,-0.004372,0.05112,900.0
4.6711E+03,-0.014791,-0.005361,0.05112,900.0
4.6712E+03,-0.014224,-0.006727,0.05112,900.0
4.6713E+03,-0.013491,-0.008122,0.05112,900.0
4.6714E+03,-0.012672,-0.009363,0.05112,900.0
4.6716E+03,-0.011758,-0.010480,0.05112,900.0
4.6717E+03,-0.010683,-0.011576,0.05112,900.0
4.6718E+03,-0.009485,-0.012572,0.05112,900.0
4.6719E+03,-0.008245,-0.013419,0.05112,900.0
4.6720E+03,-0.006931,-0.014136,0.05112,900.0
4.6721E+03,-0.005558,-0.014736,0.05112,900.0
4.6722E+03,-0.004149,-0.015194,0.05112,900.0
4.6722E+03,-0.002844,-0.015495,0.05112,900.0
4.6723E+03,-0.001338,-0.015701,0.05112,900.0
4.6724E+03,0.000163,-0.015757,0.05112,900.0
4.6725E+03,0.001680,-0.015677,0.05112,900.0
4.6726E+03,0.003161,-0.015445,0.05112,900.0
4.6727E+03,0.004604,-0.015077,0.05112,900.0
4.6728E+03,0.006064,-0.014530,0.05112,900.0
4.6729E+03,0.007405,-0.013903,0.05112,900.0
4.6730E+03,0.008699,-0.013123,0.05112,900.0
4.6731E+03,0.009938,-0.012205,0.05112,900.0
4.6733E+03,0.011049,-0.011209,0.05112,900.0
4.6734E+03,0.012050,-0.010134,0.05112,900.0
4.6735E+03,0.012948,-0.008938,0.05112,900.0
4.6736E+03,0.013738,-0.007670,0.05112,900.0
4.6737E+03,0.014416,-0.006305,0.05112,900.0
4.6738E+03,0.014977,-0.004852,0.05112,900.0
4.6739E+03,0.015371,-0.003396,0.05112,900.0
4.6739E+03,0.015583,-0.002104,0.05112,900.0
4.6740E+03,0.015709,-0.000562,0.05112,900.0
4.6741E+03,0.015682,0.000942,0.05112,900.0
4.6742E+03,0.015515,0.002447,0.05112,900.0
4.6743E+03,0.015203,0.003927,0.05112,900.0
4.6744E+03,0.014751,0.005370,0.05112,900.0
4.6745E+03,0.014163,0.006766,0.05112,900.0
4.6746E+03,0.013459,0.008089,0.05112,900.0
4.6747E+03,0.012607,0.009351,0.05112,900.0
4.6748E+03,0.011668,0.010511,0.05112,900.0
4.6749E+03,0.010595,0.011596,0.05112,900.0
4.6751E+03,0.009463,0.012527,0.05112,900.0
4.6752E+03,0.008199,0.013382,0.05112,900.0
4.6753E+03,0.006934,0.014073,0.05112,900.0
4.6754E+03,0.005578,0.014661,0.05112,900.0
4.6755E+03,0.004106,0.015129,0.05112,900.0
4.6756E+03,0.002614,0.015461,0.05112,900.0
4.6756E+03,0.001257,0.015627,0.05112,900.0
4.6757E+03,-0.000275,0.015678,0.05112,900.0
4.6758E+03,-0.001783,0.015583,0.05112,900.0
4.6759E+03,-0.003274,0.015347,0.05112,900.0
4.6760E+03,-0.004738,0.014963,0.05112,900.0
4.6761E+03,-0.006159,0.014442,0.05112,900.0
4.6762E+03,-0.007500,0.013794,0.05112,900.0
4.6763E+03,-0.008741,0.013029,0.05112,900.0
4.6764E+03,-0.009969,0.012116,0.05112,900.0
4.6765E+03,-0.011073,0.011118,0.05112,900.0
4.6766E+03,-0.012087,0.010002,0.05112,900.0
4.6768E+03,-0.012999,0.008790,0.05112,900.0
4.6769E+03,-0.013790,0.007500,0.05112,900.0
4.6770E+03,-0.014452,0.006130,0.05112,0.0
4.6771E+03,-0.014980,0.004725,0.05112,0.0
4.6772E+03,-0.015362,0.003309,0.05112,0.0
4.6773E+03,-0.015589,0.002029,0.05112,0.0
4.6773E+03,-0.015685,0.001124,0.05112,0.0
4.6774E+03,-0.015723,-0.000007,0.05112,0.0
4.6775E+03,-0.015696,-0.000976,0.05112,0.0
4.6776E+03,-0.015618,-0.001857,0.05112,900.0
4.6777E+03,-0.015583,-0.002182,0.05112,900.0
4.6778E+03,-0.015579,-0.002181,0.05112,900.0
4.6779E+03,-0.013146,-0.001424,0.05112,900.0
4.6780E+03,-0.007019,0.000551,0.05112,900.0
4.6781E+03,0.000249,0.002873,0.05112,900.0
4.6782E+03,0.007163,0.004890,0.05112,900.0
4.6785E+03,0.009584,0.005643,0.05112,900.0
4.6786E+03,0.009587,0.005637,0.05112,900.0
4.6787E+03,0.010110,0.004622,0.05112,900.0
4.6788E+03,0.010620,0.003243,0.05112,900.0
4.6789E+03,0.010969,0.001767,0.05112,900.0
4.6790E+03,0.011110,0.000313,0.05112,900.0
4.6790E+03,0.011067,-0.000997,0.05112,900.0
4.6791E+03,0.010833,-0.002473,0.05112,900.0
4.6792E+03,0.010406,-0.003933,0.05112,900.0
4.6793E+03,0.009779,-0.005327,0.05112,900.0
4.6794E+03,0.008956,-0.006629,0.05112,900.0
4.6795E+03,0.008012,-0.007758,0.05112,900.0
4.6796E+03,0.006917,-0.008761,0.05112,900.0
4.6797E+03,0.005667,-0.009603,0.05112,900.0
4.6798E+03,0.004271,-0.010297,0.05112,900.0
4.6799E+03,0.002883,-0.010777,0.05112,900.0
4.6800E+03,0.001417,-0.011055,0.05112,900.0
4.6802E+03,-0.000084,-0.011139,0.05112,900.0
4.6803E+03,-0.001574,-0.011033,0.05112,900.0
4.6804E+03,-0.003030,-0.010726,0.05112,900.0
4.6805E+03,-0.004435,-0.010221,0.05112,900.0
4.6806E+03,-0.005770,-0.009534,0.05112,900.0
4.6807E+03,-0.007005,-0.008681,0.05112,900.0
4.6808E+03,-0.008119,-0.007638,0.05112,900.0
4.6808E+03,-0.008976,-0.006605,0.05112,900.0
4.6809E+03,-0.009799,-0.005292,0.05112,900.0
4.6810E+03,-0.010403,-0.003952,0.05112,900.0
4.6811E+03,-0.010833,-0.002516,0.05112,900.0
4.6812E+03,-0.011069,-0.000973,0.05112,900.0
4.6813E+03,-0.011091,0.000560,0.05112,900.0
4.6814E+03,-0.010908,0.002045,0.05112,900.0
4.6815E+03,-0.010533,0.003497,0.05112,900.0
4.6816E+03,-0.009961,0.004889,0.05112,900.0
4.6817E+03,-0.009217,0.006189,0.05112,900.0
4.6819E+03,-0.008283,0.007386,0.05112,900.0
4.6820E+03,-0.007264,0.008397,0.05112,900.0
4.6821E+03,-0.006030,0.009323,0.05112,900.0
4.6822E+03,-0.004689,0.010051,0.05112,900.0
4.6823E+03,-0.003335,0.010569,0.05112,900.0
4.6824E+03,-0.001832,0.010927,0.05112,900.0
4.6825E+03,-0.000314,0.011068,0.05112,900.0
4.6825E+03,0.001045,0.011017,0.05112,0.0
4.6826E+03,0.002519,0.010783,0.05112,0.0
4.6827E+03,0.003937,0.010355,0.05112,0.0
4.6828E+03,0.005330,0.009723,0.05112,0.0
4.6829E+03,0.006567,0.008936,0.05112,900.0
4.6830E+03,0.007725,0.007980,0.05112,900.0
4.6831E+03,0.008734,0.006872,0.05112,900.0
4.6832E+03,0.009487,0.005786,0.05112,900.0
4.6833E+03,0.009580,0.005649,0.05112,900.0
4.6834E+03,0.009584,0.005643,0.05112,900.0
4.6836E+03,0.011280,0.002903,0.05112,900.0
4.6837E+03,0.013211,-0.000215,0.05112,900.0
4.6839E+03,0.013961,-0.001427,0.05112,900.0
4.6840E+03,0.013976,-0.001274,0.05112,900.0
4.6841E+03,0.014004,-0.000575,0.05112,900.0
4.6842E+03,0.013984,0.000932,0.05112,900.0
4.6842E+03,0.013842,0.002257,0.05112,900.0
4.6843E+03,0.013595,0.003416,0.05112,900.0
4.6844E+03,0.013193,0.004721,0.05112,900.0
4.6845E+03,0.012780,0.005751,0.05112,900.0
4.6846E+03,0.012118,0.006999,0.05112,900.0
4.6847E+03,0.011259,0.008301,0.05112,900.0
4.6848E+03,0.010319,0.009444,0.05112,900.0
4.6849E+03,0.009518,0.010266,0.05112,900.0
4.6850E+03,0.008612,0.011010,0.05112,900.0
4.6851E+03,0.007339,0.011903,0.05112,900.0
4.6853E+03,0.006003,0.012635,0.05112,900.0
4.6854E+03,0.004672,0.013187,0.05112,900.0
4.6855E+03,0.003192,0.013630,0.05112,900.0
4.6856E+03,0.001763,0.013884,0.05112,900.0
4.6857E+03,0.000234,0.013987,0.05112,900.0
4.6858E+03,-0.001229,0.013932,0.05112,900.0
4.6859E+03,-0.002794,0.013694,0.05112,900.0
4.6859E+03,-0.004107,0.013362,0.05112,900.0
4.6860E+03,-0.005494,0.012852,0.05112,900.0
4.6861E+03,-0.006842,0.012196,0.05112,900.0
4.6862E+03,-0.008109,0.011396,0.05112,900.0
4.6863E+03,-0.009313,0.010438,0.05112,900.0
4.6864E+03,-0.010399,0.009369,0.05112,900.0
4.6865E+03,-0.011352,0.008213,0.05112,900.0
4.6866E+03,-0.012167,0.006941,0.05112,900.0
4.6867E+03,-0.012836,0.005634,0.05112,900.0
4.6868E+03,-0.013347,0.004248,0.05112,900.0
4.6870E+03,-0.013660,0.003126,0.05112,900.0
4.6871E+03,-0.013898,0.001721,0.05112,900.0
4.6872E+03,-0.014009,0.000238,0.05112,900.0
4.6873E+03,-0.013954,-0.001245,0.05112,900.0
4.6874E+03,-0.013792,-0.002547,0.05112,900.0
4.6875E+03,-0.013512,-0.003736,0.05112,900.0
4.6876E+03,-0.013053,-0.005136,0.05112,900.0
4.6876E+03,-0.012502,-0.006392,0.05112,900.0
4.6877E+03,-0.011770,-0.007672,0.05112,900.0
4.6878E+03,-0.010868,-0.008911,0.05112,900.0
4.6879E+03,-0.009850,-0.010013,0.05112,900.0
4.6880E+03,-0.008713,-0.011015,0.05112,900.0
4.6881E+03,-0.007431,-0.011917,0.05112,900.0
4.6882E+03,-0.006137,-0.012636,0.05112,900.0
4.6883E+03,-0.004760,-0.013215,0.05112,900.0
4.6884E+03,-0.003306,-0.013655,0.05112,900.0
4.6885E+03,-0.001849,-0.013925,0.05112,900.0
4.6887E+03,-0.000364,-0.014046,0.05112,900.0
4.6888E+03,0.001188,-0.014010,0.05112,900.0
4.6889E+03,0.002706,-0.013800,0.05112,900.0
4.6890E+03,0.004125,-0.013445,0.05112,900.0
4.6891E+03,0.005504,-0.012948,0.05112,900.0
4.6892E+03,0.006894,-0.012247,0.05112,900.0
4.6893E+03,0.008125,-0.011459,0.05112,900.0
4.6893E+03,0.009084,-0.010712,0.05112,900.0
4.6894E+03,0.009982,-0.009881,0.05112,0.0
4.6895E+03,0.010859,-0.008890,0.05112,0.0
4.6896E+03,0.011744,-0.007682,0.05112,0.0
4.6897E+03,0.012481,-0.006417,0.05112,0.0
4.6898E+03,0.013003,-0.005285,0.05112,900.0
4.6899E+03,0.013354,-0.004321,0.05112,900.0
4.6900E+03,0.013666,-0.003211,0.05112,900.0
4.6901E+03,0.013929,-0.001713,0.05112,900.0
4.6902E+03,0.013958,-0.001458,0.05112,900.0
4.6903E+03,0.013961,-0.001427,0.05112,900.0
4.6905E+03,0.013169,0.000733,0.05112,900.0
4.6906E+03,0.011682,0.004785,0.05112,900.0
4.6908E+03,0.011052,0.006502,0.05112,900.0
4.6909E+03,0.011166,0.006295,0.05112,900.0
4.6910E+03,0.011553,0.005505,0.05112,900.0
4.6910E+03,0.012093,0.004248,0.05112,900.0
4.6911E+03,0.012530,0.002771,0.05112,900.0
4.6912E+03,0.012778,0.001220,0.05112,900.0
4.6913E+03,0.012830,-0.000195,0.05112,900.0
4.6914E+03,0.012707,-0.001733,0.05112,900.0
4.6915E+03,0.012428,-0.003171,0.05112,900.0
4.6916E+03,0.011979,-0.004589,0.05112,900.0
4.6917E+03,0.011335,-0.006000,0.05112,900.0
4.6918E+03,0.010564,-0.007293,0.05112,900.0
4.6919E+03,0.009625,-0.008491,0.05112,900.0
4.6920E+03,0.008546,-0.009581,0.05112,900.0
4.6922E+03,0.007383,-0.010509,0.05112,900.0
4.6923E+03,0.006095,-0.011312,0.05112,900.0
4.6924E+03,0.004772,-0.011934,0.05112,900.0
4.6925E+03,0.003330,-0.012423,0.05112,900.0
4.6926E+03,0.001845,-0.012735,0.05112,900.0
4.6927E+03,0.000358,-0.012858,0.05112,900.0
4.6927E+03,-0.000969,-0.012819,0.05112,900.0
4.6928E+03,-0.002448,-0.012614,0.05112,900.0
4.6929E+03,-0.003926,-0.012226,0.05112,900.0
4.6930E+03,-0.005359,-0.011673,0.05112,900.0
4.6931E+03,-0.006694,-0.010956,0.05112,900.0
4.6932E+03,-0.007927,-0.010104,0.05112,900.0
4.6933E+03,-0.009041,-0.009122,0.05112,900.0
4.6934E+03,-0.010037,-0.008013,0.05112,900.0
4.6935E+03,-0.010943,-0.006763,0.05112,900.0
4.6936E+03,-0.011632,-0.005482,0.05112,900.0
4.6938E+03,-0.012187,-0.004073,0.05112,900.0
4.6939E+03,-0.012567,-0.002559,0.05112,900.0
4.6940E+03,-0.012771,-0.001116,0.05112,900.0
4.6941E+03,-0.012805,0.000420,0.05112,900.0
4.6942E+03,-0.012662,0.001944,0.05112,900.0
4.6943E+03,-0.012359,0.003376,0.05112,900.0
4.6944E+03,-0.011887,0.004768,0.05112,900.0
4.6944E+03,-0.011309,0.006000,0.05112,900.0
4.6945E+03,-0.010520,0.007287,0.05112,900.0
4.6946E+03,-0.009571,0.008504,0.05112,900.0
4.6947E+03,-0.008537,0.009537,0.05112,900.0
4.6948E+03,-0.007369,0.010467,0.05112,900.0
4.6949E+03,-0.006087,0.011251,0.05112,900.0
4.6950E+03,-0.004660,0.011907,0.05112,900.0
4.6951E+03,-0.003246,0.012359,0.05112,900.0
4.6952E+03,-0.001798,0.012651,0.05112,900.0
4.6953E+03,-0.000283,0.012769,0.05112,900.0
4.6954E+03,0.001234,0.012714,0.05112,900.0
4.6956E+03,0.002703,0.012481,0.05112,0.0
4.6957E+03,0.004145,0.012082,0.05112,0.0
4.6958E+03,0.005576,0.011516,0.05112,0.0
4.6959E+03,0.006913,0.010771,0.05112,0.0
4.6960E+03,0.008097,0.009923,0.05112,0.0
4.6961E+03,0.009189,0.008928,0.05112,0.0
4.6961E+03,0.010095,0.007875,0.05112,0.0
4.6962E+03,0.010843,0.006814,0.05112,0.0
4.6963E+03,0.011050,0.006505,0.05112,0.0
4.6964E+03,0.011052,0.006502,0.05112,0.0
4.6965E+03,0.011052,0.006503,0.05112,0.0
4.6966E+03,0.011052,0.006504,0.05112,0.0
4.6967E+03,0.011052,0.006505,0.05112,0.0
4.6968E+03,0.011052,0.006506,0.05112,0.0
4.6969E+03,0.011052,0.006507,0.05112,0.0
4.6970E+03,0.011052,0.006509,0.05112,0.0
4.6973E+03,0.011052,0.006510,0.05112,0.0
4.6974E+03,0.011052,0.006512,0.05112,0.0
4.6975E+03,0.011052,0.006513,0.05112,0.0
4.6976E+03,0.011052,0.006514,0.05112,0.0
4.6977E+03,0.011052,0.006515,0.05112,0.0
4.6978E+03,0.011052,0.006516,0.05112,0.0
4.6979E+03,0.011052,0.006517,0.05112,0.0
4.6979E+03,0.011052,0.006518,0.05112,0.0
4.6980E+03,0.011052,0.006519,0.05112,0.0
4.6981E+03,0.011052,0.006520,0.05112,0.0
4.6982E+03,0.011052,0.006522,0.05112,0.0
4.6983E+03,0.011052,0.006523,0.05112,0.0
4.6984E+03,0.011052,0.006524,0.05112,0.0
4.6985E+03,0.011052,0.006525,0.05112,0.0
4.6986E+03,0.011052,0.006526,0.05112,0.0
4.6987E+03,0.011052,0.006527,0.05112,0.0
4.6988E+03,0.011052,0.006528,0.05112,0.0
4.6989E+03,0.011052,0.006529,0.05112,0.0
4.6991E+03,0.011052,0.006530,0.05112,0.0
4.6992E+03,0.011052,0.006532,0.05112,0.0
4.6993E+03,0.011052,0.006533,0.05112,0.0
4.6994E+03,0.011052,0.006534,0.05112,0.0
4.6995E+03,0.011052,0.006535,0.05112,0.0
4.6996E+03,0.011052,0.006536,0.05112,0.0
4.6996E+03,0.011052,0.006537,0.05112,0.0
4.6997E+03,0.011052,0.006538,0.05112,0.0
4.6999E+03,0.011052,-0.009055,0.05112,0.0
4.7000E+03,0.011183,-0.008676,0.05112,0.0
4.7001E+03,0.011582,-0.007521,0.05112,0.0
4.7002E+03,0.012131,-0.005933,0.05112,0.0
4.7003E+03,0.012656,-0.004414,0.05112,0.0
4.7004E+03,0.013201,-0.002838,0.05112,0.0
4.7005E+03,0.013766,-0.001201,0.05112,0.0
4.7006E+03,0.014292,0.000320,0.05112,0.0
4.7008E+03,0.014843,0.001915,0.05112,0.0
4.7009E+03,0.015383,0.003478,0.05112,0.0
4.7010E+03,0.015930,0.005061,0.05112,0.0
4.7011E+03,0.016255,0.006002,0.05112,0.0
