4.4801E+03,0.010854,0.022688,0.04970,0.0
4.4802E+03,0.010854,0.022686,0.04970,0.0
4.4803E+03,0.010854,0.022685,0.04970,0.0
4.4804E+03,0.010854,0.022683,0.04970,0.0
4.4806E+03,0.010854,0.022681,0.04970,0.0
4.4807E+03,0.010854,0.022680,0.04970,0.0
4.4808E+03,0.010854,0.022678,0.04970,0.0
4.4809E+03,0.010854,0.022676,0.04970,0.0
4.4810E+03,0.010854,0.022675,0.04970,0.0
4.4811E+03,0.010854,0.022673,0.04970,0.0
4.4812E+03,0.010854,0.022671,0.04970,0.0
4.4812E+03,0.010854,0.022670,0.04970,0.0
4.4813E+03,0.010854,0.022668,0.04970,0.0
4.4814E+03,0.010854,0.022667,0.04970,0.0
4.4815E+03,0.010854,0.022665,0.04970,0.0
4.4816E+03,0.010854,0.022664,0.04970,0.0
4.4817E+03,0.010854,0.022662,0.04970,0.0
4.4818E+03,0.010854,0.022660,0.04970,0.0
4.4819E+03,0.010854,0.022658,0.04970,0.0
4.4820E+03,0.010854,0.022657,0.04970,0.0
4.4821E+03,0.010854,0.022655,0.04970,0.0
4.4822E+03,0.010854,0.022654,0.04970,0.0
4.4826E+03,0.010854,0.022653,0.04970,0.0
4.4827E+03,0.010862,0.022164,0.04970,0.0
4.4828E+03,0.010877,0.021291,0.04970,0.0
4.4829E+03,0.010894,0.020313,0.04970,0.0
4.4829E+03,0.010909,0.019432,0.04970,900.0
4.4830E+03,0.010925,0.018460,0.04970,900.0
4.4831E+03,0.010941,0.017509,0.04970,900.0
4.4832E+03,0.010957,0.016580,0.04970,900.0
4.4833E+03,0.010973,0.015610,0.04970,900.0
4.4834E+03,0.010990,0.014626,0.04970,900.0
4.4835E+03,0.011006,0.013699,0.04970,900.0
4.4836E+03,0.011011,0.013357,0.04970,900.0
4.4838E+03,0.011012,0.013327,0.04970,900.0
4.4839E+03,0.010468,0.013744,0.04970,900.0
4.4841E+03,0.009413,0.014474,0.04970,900.0
4.4842E+03,0.008168,0.015210,0.04970,900.0
4.4843E+03,0.006842,0.015844,0.04970,900.0
4.4844E+03,0.005407,0.016388,0.04970,900.0
4.4845E+03,0.003919,0.016811,0.04970,900.0
4.4846E+03,0.002437,0.017093,0.04970,900.0
4.4847E+03,0.000968,0.017238,0.04970,900.0
4.4847E+03,-0.000345,0.017267,0.04970,900.0
4.4848E+03,-0.001940,0.017157,0.04970,900.0
4.4849E+03,-0.003384,0.016931,0.04970,900.0
4.4850E+03,-0.004855,0.016562,0.04970,900.0
4.4851E+03,-0.006306,0.016065,0.04970,900.0
4.4852E+03,-0.007702,0.015448,0.04970,900.0
4.4853E+03,-0.008999,0.014733,0.04970,900.0
4.4854E+03,-0.010212,0.013919,0.04970,900.0
4.4855E+03,-0.011403,0.012959,0.04970,900.0
4.4856E+03,-0.012527,0.011897,0.04970,900.0
4.4858E+03,-0.013474,0.010820,0.04970,900.0
4.4859E+03,-0.014395,0.009564,0.04970,900.0
4.4860E+03,-0.015168,0.008294,0.04970,900.0
4.4861E+03,-0.015832,0.006955,0.04970,900.0
4.4862E+03,-0.016372,0.005556,0.04970,900.0
4.4863E+03,-0.016786,0.004113,0.04970,900.0
4.4864E+03,-0.017086,0.002620,0.04970,900.0
4.4864E+03,-0.017242,0.001252,0.04970,900.0
4.4865E+03,-0.017286,-0.000287,0.04970,900.0
4.4866E+03,-0.017201,-0.001788,0.04970,900.0
4.4867E+03,-0.017000,-0.003213,0.04970,900.0
4.4868E+03,-0.016657,-0.004724,0.04970,900.0
4.4869E+03,-0.016175,-0.006171,0.04970,900.0
4.4870E+03,-0.015566,-0.007598,0.04970,900.0
4.4871E+03,-0.014864,-0.008902,0.04970,900.0
4.4872E+03,-0.014026,-0.010163,0.04970,900.0
4.4873E+03,-0.013093,-0.011338,0.04970,900.0
4.4875E+03,-0.012051,-0.012436,0.04970,900.0
4.4876E+03,-0.010957,-0.013413,0.04970,900.0
4.4877E+03,-0.009777,-0.014302,0.04970,900.0
4.4878E+03,-0.008481,-0.015103,0.04970,900.0
4.4879E+03,-0.007114,-0.015797,0.04970,900.0
4.4880E+03,-0.005717,-0.016364,0.04970,900.0
4.4881E+03,-0.004321,-0.016787,0.04970,900.0
4.4881E+03,-0.003019,-0.017079,0.04970,900.0
4.4882E+03,-0.001446,-0.017280,0.04970,900.0
4.4883E+03,-0.000005,-0.017339,0.04970,900.0
4.4884E+03,0.001550,-0.017264,0.04970,900.0
4.4885E+03,0.003004,-0.017067,0.04970,900.0
4.4886E+03,0.004458,-0.016742,0.04970,900.0
4.4887E+03,0.005895,-0.016295,0.04970,900.0
4.4888E+03,0.007285,-0.015717,0.04970,900.0
4.4889E+03,0.008646,-0.015008,0.04970,900.0
4.4890E+03,0.009936,-0.014190,0.04970,900.0
4.4892E+03,0.011121,-0.013280,0.04970,900.0
4.4893E+03,0.012280,-0.012222,0.04970,900.0
4.4894E+03,0.013262,-0.011155,0.04970,900.0
4.4895E+03,0.014180,-0.009960,0.04970,900.0
4.4896E+03,0.015007,-0.008656,0.04970,900.0
4.4897E+03,0.015697,-0.007308,0.04970,900.0
4.4898E+03,0.016267,-0.005901,0.04970,900.0
4.4898E+03,0.016669,-0.004635,0.04970,900.0
4.4899E+03,0.016961,-0.003435,0.04970,900.0
4.4900E+03,0.017153,-0.002261,0.04970,900.0
4.4901E+03,0.017276,-0.000829,0.04970,900.0
4.4902E+03,0.017276,0.000706,0.04970,900.0
4.4903E+03,0.017169,0.002110,0.04970,900.0
4.4904E+03,0.017008,0.003133,0.04970,900.0
4.4905E+03,0.016682,0.004563,0.04970,0.0
4.4906E+03,0.016243,0.005940,0.04970,0.0
4.4907E+03,0.015656,0.007326,0.04970,0.0
4.4909E+03,0.014955,0.008654,0.04970,0.0
4.4910E+03,0.014118,0.009944,0.04970,0.0
4.4911E+03,0.013208,0.011129,0.04970,900.0
4.4912E+03,0.012192,0.012225,0.04970,900.0
4.4913E+03,0.011343,0.013037,0.04970,900.0
4.4914E+03,0.011012,0.013327,0.04970,900.0
4.4915E+03,0.010967,0.013205,0.04970,900.0
4.4915E+03,0.010598,0.012202,0.04970,900.0
4.4916E+03,0.008315,0.005989,0.04970,900.0
4.4917E+03,0.008038,0.005235,0.04970,900.0
4.4918E+03,0.008018,0.005181,0.04970,900.0
4.4919E+03,0.008150,0.004967,0.04970,900.0
4.4920E+03,0.008717,0.003820,0.04970,900.0
4.4921E+03,0.009214,0.002378,0.04970,900.0
4.4922E+03,0.009480,0.000916,0.04970,900.0
4.4923E+03,0.009506,-0.000572,0.04970,900.0
4.4924E+03,0.009312,-0.002054,0.04970,900.0
4.4926E+03,0.008870,-0.003500,0.04970,900.0
4.4927E+03,0.008215,-0.004881,0.04970,900.0
4.4928E+03,0.007388,-0.006078,0.04970,900.0
4.4929E+03,0.006316,-0.007210,0.04970,900.0
4.4930E+03,0.005128,-0.008107,0.04970,900.0
4.4931E+03,0.003813,-0.008785,0.04970,900.0
4.4932E+03,0.002364,-0.009284,0.04970,900.0
4.4932E+03,0.001059,-0.009510,0.04970,900.0
4.4933E+03,-0.000421,-0.009552,0.04970,900.0
4.4934E+03,-0.001914,-0.009371,0.04970,900.0
4.4935E+03,-0.003387,-0.008931,0.04970,900.0
4.4936E+03,-0.004768,-0.008291,0.04970,900.0
4.4937E+03,-0.005965,-0.007475,0.04970,900.0
4.4938E+03,-0.007040,-0.006470,0.04970,900.0
4.4939E+03,-0.008027,-0.005207,0.04970,900.0
4.4940E+03,-0.008726,-0.003939,0.04970,900.0
4.4941E+03,-0.009219,-0.002524,0.04970,900.0
4.4943E+03,-0.009492,-0.000989,0.04970,900.0
4.4944E+03,-0.009527,0.000469,0.04970,900.0
4.4945E+03,-0.009319,0.001945,0.04970,900.0
4.4946E+03,-0.008871,0.003417,0.04970,900.0
4.4947E+03,-0.008231,0.004772,0.04970,900.0
4.4948E+03,-0.007391,0.005974,0.04970,900.0
4.4949E+03,-0.006346,0.007066,0.04970,900.0
4.4949E+03,-0.005260,0.007914,0.04970,900.0
4.4950E+03,-0.003954,0.008653,0.04970,900.0
4.4951E+03,-0.002543,0.009173,0.04970,900.0
4.4952E+03,-0.001017,0.009466,0.04970,0.0
4.4953E+03,0.000446,0.009499,0.04970,0.0
4.4954E+03,0.001964,0.009299,0.04970,0.0
4.4955E+03,0.003418,0.008859,0.04970,0.0
4.4956E+03,0.004732,0.008239,0.04970,0.0
4.4957E+03,0.005955,0.007399,0.04970,0.0
4.4958E+03,0.007041,0.006377,0.04970,900.0
4.4960E+03,0.007795,0.005495,0.04970,900.0
4.4961E+03,0.008018,0.005181,0.04970,900.0
4.4962E+03,0.007773,0.005156,0.04970,900.0
4.4963E+03,0.005759,0.004953,0.04970,900.0
4.4964E+03,-0.001517,0.004217,0.04970,900.0
4.4965E+03,-0.009620,0.003399,0.04970,900.0
4.4966E+03,-0.015086,0.002846,0.04970,900.0
4.4966E+03,-0.015350,0.002819,0.04970,900.0
4.4967E+03,-0.015352,0.002819,0.04970,900.0
4.4968E+03,-0.015390,0.002562,0.04970,900.0
4.4969E+03,-0.015498,0.001633,0.04970,900.0
4.4970E+03,-0.015591,0.000402,0.04970,900.0
4.4971E+03,-0.015583,-0.000710,0.04970,900.0
4.4972E+03,-0.015495,-0.001832,0.04970,900.0
4.4973E+03,-0.015252,-0.003297,0.04970,900.0
4.4974E+03,-0.014890,-0.004691,0.04970,900.0
4.4975E+03,-0.014513,-0.005769,0.04970,900.0
4.4976E+03,-0.013924,-0.007092,0.04970,900.0
4.4978E+03,-0.013172,-0.008386,0.04970,900.0
4.4979E+03,-0.012304,-0.009614,0.04970,900.0
4.4980E+03,-0.011332,-0.010749,0.04970,900.0
4.4981E+03,-0.010230,-0.011797,0.04970,900.0
4.4982E+03,-0.009025,-0.012746,0.04970,900.0
4.4983E+03,-0.007729,-0.013573,0.04970,900.0
4.4983E+03,-0.006527,-0.014199,0.04970,900.0
4.4984E+03,-0.005189,-0.014748,0.04970,900.0
4.4985E+03,-0.003742,-0.015178,0.04970,900.0
4.4986E+03,-0.002192,-0.015491,0.04970,900.0
4.4987E+03,-0.000772,-0.015625,0.04970,900.0
4.4988E+03,0.000752,-0.015616,0.04970,900.0
4.4989E+03,0.002306,-0.015462,0.04970,900.0
4.4990E+03,0.003747,-0.015172,0.04970,900.0
4.4991E+03,0.005165,-0.014749,0.04970,900.0
4.4992E+03,0.006593,-0.014157,0.04970,900.0
4.4993E+03,0.007936,-0.013454,0.04970,900.0
4.4995E+03,0.009180,-0.012635,0.04970,900.0
4.4996E+03,0.010371,-0.011678,0.04970,900.0
4.4997E+03,0.011448,-0.010625,0.04970,900.0
4.4998E+03,0.012357,-0.009567,0.04970,900.0
4.4999E+03,0.013079,-0.008553,0.04970,900.0
4.5000E+03,0.013826,-0.007273,0.04970,900.0
4.5001E+03,0.014212,-0.006486,0.04970,900.0
4.5001E+03,0.014654,-0.005360,0.04970,900.0
4.5002E+03,0.015025,-0.004218,0.04970,900.0
4.5003E+03,0.015326,-0.002877,0.04970,900.0
4.5004E+03,0.015519,-0.001657,0.04970,900.0
4.5005E+03,0.015583,-0.000421,0.04970,900.0
4.5006E+03,0.015566,0.000904,0.04970,900.0
4.5007E+03,0.015445,0.002087,0.04970,900.0
4.5008E+03,0.015178,0.003560,0.04970,900.0
4.5009E+03,0.014753,0.005033,0.04970,900.0
4.5010E+03,0.014211,0.006409,0.04970,900.0
4.5011E+03,0.013522,0.007756,0.04970,900.0
4.5013E+03,0.012727,0.008984,0.04970,900.0
4.5014E+03,0.011808,0.010155,0.04970,900.0
4.5015E+03,0.010755,0.011252,0.04970,900.0
4.5016E+03,0.009630,0.012226,0.04970,900.0
4.5017E+03,0.008393,0.013100,0.04970,900.0
4.5018E+03,0.007054,0.013862,0.04970,900.0
4.5018E+03,0.005812,0.014440,0.04970,900.0
4.5019E+03,0.004408,0.014923,0.04970,900.0
4.5020E+03,0.002972,0.015277,0.04970,900.0
4.5021E+03,0.001479,0.015505,0.04970,900.0
4.5022E+03,-0.000076,0.015567,0.04970,900.0
4.5023E+03,-0.001537,0.015490,0.04970,900.0
4.5024E+03,-0.003052,0.015260,0.04970,900.0
4.5025E+03,-0.004536,0.014882,0.04970,900.0
4.5026E+03,-0.005921,0.014391,0.04970,900.0
4.5027E+03,-0.007266,0.013755,0.04970,900.0
4.5028E+03,-0.008588,0.012973,0.04970,900.0
4.5030E+03,-0.009826,0.012071,0.04970,900.0
4.5031E+03,-0.010929,0.011083,0.04970,0.0
4.5032E+03,-0.011915,0.010019,0.04970,0.0
4.5033E+03,-0.012821,0.008848,0.04970,0.0
4.5034E+03,-0.013632,0.007552,0.04970,0.0
4.5035E+03,-0.014237,0.006365,0.04970,0.0
4.5035E+03,-0.014604,0.005460,0.04970,0.0
4.5036E+03,-0.014998,0.004261,0.04970,0.0
4.5037E+03,-0.015272,0.003176,0.04970,900.0
4.5038E+03,-0.015352,0.002819,0.04970,900.0
4.5039E+03,-0.015348,0.002820,0.04970,900.0
4.5040E+03,-0.012562,0.003280,0.04970,900.0
4.5041E+03,-0.005868,0.004385,0.04970,900.0
4.5042E+03,0.001732,0.005639,0.04970,900.0
4.5043E+03,0.008135,0.006696,0.04970,900.0
4.5045E+03,0.008933,0.006828,0.04970,900.0
4.5047E+03,0.009010,0.006720,0.04970,900.0
4.5048E+03,0.009746,0.005581,0.04970,900.0
4.5049E+03,0.010422,0.004178,0.04970,900.0
4.5050E+03,0.010881,0.002762,0.04970,900.0
4.5051E+03,0.011153,0.001293,0.04970,900.0
4.5052E+03,0.011229,-0.000193,0.04970,900.0
4.5052E+03,0.011123,-0.001568,0.04970,900.0
4.5053E+03,0.010819,-0.003097,0.04970,900.0
4.5054E+03,0.010325,-0.004475,0.04970,900.0
4.5055E+03,0.009650,-0.005814,0.04970,900.0
4.5056E+03,0.008764,-0.007104,0.04970,900.0
4.5057E+03,0.007781,-0.008176,0.04970,900.0
4.5058E+03,0.006604,-0.009138,0.04970,900.0
4.5059E+03,0.005356,-0.009923,0.04970,900.0
4.5060E+03,0.003973,-0.010550,0.04970,900.0
4.5061E+03,0.002512,-0.010982,0.04970,900.0
4.5062E+03,0.001062,-0.011213,0.04970,900.0
4.5064E+03,-0.000435,-0.011264,0.04970,900.0
4.5065E+03,-0.001963,-0.011095,0.04970,900.0
4.5066E+03,-0.003419,-0.010739,0.04970,900.0
4.5067E+03,-0.004820,-0.010186,0.04970,900.0
4.5068E+03,-0.006131,-0.009466,0.04970,900.0
4.5069E+03,-0.007334,-0.008570,0.04970,900.0
4.5069E+03,-0.008268,-0.007648,0.04970,900.0
4.5070E+03,-0.009168,-0.006546,0.04970,900.0
4.5071E+03,-0.009867,-0.005423,0.04970,900.0
4.5072E+03,-0.010461,-0.004157,0.04970,900.0
4.5073E+03,-0.010918,-0.002679,0.04970,900.0
4.5074E+03,-0.011170,-0.001180,0.04970,900.0
4.5075E+03,-0.011226,0.000312,0.04970,900.0
4.5076E+03,-0.011086,0.001807,0.04970,900.0
4.5077E+03,-0.010744,0.003248,0.04970,900.0
4.5078E+03,-0.010199,0.004689,0.04970,900.0
4.5079E+03,-0.009497,0.006011,0.04970,900.0
4.5081E+03,-0.008594,0.007232,0.04970,900.0
4.5082E+03,-0.007547,0.008310,0.04970,900.0
4.5083E+03,-0.006349,0.009238,0.04970,900.0
4.5084E+03,-0.005092,0.009996,0.04970,900.0
4.5085E+03,-0.003750,0.010562,0.04970,900.0
4.5086E+03,-0.002249,0.010964,0.04970,900.0
4.5086E+03,-0.000920,0.011162,0.04970,900.0
4.5087E+03,0.000556,0.011183,0.04970,0.0
4.5088E+03,0.002110,0.010995,0.04970,0.0
4.5089E+03,0.003572,0.010620,0.04970,0.0
4.5090E+03,0.004909,0.010084,0.04970,0.0
4.5091E+03,0.006214,0.009355,0.04970,0.0
4.5092E+03,0.007465,0.008386,0.04970,900.0
4.5093E+03,0.008479,0.007360,0.04970,900.0
4.5094E+03,0.008869,0.006907,0.04970,900.0
4.5095E+03,0.008933,0.006828,0.04970,900.0
4.5096E+03,0.008187,0.006686,0.04970,900.0
4.5098E+03,0.002994,0.005694,0.04970,900.0
4.5099E+03,-0.004584,0.004247,0.04970,900.0
4.5100E+03,-0.011024,0.003017,0.04970,900.0
4.5102E+03,-0.013680,0.002510,0.04970,900.0
4.5103E+03,-0.013695,0.002410,0.04970,900.0
4.5103E+03,-0.013770,0.001902,0.04970,900.0
4.5104E+03,-0.013872,0.000887,0.04970,900.0
4.5105E+03,-0.013880,-0.000594,0.04970,900.0
4.5106E+03,-0.013801,-0.001696,0.04970,900.0
4.5107E+03,-0.013576,-0.002979,0.04970,900.0
4.5108E+03,-0.013285,-0.004119,0.04970,900.0
4.5109E+03,-0.012819,-0.005370,0.04970,900.0
4.5110E+03,-0.012188,-0.006700,0.04970,900.0
4.5111E+03,-0.011504,-0.007827,0.04970,900.0
4.5112E+03,-0.010838,-0.008741,0.04970,900.0
4.5113E+03,-0.010188,-0.009485,0.04970,900.0
4.5115E+03,-0.009146,-0.010506,0.04970,900.0
4.5116E+03,-0.007948,-0.011447,0.04970,900.0
4.5117E+03,-0.006698,-0.012227,0.04970,900.0
4.5118E+03,-0.005322,-0.012874,0.04970,900.0
4.5119E+03,-0.003905,-0.013376,0.04970,900.0
4.5120E+03,-0.002394,-0.013718,0.04970,900.0
4.5120E+03,-0.001056,-0.013885,0.04970,900.0
4.5121E+03,0.000453,-0.013914,0.04970,900.0
4.5122E+03,0.001982,-0.013782,0.04970,900.0
4.5123E+03,0.003461,-0.013490,0.04970,900.0
4.5124E+03,0.004892,-0.013040,0.04970,900.0
4.5125E+03,0.006266,-0.012444,0.04970,900.0
4.5126E+03,0.007505,-0.011739,0.04970,900.0
4.5127E+03,0.008726,-0.010867,0.04970,900.0
4.5128E+03,0.009875,-0.009814,0.04970,900.0
4.5129E+03,0.010904,-0.008645,0.04970,900.0
4.5130E+03,0.011736,-0.007468,0.04970,900.0
4.5132E+03,0.012462,-0.006169,0.04970,900.0
4.5133E+03,0.012914,-0.005174,0.04970,900.0
4.5134E+03,0.013304,-0.003998,0.04970,900.0
4.5135E+03,0.013670,-0.002517,0.04970,900.0
4.5136E+03,0.013846,-0.000995,0.04970,900.0
4.5137E+03,0.013879,0.000538,0.04970,900.0
4.5137E+03,0.013770,0.001843,0.04970,900.0
4.5138E+03,0.013486,0.003356,0.04970,900.0
4.5139E+03,0.013067,0.004770,0.04970,900.0
4.5140E+03,0.012704,0.005634,0.04970,900.0
4.5141E+03,0.012066,0.006853,0.04970,900.0
4.5142E+03,0.011249,0.008114,0.04970,900.0
4.5143E+03,0.010257,0.009327,0.04970,900.0
4.5144E+03,0.009170,0.010382,0.04970,900.0
4.5145E+03,0.008027,0.011301,0.04970,900.0
4.5146E+03,0.006770,0.012088,0.04970,900.0
4.5147E+03,0.005422,0.012752,0.04970,900.0
4.5149E+03,0.004000,0.013274,0.04970,900.0
4.5150E+03,0.002524,0.013629,0.04970,900.0
4.5151E+03,0.001058,0.013834,0.04970,900.0
4.5152E+03,-0.000534,0.013863,0.04970,900.0
4.5153E+03,-0.002011,0.013715,0.04970,900.0
4.5154E+03,-0.003497,0.013417,0.04970,900.0
4.5154E+03,-0.004772,0.013005,0.04970,900.0
4.5155E+03,-0.006170,0.012403,0.04970,900.0
4.5156E+03,-0.007483,0.011662,0.04970,900.0
4.5157E+03,-0.008689,0.010800,0.04970,0.0
4.5158E+03,-0.009815,0.009789,0.04970,0.0
4.5159E+03,-0.010824,0.008679,0.04970,0.0
4.5160E+03,-0.011639,0.007559,0.04970,0.0
4.5161E+03,-0.012279,0.006480,0.04970,0.0
4.5162E+03,-0.012912,0.005121,0.04970,0.0
4.5163E+03,-0.013341,0.003870,0.04970,900.0
4.5164E+03,-0.013616,0.002784,0.04970,900.0
4.5166E+03,-0.013676,0.002527,0.04970,900.0
4.5167E+03,-0.013680,0.002510,0.04970,900.0
4.5168E+03,-0.011315,0.002949,0.04970,900.0
4.5169E+03,-0.005738,0.003983,0.04970,900.0
4.5170E+03,0.001857,0.005391,0.04970,900.0
4.5171E+03,0.008228,0.006572,0.04970,900.0
4.5172E+03,0.010854,0.007059,0.04970,900.0
4.5173E+03,0.010873,0.007026,0.04970,900.0
4.5174E+03,0.011455,0.006022,0.04970,900.0
4.5175E+03,0.012078,0.004648,0.04970,900.0
4.5176E+03,0.012523,0.003282,0.04970,900.0
4.5177E+03,0.012813,0.001802,0.04970,900.0
4.5178E+03,0.012939,0.000291,0.04970,900.0
4.5179E+03,0.012875,-0.001224,0.04970,900.0
4.5180E+03,0.012651,-0.002727,0.04970,900.0
4.5181E+03,0.012262,-0.004154,0.04970,900.0
4.5183E+03,0.011720,-0.005511,0.04970,900.0
4.5184E+03,0.011000,-0.006858,0.04970,900.0
4.5185E+03,0.010129,-0.008113,0.04970,900.0
4.5186E+03,0.009145,-0.009218,0.04970,900.0
4.5187E+03,0.008006,-0.010229,0.04970,900.0
4.5188E+03,0.006781,-0.011075,0.04970,900.0
4.5189E+03,0.005443,-0.011771,0.04970,900.0
4.5189E+03,0.004186,-0.012273,0.04970,900.0
4.5190E+03,0.002698,-0.012680,0.04970,900.0
4.5191E+03,0.001221,-0.012913,0.04970,900.0
4.5192E+03,-0.000281,-0.012965,0.04970,900.0
4.5193E+03,-0.001825,-0.012851,0.04970,900.0
4.5194E+03,-0.003255,-0.012567,0.04970,900.0
4.5195E+03,-0.004669,-0.012111,0.04970,900.0
4.5196E+03,-0.006117,-0.011456,0.04970,900.0
4.5197E+03,-0.007322,-0.010725,0.04970,900.0
4.5198E+03,-0.008521,-0.009790,0.04970,900.0
4.5200E+03,-0.009642,-0.008667,0.04970,900.0
4.5201E+03,-0.010568,-0.007508,0.04970,900.0
4.5202E+03,-0.011362,-0.006229,0.04970,900.0
4.5203E+03,-0.011989,-0.004918,0.04970,900.0
4.5204E+03,-0.012471,-0.003490,0.04970,900.0
4.5205E+03,-0.012790,-0.001980,0.04970,900.0
4.5206E+03,-0.012928,-0.000469,0.04970,900.0
4.5206E+03,-0.012911,0.000899,0.04970,900.0
4.5207E+03,-0.012738,0.002304,0.04970,900.0
4.5208E+03,-0.012381,0.003789,0.04970,900.0
4.5209E+03,-0.011858,0.005185,0.04970,900.0
4.5210E+03,-0.011123,0.006614,0.04970,900.0
4.5211E+03,-0.010289,0.007831,0.04970,900.0
4.5212E+03,-0.009286,0.008979,0.04970,900.0
4.5213E+03,-0.008199,0.009974,0.04970,900.0
4.5214E+03,-0.007003,0.010841,0.04970,900.0
4.5215E+03,-0.005686,0.011579,0.04970,900.0
4.5217E+03,-0.004304,0.012161,0.04970,900.0
4.5218E+03,-0.002869,0.012583,0.04970,900.0
4.5219E+03,-0.001374,0.012844,0.04970,900.0
4.5220E+03,0.000118,0.012919,0.04970,900.0
4.5221E+03,0.001636,0.012820,0.04970,0.0
4.5222E+03,0.003148,0.012534,0.04970,0.0
4.5223E+03,0.004579,0.012081,0.04970,0.0
4.5223E+03,0.005783,0.011534,0.04970,0.0
4.5224E+03,0.007046,0.010767,0.04970,0.0
4.5225E+03,0.008268,0.009879,0.04970,0.0
4.5226E+03,0.009389,0.008862,0.04970,0.0
4.5227E+03,0.010320,0.007781,0.04970,0.0
4.5228E+03,0.010846,0.007071,0.04970,0.0
4.5230E+03,0.010854,0.007059,0.04970,0.0
4.5231E+03,0.010854,0.007060,0.04970,0.0
4.5232E+03,0.010854,0.007062,0.04970,0.0
4.5233E+03,0.010854,0.007063,0.04970,0.0
4.5235E+03,0.010854,0.007064,0.04970,0.0
4.5236E+03,0.010854,0.007065,0.04970,0.0
4.5237E+03,0.010854,0.007066,0.04970,0.0
4.5238E+03,0.010854,0.007067,0.04970,0.0
4.5239E+03,0.010854,0.007068,0.04970,0.0
4.5240E+03,0.010854,0.007069,0.04970,0.0
4.5240E+03,0.010854,0.007070,0.04970,0.0
4.5241E+03,0.010854,0.007071,0.04970,0.0
4.5242E+03,0.010854,0.007072,0.04970,0.0
4.5243E+03,0.010854,0.007073,0.04970,0.0
4.5244E+03,0.010854,0.007075,0.04970,0.0
4.5245E+03,0.010854,0.007076,0.04970,0.0
4.5246E+03,0.010854,0.007077,0.04970,0.0
4.5247E+03,0.010854,0.007078,0.04970,0.0
4.5249E+03,0.010854,0.007080,0.04970,0.0
4.5250E+03,0.010854,0.007081,0.04970,0.0
4.5252E+03,0.010854,0.007083,0.04970,0.0
4.5253E+03,0.010854,0.007084,0.04970,0.0
4.5254E+03,0.010854,0.007085,0.04970,0.0
4.5255E+03,0.010854,0.007086,0.04970,0.0
4.5256E+03,0.010854,0.007087,0.04970,0.0
4.5257E+03,0.010854,0.007088,0.04970,0.0
4.5258E+03,0.010854,0.007090,0.04970,0.0
4.5259E+03,0.010854,0.007091,0.04970,0.0
4.5260E+03,0.010854,0.007093,0.04970,0.0
4.5262E+03,0.010854,0.007094,0.04970,0.0
4.5264E+03,0.010854,-0.008498,0.04970,0.0
4.5265E+03,0.010927,-0.008417,0.04970,0.0
4.5266E+03,0.011366,-0.007927,0.04970,0.0
4.5268E+03,0.012022,-0.007195,0.04970,0.0
4.5269E+03,0.012719,-0.006418,0.04970,0.0
4.5270E+03,0.013364,-0.005697,0.04970,0.0
4.5271E+03,0.014057,-0.004924,0.04970,0.0
4.5272E+03,0.014726,-0.004178,0.04970,0.0
4.5273E+03,0.015399,-0.003427,0.04970,0.0
4.5274E+03,0.016074,-0.002674,0.04970,0.0
4.5274E+03,0.016677,-0.002000,0.04970,0.0
4.5275E+03,0.017213,-0.001403,0.04970,0.0
