2.8464E+03,-0.010409,0.022511,0.02982,0.0
2.8465E+03,-0.010409,0.022510,0.02982,0.0
2.8466E+03,-0.010409,0.022508,0.02982,0.0
2.8467E+03,-0.010409,0.022506,0.02982,0.0
2.8468E+03,-0.010409,0.022504,0.02982,0.0
2.8469E+03,-0.010409,0.022503,0.02982,0.0
2.8470E+03,-0.010409,0.022501,0.02982,0.0
2.8471E+03,-0.010409,0.022499,0.02982,0.0
2.8472E+03,-0.010409,0.022496,0.02982,0.0
2.8473E+03,-0.010409,0.022495,0.02982,0.0
2.8474E+03,-0.010409,0.022493,0.02982,0.0
2.8475E+03,-0.010409,0.022491,0.02982,0.0
2.8476E+03,-0.010409,0.022489,0.02982,0.0
2.8477E+03,-0.010409,0.022488,0.02982,0.0
2.8478E+03,-0.010409,0.022486,0.02982,0.0
2.8479E+03,-0.010409,0.022484,0.02982,0.0
2.8480E+03,-0.010409,0.022482,0.02982,0.0
2.8481E+03,-0.010409,0.022481,0.02982,0.0
2.8482E+03,-0.010409,0.022478,0.02982,0.0
2.8483E+03,-0.010409,0.022477,0.02982,0.0
2.8485E+03,-0.010409,0.022476,0.02982,0.0
2.8486E+03,-0.010366,0.022265,0.02982,0.0
2.8487E+03,-0.010089,0.020917,0.02982,0.0
2.8488E+03,-0.009400,0.017569,0.02982,0.0
2.8489E+03,-0.008679,0.014066,0.02982,0.0
2.8490E+03,-0.007954,0.010537,0.02982,900.0
2.8491E+03,-0.007290,0.007309,0.02982,900.0
2.8492E+03,-0.006581,0.003866,0.02982,900.0
2.8493E+03,-0.005886,0.000485,0.02982,900.0
2.8494E+03,-0.005169,-0.003002,0.02982,900.0
2.8495E+03,-0.004480,-0.006353,0.02982,900.0
2.8496E+03,-0.003787,-0.009721,0.02982,900.0
2.8497E+03,-0.003168,-0.012729,0.02982,900.0
2.8498E+03,-0.002881,-0.014123,0.02982,900.0
2.8499E+03,-0.002880,-0.014130,0.02982,900.0
2.8500E+03,-0.002709,-0.014158,0.02982,900.0
2.8501E+03,-0.001977,-0.014262,0.02982,900.0
2.8502E+03,-0.000470,-0.014408,0.02982,900.0
2.8503E+03,0.000853,-0.014379,0.02982,900.0
2.8504E+03,0.001811,-0.014292,0.02982,900.0
2.8505E+03,0.003114,-0.014049,0.02982,900.0
2.8506E+03,0.004509,-0.013673,0.02982,900.0
2.8507E+03,0.005913,-0.013116,0.02982,900.0
2.8508E+03,0.007251,-0.012424,0.02982,900.0
2.8509E+03,0.008491,-0.011607,0.02982,900.0
2.8510E+03,0.009677,-0.010637,0.02982,900.0
2.8511E+03,0.010760,-0.009545,0.02982,900.0
2.8512E+03,0.011669,-0.008415,0.02982,900.0
2.8513E+03,0.012490,-0.007130,0.02982,900.0
2.8514E+03,0.013171,-0.005806,0.02982,900.0
2.8515E+03,0.013702,-0.004384,0.02982,900.0
2.8516E+03,0.014068,-0.002937,0.02982,900.0
2.8517E+03,0.014296,-0.001421,0.02982,900.0
2.8518E+03,0.014354,0.000062,0.02982,900.0
2.8519E+03,0.014261,0.001613,0.02982,900.0
2.8520E+03,0.014047,0.002947,0.02982,900.0
2.8521E+03,0.013663,0.004364,0.02982,900.0
2.8522E+03,0.013111,0.005817,0.02982,900.0
2.8523E+03,0.012422,0.007173,0.02982,900.0
2.8524E+03,0.011593,0.008442,0.02982,900.0
2.8525E+03,0.010667,0.009606,0.02982,900.0
2.8526E+03,0.009608,0.010654,0.02982,900.0
2.8527E+03,0.008439,0.011594,0.02982,900.0
2.8528E+03,0.007139,0.012426,0.02982,900.0
2.8529E+03,0.005808,0.013093,0.02982,900.0
2.8530E+03,0.004444,0.013619,0.02982,900.0
2.8531E+03,0.002956,0.014010,0.02982,900.0
2.8532E+03,0.001842,0.014216,0.02982,900.0
2.8533E+03,0.000757,0.014298,0.02982,900.0
2.8534E+03,-0.000709,0.014307,0.02982,900.0
2.8535E+03,-0.002204,0.014155,0.02982,900.0
2.8536E+03,-0.003749,0.013830,0.02982,900.0
2.8537E+03,-0.004984,0.013453,0.02982,900.0
2.8538E+03,-0.006432,0.012814,0.02982,900.0
2.8539E+03,-0.007716,0.012079,0.02982,900.0
2.8540E+03,-0.008954,0.011187,0.02982,900.0
2.8541E+03,-0.010060,0.010205,0.02982,900.0
2.8542E+03,-0.011077,0.009095,0.02982,900.0
2.8543E+03,-0.011985,0.007868,0.02982,900.0
2.8544E+03,-0.012738,0.006575,0.02982,900.0
2.8545E+03,-0.013362,0.005213,0.02982,900.0
2.8546E+03,-0.013844,0.003774,0.02982,900.0
2.8547E+03,-0.014163,0.002340,0.02982,900.0
2.8548E+03,-0.014346,0.000891,0.02982,900.0
2.8549E+03,-0.014357,-0.000646,0.02982,900.0
2.8550E+03,-0.014222,-0.002125,0.02982,900.0
2.8551E+03,-0.013923,-0.003690,0.02982,900.0
2.8552E+03,-0.013437,-0.005121,0.02982,900.0
2.8553E+03,-0.012838,-0.006458,0.02982,900.0
2.8554E+03,-0.012103,-0.007748,0.02982,900.0
2.8555E+03,-0.011338,-0.008850,0.02982,0.0
2.8556E+03,-0.010362,-0.009973,0.02982,0.0
2.8557E+03,-0.009250,-0.011014,0.02982,0.0
2.8558E+03,-0.008035,-0.011944,0.02982,0.0
2.8559E+03,-0.006759,-0.012712,0.02982,0.0
2.8560E+03,-0.005388,-0.013357,0.02982,900.0
2.8561E+03,-0.003939,-0.013863,0.02982,900.0
2.8562E+03,-0.003011,-0.014097,0.02982,900.0
2.8563E+03,-0.002880,-0.014130,0.02982,900.0
2.8564E+03,-0.002898,-0.014079,0.02982,900.0
2.8565E+03,-0.004452,-0.009743,0.02982,900.0
2.8566E+03,-0.006884,-0.002956,0.02982,900.0
2.8567E+03,-0.009206,0.003524,0.02982,900.0
2.8568E+03,-0.010405,0.006872,0.02982,900.0
2.8569E+03,-0.010409,0.006882,0.02982,900.0
2.8570E+03,-0.010339,0.006978,0.02982,900.0
2.8571E+03,-0.009987,0.007436,0.02982,900.0
2.8572E+03,-0.009118,0.008491,0.02982,900.0
2.8573E+03,-0.008036,0.009527,0.02982,900.0
2.8574E+03,-0.006833,0.010397,0.02982,900.0
2.8575E+03,-0.005480,0.011161,0.02982,900.0
2.8576E+03,-0.004117,0.011739,0.02982,900.0
2.8577E+03,-0.002662,0.012135,0.02982,900.0
2.8578E+03,-0.001162,0.012372,0.02982,900.0
2.8579E+03,0.000353,0.012423,0.02982,900.0
2.8580E+03,0.001849,0.012297,0.02982,900.0
2.8581E+03,0.003263,0.011997,0.02982,900.0
2.8582E+03,0.004688,0.011517,0.02982,900.0
2.8583E+03,0.006105,0.010856,0.02982,900.0
2.8584E+03,0.007325,0.010075,0.02982,900.0
2.8585E+03,0.008519,0.009086,0.02982,900.0
2.8586E+03,0.009549,0.007995,0.02982,900.0
2.8587E+03,0.010425,0.006806,0.02982,900.0
2.8588E+03,0.011178,0.005478,0.02982,900.0
2.8589E+03,0.011722,0.004198,0.02982,900.0
2.8590E+03,0.012144,0.002731,0.02982,900.0
2.8591E+03,0.012386,0.001250,0.02982,900.0
2.8592E+03,0.012470,-0.000225,0.02982,900.0
2.8593E+03,0.012362,-0.001706,0.02982,900.0
2.8594E+03,0.012062,-0.003207,0.02982,900.0
2.8595E+03,0.011605,-0.004641,0.02982,900.0
2.8596E+03,0.010992,-0.005979,0.02982,900.0
2.8597E+03,0.010177,-0.007253,0.02982,900.0
2.8598E+03,0.009248,-0.008407,0.02982,900.0
2.8599E+03,0.008153,-0.009477,0.02982,900.0
2.8600E+03,0.006930,-0.010390,0.02982,900.0
2.8601E+03,0.005643,-0.011149,0.02982,900.0
2.8602E+03,0.004278,-0.011748,0.02982,900.0
2.8603E+03,0.002834,-0.012173,0.02982,900.0
2.8604E+03,0.001339,-0.012426,0.02982,900.0
2.8605E+03,-0.000186,-0.012504,0.02982,900.0
2.8606E+03,-0.001536,-0.012427,0.02982,900.0
2.8607E+03,-0.002961,-0.012164,0.02982,900.0
2.8608E+03,-0.004445,-0.011700,0.02982,900.0
2.8609E+03,-0.005836,-0.011061,0.02982,900.0
2.8610E+03,-0.007072,-0.010304,0.02982,900.0
2.8611E+03,-0.008268,-0.009364,0.02982,900.0
2.8612E+03,-0.009343,-0.008285,0.02982,900.0
2.8613E+03,-0.010251,-0.007124,0.02982,900.0
2.8614E+03,-0.011028,-0.005836,0.02982,900.0
2.8615E+03,-0.011662,-0.004453,0.02982,900.0
2.8616E+03,-0.012096,-0.003060,0.02982,0.0
2.8617E+03,-0.012373,-0.001585,0.02982,0.0
2.8618E+03,-0.012483,-0.000030,0.02982,0.0
2.8619E+03,-0.012397,0.001452,0.02982,0.0
2.8620E+03,-0.012131,0.002892,0.02982,0.0
2.8621E+03,-0.011662,0.004410,0.02982,0.0
2.8622E+03,-0.011034,0.005775,0.02982,0.0
2.8623E+03,-0.010552,0.006644,0.02982,0.0
2.8625E+03,-0.010409,0.006882,0.02982,0.0
2.8626E+03,-0.010409,0.006883,0.02982,0.0
2.8627E+03,-0.010409,0.006884,0.02982,0.0
2.8628E+03,-0.010409,0.006886,0.02982,0.0
2.8629E+03,-0.010409,0.006900,0.02982,0.0
2.8630E+03,-0.010409,0.006999,0.02982,0.0
2.8631E+03,-0.010409,0.006889,0.02982,0.0
2.8632E+03,-0.010409,0.006890,0.02982,0.0
2.8633E+03,-0.010409,0.006891,0.02982,0.0
2.8634E+03,-0.010409,0.006893,0.02982,0.0
2.8635E+03,-0.010409,0.006894,0.02982,0.0
2.8636E+03,-0.010409,0.006895,0.02982,0.0
2.8637E+03,-0.010409,0.006896,0.02982,0.0
2.8638E+03,-0.010409,0.006897,0.02982,0.0
2.8639E+03,-0.010409,0.006899,0.02982,0.0
2.8640E+03,-0.010409,0.006900,0.02982,0.0
2.8641E+03,-0.010409,0.006901,0.02982,0.0
2.8642E+03,-0.010409,0.006903,0.02982,0.0
2.8643E+03,-0.010409,0.006904,0.02982,0.0
2.8644E+03,-0.010409,0.006905,0.02982,0.0
2.8645E+03,-0.010409,0.006906,0.02982,0.0
2.8646E+03,-0.010409,0.006907,0.02982,0.0
2.8647E+03,-0.010409,0.006908,0.02982,0.0
2.8648E+03,-0.010409,0.006910,0.02982,0.0
2.8649E+03,-0.010409,0.006911,0.02982,0.0
2.8650E+03,-0.010409,0.006912,0.02982,0.0
2.8651E+03,-0.010409,0.006913,0.02982,0.0
2.8652E+03,-0.010409,0.006914,0.02982,0.0
2.8653E+03,-0.010409,0.006916,0.02982,0.0
2.8654E+03,-0.010409,0.006917,0.02982,0.0
2.8656E+03,-0.010409,0.006918,0.02982,0.0
2.8657E+03,-0.010409,-0.008675,0.02982,0.0
2.8658E+03,-0.010291,-0.008262,0.02982,0.0
2.8659E+03,-0.009841,-0.006694,0.02982,0.0
2.8660E+03,-0.009188,-0.004417,0.02982,0.0
2.8661E+03,-0.008550,-0.002190,0.02982,0.0
2.8662E+03,-0.007925,-0.000009,0.02982,0.0
2.8663E+03,-0.007272,0.002271,0.02982,0.0
2.8664E+03,-0.006606,0.004593,0.02982,0.0
2.8665E+03,-0.005972,0.006804,0.02982,0.0
2.8666E+03,-0.005340,0.009009,0.02982,0.0
2.8667E+03,-0.004703,0.011233,0.02982,0.0
2.8668E+03,-0.004115,0.013283,0.02982,0.0
2.8669E+03,-0.003983,0.013745,0.02982,0.0
