1.8231E+03,-0.012143,0.009942,0.01562,0.0
1.8232E+03,-0.012143,0.009941,0.01562,0.0
1.8233E+03,-0.012143,0.009938,0.01562,0.0
1.8234E+03,-0.012143,0.009936,0.01562,0.0
1.8235E+03,-0.012143,0.009934,0.01562,0.0
1.8236E+03,-0.012143,0.009932,0.01562,0.0
1.8237E+03,-0.012143,0.009930,0.01562,0.0
1.8238E+03,-0.012143,0.009929,0.01562,0.0
1.8239E+03,-0.012143,0.009927,0.01562,0.0
1.8240E+03,-0.012143,0.009924,0.01562,0.0
1.8241E+03,-0.012143,0.009922,0.01562,0.0
1.8242E+03,-0.012143,0.009920,0.01562,0.0
1.8243E+03,-0.012143,0.009918,0.01562,0.0
1.8244E+03,-0.012143,0.009916,0.01562,0.0
1.8245E+03,-0.012143,0.009826,0.01562,0.0
1.8246E+03,-0.012143,0.009886,0.01562,0.0
1.8247E+03,-0.012143,0.009910,0.01562,0.0
1.8248E+03,-0.012143,0.009908,0.01562,0.0
1.8250E+03,-0.012143,0.009907,0.01562,0.0
1.8251E+03,-0.011614,0.009725,0.01562,0.0
1.8252E+03,-0.009774,0.009095,0.01562,0.0
1.8253E+03,-0.007052,0.008163,0.01562,0.0
1.8254E+03,-0.004267,0.007209,0.01562,0.0
1.8255E+03,-0.001354,0.006206,0.01562,900.0
1.8256E+03,0.001207,0.005222,0.01562,900.0
1.8257E+03,0.004116,0.004324,0.01562,900.0
1.8258E+03,0.006902,0.003384,0.01562,900.0
1.8259E+03,0.009684,0.002432,0.01562,900.0
1.8260E+03,0.012531,0.001457,0.01562,900.0
1.8261E+03,0.015025,0.000602,0.01562,900.0
1.8262E+03,0.016788,-0.000001,0.01562,900.0
1.8263E+03,0.016889,-0.000036,0.01562,900.0
1.8264E+03,0.016887,0.000018,0.01562,900.0
1.8265E+03,0.016864,0.000471,0.01562,900.0
1.8266E+03,0.016751,0.001971,0.01562,900.0
1.8267E+03,0.016500,0.003535,0.01562,900.0
1.8268E+03,0.016129,0.004926,0.01562,900.0
1.8269E+03,0.015611,0.006343,0.01562,900.0
1.8270E+03,0.014958,0.007753,0.01562,900.0
1.8271E+03,0.014207,0.009056,0.01562,900.0
1.8272E+03,0.013332,0.010284,0.01562,900.0
1.8273E+03,0.012365,0.011427,0.01562,900.0
1.8274E+03,0.011321,0.012460,0.01562,900.0
1.8275E+03,0.010177,0.013413,0.01562,900.0
1.8276E+03,0.008904,0.014285,0.01562,900.0
1.8277E+03,0.007565,0.015046,0.01562,900.0
1.8278E+03,0.006191,0.015667,0.01562,900.0
1.8279E+03,0.004931,0.016100,0.01562,900.0
1.8280E+03,0.003504,0.016462,0.01562,900.0
1.8281E+03,0.001984,0.016720,0.01562,900.0
1.8282E+03,0.000491,0.016820,0.01562,900.0
1.8283E+03,-0.001008,0.016795,0.01562,900.0
1.8284E+03,-0.002490,0.016640,0.01562,900.0
1.8285E+03,-0.003951,0.016362,0.01562,900.0
1.8286E+03,-0.005416,0.015930,0.01562,900.0
1.8287E+03,-0.006841,0.015380,0.01562,900.0
1.8288E+03,-0.008146,0.014740,0.01562,900.0
1.8289E+03,-0.009440,0.013950,0.01562,900.0
1.8290E+03,-0.010673,0.013038,0.01562,900.0
1.8291E+03,-0.011766,0.012062,0.01562,900.0
1.8292E+03,-0.012808,0.010959,0.01562,900.0
1.8293E+03,-0.013770,0.009699,0.01562,900.0
1.8294E+03,-0.014557,0.008478,0.01562,900.0
1.8295E+03,-0.015263,0.007135,0.01562,900.0
1.8296E+03,-0.015794,0.005870,0.01562,900.0
1.8297E+03,-0.016252,0.004455,0.01562,900.0
1.8298E+03,-0.016596,0.002992,0.01562,900.0
1.8299E+03,-0.016807,0.001479,0.01562,900.0
1.8300E+03,-0.016869,0.000001,0.01562,900.0
1.8301E+03,-0.016814,-0.001510,0.01562,900.0
1.8302E+03,-0.016622,-0.002987,0.01562,900.0
1.8303E+03,-0.016269,-0.004506,0.01562,900.0
1.8304E+03,-0.015799,-0.005944,0.01562,900.0
1.8305E+03,-0.015216,-0.007312,0.01562,900.0
1.8306E+03,-0.014525,-0.008612,0.01562,900.0
1.8307E+03,-0.013680,-0.009886,0.01562,900.0
1.8308E+03,-0.012739,-0.011084,0.01562,900.0
1.8309E+03,-0.011719,-0.012166,0.01562,900.0
1.8310E+03,-0.010602,-0.013150,0.01562,900.0
1.8311E+03,-0.009397,-0.014038,0.01562,900.0
1.8312E+03,-0.008093,-0.014841,0.01562,900.0
1.8313E+03,-0.006904,-0.015446,0.01562,900.0
1.8314E+03,-0.005496,-0.015983,0.01562,900.0
1.8315E+03,-0.003993,-0.016426,0.01562,900.0
1.8316E+03,-0.002519,-0.016715,0.01562,900.0
1.8317E+03,-0.001019,-0.016866,0.01562,900.0
1.8318E+03,0.000504,-0.016890,0.01562,900.0
1.8319E+03,0.001937,-0.016781,0.01562,900.0
1.8320E+03,0.003404,-0.016539,0.01562,900.0
1.8321E+03,0.004937,-0.016159,0.01562,900.0
1.8322E+03,0.006344,-0.015668,0.01562,900.0
1.8323E+03,0.007695,-0.015045,0.01562,900.0
1.8324E+03,0.009037,-0.014286,0.01562,900.0
1.8325E+03,0.010246,-0.013445,0.01562,900.0
1.8326E+03,0.011416,-0.012469,0.01562,900.0
1.8327E+03,0.012500,-0.011366,0.01562,900.0
1.8328E+03,0.013435,-0.010232,0.01562,900.0
1.8329E+03,0.014276,-0.009015,0.01562,0.0
1.8330E+03,0.015032,-0.007668,0.01562,0.0
1.8331E+03,0.015597,-0.006445,0.01562,0.0
1.8332E+03,0.016093,-0.005068,0.01562,0.0
1.8333E+03,0.016479,-0.003580,0.01562,0.0
1.8334E+03,0.016738,-0.002059,0.01562,0.0
1.8335E+03,0.016863,-0.000727,0.01562,900.0
1.8337E+03,0.016889,-0.000036,0.01562,900.0
1.8338E+03,0.016560,-0.000090,0.01562,900.0
1.8339E+03,0.010166,-0.001145,0.01562,900.0
1.8340E+03,0.002620,-0.002389,0.01562,900.0
1.8341E+03,-0.004808,-0.003614,0.01562,900.0
1.8342E+03,-0.008476,-0.004219,0.01562,900.0
1.8343E+03,-0.009033,-0.004311,0.01562,900.0
1.8344E+03,-0.009055,-0.004258,0.01562,900.0
1.8345E+03,-0.009252,-0.003719,0.01562,900.0
1.8346E+03,-0.009698,-0.002304,0.01562,900.0
1.8347E+03,-0.009945,-0.000783,0.01562,900.0
1.8348E+03,-0.009964,0.000519,0.01562,900.0
1.8349E+03,-0.009764,0.002032,0.01562,900.0
1.8350E+03,-0.009329,0.003480,0.01562,900.0
1.8351E+03,-0.008709,0.004801,0.01562,900.0
1.8352E+03,-0.007860,0.006071,0.01562,900.0
1.8353E+03,-0.006837,0.007201,0.01562,900.0
1.8354E+03,-0.005686,0.008130,0.01562,900.0
1.8355E+03,-0.004394,0.008892,0.01562,900.0
1.8356E+03,-0.002995,0.009463,0.01562,900.0
1.8357E+03,-0.001560,0.009800,0.01562,900.0
1.8358E+03,-0.000057,0.009930,0.01562,900.0
1.8359E+03,0.001441,0.009833,0.01562,900.0
1.8360E+03,0.002927,0.009500,0.01562,900.0
1.8361E+03,0.004367,0.008931,0.01562,900.0
1.8362E+03,0.005613,0.008206,0.01562,900.0
1.8363E+03,0.006771,0.007276,0.01562,900.0
1.8364E+03,0.007820,0.006126,0.01562,900.0
1.8365E+03,0.008656,0.004883,0.01562,900.0
1.8366E+03,0.009243,0.003672,0.01562,900.0
1.8367E+03,0.009692,0.002210,0.01562,900.0
1.8368E+03,0.009939,0.000712,0.01562,900.0
1.8369E+03,0.009934,-0.000771,0.01562,900.0
1.8370E+03,0.009723,-0.002268,0.01562,900.0
1.8371E+03,0.009305,-0.003646,0.01562,900.0
1.8372E+03,0.008627,-0.005055,0.01562,900.0
1.8373E+03,0.007785,-0.006281,0.01562,900.0
1.8374E+03,0.006710,-0.007387,0.01562,900.0
1.8375E+03,0.005560,-0.008308,0.01562,900.0
1.8376E+03,0.004258,-0.009037,0.01562,900.0
1.8377E+03,0.002873,-0.009568,0.01562,900.0
1.8378E+03,0.001416,-0.009889,0.01562,900.0
1.8379E+03,-0.000101,-0.009991,0.01562,0.0
1.8380E+03,-0.001601,-0.009862,0.01562,0.0
1.8381E+03,-0.003052,-0.009515,0.01562,0.0
1.8382E+03,-0.004459,-0.008955,0.01562,0.0
1.8383E+03,-0.005660,-0.008254,0.01562,0.0
1.8384E+03,-0.006825,-0.007316,0.01562,0.0
1.8385E+03,-0.007851,-0.006176,0.01562,0.0
1.8386E+03,-0.008669,-0.004938,0.01562,900.0
1.8387E+03,-0.008985,-0.004403,0.01562,900.0
1.8388E+03,-0.009033,-0.004311,0.01562,900.0
1.8389E+03,-0.007960,-0.004121,0.01562,900.0
1.8390E+03,-0.003540,-0.003341,0.01562,900.0
1.8391E+03,0.004169,-0.001981,0.01562,900.0
1.8392E+03,0.011050,-0.000766,0.01562,900.0
1.8394E+03,0.015188,-0.000036,0.01562,900.0
1.8395E+03,0.015187,-0.000014,0.01562,900.0
1.8396E+03,0.015155,0.000826,0.01562,900.0
1.8397E+03,0.014997,0.002279,0.01562,900.0
1.8398E+03,0.014691,0.003727,0.01562,900.0
1.8399E+03,0.014235,0.005183,0.01562,900.0
1.8400E+03,0.013712,0.006428,0.01562,900.0
1.8401E+03,0.013008,0.007745,0.01562,900.0
1.8402E+03,0.012182,0.008993,0.01562,900.0
1.8403E+03,0.011238,0.010140,0.01562,900.0
1.8404E+03,0.010195,0.011199,0.01562,900.0
1.8405E+03,0.009047,0.012137,0.01562,900.0
1.8406E+03,0.007765,0.013013,0.01562,900.0
1.8407E+03,0.006441,0.013706,0.01562,900.0
1.8408E+03,0.004972,0.014303,0.01562,900.0
1.8409E+03,0.003544,0.014710,0.01562,900.0
1.8410E+03,0.002063,0.014989,0.01562,900.0
1.8411E+03,0.000530,0.015109,0.01562,900.0
1.8412E+03,-0.000902,0.015092,0.01562,900.0
1.8413E+03,-0.002397,0.014920,0.01562,900.0
1.8414E+03,-0.003939,0.014604,0.01562,900.0
1.8415E+03,-0.005367,0.014137,0.01562,900.0
1.8416E+03,-0.006752,0.013547,0.01562,900.0
1.8417E+03,-0.007910,0.012908,0.01562,900.0
1.8418E+03,-0.009202,0.012041,0.01562,900.0
1.8419E+03,-0.010334,0.011072,0.01562,900.0
1.8420E+03,-0.011370,0.010013,0.01562,900.0
1.8421E+03,-0.012287,0.008849,0.01562,900.0
1.8422E+03,-0.013116,0.007570,0.01562,900.0
1.8423E+03,-0.013804,0.006235,0.01562,900.0
1.8424E+03,-0.014348,0.004850,0.01562,900.0
1.8425E+03,-0.014765,0.003411,0.01562,900.0
1.8426E+03,-0.015032,0.001908,0.01562,900.0
1.8427E+03,-0.015161,0.000370,0.01562,900.0
1.8428E+03,-0.015128,-0.001123,0.01562,900.0
1.8429E+03,-0.014955,-0.002589,0.01562,900.0
1.8430E+03,-0.014622,-0.004120,0.01562,900.0
1.8431E+03,-0.014165,-0.005477,0.01562,900.0
1.8432E+03,-0.013566,-0.006841,0.01562,900.0
1.8433E+03,-0.012788,-0.008182,0.01562,900.0
1.8434E+03,-0.012023,-0.009276,0.01562,900.0
1.8435E+03,-0.011046,-0.010417,0.01562,900.0
1.8436E+03,-0.009940,-0.011481,0.01562,900.0
1.8437E+03,-0.008734,-0.012429,0.01562,900.0
1.8438E+03,-0.007455,-0.013239,0.01562,900.0
1.8439E+03,-0.006151,-0.013898,0.01562,900.0
1.8440E+03,-0.004743,-0.014447,0.01562,900.0
1.8441E+03,-0.003239,-0.014865,0.01562,900.0
1.8442E+03,-0.001811,-0.015106,0.01562,900.0
1.8443E+03,-0.000272,-0.015203,0.01562,900.0
1.8444E+03,0.001179,-0.015162,0.01562,900.0
1.8445E+03,0.002738,-0.014950,0.01562,900.0
1.8446E+03,0.004175,-0.014617,0.01562,900.0
1.8447E+03,0.005562,-0.014137,0.01562,900.0
1.8448E+03,0.006944,-0.013509,0.01562,900.0
1.8449E+03,0.008263,-0.012749,0.01562,900.0
1.8450E+03,0.009470,-0.011871,0.01562,900.0
1.8451E+03,0.010489,-0.010992,0.01562,900.0
1.8452E+03,0.011544,-0.009889,0.01562,0.0
1.8453E+03,0.012463,-0.008693,0.01562,0.0
1.8454E+03,0.013287,-0.007358,0.01562,0.0
1.8455E+03,0.013922,-0.006054,0.01562,0.0
1.8456E+03,0.014451,-0.004652,0.01562,0.0
1.8457E+03,0.014822,-0.003223,0.01562,0.0
1.8458E+03,0.015070,-0.001686,0.01562,0.0
1.8459E+03,0.015170,-0.000516,0.01562,900.0
1.8460E+03,0.015188,-0.000036,0.01562,900.0
1.8461E+03,0.015168,-0.000040,0.01562,900.0
1.8462E+03,0.013381,-0.000384,0.01562,900.0
1.8463E+03,0.006684,-0.001673,0.01562,900.0
1.8464E+03,-0.001038,-0.003160,0.01562,900.0
1.8465E+03,-0.008333,-0.004565,0.01562,900.0
1.8466E+03,-0.010452,-0.004973,0.01562,900.0
1.8467E+03,-0.010588,-0.004999,0.01562,900.0
1.8468E+03,-0.010597,-0.004977,0.01562,900.0
1.8469E+03,-0.010927,-0.004143,0.01562,900.0
1.8470E+03,-0.011326,-0.002788,0.01562,900.0
1.8471E+03,-0.011584,-0.001305,0.01562,900.0
1.8472E+03,-0.011661,0.000213,0.01562,900.0
1.8473E+03,-0.011532,0.001721,0.01562,900.0
1.8474E+03,-0.011204,0.003206,0.01562,900.0
1.8475E+03,-0.010708,0.004600,0.01562,900.0
1.8476E+03,-0.010023,0.005946,0.01562,900.0
1.8477E+03,-0.009145,0.007252,0.01562,900.0
1.8478E+03,-0.008129,0.008352,0.01562,900.0
1.8479E+03,-0.006991,0.009301,0.01562,900.0
1.8480E+03,-0.005706,0.010135,0.01562,900.0
1.8481E+03,-0.004396,0.010773,0.01562,900.0
1.8482E+03,-0.002976,0.011238,0.01562,900.0
1.8483E+03,-0.001466,0.011525,0.01562,900.0
1.8484E+03,0.000051,0.011620,0.01562,900.0
1.8485E+03,0.001543,0.011531,0.01562,900.0
1.8486E+03,0.002867,0.011285,0.01562,900.0
1.8487E+03,0.004329,0.010809,0.01562,900.0
1.8488E+03,0.005665,0.010175,0.01562,900.0
1.8489E+03,0.006937,0.009358,0.01562,900.0
1.8490E+03,0.008078,0.008402,0.01562,900.0
1.8491E+03,0.009102,0.007266,0.01562,900.0
1.8492E+03,0.009967,0.006012,0.01562,900.0
1.8493E+03,0.010652,0.004697,0.01562,900.0
1.8494E+03,0.011173,0.003320,0.01562,900.0
1.8495E+03,0.011508,0.001885,0.01562,900.0
1.8496E+03,0.011647,0.000370,0.01562,900.0
1.8497E+03,0.011605,-0.001177,0.01562,900.0
1.8498E+03,0.011377,-0.002620,0.01562,900.0
1.8499E+03,0.010973,-0.004050,0.01562,900.0
1.8500E+03,0.010375,-0.005406,0.01562,900.0
1.8501E+03,0.009580,-0.006711,0.01562,900.0
1.8502E+03,0.008622,-0.007902,0.01562,900.0
1.8503E+03,0.007619,-0.008871,0.01562,900.0
1.8504E+03,0.006447,-0.009758,0.01562,900.0
1.8505E+03,0.005176,-0.010502,0.01562,900.0
1.8506E+03,0.003763,-0.011091,0.01562,900.0
1.8507E+03,0.002262,-0.011480,0.01562,900.0
1.8508E+03,0.000777,-0.011676,0.01562,900.0
1.8509E+03,-0.000709,-0.011678,0.01562,900.0
1.8510E+03,-0.002203,-0.011496,0.01562,0.0
1.8511E+03,-0.003613,-0.011142,0.01562,0.0
1.8512E+03,-0.005069,-0.010573,0.01562,0.0
1.8513E+03,-0.006383,-0.009810,0.01562,0.0
1.8514E+03,-0.007556,-0.008917,0.01562,0.0
1.8515E+03,-0.008612,-0.007906,0.01562,0.0
1.8516E+03,-0.009568,-0.006699,0.01562,0.0
1.8517E+03,-0.010299,-0.005533,0.01562,900.0
1.8518E+03,-0.010582,-0.005012,0.01562,900.0
1.8519E+03,-0.010588,-0.004999,0.01562,900.0
1.8520E+03,-0.009183,-0.004709,0.01562,900.0
1.8521E+03,-0.004188,-0.003680,0.01562,900.0
1.8522E+03,0.003225,-0.002151,0.01562,900.0
1.8523E+03,0.010969,-0.000555,0.01562,900.0
1.8524E+03,0.013288,-0.000077,0.01562,900.0
1.8525E+03,0.013487,-0.000036,0.01562,900.0
1.8526E+03,0.013486,-0.000012,0.01562,900.0
1.8527E+03,0.013422,0.000997,0.01562,900.0
1.8528E+03,0.013231,0.002436,0.01562,900.0
1.8529E+03,0.012877,0.003870,0.01562,900.0
1.8530E+03,0.012379,0.005243,0.01562,900.0
1.8531E+03,0.011709,0.006597,0.01562,900.0
1.8532E+03,0.010866,0.007911,0.01562,900.0
1.8533E+03,0.009911,0.009074,0.01562,900.0
1.8534E+03,0.008844,0.010124,0.01562,900.0
1.8535E+03,0.007690,0.011034,0.01562,900.0
1.8536E+03,0.006432,0.011808,0.01562,900.0
1.8537E+03,0.005150,0.012398,0.01562,900.0
1.8538E+03,0.003764,0.012891,0.01562,900.0
1.8539E+03,0.002269,0.013227,0.01562,900.0
1.8540E+03,0.000766,0.013400,0.01562,900.0
1.8541E+03,-0.000721,0.013400,0.01562,900.0
1.8542E+03,-0.002224,0.013234,0.01562,900.0
1.8543E+03,-0.003715,0.012898,0.01562,900.0
1.8544E+03,-0.005156,0.012404,0.01562,900.0
1.8545E+03,-0.006500,0.011756,0.01562,900.0
1.8546E+03,-0.007759,0.010978,0.01562,900.0
1.8547E+03,-0.008889,0.010104,0.01562,900.0
1.8548E+03,-0.010037,0.008956,0.01562,900.0
1.8549E+03,-0.010948,0.007790,0.01562,900.0
1.8550E+03,-0.011766,0.006510,0.01562,900.0
1.8551E+03,-0.012425,0.005141,0.01562,900.0
1.8552E+03,-0.012909,0.003753,0.01562,900.0
1.8553E+03,-0.013255,0.002291,0.01562,900.0
1.8554E+03,-0.013438,0.000768,0.01562,900.0
1.8555E+03,-0.013446,-0.000589,0.01562,900.0
1.8556E+03,-0.013311,-0.002077,0.01562,900.0
1.8557E+03,-0.013009,-0.003556,0.01562,900.0
1.8558E+03,-0.012542,-0.004963,0.01562,900.0
1.8559E+03,-0.011938,-0.006301,0.01562,900.0
1.8560E+03,-0.011122,-0.007633,0.01562,900.0
1.8561E+03,-0.010220,-0.008801,0.01562,900.0
1.8562E+03,-0.009204,-0.009866,0.01562,900.0
1.8563E+03,-0.008026,-0.010835,0.01562,900.0
1.8564E+03,-0.006729,-0.011686,0.01562,900.0
1.8565E+03,-0.005387,-0.012370,0.01562,900.0
1.8566E+03,-0.003995,-0.012888,0.01562,900.0
1.8567E+03,-0.002534,-0.013256,0.01562,900.0
1.8568E+03,-0.001107,-0.013455,0.01562,900.0
1.8569E+03,0.000411,-0.013495,0.01562,900.0
1.8570E+03,0.001980,-0.013365,0.01562,900.0
1.8571E+03,0.003468,-0.013055,0.01562,900.0
1.8572E+03,0.004688,-0.012664,0.01562,900.0
1.8573E+03,0.006061,-0.012051,0.01562,900.0
1.8574E+03,0.007407,-0.011261,0.01562,900.0
1.8575E+03,0.008619,-0.010372,0.01562,900.0
1.8576E+03,0.009699,-0.009366,0.01562,0.0
1.8577E+03,0.010682,-0.008215,0.01562,0.0
1.8578E+03,0.011538,-0.006965,0.01562,0.0
1.8579E+03,0.012237,-0.005647,0.01562,0.0
1.8580E+03,0.012791,-0.004253,0.01562,0.0
1.8581E+03,0.013184,-0.002831,0.01562,0.0
1.8582E+03,0.013422,-0.001282,0.01562,900.0
1.8583E+03,0.013483,-0.000107,0.01562,900.0
1.8584E+03,0.013487,-0.000037,0.01562,900.0
1.8585E+03,0.013487,-0.000036,0.01562,900.0
1.8586E+03,0.009637,-0.000885,0.01562,900.0
1.8587E+03,0.003122,-0.002321,0.01562,900.0
1.8588E+03,-0.004419,-0.003984,0.01562,900.0
1.8589E+03,-0.009815,-0.005174,0.01562,900.0
1.8591E+03,-0.012143,-0.005687,0.01562,900.0
1.8592E+03,-0.012208,-0.005528,0.01562,900.0
1.8593E+03,-0.012629,-0.004499,0.01562,900.0
1.8594E+03,-0.013041,-0.003095,0.01562,900.0
1.8595E+03,-0.013300,-0.001537,0.01562,900.0
1.8596E+03,-0.013371,-0.000050,0.01562,900.0
1.8597E+03,-0.013278,0.001455,0.01562,900.0
1.8598E+03,-0.013024,0.002951,0.01562,900.0
1.8599E+03,-0.012604,0.004382,0.01562,900.0
1.8600E+03,-0.012025,0.005772,0.01562,900.0
1.8601E+03,-0.011316,0.007083,0.01562,900.0
1.8602E+03,-0.010466,0.008263,0.01562,900.0
1.8603E+03,-0.009446,0.009431,0.01562,900.0
1.8604E+03,-0.008324,0.010434,0.01562,900.0
1.8605E+03,-0.007083,0.011322,0.01562,900.0
1.8606E+03,-0.005908,0.011971,0.01562,900.0
1.8607E+03,-0.004517,0.012560,0.01562,900.0
1.8608E+03,-0.003098,0.012969,0.01562,900.0
1.8609E+03,-0.001637,0.013231,0.01562,900.0
1.8610E+03,-0.000115,0.013323,0.01562,900.0
1.8611E+03,0.001400,0.013247,0.01562,900.0
1.8612E+03,0.002859,0.013014,0.01562,900.0
1.8613E+03,0.004303,0.012611,0.01562,900.0
1.8614E+03,0.005735,0.012035,0.01562,900.0
1.8615E+03,0.007042,0.011335,0.01562,900.0
1.8616E+03,0.008239,0.010506,0.01562,900.0
1.8617E+03,0.009385,0.009513,0.01562,900.0
1.8618E+03,0.010428,0.008362,0.01562,900.0
1.8619E+03,0.011292,0.007134,0.01562,900.0
1.8620E+03,0.012022,0.005791,0.01562,900.0
1.8621E+03,0.012618,0.004376,0.01562,900.0
1.8622E+03,0.013025,0.002929,0.01562,900.0
1.8623E+03,0.013274,0.001473,0.01562,900.0
1.8624E+03,0.013354,0.000118,0.01562,900.0
1.8625E+03,0.013296,-0.001418,0.01562,900.0
1.8626E+03,0.013066,-0.002879,0.01562,900.0
1.8627E+03,0.012677,-0.004304,0.01562,900.0
1.8628E+03,0.012137,-0.005691,0.01562,900.0
1.8629E+03,0.011428,-0.007002,0.01562,900.0
1.8630E+03,0.010560,-0.008266,0.01562,900.0
1.8631E+03,0.009574,-0.009375,0.01562,900.0
1.8632E+03,0.008429,-0.010407,0.01562,900.0
1.8633E+03,0.007208,-0.011290,0.01562,900.0
1.8634E+03,0.005910,-0.012014,0.01562,900.0
1.8635E+03,0.004537,-0.012601,0.01562,900.0
1.8636E+03,0.003070,-0.013032,0.01562,900.0
1.8637E+03,0.001552,-0.013310,0.01562,900.0
1.8638E+03,0.000076,-0.013404,0.01562,900.0
1.8639E+03,-0.001380,-0.013336,0.01562,900.0
1.8640E+03,-0.002945,-0.013100,0.01562,900.0
1.8641E+03,-0.004264,-0.012722,0.01562,900.0
1.8642E+03,-0.005586,-0.012197,0.01562,0.0
1.8643E+03,-0.006931,-0.011463,0.01562,0.0
1.8644E+03,-0.008199,-0.010592,0.01562,0.0
1.8645E+03,-0.009309,-0.009617,0.01562,0.0
1.8646E+03,-0.010315,-0.008526,0.01562,0.0
1.8647E+03,-0.011216,-0.007280,0.01562,0.0
1.8648E+03,-0.011885,-0.006182,0.01562,0.0
1.8651E+03,-0.012143,-0.005687,0.01562,0.0
1.8652E+03,-0.012143,-0.005684,0.01562,0.0
1.8653E+03,-0.012143,-0.005683,0.01562,0.0
1.8654E+03,-0.012143,-0.005682,0.01562,0.0
1.8655E+03,-0.012143,-0.005681,0.01562,0.0
1.8656E+03,-0.012143,-0.005679,0.01562,0.0
1.8657E+03,-0.012143,-0.005678,0.01562,0.0
1.8658E+03,-0.012143,-0.005677,0.01562,0.0
1.8659E+03,-0.012143,-0.005676,0.01562,0.0
1.8660E+03,-0.012143,-0.005675,0.01562,0.0
1.8661E+03,-0.012143,-0.005673,0.01562,0.0
1.8662E+03,-0.012143,-0.005672,0.01562,0.0
1.8663E+03,-0.012143,-0.005671,0.01562,0.0
1.8664E+03,-0.012143,-0.005670,0.01562,0.0
1.8665E+03,-0.012143,-0.005668,0.01562,0.0
1.8666E+03,-0.012143,-0.005666,0.01562,0.0
1.8667E+03,-0.012143,-0.005665,0.01562,0.0
1.8668E+03,-0.012143,-0.005664,0.01562,0.0
1.8670E+03,-0.012143,-0.005662,0.01562,0.0
1.8671E+03,-0.012143,-0.005660,0.01562,0.0
1.8672E+03,-0.012143,-0.005659,0.01562,0.0
1.8673E+03,-0.012143,-0.005658,0.01562,0.0
1.8674E+03,-0.012143,-0.005656,0.01562,0.0
1.8675E+03,-0.012143,-0.005655,0.01562,0.0
1.8676E+03,-0.012143,-0.005654,0.01562,0.0
1.8677E+03,-0.012143,-0.005652,0.01562,0.0
1.8679E+03,-0.012143,-0.005651,0.01562,0.0
1.8680E+03,-0.012143,-0.021244,0.01562,0.0
1.8681E+03,-0.012126,-0.021238,0.01562,0.0
1.8682E+03,-0.011652,-0.021047,0.01562,0.0
1.8683E+03,-0.010563,-0.020610,0.01562,0.0
1.8684E+03,-0.009385,-0.020137,0.01562,0.0
1.8685E+03,-0.008265,-0.019688,0.01562,0.0
1.8686E+03,-0.007096,-0.019218,0.01562,0.0
1.8687E+03,-0.005943,-0.018755,0.01562,0.0
1.8688E+03,-0.004719,-0.018263,0.01562,0.0
1.8689E+03,-0.003564,-0.017800,0.01562,0.0
1.8690E+03,-0.002408,-0.017336,0.01562,0.0
1.8691E+03,-0.001352,-0.016912,0.01562,0.0
1.8692E+03,-0.000950,-0.016750,0.01562,0.0
