4.0526E+03,0.006872,0.026950,0.04615,0.0
4.0527E+03,0.006872,0.026948,0.04615,0.0
4.0528E+03,0.006872,0.026947,0.04615,0.0
4.0529E+03,0.006872,0.026945,0.04615,0.0
4.0530E+03,0.006872,0.026943,0.04615,0.0
4.0531E+03,0.006872,0.026942,0.04615,0.0
4.0532E+03,0.006872,0.026940,0.04615,0.0
4.0533E+03,0.006872,0.026939,0.04615,0.0
4.0534E+03,0.006872,0.026937,0.04615,0.0
4.0535E+03,0.006872,0.026935,0.04615,0.0
4.0536E+03,0.006872,0.026933,0.04615,0.0
4.0537E+03,0.006872,0.026931,0.04615,0.0
4.0538E+03,0.006872,0.026930,0.04615,0.0
4.0539E+03,0.006872,0.026928,0.04615,0.0
4.0540E+03,0.006872,0.026927,0.04615,0.0
4.0541E+03,0.006872,0.026925,0.04615,0.0
4.0542E+03,0.006872,0.026923,0.04615,0.0
4.0543E+03,0.006872,0.026921,0.04615,0.0
4.0544E+03,0.006872,0.026920,0.04615,0.0
4.0545E+03,0.006872,0.026918,0.04615,0.0
4.0546E+03,0.006872,0.026917,0.04615,0.0
4.0549E+03,0.006872,0.026916,0.04615,0.0
4.0550E+03,0.006786,0.026339,0.04615,0.0
4.0551E+03,0.006635,0.025327,0.04615,0.0
4.0552E+03,0.006473,0.024242,0.04615,0.0
4.0553E+03,0.006309,0.023144,0.04615,900.0
4.0554E+03,0.006157,0.022128,0.04615,900.0
4.0555E+03,0.005990,0.021005,0.04615,900.0
4.0556E+03,0.005829,0.019928,0.04615,900.0
4.0557E+03,0.005660,0.018798,0.04615,900.0
4.0558E+03,0.005489,0.017647,0.04615,900.0
4.0559E+03,0.005331,0.016592,0.04615,900.0
4.0560E+03,0.005271,0.016187,0.04615,900.0
4.0562E+03,0.005263,0.016135,0.04615,900.0
4.0563E+03,0.004505,0.016351,0.04615,900.0
4.0564E+03,0.003167,0.016650,0.04615,900.0
4.0565E+03,0.001673,0.016857,0.04615,900.0
4.0566E+03,0.000155,0.016942,0.04615,900.0
4.0567E+03,-0.001353,0.016893,0.04615,900.0
4.0568E+03,-0.002841,0.016709,0.04615,900.0
4.0569E+03,-0.004294,0.016396,0.04615,900.0
4.0570E+03,-0.005705,0.015974,0.04615,900.0
4.0571E+03,-0.007150,0.015383,0.04615,900.0
4.0572E+03,-0.008361,0.014750,0.04615,900.0
4.0573E+03,-0.009627,0.013952,0.04615,900.0
4.0574E+03,-0.010804,0.013072,0.04615,900.0
4.0575E+03,-0.011936,0.012041,0.04615,900.0
4.0576E+03,-0.012964,0.010922,0.04615,900.0
4.0577E+03,-0.013870,0.009759,0.04615,900.0
4.0578E+03,-0.014674,0.008511,0.04615,900.0
4.0579E+03,-0.015323,0.007311,0.04615,900.0
4.0580E+03,-0.015751,0.006339,0.04615,900.0
4.0581E+03,-0.016215,0.005031,0.04615,900.0
4.0582E+03,-0.016605,0.003581,0.04615,900.0
4.0583E+03,-0.016863,0.002096,0.04615,900.0
4.0584E+03,-0.016977,0.000502,0.04615,900.0
4.0585E+03,-0.016956,-0.000995,0.04615,900.0
4.0586E+03,-0.016807,-0.002455,0.04615,900.0
4.0587E+03,-0.016539,-0.003900,0.04615,900.0
4.0588E+03,-0.016116,-0.005378,0.04615,900.0
4.0589E+03,-0.015731,-0.006450,0.04615,900.0
4.0590E+03,-0.015283,-0.007438,0.04615,900.0
4.0591E+03,-0.014567,-0.008766,0.04615,900.0
4.0592E+03,-0.013761,-0.010013,0.04615,900.0
4.0593E+03,-0.012819,-0.011197,0.04615,900.0
4.0594E+03,-0.011768,-0.012284,0.04615,900.0
4.0595E+03,-0.010637,-0.013284,0.04615,900.0
4.0596E+03,-0.009428,-0.014169,0.04615,900.0
4.0597E+03,-0.008130,-0.014943,0.04615,900.0
4.0598E+03,-0.006802,-0.015592,0.04615,900.0
4.0599E+03,-0.005375,-0.016143,0.04615,900.0
4.0600E+03,-0.003933,-0.016558,0.04615,900.0
4.0601E+03,-0.002463,-0.016830,0.04615,900.0
4.0602E+03,-0.000954,-0.016992,0.04615,900.0
4.0603E+03,0.000496,-0.017019,0.04615,900.0
4.0604E+03,0.002016,-0.016904,0.04615,900.0
4.0605E+03,0.003486,-0.016664,0.04615,900.0
4.0606E+03,0.004794,-0.016338,0.04615,900.0
4.0607E+03,0.006262,-0.015817,0.04615,900.0
4.0608E+03,0.007655,-0.015197,0.04615,900.0
4.0609E+03,0.008988,-0.014439,0.04615,900.0
4.0610E+03,0.010204,-0.013612,0.04615,900.0
4.0611E+03,0.011342,-0.012666,0.04615,900.0
4.0612E+03,0.012425,-0.011606,0.04615,900.0
4.0613E+03,0.013411,-0.010450,0.04615,900.0
4.0614E+03,0.014286,-0.009232,0.04615,900.0
4.0615E+03,0.015022,-0.007963,0.04615,900.0
4.0616E+03,0.015674,-0.006591,0.04615,900.0
4.0617E+03,0.016198,-0.005192,0.04615,900.0
4.0618E+03,0.016446,-0.004315,0.04615,900.0
4.0619E+03,0.016749,-0.002888,0.04615,900.0
4.0620E+03,0.016933,-0.001346,0.04615,900.0
4.0621E+03,0.016979,0.000143,0.04615,900.0
4.0622E+03,0.016897,0.001619,0.04615,900.0
4.0623E+03,0.016711,0.002966,0.04615,900.0
4.0624E+03,0.016369,0.004469,0.04615,900.0
4.0625E+03,0.015907,0.005908,0.04615,900.0
4.0626E+03,0.015355,0.007231,0.04615,900.0
4.0627E+03,0.014644,0.008584,0.04615,900.0
4.0628E+03,0.013833,0.009833,0.04615,0.0
4.0629E+03,0.012930,0.010996,0.04615,0.0
4.0630E+03,0.011829,0.012153,0.04615,0.0
4.0631E+03,0.010732,0.013133,0.04615,0.0
4.0632E+03,0.009478,0.014051,0.04615,0.0
4.0633E+03,0.008186,0.014841,0.04615,0.0
4.0634E+03,0.006863,0.015494,0.04615,0.0
4.0635E+03,0.005742,0.015960,0.04615,900.0
4.0636E+03,0.005263,0.016135,0.04615,900.0
4.0637E+03,0.005217,0.016063,0.04615,900.0
4.0638E+03,0.004207,0.014457,0.04615,900.0
4.0639E+03,0.000469,0.008513,0.04615,900.0
4.0640E+03,-0.003589,0.002063,0.04615,900.0
4.0641E+03,-0.007321,-0.003871,0.04615,900.0
4.0642E+03,-0.008158,-0.005201,0.04615,900.0
4.0643E+03,-0.008286,-0.005405,0.04615,900.0
4.0644E+03,-0.008299,-0.005386,0.04615,900.0
4.0645E+03,-0.008721,-0.004603,0.04615,900.0
4.0646E+03,-0.009279,-0.003293,0.04615,900.0
4.0647E+03,-0.009674,-0.001842,0.04615,900.0
4.0648E+03,-0.009833,-0.000354,0.04615,900.0
4.0649E+03,-0.009769,0.001155,0.04615,900.0
4.0650E+03,-0.009487,0.002623,0.04615,900.0
4.0651E+03,-0.008984,0.004011,0.04615,900.0
4.0652E+03,-0.008234,0.005401,0.04615,900.0
4.0653E+03,-0.007352,0.006538,0.04615,900.0
4.0654E+03,-0.006209,0.007612,0.04615,900.0
4.0655E+03,-0.005012,0.008438,0.04615,900.0
4.0656E+03,-0.003683,0.009089,0.04615,900.0
4.0657E+03,-0.002200,0.009551,0.04615,900.0
4.0658E+03,-0.000834,0.009770,0.04615,900.0
4.0659E+03,0.000650,0.009783,0.04615,900.0
4.0660E+03,0.002127,0.009572,0.04615,900.0
4.0661E+03,0.003581,0.009147,0.04615,900.0
4.0662E+03,0.004945,0.008481,0.04615,900.0
4.0663E+03,0.006179,0.007661,0.04615,900.0
4.0664E+03,0.007295,0.006599,0.04615,900.0
4.0665E+03,0.008219,0.005420,0.04615,900.0
4.0666E+03,0.008942,0.004090,0.04615,900.0
4.0667E+03,0.009460,0.002690,0.04615,900.0
4.0668E+03,0.009755,0.001269,0.04615,900.0
4.0669E+03,0.009833,-0.000268,0.04615,900.0
4.0670E+03,0.009688,-0.001761,0.04615,900.0
4.0671E+03,0.009323,-0.003167,0.04615,900.0
4.0672E+03,0.008732,-0.004560,0.04615,900.0
4.0673E+03,0.007932,-0.005875,0.04615,900.0
4.0674E+03,0.006972,-0.006989,0.04615,900.0
4.0675E+03,0.005985,-0.007882,0.04615,900.0
4.0676E+03,0.004640,-0.008737,0.04615,900.0
4.0677E+03,0.003265,-0.009327,0.04615,900.0
4.0678E+03,0.001835,-0.009709,0.04615,900.0
4.0679E+03,0.000383,-0.009867,0.04615,0.0
4.0680E+03,-0.001151,-0.009803,0.04615,0.0
4.0681E+03,-0.002613,-0.009501,0.04615,0.0
4.0682E+03,-0.003994,-0.008999,0.04615,0.0
4.0683E+03,-0.005350,-0.008290,0.04615,900.0
4.0684E+03,-0.006569,-0.007371,0.04615,900.0
4.0685E+03,-0.007572,-0.006334,0.04615,900.0
4.0686E+03,-0.008273,-0.005423,0.04615,900.0
4.0688E+03,-0.008286,-0.005405,0.04615,900.0
4.0689E+03,-0.012157,-0.002128,0.04615,900.0
4.0690E+03,-0.014726,0.000046,0.04615,900.0
4.0692E+03,-0.015294,0.000527,0.04615,900.0
4.0693E+03,-0.015289,-0.000043,0.04615,900.0
4.0694E+03,-0.015226,-0.001308,0.04615,900.0
4.0695E+03,-0.015025,-0.002801,0.04615,900.0
4.0696E+03,-0.014677,-0.004312,0.04615,900.0
4.0697E+03,-0.014198,-0.005687,0.04615,900.0
4.0698E+03,-0.013555,-0.007121,0.04615,900.0
4.0699E+03,-0.012784,-0.008420,0.04615,900.0
4.0700E+03,-0.011932,-0.009594,0.04615,900.0
4.0701E+03,-0.010910,-0.010735,0.04615,900.0
4.0702E+03,-0.009832,-0.011731,0.04615,900.0
4.0703E+03,-0.008643,-0.012639,0.04615,900.0
4.0704E+03,-0.007313,-0.013443,0.04615,900.0
4.0705E+03,-0.005937,-0.014114,0.04615,900.0
4.0706E+03,-0.004542,-0.014622,0.04615,900.0
4.0707E+03,-0.003093,-0.014997,0.04615,900.0
4.0708E+03,-0.001603,-0.015240,0.04615,900.0
4.0709E+03,-0.000312,-0.015323,0.04615,900.0
4.0710E+03,0.001242,-0.015286,0.04615,900.0
4.0711E+03,0.002764,-0.015071,0.04615,900.0
4.0712E+03,0.004250,-0.014718,0.04615,900.0
4.0713E+03,0.005636,-0.014241,0.04615,900.0
4.0714E+03,0.006998,-0.013618,0.04615,900.0
4.0715E+03,0.008295,-0.012864,0.04615,900.0
4.0716E+03,0.009498,-0.012002,0.04615,900.0
4.0717E+03,0.010635,-0.010995,0.04615,900.0
4.0718E+03,0.011685,-0.009882,0.04615,900.0
4.0719E+03,0.012589,-0.008699,0.04615,900.0
4.0720E+03,0.013392,-0.007407,0.04615,900.0
4.0721E+03,0.014021,-0.006128,0.04615,900.0
4.0722E+03,0.014588,-0.004623,0.04615,900.0
4.0723E+03,0.014955,-0.003223,0.04615,900.0
4.0724E+03,0.015190,-0.001727,0.04615,900.0
4.0725E+03,0.015285,-0.000178,0.04615,900.0
4.0726E+03,0.015227,0.001174,0.04615,900.0
4.0727E+03,0.015031,0.002680,0.04615,900.0
4.0728E+03,0.014689,0.004162,0.04615,900.0
4.0729E+03,0.014215,0.005559,0.04615,900.0
4.0730E+03,0.013620,0.006898,0.04615,900.0
4.0731E+03,0.012858,0.008224,0.04615,900.0
4.0732E+03,0.011967,0.009475,0.04615,900.0
4.0733E+03,0.010997,0.010589,0.04615,900.0
4.0734E+03,0.009878,0.011640,0.04615,900.0
4.0735E+03,0.008668,0.012563,0.04615,900.0
4.0736E+03,0.007392,0.013340,0.04615,900.0
4.0737E+03,0.006049,0.013988,0.04615,900.0
4.0738E+03,0.004627,0.014527,0.04615,900.0
4.0739E+03,0.003187,0.014906,0.04615,900.0
4.0740E+03,0.001739,0.015145,0.04615,900.0
4.0741E+03,0.000231,0.015238,0.04615,900.0
4.0742E+03,-0.001307,0.015186,0.04615,900.0
4.0743E+03,-0.002656,0.015016,0.04615,900.0
4.0744E+03,-0.004116,0.014686,0.04615,900.0
4.0745E+03,-0.005600,0.014196,0.04615,900.0
4.0746E+03,-0.006976,0.013572,0.04615,900.0
4.0747E+03,-0.008263,0.012824,0.04615,900.0
4.0748E+03,-0.009428,0.011989,0.04615,900.0
4.0749E+03,-0.010554,0.011020,0.04615,900.0
4.0750E+03,-0.011617,0.009878,0.04615,0.0
4.0751E+03,-0.012536,0.008697,0.04615,0.0
4.0752E+03,-0.013313,0.007459,0.04615,0.0
4.0753E+03,-0.013991,0.006083,0.04615,0.0
4.0754E+03,-0.014548,0.004650,0.04615,900.0
4.0755E+03,-0.014928,0.003229,0.04615,900.0
4.0756E+03,-0.015190,0.001715,0.04615,900.0
4.0757E+03,-0.015294,0.000533,0.04615,900.0
4.0759E+03,-0.015294,0.000527,0.04615,900.0
4.0760E+03,-0.013023,-0.002256,0.04615,900.0
4.0761E+03,-0.010740,-0.005052,0.04615,900.0
4.0763E+03,-0.009812,-0.006190,0.04615,900.0
4.0764E+03,-0.010009,-0.005835,0.04615,900.0
4.0765E+03,-0.010527,-0.004779,0.04615,900.0
4.0766E+03,-0.011053,-0.003411,0.04615,900.0
4.0767E+03,-0.011391,-0.001953,0.04615,900.0
4.0768E+03,-0.011551,-0.000399,0.04615,900.0
4.0769E+03,-0.011521,0.001070,0.04615,900.0
4.0770E+03,-0.011268,0.002540,0.04615,900.0
4.0771E+03,-0.010836,0.004055,0.04615,900.0
4.0772E+03,-0.010178,0.005438,0.04615,900.0
4.0773E+03,-0.009391,0.006686,0.04615,900.0
4.0774E+03,-0.008465,0.007813,0.04615,900.0
4.0775E+03,-0.007352,0.008860,0.04615,900.0
4.0776E+03,-0.006102,0.009756,0.04615,900.0
4.0777E+03,-0.004949,0.010403,0.04615,900.0
4.0778E+03,-0.003589,0.010951,0.04615,900.0
4.0779E+03,-0.002143,0.011326,0.04615,900.0
4.0780E+03,-0.000576,0.011515,0.04615,900.0
4.0781E+03,0.000921,0.011489,0.04615,900.0
4.0782E+03,0.002349,0.011293,0.04615,900.0
4.0783E+03,0.003419,0.011014,0.04615,900.0
4.0784E+03,0.004684,0.010528,0.04615,900.0
4.0785E+03,0.006027,0.009808,0.04615,900.0
4.0786E+03,0.007254,0.008934,0.04615,900.0
4.0787E+03,0.008356,0.007931,0.04615,900.0
4.0788E+03,0.009313,0.006790,0.04615,900.0
4.0789E+03,0.010111,0.005549,0.04615,900.0
4.0790E+03,0.010745,0.004184,0.04615,900.0
4.0791E+03,0.011228,0.002724,0.04615,900.0
4.0792E+03,0.011502,0.001267,0.04615,900.0
4.0793E+03,0.011573,-0.000232,0.04615,900.0
4.0794E+03,0.011415,-0.001809,0.04615,900.0
4.0795E+03,0.011136,-0.003086,0.04615,900.0
4.0796E+03,0.010660,-0.004483,0.04615,900.0
4.0797E+03,0.009960,-0.005860,0.04615,900.0
4.0798E+03,0.009121,-0.007107,0.04615,900.0
4.0799E+03,0.008127,-0.008228,0.04615,900.0
4.0800E+03,0.006986,-0.009234,0.04615,900.0
4.0801E+03,0.005785,-0.010036,0.04615,900.0
4.0802E+03,0.004388,-0.010720,0.04615,900.0
4.0803E+03,0.003036,-0.011192,0.04615,900.0
4.0804E+03,0.002102,-0.011408,0.04615,900.0
4.0805E+03,0.000539,-0.011579,0.04615,900.0
4.0806E+03,-0.000934,-0.011558,0.04615,0.0
4.0807E+03,-0.002405,-0.011330,0.04615,0.0
4.0808E+03,-0.003829,-0.010926,0.04615,0.0
4.0809E+03,-0.005198,-0.010340,0.04615,0.0
4.0810E+03,-0.006510,-0.009561,0.04615,900.0
4.0811E+03,-0.007707,-0.008638,0.04615,900.0
4.0812E+03,-0.008646,-0.007688,0.04615,900.0
4.0813E+03,-0.009502,-0.006627,0.04615,900.0
4.0814E+03,-0.009812,-0.006190,0.04615,900.0
4.0815E+03,-0.009820,-0.006178,0.04615,900.0
4.0816E+03,-0.010285,-0.005483,0.04615,900.0
4.0817E+03,-0.013079,-0.001312,0.04615,900.0
4.0819E+03,-0.013594,-0.000543,0.04615,900.0
4.0820E+03,-0.013552,-0.001107,0.04615,900.0
4.0821E+03,-0.013380,-0.002306,0.04615,900.0
4.0822E+03,-0.013046,-0.003787,0.04615,900.0
4.0823E+03,-0.012548,-0.005208,0.04615,900.0
4.0824E+03,-0.011901,-0.006562,0.04615,900.0
4.0825E+03,-0.011114,-0.007843,0.04615,900.0
4.0826E+03,-0.010214,-0.009001,0.04615,900.0
4.0827E+03,-0.009158,-0.010081,0.04615,900.0
4.0828E+03,-0.007999,-0.011030,0.04615,900.0
4.0829E+03,-0.006890,-0.011742,0.04615,900.0
4.0830E+03,-0.005514,-0.012441,0.04615,900.0
4.0831E+03,-0.004087,-0.012983,0.04615,900.0
4.0832E+03,-0.002651,-0.013347,0.04615,900.0
4.0833E+03,-0.001166,-0.013553,0.04615,900.0
4.0834E+03,0.000369,-0.013607,0.04615,900.0
4.0835E+03,0.001874,-0.013485,0.04615,900.0
4.0836E+03,0.003296,-0.013210,0.04615,900.0
4.0837E+03,0.004744,-0.012761,0.04615,900.0
4.0838E+03,0.006187,-0.012144,0.04615,900.0
4.0839E+03,0.007422,-0.011423,0.04615,900.0
4.0840E+03,0.008658,-0.010505,0.04615,900.0
4.0841E+03,0.009791,-0.009451,0.04615,900.0
4.0842E+03,0.010751,-0.008323,0.04615,900.0
4.0843E+03,0.011586,-0.007124,0.04615,900.0
4.0844E+03,0.012286,-0.005807,0.04615,900.0
4.0845E+03,0.012863,-0.004358,0.04615,900.0
4.0846E+03,0.013241,-0.003020,0.04615,900.0
4.0847E+03,0.013495,-0.001565,0.04615,900.0
4.0848E+03,0.013585,-0.000096,0.04615,900.0
4.0849E+03,0.013514,0.001383,0.04615,900.0
4.0850E+03,0.013269,0.002947,0.04615,900.0
4.0851E+03,0.012843,0.004401,0.04615,900.0
4.0852E+03,0.012295,0.005744,0.04615,900.0
4.0853E+03,0.011584,0.007055,0.04615,900.0
4.0854E+03,0.010696,0.008314,0.04615,900.0
4.0855E+03,0.009714,0.009449,0.04615,900.0
4.0856E+03,0.008607,0.010458,0.04615,900.0
4.0857E+03,0.007388,0.011350,0.04615,900.0
4.0858E+03,0.006085,0.012096,0.04615,900.0
4.0859E+03,0.004722,0.012697,0.04615,900.0
4.0860E+03,0.003292,0.013133,0.04615,900.0
4.0861E+03,0.001799,0.013432,0.04615,900.0
4.0862E+03,0.000259,0.013566,0.04615,900.0
4.0863E+03,-0.001042,0.013513,0.04615,900.0
4.0864E+03,-0.002595,0.013293,0.04615,900.0
4.0865E+03,-0.004002,0.012940,0.04615,900.0
4.0866E+03,-0.005396,0.012421,0.04615,900.0
4.0867E+03,-0.006735,0.011750,0.04615,900.0
4.0868E+03,-0.008023,0.010913,0.04615,900.0
4.0869E+03,-0.009197,0.009949,0.04615,900.0
4.0870E+03,-0.010225,0.008891,0.04615,0.0
4.0871E+03,-0.011167,0.007704,0.04615,0.0
4.0872E+03,-0.011943,0.006431,0.04615,0.0
4.0873E+03,-0.012618,0.005014,0.04615,0.0
4.0874E+03,-0.013112,0.003567,0.04615,0.0
4.0875E+03,-0.013404,0.002182,0.04615,0.0
4.0876E+03,-0.013561,0.000617,0.04615,900.0
4.0877E+03,-0.013594,-0.000338,0.04615,900.0
4.0878E+03,-0.013594,-0.000543,0.04615,900.0
4.0879E+03,-0.013497,-0.000486,0.04615,900.0
4.0880E+03,-0.010830,0.001060,0.04615,900.0
4.0881E+03,-0.004658,0.004638,0.04615,900.0
4.0882E+03,0.001801,0.008382,0.04615,900.0
4.0883E+03,0.006752,0.011252,0.04615,900.0
4.0884E+03,0.006872,0.011322,0.04615,900.0
4.0885E+03,0.006874,0.011321,0.04615,900.0
4.0886E+03,0.007224,0.011103,0.04615,900.0
4.0887E+03,0.008329,0.010287,0.04615,900.0
4.0888E+03,0.009443,0.009261,0.04615,900.0
4.0889E+03,0.010430,0.008136,0.04615,900.0
4.0890E+03,0.011307,0.006849,0.04615,900.0
4.0891E+03,0.012026,0.005511,0.04615,900.0
4.0892E+03,0.012564,0.004147,0.04615,900.0
4.0893E+03,0.012964,0.002694,0.04615,900.0
4.0894E+03,0.013204,0.001163,0.04615,900.0
4.0895E+03,0.013259,-0.000314,0.04615,900.0
4.0896E+03,0.013153,-0.001802,0.04615,900.0
4.0897E+03,0.012866,-0.003278,0.04615,900.0
4.0898E+03,0.012444,-0.004605,0.04615,900.0
4.0899E+03,0.011853,-0.005964,0.04615,900.0
4.0900E+03,0.011115,-0.007248,0.04615,900.0
4.0901E+03,0.010234,-0.008439,0.04615,900.0
4.0902E+03,0.009202,-0.009556,0.04615,900.0
4.0903E+03,0.008056,-0.010549,0.04615,900.0
4.0904E+03,0.006788,-0.011407,0.04615,900.0
4.0905E+03,0.005491,-0.012107,0.04615,900.0
4.0906E+03,0.004334,-0.012570,0.04615,900.0
4.0907E+03,0.003169,-0.012905,0.04615,900.0
4.0908E+03,0.001665,-0.013198,0.04615,900.0
4.0909E+03,0.000255,-0.013306,0.04615,900.0
4.0910E+03,-0.001298,-0.013241,0.04615,900.0
4.0911E+03,-0.002826,-0.012994,0.04615,900.0
4.0912E+03,-0.004236,-0.012600,0.04615,900.0
4.0913E+03,-0.005615,-0.012043,0.04615,900.0
4.0914E+03,-0.006969,-0.011293,0.04615,900.0
4.0915E+03,-0.008103,-0.010510,0.04615,900.0
4.0916E+03,-0.009239,-0.009520,0.04615,900.0
4.0917E+03,-0.010248,-0.008429,0.04615,900.0
4.0918E+03,-0.011106,-0.007262,0.04615,900.0
4.0919E+03,-0.011895,-0.005893,0.04615,900.0
4.0920E+03,-0.012484,-0.004545,0.04615,900.0
4.0921E+03,-0.012901,-0.003154,0.04615,900.0
4.0922E+03,-0.013176,-0.001595,0.04615,900.0
4.0923E+03,-0.013256,-0.000106,0.04615,900.0
4.0924E+03,-0.013161,0.001421,0.04615,900.0
4.0925E+03,-0.012913,0.002902,0.04615,900.0
4.0926E+03,-0.012504,0.004322,0.04615,900.0
4.0927E+03,-0.011935,0.005698,0.04615,900.0
4.0928E+03,-0.011216,0.006999,0.04615,900.0
4.0929E+03,-0.010363,0.008215,0.04615,900.0
4.0930E+03,-0.009352,0.009359,0.04615,900.0
4.0931E+03,-0.008184,0.010404,0.04615,900.0
4.0932E+03,-0.007096,0.011186,0.04615,900.0
4.0933E+03,-0.005839,0.011882,0.04615,900.0
4.0934E+03,-0.004411,0.012460,0.04615,900.0
4.0935E+03,-0.002931,0.012881,0.04615,900.0
4.0936E+03,-0.001485,0.013132,0.04615,0.0
4.0937E+03,-0.000016,0.013205,0.04615,0.0
4.0938E+03,0.001520,0.013116,0.04615,0.0
4.0939E+03,0.003032,0.012853,0.04615,0.0
4.0940E+03,0.004278,0.012514,0.04615,0.0
4.0941E+03,0.005286,0.012109,0.04615,0.0
4.0942E+03,0.006461,0.011549,0.04615,0.0
4.0945E+03,0.006872,0.011322,0.04615,0.0
4.0946E+03,0.006872,0.011324,0.04615,0.0
4.0947E+03,0.006872,0.011325,0.04615,0.0
4.0948E+03,0.006872,0.011326,0.04615,0.0
4.0949E+03,0.006872,0.011327,0.04615,0.0
4.0950E+03,0.006872,0.011328,0.04615,0.0
4.0951E+03,0.006872,0.011329,0.04615,0.0
4.0952E+03,0.006872,0.011330,0.04615,0.0
4.0953E+03,0.006872,0.011331,0.04615,0.0
4.0954E+03,0.006872,0.011332,0.04615,0.0
4.0955E+03,0.006872,0.011333,0.04615,0.0
4.0956E+03,0.006872,0.011335,0.04615,0.0
4.0957E+03,0.006872,0.011336,0.04615,0.0
4.0958E+03,0.006872,0.011337,0.04615,0.0
4.0959E+03,0.006872,0.011338,0.04615,0.0
4.0960E+03,0.006872,0.011339,0.04615,0.0
4.0961E+03,0.006872,0.011340,0.04615,0.0
4.0962E+03,0.006872,0.011342,0.04615,0.0
4.0963E+03,0.006872,0.011343,0.04615,0.0
4.0964E+03,0.006872,0.011344,0.04615,0.0
4.0965E+03,0.006872,0.011345,0.04615,0.0
4.0966E+03,0.006872,0.011346,0.04615,0.0
4.0967E+03,0.006872,0.011347,0.04615,0.0
4.0968E+03,0.006872,0.011349,0.04615,0.0
4.0969E+03,0.006872,0.011350,0.04615,0.0
4.0970E+03,0.006872,0.011351,0.04615,0.0
4.0971E+03,0.006872,0.011352,0.04615,0.0
4.0972E+03,0.006872,0.011353,0.04615,0.0
4.0973E+03,0.006872,0.011354,0.04615,0.0
4.0974E+03,0.006872,0.011356,0.04615,0.0
4.0976E+03,0.006872,0.011357,0.04615,0.0
4.0978E+03,0.006872,-0.004235,0.04615,0.0
4.0979E+03,0.006860,-0.004233,0.04615,0.0
4.0980E+03,0.005496,-0.003951,0.04615,0.0
4.0981E+03,0.003273,-0.003492,0.04615,0.0
4.0982E+03,0.000792,-0.002979,0.04615,0.0
4.0983E+03,-0.001360,-0.002534,0.04615,0.0
4.0984E+03,-0.003727,-0.002045,0.04615,0.0
4.0985E+03,-0.006061,-0.001563,0.04615,0.0
4.0986E+03,-0.008434,-0.001073,0.04615,0.0
4.0987E+03,-0.010912,-0.000561,0.04615,0.0
4.0988E+03,-0.013305,-0.000066,0.04615,0.0
4.0989E+03,-0.015569,0.000402,0.04615,0.0
