3.8357E+03,0.000282,0.027466,0.04402,0.0
3.8358E+03,0.000282,0.027464,0.04402,0.0
3.8359E+03,0.000282,0.027463,0.04402,0.0
3.8360E+03,0.000282,0.027461,0.04402,0.0
3.8361E+03,0.000282,0.027460,0.04402,0.0
3.8362E+03,0.000282,0.027458,0.04402,0.0
3.8363E+03,0.000282,0.027457,0.04402,0.0
3.8364E+03,0.000282,0.027455,0.04402,0.0
3.8365E+03,0.000282,0.027453,0.04402,0.0
3.8366E+03,0.000282,0.027452,0.04402,0.0
3.8367E+03,0.000282,0.027449,0.04402,0.0
3.8368E+03,0.000282,0.027447,0.04402,0.0
3.8369E+03,0.000282,0.027446,0.04402,0.0
3.8370E+03,0.000282,0.027445,0.04402,0.0
3.8371E+03,0.000282,0.027443,0.04402,0.0
3.8372E+03,0.000282,0.027441,0.04402,0.0
3.8373E+03,0.000282,0.027440,0.04402,0.0
3.8374E+03,0.000282,0.027438,0.04402,0.0
3.8375E+03,0.000282,0.027436,0.04402,0.0
3.8376E+03,0.000282,0.027435,0.04402,0.0
3.8377E+03,0.000282,0.027433,0.04402,0.0
3.8380E+03,0.000282,0.027431,0.04402,0.0
3.8381E+03,0.000146,0.027167,0.04402,0.0
3.8382E+03,-0.000738,0.025462,0.04402,0.0
3.8383E+03,-0.002287,0.022470,0.04402,0.0
3.8384E+03,-0.003802,0.019464,0.04402,0.0
3.8385E+03,-0.005294,0.016488,0.04402,900.0
3.8386E+03,-0.006885,0.013593,0.04402,900.0
3.8387E+03,-0.008366,0.010733,0.04402,900.0
3.8388E+03,-0.009928,0.007716,0.04402,900.0
3.8389E+03,-0.011469,0.004742,0.04402,900.0
3.8390E+03,-0.013051,0.001687,0.04402,900.0
3.8391E+03,-0.014617,-0.001337,0.04402,900.0
3.8392E+03,-0.015807,-0.003634,0.04402,900.0
3.8394E+03,-0.016149,-0.004295,0.04402,900.0
3.8395E+03,-0.016135,-0.004341,0.04402,900.0
3.8396E+03,-0.015964,-0.004867,0.04402,900.0
3.8397E+03,-0.015474,-0.006255,0.04402,900.0
3.8398E+03,-0.014850,-0.007644,0.04402,900.0
3.8399E+03,-0.014102,-0.008972,0.04402,900.0
3.8400E+03,-0.013236,-0.010200,0.04402,900.0
3.8401E+03,-0.012280,-0.011327,0.04402,900.0
3.8402E+03,-0.011254,-0.012355,0.04402,900.0
3.8403E+03,-0.010044,-0.013348,0.04402,900.0
3.8404E+03,-0.008826,-0.014183,0.04402,900.0
3.8405E+03,-0.007544,-0.014907,0.04402,900.0
3.8406E+03,-0.006168,-0.015528,0.04402,900.0
3.8407E+03,-0.004733,-0.016023,0.04402,900.0
3.8408E+03,-0.003316,-0.016378,0.04402,900.0
3.8409E+03,-0.002030,-0.016600,0.04402,900.0
3.8410E+03,-0.000867,-0.016697,0.04402,900.0
3.8411E+03,0.000681,-0.016712,0.04402,900.0
3.8412E+03,0.002063,-0.016590,0.04402,900.0
3.8413E+03,0.003507,-0.016347,0.04402,900.0
3.8414E+03,0.004931,-0.015974,0.04402,900.0
3.8415E+03,0.006344,-0.015451,0.04402,900.0
3.8416E+03,0.007700,-0.014826,0.04402,900.0
3.8417E+03,0.008999,-0.014077,0.04402,900.0
3.8418E+03,0.010225,-0.013171,0.04402,900.0
3.8419E+03,0.011386,-0.012158,0.04402,900.0
3.8420E+03,0.012487,-0.011104,0.04402,900.0
3.8421E+03,0.013396,-0.009976,0.04402,900.0
3.8422E+03,0.014268,-0.008687,0.04402,900.0
3.8423E+03,0.015004,-0.007347,0.04402,900.0
3.8424E+03,0.015596,-0.005979,0.04402,900.0
3.8425E+03,0.016048,-0.004575,0.04402,900.0
3.8426E+03,0.016401,-0.003067,0.04402,900.0
3.8427E+03,0.016607,-0.001637,0.04402,900.0
3.8428E+03,0.016672,-0.000155,0.04402,900.0
3.8429E+03,0.016627,0.001191,0.04402,900.0
3.8430E+03,0.016453,0.002718,0.04402,900.0
3.8431E+03,0.016142,0.004247,0.04402,900.0
3.8432E+03,0.015684,0.005631,0.04402,900.0
3.8433E+03,0.015091,0.007093,0.04402,900.0
3.8434E+03,0.014426,0.008368,0.04402,900.0
3.8435E+03,0.013572,0.009669,0.04402,900.0
3.8436E+03,0.012641,0.010854,0.04402,900.0
3.8437E+03,0.011628,0.011923,0.04402,900.0
3.8438E+03,0.010470,0.012940,0.04402,900.0
3.8439E+03,0.009256,0.013833,0.04402,900.0
3.8440E+03,0.007997,0.014595,0.04402,900.0
3.8441E+03,0.006661,0.015249,0.04402,900.0
3.8442E+03,0.005262,0.015787,0.04402,900.0
3.8443E+03,0.003814,0.016199,0.04402,900.0
3.8444E+03,0.002283,0.016488,0.04402,900.0
3.8445E+03,0.000782,0.016628,0.04402,900.0
3.8446E+03,-0.000521,0.016645,0.04402,900.0
3.8447E+03,-0.001920,0.016543,0.04402,900.0
3.8448E+03,-0.003083,0.016368,0.04402,900.0
3.8449E+03,-0.004418,0.016044,0.04402,900.0
3.8450E+03,-0.005840,0.015581,0.04402,900.0
3.8451E+03,-0.007252,0.014978,0.04402,900.0
3.8452E+03,-0.008562,0.014277,0.04402,900.0
3.8453E+03,-0.009818,0.013438,0.04402,900.0
3.8454E+03,-0.011033,0.012465,0.04402,900.0
3.8455E+03,-0.012108,0.011441,0.04402,900.0
3.8456E+03,-0.013071,0.010329,0.04402,900.0
3.8457E+03,-0.013936,0.009131,0.04402,900.0
3.8458E+03,-0.014762,0.007765,0.04402,900.0
3.8459E+03,-0.015362,0.006486,0.04402,0.0
3.8460E+03,-0.015884,0.005027,0.04402,0.0
3.8461E+03,-0.016292,0.003555,0.04402,0.0
3.8462E+03,-0.016541,0.002118,0.04402,0.0
3.8463E+03,-0.016653,0.000770,0.04402,0.0
3.8464E+03,-0.016656,-0.000788,0.04402,0.0
3.8465E+03,-0.016520,-0.002318,0.04402,900.0
3.8466E+03,-0.016298,-0.003631,0.04402,900.0
3.8467E+03,-0.016149,-0.004295,0.04402,900.0
3.8468E+03,-0.016131,-0.004278,0.04402,900.0
3.8469E+03,-0.015879,-0.004056,0.04402,900.0
3.8470E+03,-0.011053,0.000207,0.04402,900.0
3.8471E+03,-0.005238,0.005344,0.04402,900.0
3.8472E+03,-0.000731,0.009326,0.04402,900.0
3.8474E+03,0.000190,0.010139,0.04402,900.0
3.8475E+03,0.000636,0.010114,0.04402,900.0
3.8476E+03,0.001781,0.009947,0.04402,900.0
3.8477E+03,0.003252,0.009570,0.04402,900.0
3.8478E+03,0.004615,0.009002,0.04402,900.0
3.8479E+03,0.005902,0.008227,0.04402,900.0
3.8480E+03,0.006934,0.007398,0.04402,900.0
3.8481E+03,0.007970,0.006285,0.04402,900.0
3.8482E+03,0.008827,0.004975,0.04402,900.0
3.8483E+03,0.009479,0.003634,0.04402,900.0
3.8484E+03,0.009898,0.002198,0.04402,900.0
3.8485E+03,0.010119,0.000686,0.04402,900.0
3.8486E+03,0.010120,-0.000769,0.04402,900.0
3.8487E+03,0.009899,-0.002230,0.04402,900.0
3.8488E+03,0.009453,-0.003708,0.04402,900.0
3.8489E+03,0.008811,-0.005071,0.04402,900.0
3.8490E+03,0.007985,-0.006291,0.04402,900.0
3.8491E+03,0.006965,-0.007443,0.04402,900.0
3.8492E+03,0.005840,-0.008349,0.04402,900.0
3.8493E+03,0.004517,-0.009153,0.04402,900.0
3.8494E+03,0.003070,-0.009728,0.04402,900.0
3.8495E+03,0.001647,-0.010063,0.04402,900.0
3.8496E+03,0.000174,-0.010187,0.04402,900.0
3.8497E+03,-0.001152,-0.010115,0.04402,900.0
3.8498E+03,-0.002629,-0.009831,0.04402,900.0
3.8499E+03,-0.004043,-0.009337,0.04402,900.0
3.8500E+03,-0.005386,-0.008630,0.04402,900.0
3.8501E+03,-0.006633,-0.007720,0.04402,900.0
3.8502E+03,-0.007669,-0.006693,0.04402,900.0
3.8503E+03,-0.008563,-0.005509,0.04402,900.0
3.8504E+03,-0.009298,-0.004163,0.04402,900.0
3.8505E+03,-0.009818,-0.002680,0.04402,900.0
3.8506E+03,-0.010093,-0.001193,0.04402,900.0
3.8507E+03,-0.010147,0.000266,0.04402,900.0
3.8508E+03,-0.009984,0.001795,0.04402,900.0
3.8509E+03,-0.009607,0.003233,0.04402,900.0
3.8510E+03,-0.009033,0.004574,0.04402,900.0
3.8511E+03,-0.008248,0.005865,0.04402,0.0
3.8512E+03,-0.007262,0.007046,0.04402,0.0
3.8513E+03,-0.006150,0.008030,0.04402,0.0
3.8514E+03,-0.004919,0.008848,0.04402,0.0
3.8515E+03,-0.003688,0.009431,0.04402,900.0
3.8516E+03,-0.002245,0.009896,0.04402,900.0
3.8517E+03,-0.000768,0.010085,0.04402,900.0
3.8518E+03,0.000077,0.010137,0.04402,900.0
3.8519E+03,0.000190,0.010139,0.04402,900.0
3.8520E+03,0.000433,0.010007,0.04402,900.0
3.8521E+03,0.004602,0.007746,0.04402,900.0
3.8522E+03,0.010860,0.004352,0.04402,900.0
3.8523E+03,0.014528,0.002362,0.04402,900.0
3.8524E+03,0.014832,0.002197,0.04402,900.0
3.8525E+03,0.014812,0.002302,0.04402,900.0
3.8526E+03,0.014684,0.002913,0.04402,900.0
3.8527E+03,0.014304,0.004441,0.04402,900.0
3.8528E+03,0.013817,0.005774,0.04402,900.0
3.8529E+03,0.013144,0.007172,0.04402,900.0
3.8530E+03,0.012340,0.008446,0.04402,900.0
3.8531E+03,0.011442,0.009632,0.04402,900.0
3.8532E+03,0.010476,0.010651,0.04402,900.0
3.8533E+03,0.009350,0.011656,0.04402,900.0
3.8534E+03,0.008139,0.012523,0.04402,900.0
3.8535E+03,0.006839,0.013288,0.04402,900.0
3.8536E+03,0.005505,0.013889,0.04402,900.0
3.8537E+03,0.004076,0.014378,0.04402,900.0
3.8538E+03,0.002552,0.014729,0.04402,900.0
3.8539E+03,0.001047,0.014919,0.04402,900.0
3.8540E+03,-0.000363,0.014949,0.04402,900.0
3.8541E+03,-0.001941,0.014819,0.04402,900.0
3.8542E+03,-0.003364,0.014558,0.04402,900.0
3.8543E+03,-0.004828,0.014139,0.04402,900.0
3.8544E+03,-0.006275,0.013556,0.04402,900.0
3.8545E+03,-0.007614,0.012859,0.04402,900.0
3.8546E+03,-0.008840,0.012046,0.04402,900.0
3.8547E+03,-0.010003,0.011102,0.04402,900.0
3.8548E+03,-0.010983,0.010165,0.04402,900.0
3.8549E+03,-0.011591,0.009471,0.04402,900.0
3.8550E+03,-0.012322,0.008495,0.04402,900.0
3.8551E+03,-0.013105,0.007237,0.04402,900.0
3.8552E+03,-0.013767,0.005889,0.04402,900.0
3.8553E+03,-0.014281,0.004477,0.04402,900.0
3.8554E+03,-0.014667,0.002989,0.04402,900.0
3.8555E+03,-0.014897,0.001464,0.04402,900.0
3.8556E+03,-0.014977,-0.000046,0.04402,900.0
3.8557E+03,-0.014899,-0.001502,0.04402,900.0
3.8558E+03,-0.014683,-0.002975,0.04402,900.0
3.8559E+03,-0.014302,-0.004471,0.04402,900.0
3.8560E+03,-0.013785,-0.005883,0.04402,900.0
3.8561E+03,-0.013145,-0.007232,0.04402,900.0
3.8562E+03,-0.012376,-0.008479,0.04402,900.0
3.8563E+03,-0.011532,-0.009620,0.04402,900.0
3.8564E+03,-0.010713,-0.010531,0.04402,900.0
3.8565E+03,-0.009667,-0.011470,0.04402,900.0
3.8566E+03,-0.008495,-0.012372,0.04402,900.0
3.8567E+03,-0.007232,-0.013144,0.04402,900.0
3.8568E+03,-0.005849,-0.013816,0.04402,900.0
3.8569E+03,-0.004402,-0.014345,0.04402,900.0
3.8570E+03,-0.002969,-0.014714,0.04402,900.0
3.8571E+03,-0.001522,-0.014931,0.04402,900.0
3.8572E+03,0.000010,-0.015011,0.04402,900.0
3.8573E+03,0.001564,-0.014938,0.04402,900.0
3.8574E+03,0.002985,-0.014725,0.04402,900.0
3.8575E+03,0.004442,-0.014357,0.04402,900.0
3.8576E+03,0.005931,-0.013790,0.04402,900.0
3.8577E+03,0.007264,-0.013140,0.04402,900.0
3.8578E+03,0.008493,-0.012318,0.04402,900.0
3.8579E+03,0.009701,-0.011414,0.04402,900.0
3.8580E+03,0.010786,-0.010411,0.04402,900.0
3.8581E+03,0.011792,-0.009254,0.04402,900.0
3.8582E+03,0.012678,-0.008003,0.04402,0.0
3.8583E+03,0.013328,-0.006864,0.04402,0.0
3.8584E+03,0.013957,-0.005484,0.04402,0.0
3.8585E+03,0.014431,-0.004078,0.04402,0.0
3.8586E+03,0.014767,-0.002614,0.04402,0.0
3.8587E+03,0.014943,-0.001055,0.04402,0.0
3.8588E+03,0.014974,0.000392,0.04402,900.0
3.8589E+03,0.014867,0.001824,0.04402,900.0
3.8590E+03,0.014834,0.002180,0.04402,900.0
3.8591E+03,0.014832,0.002197,0.04402,900.0
3.8592E+03,0.012849,0.003511,0.04402,900.0
3.8593E+03,0.007873,0.006808,0.04402,900.0
3.8594E+03,0.002736,0.010211,0.04402,900.0
3.8595E+03,0.000282,0.011837,0.04402,900.0
3.8596E+03,0.000283,0.011837,0.04402,900.0
3.8597E+03,0.000299,0.011836,0.04402,900.0
3.8598E+03,0.001533,0.011738,0.04402,900.0
3.8599E+03,0.002996,0.011449,0.04402,900.0
3.8600E+03,0.004281,0.011015,0.04402,900.0
3.8601E+03,0.005672,0.010370,0.04402,900.0
3.8602E+03,0.006961,0.009565,0.04402,900.0
3.8603E+03,0.008129,0.008585,0.04402,900.0
3.8604E+03,0.009153,0.007479,0.04402,900.0
3.8605E+03,0.010022,0.006284,0.04402,900.0
3.8606E+03,0.010735,0.004984,0.04402,900.0
3.8607E+03,0.011295,0.003580,0.04402,900.0
3.8608E+03,0.011670,0.002085,0.04402,900.0
3.8609E+03,0.011850,0.000574,0.04402,900.0
3.8610E+03,0.011840,-0.000851,0.04402,900.0
3.8611E+03,0.011642,-0.002338,0.04402,900.0
3.8612E+03,0.011228,-0.003855,0.04402,900.0
3.8613E+03,0.010663,-0.005214,0.04402,900.0
3.8614E+03,0.009932,-0.006496,0.04402,900.0
3.8615E+03,0.009000,-0.007733,0.04402,900.0
3.8616E+03,0.007964,-0.008818,0.04402,900.0
3.8617E+03,0.006937,-0.009648,0.04402,900.0
3.8618E+03,0.005657,-0.010454,0.04402,900.0
3.8619E+03,0.004312,-0.011079,0.04402,900.0
3.8620E+03,0.002806,-0.011565,0.04402,900.0
3.8621E+03,0.001421,-0.011829,0.04402,900.0
3.8622E+03,-0.000101,-0.011906,0.04402,900.0
3.8623E+03,-0.001654,-0.011777,0.04402,900.0
3.8624E+03,-0.003129,-0.011467,0.04402,900.0
3.8625E+03,-0.004517,-0.010998,0.04402,900.0
3.8626E+03,-0.005872,-0.010332,0.04402,900.0
3.8627E+03,-0.007154,-0.009479,0.04402,900.0
3.8628E+03,-0.008294,-0.008493,0.04402,900.0
3.8629E+03,-0.009278,-0.007400,0.04402,900.0
3.8630E+03,-0.010141,-0.006176,0.04402,900.0
3.8631E+03,-0.010859,-0.004809,0.04402,900.0
3.8632E+03,-0.011381,-0.003385,0.04402,900.0
3.8633E+03,-0.011698,-0.002043,0.04402,900.0
3.8634E+03,-0.011848,-0.000587,0.04402,900.0
3.8635E+03,-0.011811,0.000945,0.04402,900.0
3.8636E+03,-0.011610,0.002388,0.04402,900.0
3.8637E+03,-0.011209,0.003812,0.04402,900.0
3.8638E+03,-0.010628,0.005189,0.04402,900.0
3.8639E+03,-0.009871,0.006513,0.04402,900.0
3.8640E+03,-0.008953,0.007730,0.04402,0.0
3.8641E+03,-0.007909,0.008797,0.04402,0.0
3.8642E+03,-0.006710,0.009731,0.04402,0.0
3.8643E+03,-0.005435,0.010503,0.04402,0.0
3.8644E+03,-0.004057,0.011123,0.04402,0.0
3.8645E+03,-0.002616,0.011549,0.04402,0.0
3.8646E+03,-0.001087,0.011783,0.04402,0.0
3.8647E+03,0.000080,0.011831,0.04402,0.0
3.8649E+03,0.000282,0.011837,0.04402,0.0
3.8650E+03,0.000282,0.011838,0.04402,0.0
3.8651E+03,0.000282,0.011839,0.04402,0.0
3.8652E+03,0.000282,0.011840,0.04402,0.0
3.8653E+03,0.000282,0.011841,0.04402,0.0
3.8654E+03,0.000282,0.011842,0.04402,0.0
3.8655E+03,0.000282,0.011843,0.04402,0.0
3.8656E+03,0.000282,0.011844,0.04402,0.0
3.8657E+03,0.000282,0.011845,0.04402,0.0
3.8658E+03,0.000282,0.011847,0.04402,0.0
3.8659E+03,0.000282,0.011848,0.04402,0.0
3.8660E+03,0.000282,0.011849,0.04402,0.0
3.8661E+03,0.000282,0.011850,0.04402,0.0
3.8662E+03,0.000282,0.011851,0.04402,0.0
3.8663E+03,0.000282,0.011852,0.04402,0.0
3.8664E+03,0.000282,0.011854,0.04402,0.0
3.8665E+03,0.000282,0.011855,0.04402,0.0
3.8666E+03,0.000282,0.011856,0.04402,0.0
3.8667E+03,0.000282,0.011857,0.04402,0.0
3.8668E+03,0.000282,0.011858,0.04402,0.0
3.8669E+03,0.000282,0.011859,0.04402,0.0
3.8670E+03,0.000282,0.011860,0.04402,0.0
3.8671E+03,0.000282,0.011862,0.04402,0.0
3.8672E+03,0.000282,0.011863,0.04402,0.0
3.8673E+03,0.000282,0.011864,0.04402,0.0
3.8674E+03,0.000282,0.011865,0.04402,0.0
3.8675E+03,0.000282,0.011866,0.04402,0.0
3.8676E+03,0.000282,0.011867,0.04402,0.0
3.8677E+03,0.000282,0.011868,0.04402,0.0
3.8678E+03,0.000282,0.011870,0.04402,0.0
3.8679E+03,0.000282,0.011871,0.04402,0.0
3.8681E+03,0.000282,0.011872,0.04402,0.0
3.8682E+03,0.000282,0.011873,0.04402,0.0
3.8683E+03,0.000282,-0.003720,0.04402,0.0
3.8684E+03,0.000575,-0.003172,0.04402,0.0
3.8685E+03,0.001217,-0.001970,0.04402,0.0
3.8686E+03,0.002178,-0.000170,0.04402,0.0
3.8687E+03,0.003114,0.001584,0.04402,0.0
3.8688E+03,0.004050,0.003337,0.04402,0.0
3.8689E+03,0.005037,0.005184,0.04402,0.0
3.8690E+03,0.005984,0.006959,0.04402,0.0
3.8691E+03,0.006873,0.008623,0.04402,0.0
3.8692E+03,0.007850,0.010454,0.04402,0.0
3.8693E+03,0.008809,0.012249,0.04402,0.0
3.8694E+03,0.009462,0.013471,0.04402,0.0
