4.5840E+02,-0.003672,0.003776,0.00426,0.0
4.5850E+02,-0.003672,0.003774,0.00426,0.0
4.5860E+02,-0.003672,0.003771,0.00426,0.0
4.5870E+02,-0.003672,0.003769,0.00426,0.0
4.5880E+02,-0.003672,0.003767,0.00426,0.0
4.5890E+02,-0.003672,0.003765,0.00426,0.0
4.5900E+02,-0.003672,0.003763,0.00426,0.0
4.5910E+02,-0.003672,0.003760,0.00426,0.0
4.5920E+02,-0.003672,0.003758,0.00426,0.0
4.5930E+02,-0.003672,0.003755,0.00426,0.0
4.5940E+02,-0.003672,0.003754,0.00426,0.0
4.5951E+02,-0.003672,0.003753,0.00426,0.0
4.5961E+02,-0.003672,0.003750,0.00426,0.0
4.5971E+02,-0.003672,0.003747,0.00426,0.0
4.5981E+02,-0.003672,0.003746,0.00426,0.0
4.5991E+02,-0.003672,0.003743,0.00426,0.0
4.6010E+02,-0.003672,0.003741,0.00426,0.0
4.6020E+02,-0.003614,0.003565,0.00426,0.0
4.6030E+02,-0.003056,0.001880,0.00426,0.0
4.6040E+02,-0.002354,-0.000243,0.00426,0.0
4.6050E+02,-0.001669,-0.002311,0.00426,0.0
4.6060E+02,-0.000976,-0.004406,0.00426,900.0
4.6070E+02,-0.000261,-0.006567,0.00426,900.0
4.6080E+02,0.000450,-0.008714,0.00426,900.0
4.6090E+02,0.001158,-0.010854,0.00426,900.0
4.6100E+02,0.001870,-0.013006,0.00426,900.0
4.6110E+02,0.002556,-0.015078,0.00426,900.0
4.6120E+02,0.003240,-0.017145,0.00426,900.0
4.6131E+02,0.003381,-0.017572,0.00426,900.0
4.6141E+02,0.003396,-0.017616,0.00426,900.0
4.6151E+02,0.003417,-0.017612,0.00426,900.0
4.6161E+02,0.004348,-0.017390,0.00426,900.0
4.6171E+02,0.005779,-0.016958,0.00426,900.0
4.6181E+02,0.007178,-0.016413,0.00426,900.0
4.6190E+02,0.008359,-0.015844,0.00426,900.0
4.6200E+02,0.009678,-0.015080,0.00426,900.0
4.6210E+02,0.010935,-0.014197,0.00426,900.0
4.6220E+02,0.012063,-0.013254,0.00426,900.0
4.6230E+02,0.013132,-0.012196,0.00426,900.0
4.6240E+02,0.014123,-0.011031,0.00426,900.0
4.6250E+02,0.015021,-0.009752,0.00426,900.0
4.6260E+02,0.015762,-0.008487,0.00426,900.0
4.6270E+02,0.016397,-0.007165,0.00426,900.0
4.6280E+02,0.016935,-0.005793,0.00426,900.0
4.6290E+02,0.017307,-0.004581,0.00426,900.0
4.6301E+02,0.017537,-0.003587,0.00426,900.0
4.6311E+02,0.017717,-0.002470,0.00426,900.0
4.6321E+02,0.017857,-0.000950,0.00426,900.0
4.6331E+02,0.017880,0.000591,0.00426,900.0
4.6341E+02,0.017772,0.002021,0.00426,900.0
4.6351E+02,0.017557,0.003421,0.00426,900.0
4.6360E+02,0.017359,0.004304,0.00426,900.0
4.6370E+02,0.017062,0.005342,0.00426,900.0
4.6380E+02,0.016569,0.006687,0.00426,900.0
4.6390E+02,0.015969,0.008018,0.00426,900.0
4.6400E+02,0.015235,0.009320,0.00426,900.0
4.6410E+02,0.014368,0.010608,0.00426,900.0
4.6420E+02,0.013426,0.011775,0.00426,900.0
4.6430E+02,0.012423,0.012831,0.00426,900.0
4.6440E+02,0.011273,0.013857,0.00426,900.0
4.6450E+02,0.010037,0.014773,0.00426,900.0
4.6460E+02,0.008827,0.015530,0.00426,900.0
4.6471E+02,0.007461,0.016235,0.00426,900.0
4.6481E+02,0.006048,0.016807,0.00426,900.0
4.6491E+02,0.004600,0.017253,0.00426,900.0
4.6501E+02,0.003114,0.017575,0.00426,900.0
4.6511E+02,0.001620,0.017771,0.00426,900.0
4.6521E+02,0.000111,0.017850,0.00426,900.0
4.6530E+02,-0.001224,0.017807,0.00426,900.0
4.6540E+02,-0.002688,0.017643,0.00426,900.0
4.6550E+02,-0.004197,0.017355,0.00426,900.0
4.6560E+02,-0.005651,0.016941,0.00426,900.0
4.6570E+02,-0.007058,0.016408,0.00426,900.0
4.6580E+02,-0.008447,0.015744,0.00426,900.0
4.6590E+02,-0.009740,0.014977,0.00426,900.0
4.6600E+02,-0.010982,0.014087,0.00426,900.0
4.6610E+02,-0.012123,0.013115,0.00426,900.0
4.6620E+02,-0.013135,0.012098,0.00426,900.0
4.6630E+02,-0.014093,0.010971,0.00426,900.0
4.6640E+02,-0.014979,0.009739,0.00426,900.0
4.6651E+02,-0.015762,0.008401,0.00426,900.0
4.6661E+02,-0.016436,0.007008,0.00426,900.0
4.6671E+02,-0.016971,0.005604,0.00426,900.0
4.6681E+02,-0.017397,0.004144,0.00426,900.0
4.6691E+02,-0.017685,0.002675,0.00426,900.0
4.6701E+02,-0.017848,0.001250,0.00426,900.0
4.6710E+02,-0.017887,-0.000112,0.00426,900.0
4.6720E+02,-0.017813,-0.001684,0.00426,900.0
4.6730E+02,-0.017615,-0.003132,0.00426,900.0
4.6740E+02,-0.017278,-0.004631,0.00426,900.0
4.6750E+02,-0.016835,-0.006063,0.00426,900.0
4.6760E+02,-0.016278,-0.007438,0.00426,900.0
4.6770E+02,-0.015587,-0.008803,0.00426,900.0
4.6780E+02,-0.014796,-0.010079,0.00426,900.0
4.6790E+02,-0.013935,-0.011247,0.00426,900.0
4.6800E+02,-0.012920,-0.012414,0.00426,900.0
4.6810E+02,-0.011820,-0.013475,0.00426,900.0
4.6821E+02,-0.010689,-0.014384,0.00426,900.0
4.6831E+02,-0.009387,-0.015270,0.00426,900.0
4.6841E+02,-0.008131,-0.015976,0.00426,900.0
4.6851E+02,-0.006764,-0.016595,0.00426,0.0
4.6861E+02,-0.005301,-0.017110,0.00426,0.0
4.6871E+02,-0.003835,-0.017504,0.00426,0.0
4.6880E+02,-0.002490,-0.017746,0.00426,0.0
4.6890E+02,-0.000988,-0.017897,0.00426,0.0
4.6900E+02,0.000467,-0.017915,0.00426,900.0
4.6910E+02,0.001997,-0.017814,0.00426,900.0
4.6920E+02,0.003314,-0.017629,0.00426,900.0
4.6940E+02,0.003396,-0.017616,0.00426,900.0
4.6950E+02,0.001283,-0.014961,0.00426,900.0
4.6960E+02,-0.003131,-0.009412,0.00426,900.0
4.6970E+02,-0.007333,-0.004131,0.00426,900.0
4.6980E+02,-0.008619,-0.002514,0.00426,900.0
4.6991E+02,-0.008623,-0.002509,0.00426,900.0
4.7001E+02,-0.008696,-0.002218,0.00426,900.0
4.7011E+02,-0.008851,-0.001267,0.00426,900.0
4.7021E+02,-0.008934,0.000262,0.00426,900.0
4.7031E+02,-0.008773,0.001745,0.00426,900.0
4.7041E+02,-0.008385,0.003116,0.00426,900.0
4.7050E+02,-0.007811,0.004363,0.00426,900.0
4.7060E+02,-0.006939,0.005622,0.00426,900.0
4.7070E+02,-0.005886,0.006697,0.00426,900.0
4.7080E+02,-0.004724,0.007557,0.00426,900.0
4.7090E+02,-0.003346,0.008242,0.00426,900.0
4.7100E+02,-0.001884,0.008702,0.00426,900.0
4.7110E+02,-0.000449,0.008888,0.00426,900.0
4.7120E+02,0.001039,0.008827,0.00426,900.0
4.7130E+02,0.002588,0.008522,0.00426,900.0
4.7140E+02,0.003996,0.007959,0.00426,900.0
4.7150E+02,0.005286,0.007190,0.00426,900.0
4.7160E+02,0.006397,0.006230,0.00426,900.0
4.7171E+02,0.007392,0.005048,0.00426,900.0
4.7181E+02,0.008113,0.003750,0.00426,900.0
4.7191E+02,0.008616,0.002400,0.00426,900.0
4.7201E+02,0.008880,0.000907,0.00426,900.0
4.7211E+02,0.008911,-0.000635,0.00426,900.0
4.7221E+02,0.008685,-0.002136,0.00426,900.0
4.7230E+02,0.008281,-0.003396,0.00426,900.0
4.7240E+02,0.007621,-0.004706,0.00426,900.0
4.7250E+02,0.006720,-0.005935,0.00426,900.0
4.7260E+02,0.005637,-0.006998,0.00426,900.0
4.7270E+02,0.004442,-0.007814,0.00426,900.0
4.7280E+02,0.003047,-0.008476,0.00426,900.0
4.7290E+02,0.001533,-0.008857,0.00426,900.0
4.7300E+02,0.000118,-0.008989,0.00426,900.0
4.7310E+02,-0.001429,-0.008862,0.00426,0.0
4.7320E+02,-0.002878,-0.008504,0.00426,0.0
4.7330E+02,-0.004254,-0.007891,0.00426,0.0
4.7341E+02,-0.005485,-0.007089,0.00426,0.0
4.7351E+02,-0.006559,-0.006095,0.00426,0.0
4.7361E+02,-0.007492,-0.004898,0.00426,0.0
4.7371E+02,-0.008210,-0.003585,0.00426,900.0
4.7381E+02,-0.008610,-0.002553,0.00426,900.0
4.7400E+02,-0.008623,-0.002509,0.00426,900.0
4.7410E+02,-0.005662,-0.000239,0.00426,900.0
4.7420E+02,0.000424,0.004428,0.00426,900.0
4.7430E+02,0.006694,0.009235,0.00426,900.0
4.7440E+02,0.009831,0.011641,0.00426,900.0
4.7460E+02,0.010593,0.012225,0.00426,900.0
4.7470E+02,0.010248,0.012502,0.00426,900.0
4.7480E+02,0.009284,0.013219,0.00426,900.0
4.7490E+02,0.007986,0.014043,0.00426,900.0
4.7500E+02,0.006668,0.014714,0.00426,900.0
4.7511E+02,0.005273,0.015282,0.00426,900.0
4.7521E+02,0.003867,0.015693,0.00426,900.0
4.7531E+02,0.002365,0.015986,0.00426,900.0
4.7541E+02,0.000830,0.016130,0.00426,900.0
4.7551E+02,-0.000647,0.016137,0.00426,900.0
4.7561E+02,-0.002132,0.016007,0.00426,900.0
4.7570E+02,-0.003488,0.015764,0.00426,900.0
4.7580E+02,-0.004974,0.015361,0.00426,900.0
4.7590E+02,-0.006379,0.014841,0.00426,900.0
4.7600E+02,-0.007700,0.014199,0.00426,900.0
4.7610E+02,-0.008987,0.013430,0.00426,900.0
4.7620E+02,-0.010187,0.012555,0.00426,900.0
4.7630E+02,-0.011338,0.011526,0.00426,900.0
4.7640E+02,-0.012330,0.010382,0.00426,900.0
4.7650E+02,-0.013268,0.009232,0.00426,900.0
4.7660E+02,-0.014070,0.007953,0.00426,900.0
4.7670E+02,-0.014759,0.006605,0.00426,900.0
4.7680E+02,-0.015311,0.005188,0.00426,900.0
4.7691E+02,-0.015732,0.003741,0.00426,900.0
4.7701E+02,-0.015997,0.002489,0.00426,900.0
4.7711E+02,-0.016117,0.001514,0.00426,900.0
4.7721E+02,-0.016178,0.000433,0.00426,900.0
4.7731E+02,-0.016172,-0.000942,0.00426,900.0
4.7741E+02,-0.016087,-0.001952,0.00426,900.0
4.7750E+02,-0.015949,-0.002895,0.00426,900.0
4.7760E+02,-0.015618,-0.004292,0.00426,900.0
4.7770E+02,-0.015153,-0.005726,0.00426,900.0
4.7780E+02,-0.014557,-0.007106,0.00426,900.0
4.7790E+02,-0.013853,-0.008398,0.00426,900.0
4.7800E+02,-0.013034,-0.009620,0.00426,900.0
4.7810E+02,-0.012069,-0.010809,0.00426,900.0
4.7820E+02,-0.011005,-0.011897,0.00426,900.0
4.7830E+02,-0.009890,-0.012843,0.00426,900.0
4.7840E+02,-0.008660,-0.013713,0.00426,900.0
4.7850E+02,-0.007366,-0.014450,0.00426,900.0
4.7861E+02,-0.005950,-0.015099,0.00426,900.0
4.7871E+02,-0.004508,-0.015595,0.00426,900.0
4.7881E+02,-0.003037,-0.015941,0.00426,900.0
4.7891E+02,-0.001539,-0.016150,0.00426,900.0
4.7901E+02,-0.000030,-0.016217,0.00426,900.0
4.7911E+02,0.001465,-0.016150,0.00426,900.0
4.7920E+02,0.002791,-0.015979,0.00426,900.0
4.7930E+02,0.004227,-0.015653,0.00426,900.0
4.7940E+02,0.005657,-0.015197,0.00426,900.0
4.7950E+02,0.007088,-0.014588,0.00426,900.0
4.7960E+02,0.008386,-0.013880,0.00426,900.0
4.7970E+02,0.009660,-0.013035,0.00426,900.0
4.7980E+02,0.010839,-0.012071,0.00426,900.0
4.7990E+02,0.011863,-0.011060,0.00426,900.0
4.8000E+02,0.012829,-0.009909,0.00426,900.0
4.8010E+02,0.013701,-0.008644,0.00426,900.0
4.8020E+02,0.014449,-0.007321,0.00426,900.0
4.8031E+02,0.015053,-0.005974,0.00426,900.0
4.8041E+02,0.015538,-0.004538,0.00426,900.0
4.8051E+02,0.015896,-0.003065,0.00426,900.0
4.8061E+02,0.016104,-0.001581,0.00426,900.0
4.8071E+02,0.016180,-0.000050,0.00426,900.0
4.8081E+02,0.016121,0.001457,0.00426,900.0
4.8090E+02,0.015941,0.002822,0.00426,0.0
4.8100E+02,0.015607,0.004300,0.00426,0.0
4.8110E+02,0.015160,0.005663,0.00426,0.0
4.8120E+02,0.014534,0.007077,0.00426,0.0
4.8130E+02,0.013811,0.008406,0.00426,0.0
4.8140E+02,0.012991,0.009618,0.00426,0.0
4.8150E+02,0.012033,0.010780,0.00426,0.0
4.8160E+02,0.011093,0.011753,0.00426,900.0
4.8170E+02,0.010594,0.012225,0.00426,900.0
4.8180E+02,0.010591,0.012222,0.00426,900.0
4.8190E+02,0.009908,0.011107,0.00426,900.0
4.8201E+02,0.006752,0.005949,0.00426,900.0
4.8211E+02,0.002605,-0.000827,0.00426,900.0
4.8221E+02,-0.001605,-0.007704,0.00426,900.0
4.8231E+02,-0.002970,-0.009935,0.00426,900.0
4.8241E+02,-0.003153,-0.010234,0.00426,900.0
4.8251E+02,-0.003157,-0.010232,0.00426,900.0
4.8260E+02,-0.003903,-0.009946,0.00426,900.0
4.8270E+02,-0.005146,-0.009344,0.00426,900.0
4.8280E+02,-0.006422,-0.008515,0.00426,900.0
4.8290E+02,-0.007574,-0.007516,0.00426,900.0
4.8300E+02,-0.008551,-0.006398,0.00426,900.0
4.8310E+02,-0.009354,-0.005133,0.00426,900.0
4.8320E+02,-0.009976,-0.003770,0.00426,900.0
4.8330E+02,-0.010414,-0.002356,0.00426,900.0
4.8340E+02,-0.010631,-0.000848,0.00426,900.0
4.8350E+02,-0.010639,0.000658,0.00426,900.0
4.8360E+02,-0.010420,0.002141,0.00426,900.0
4.8370E+02,-0.009986,0.003640,0.00426,900.0
4.8381E+02,-0.009362,0.005032,0.00426,900.0
4.8391E+02,-0.008566,0.006287,0.00426,900.0
4.8401E+02,-0.007582,0.007423,0.00426,900.0
4.8411E+02,-0.006473,0.008408,0.00426,900.0
4.8421E+02,-0.005267,0.009212,0.00426,900.0
4.8431E+02,-0.003923,0.009869,0.00426,900.0
4.8440E+02,-0.002642,0.010305,0.00426,900.0
4.8450E+02,-0.001085,0.010569,0.00426,900.0
4.8460E+02,0.000379,0.010614,0.00426,900.0
4.8470E+02,0.001926,0.010445,0.00426,900.0
4.8480E+02,0.003338,0.010079,0.00426,900.0
4.8490E+02,0.004752,0.009476,0.00426,900.0
4.8500E+02,0.006072,0.008697,0.00426,900.0
4.8510E+02,0.007238,0.007771,0.00426,900.0
4.8520E+02,0.008258,0.006676,0.00426,900.0
4.8530E+02,0.009134,0.005432,0.00426,900.0
4.8540E+02,0.009804,0.004110,0.00426,900.0
4.8551E+02,0.010275,0.002765,0.00426,900.0
4.8561E+02,0.010585,0.001270,0.00426,900.0
4.8571E+02,0.010665,-0.000316,0.00426,900.0
4.8581E+02,0.010524,-0.001743,0.00426,900.0
4.8591E+02,0.010161,-0.003233,0.00426,900.0
4.8601E+02,0.009604,-0.004638,0.00426,900.0
4.8610E+02,0.008948,-0.005796,0.00426,900.0
4.8620E+02,0.008064,-0.006981,0.00426,900.0
4.8630E+02,0.006989,-0.008053,0.00426,0.0
4.8640E+02,0.005765,-0.008980,0.00426,0.0
4.8650E+02,0.004461,-0.009710,0.00426,0.0
4.8660E+02,0.003081,-0.010233,0.00426,0.0
4.8670E+02,0.001557,-0.010574,0.00426,900.0
4.8680E+02,0.000135,-0.010696,0.00426,900.0
4.8690E+02,-0.001452,-0.010600,0.00426,900.0
4.8700E+02,-0.002820,-0.010316,0.00426,900.0
4.8710E+02,-0.003125,-0.010242,0.00426,900.0
4.8721E+02,-0.003153,-0.010234,0.00426,900.0
4.8731E+02,-0.001425,-0.011408,0.00426,900.0
4.8741E+02,0.001395,-0.013323,0.00426,900.0
4.8761E+02,0.002789,-0.014270,0.00426,900.0
4.8771E+02,0.003067,-0.014205,0.00426,900.0
4.8780E+02,0.003947,-0.013982,0.00426,900.0
4.8790E+02,0.005371,-0.013496,0.00426,900.0
4.8800E+02,0.006703,-0.012892,0.00426,900.0
4.8810E+02,0.007997,-0.012120,0.00426,900.0
4.8820E+02,0.009221,-0.011211,0.00426,900.0
4.8830E+02,0.010353,-0.010160,0.00426,900.0
4.8840E+02,0.011362,-0.009005,0.00426,900.0
4.8850E+02,0.012212,-0.007813,0.00426,900.0
4.8860E+02,0.012939,-0.006521,0.00426,900.0
4.8870E+02,0.013551,-0.005130,0.00426,900.0
4.8880E+02,0.014013,-0.003698,0.00426,900.0
4.8890E+02,0.014300,-0.002358,0.00426,900.0
4.8901E+02,0.014433,-0.001266,0.00426,900.0
4.8911E+02,0.014491,0.000191,0.00426,900.0
4.8921E+02,0.014386,0.001731,0.00426,900.0
4.8931E+02,0.014126,0.003194,0.00426,900.0
4.8941E+02,0.013698,0.004676,0.00426,900.0
4.8951E+02,0.013149,0.006034,0.00426,900.0
4.8960E+02,0.012571,0.007148,0.00426,900.0
4.8970E+02,0.011943,0.008167,0.00426,900.0
4.8980E+02,0.011168,0.009171,0.00426,900.0
4.8990E+02,0.010147,0.010301,0.00426,900.0
4.9000E+02,0.009029,0.011288,0.00426,900.0
4.9010E+02,0.007803,0.012178,0.00426,900.0
4.9020E+02,0.006565,0.012933,0.00426,900.0
4.9030E+02,0.005172,0.013508,0.00426,900.0
4.9040E+02,0.003690,0.013980,0.00426,900.0
4.9050E+02,0.002196,0.014286,0.00426,900.0
4.9060E+02,0.000674,0.014429,0.00426,900.0
4.9071E+02,-0.000768,0.014427,0.00426,900.0
4.9081E+02,-0.002267,0.014262,0.00426,900.0
4.9091E+02,-0.003733,0.013955,0.00426,900.0
4.9101E+02,-0.005140,0.013500,0.00426,900.0
4.9111E+02,-0.006527,0.012890,0.00426,900.0
4.9121E+02,-0.007844,0.012136,0.00426,900.0
4.9130E+02,-0.008964,0.011346,0.00426,900.0
4.9140E+02,-0.010105,0.010355,0.00426,900.0
4.9150E+02,-0.011132,0.009251,0.00426,900.0
4.9160E+02,-0.012033,0.008027,0.00426,900.0
4.9170E+02,-0.012792,0.006763,0.00426,900.0
4.9180E+02,-0.013420,0.005407,0.00426,900.0
4.9190E+02,-0.013910,0.003978,0.00426,900.0
4.9200E+02,-0.014251,0.002503,0.00426,900.0
4.9210E+02,-0.014438,0.001018,0.00426,900.0
4.9220E+02,-0.014468,-0.000474,0.00426,900.0
4.9230E+02,-0.014346,-0.001982,0.00426,900.0
4.9241E+02,-0.014063,-0.003491,0.00426,900.0
4.9251E+02,-0.013622,-0.004976,0.00426,900.0
4.9261E+02,-0.013038,-0.006366,0.00426,900.0
4.9271E+02,-0.012308,-0.007698,0.00426,900.0
4.9281E+02,-0.011454,-0.008913,0.00426,900.0
4.9291E+02,-0.010718,-0.009796,0.00426,900.0
4.9300E+02,-0.009951,-0.010567,0.00426,900.0
4.9310E+02,-0.008857,-0.011484,0.00426,900.0
4.9320E+02,-0.007612,-0.012350,0.00426,0.0
4.9330E+02,-0.006327,-0.013065,0.00426,0.0
4.9340E+02,-0.004981,-0.013633,0.00426,0.0
4.9350E+02,-0.003504,-0.014088,0.00426,0.0
4.9360E+02,-0.001993,-0.014390,0.00426,900.0
4.9370E+02,-0.000529,-0.014516,0.00426,900.0
4.9380E+02,0.000950,-0.014505,0.00426,900.0
4.9390E+02,0.002464,-0.014318,0.00426,900.0
4.9400E+02,0.002757,-0.014275,0.00426,900.0
4.9410E+02,0.002789,-0.014270,0.00426,900.0
4.9421E+02,0.001309,-0.013716,0.00426,900.0
4.9431E+02,-0.002049,-0.012460,0.00426,900.0
4.9451E+02,-0.003672,-0.011853,0.00426,900.0
4.9461E+02,-0.004073,-0.011707,0.00426,900.0
4.9471E+02,-0.005189,-0.011243,0.00426,900.0
4.9480E+02,-0.006393,-0.010620,0.00426,900.0
4.9490E+02,-0.007655,-0.009759,0.00426,900.0
4.9500E+02,-0.008767,-0.008751,0.00426,900.0
4.9510E+02,-0.009764,-0.007611,0.00426,900.0
4.9520E+02,-0.010566,-0.006429,0.00426,900.0
4.9530E+02,-0.011282,-0.005045,0.00426,900.0
4.9540E+02,-0.011809,-0.003615,0.00426,900.0
4.9550E+02,-0.012152,-0.002173,0.00426,900.0
4.9560E+02,-0.012326,-0.000697,0.00426,900.0
4.9570E+02,-0.012313,0.000812,0.00426,900.0
4.9580E+02,-0.012122,0.002315,0.00426,900.0
4.9591E+02,-0.011748,0.003787,0.00426,900.0
4.9601E+02,-0.011196,0.005192,0.00426,900.0
4.9611E+02,-0.010522,0.006479,0.00426,900.0
4.9621E+02,-0.009595,0.007784,0.00426,900.0
4.9631E+02,-0.008592,0.008862,0.00426,900.0
4.9641E+02,-0.007417,0.009849,0.00426,900.0
4.9651E+02,-0.006170,0.010662,0.00426,900.0
4.9660E+02,-0.004990,0.011258,0.00426,900.0
4.9670E+02,-0.003566,0.011778,0.00426,900.0
4.9680E+02,-0.002117,0.012125,0.00426,900.0
4.9690E+02,-0.000675,0.012287,0.00426,900.0
4.9700E+02,0.000855,0.012280,0.00426,900.0
4.9710E+02,0.002387,0.012083,0.00426,900.0
4.9720E+02,0.003795,0.011723,0.00426,900.0
4.9730E+02,0.005225,0.011173,0.00426,900.0
4.9740E+02,0.006572,0.010444,0.00426,900.0
4.9750E+02,0.007798,0.009556,0.00426,900.0
4.9760E+02,0.008923,0.008507,0.00426,900.0
4.9771E+02,0.009854,0.007418,0.00426,900.0
4.9781E+02,0.010682,0.006134,0.00426,900.0
4.9791E+02,0.011365,0.004801,0.00426,900.0
4.9801E+02,0.011859,0.003386,0.00426,900.0
4.9811E+02,0.012192,0.001896,0.00426,900.0
4.9821E+02,0.012329,0.000435,0.00426,900.0
4.9830E+02,0.012325,-0.000941,0.00426,900.0
4.9840E+02,0.012124,-0.002448,0.00426,900.0
4.9850E+02,0.011733,-0.003934,0.00426,900.0
4.9860E+02,0.011178,-0.005313,0.00426,900.0
4.9870E+02,0.010445,-0.006635,0.00426,900.0
4.9880E+02,0.009580,-0.007829,0.00426,900.0
4.9890E+02,0.008575,-0.008923,0.00426,900.0
4.9900E+02,0.007416,-0.009907,0.00426,900.0
4.9910E+02,0.006148,-0.010746,0.00426,0.0
4.9920E+02,0.004837,-0.011416,0.00426,0.0
4.9930E+02,0.003440,-0.011920,0.00426,0.0
4.9941E+02,0.001888,-0.012241,0.00426,0.0
4.9951E+02,0.000444,-0.012381,0.00426,0.0
4.9961E+02,-0.001085,-0.012347,0.00426,0.0
4.9971E+02,-0.002599,-0.012125,0.00426,0.0
4.9981E+02,-0.003595,-0.011872,0.00426,0.0
5.0000E+02,-0.003672,-0.011853,0.00426,0.0
5.0010E+02,-0.003672,-0.011851,0.00426,0.0
5.0020E+02,-0.003672,-0.011849,0.00426,0.0
5.0030E+02,-0.003672,-0.011848,0.00426,0.0
5.0040E+02,-0.003672,-0.011847,0.00426,0.0
5.0050E+02,-0.003672,-0.011845,0.00426,0.0
5.0070E+02,-0.003672,-0.011844,0.00426,0.0
5.0090E+02,-0.003672,-0.011841,0.00426,0.0
5.0100E+02,-0.003672,-0.011839,0.00426,0.0
5.0110E+02,-0.003672,-0.011838,0.00426,0.0
5.0121E+02,-0.003672,-0.011837,0.00426,0.0
5.0131E+02,-0.003672,-0.011835,0.00426,0.0
5.0141E+02,-0.003672,-0.011833,0.00426,0.0
5.0151E+02,-0.003672,-0.011831,0.00426,0.0
5.0171E+02,-0.003672,-0.011830,0.00426,0.0
5.0180E+02,-0.003672,-0.011828,0.00426,0.0
5.0190E+02,-0.003672,-0.011827,0.00426,0.0
5.0200E+02,-0.003672,-0.011826,0.00426,0.0
5.0210E+02,-0.003672,-0.011825,0.00426,0.0
5.0220E+02,-0.003672,-0.011822,0.00426,0.0
5.0230E+02,-0.003672,-0.011821,0.00426,0.0
5.0240E+02,-0.003672,-0.011819,0.00426,0.0
5.0250E+02,-0.003672,-0.011818,0.00426,0.0
5.0270E+02,-0.003672,-0.011817,0.00426,0.0
5.0280E+02,-0.003672,-0.027410,0.00426,0.0
5.0291E+02,-0.003692,-0.027378,0.00426,0.0
5.0301E+02,-0.003942,-0.026970,0.00426,0.0
5.0311E+02,-0.004867,-0.025458,0.00426,0.0
5.0321E+02,-0.005824,-0.023893,0.00426,0.0
5.0331E+02,-0.006713,-0.022441,0.00426,0.0
5.0341E+02,-0.007679,-0.020862,0.00426,0.0
5.0350E+02,-0.008534,-0.019464,0.00426,0.0
5.0360E+02,-0.009483,-0.017913,0.00426,0.0
5.0370E+02,-0.010437,-0.016354,0.00426,0.0
5.0380E+02,-0.011364,-0.014839,0.00426,0.0
5.0390E+02,-0.012249,-0.013393,0.00426,0.0
5.0400E+02,-0.012887,-0.012350,0.00426,0.0
