2.2482E+03,-0.012505,0.014273,0.02059,0.0
2.2483E+03,-0.012505,0.014272,0.02059,0.0
2.2484E+03,-0.012505,0.014270,0.02059,0.0
2.2485E+03,-0.012505,0.014268,0.02059,0.0
2.2486E+03,-0.012505,0.014266,0.02059,0.0
2.2487E+03,-0.012505,0.014264,0.02059,0.0
2.2488E+03,-0.012505,0.014262,0.02059,0.0
2.2489E+03,-0.012505,0.014260,0.02059,0.0
2.2490E+03,-0.012505,0.014258,0.02059,0.0
2.2491E+03,-0.012505,0.014256,0.02059,0.0
2.2492E+03,-0.012505,0.014254,0.02059,0.0
2.2493E+03,-0.012505,0.014252,0.02059,0.0
2.2494E+03,-0.012505,0.014250,0.02059,0.0
2.2495E+03,-0.012505,0.014248,0.02059,0.0
2.2496E+03,-0.012505,0.014246,0.02059,0.0
2.2497E+03,-0.012505,0.014244,0.02059,0.0
2.2498E+03,-0.012505,0.014242,0.02059,0.0
2.2499E+03,-0.012505,0.014240,0.02059,0.0
2.2500E+03,-0.012505,0.014239,0.02059,0.0
2.2501E+03,-0.012505,0.014238,0.02059,0.0
2.2502E+03,-0.012490,0.014225,0.02059,0.0
2.2503E+03,-0.012238,0.014026,0.02059,0.0
2.2504E+03,-0.009708,0.012020,0.02059,0.0
2.2505E+03,-0.007180,0.010015,0.02059,0.0
2.2506E+03,-0.004702,0.008050,0.02059,0.0
2.2507E+03,-0.002109,0.005994,0.02059,900.0
2.2508E+03,0.000503,0.003922,0.02059,900.0
2.2509E+03,0.003063,0.001893,0.02059,900.0
2.2510E+03,0.005606,-0.000124,0.02059,900.0
2.2511E+03,0.008144,-0.002136,0.02059,900.0
2.2512E+03,0.010673,-0.004141,0.02059,900.0
2.2513E+03,0.013045,-0.006023,0.02059,900.0
2.2516E+03,0.014378,-0.007080,0.02059,900.0
2.2517E+03,0.014490,-0.006842,0.02059,900.0
2.2518E+03,0.014957,-0.005606,0.02059,900.0
2.2519E+03,0.015428,-0.004190,0.02059,900.0
2.2520E+03,0.015759,-0.002719,0.02059,900.0
2.2521E+03,0.015941,-0.001184,0.02059,900.0
2.2522E+03,0.015985,0.000341,0.02059,900.0
2.2523E+03,0.015882,0.001811,0.02059,900.0
2.2524E+03,0.015647,0.003265,0.02059,900.0
2.2525E+03,0.015259,0.004773,0.02059,900.0
2.2526E+03,0.014740,0.006198,0.02059,900.0
2.2527E+03,0.014131,0.007477,0.02059,900.0
2.2528E+03,0.013366,0.008764,0.02059,900.0
2.2529E+03,0.012491,0.010038,0.02059,900.0
2.2530E+03,0.011440,0.011157,0.02059,900.0
2.2531E+03,0.010311,0.012180,0.02059,900.0
2.2532E+03,0.009105,0.013103,0.02059,900.0
2.2533E+03,0.007967,0.013821,0.02059,900.0
2.2534E+03,0.006658,0.014504,0.02059,900.0
2.2535E+03,0.005285,0.015056,0.02059,900.0
2.2536E+03,0.003855,0.015489,0.02059,900.0
2.2537E+03,0.002342,0.015793,0.02059,900.0
2.2538E+03,0.000814,0.015949,0.02059,900.0
2.2539E+03,-0.000625,0.015954,0.02059,900.0
2.2540E+03,-0.001653,0.015881,0.02059,900.0
2.2541E+03,-0.003082,0.015654,0.02059,900.0
2.2542E+03,-0.004500,0.015280,0.02059,900.0
2.2543E+03,-0.005954,0.014786,0.02059,900.0
2.2544E+03,-0.007338,0.014166,0.02059,900.0
2.2545E+03,-0.008640,0.013415,0.02059,900.0
2.2546E+03,-0.009876,0.012540,0.02059,900.0
2.2547E+03,-0.011008,0.011569,0.02059,900.0
2.2548E+03,-0.012065,0.010462,0.02059,900.0
2.2549E+03,-0.012993,0.009295,0.02059,900.0
2.2550E+03,-0.013800,0.008065,0.02059,900.0
2.2551E+03,-0.014444,0.006822,0.02059,900.0
2.2552E+03,-0.014949,0.005665,0.02059,900.0
2.2553E+03,-0.015375,0.004382,0.02059,900.0
2.2554E+03,-0.015708,0.002938,0.02059,900.0
2.2555E+03,-0.015916,0.001489,0.02059,900.0
2.2556E+03,-0.015988,0.000034,0.02059,900.0
2.2557E+03,-0.015922,-0.001484,0.02059,900.0
2.2558E+03,-0.015704,-0.003035,0.02059,900.0
2.2559E+03,-0.015373,-0.004468,0.02059,900.0
2.2560E+03,-0.014970,-0.005680,0.02059,900.0
2.2561E+03,-0.014466,-0.006866,0.02059,900.0
2.2562E+03,-0.013757,-0.008211,0.02059,900.0
2.2563E+03,-0.012922,-0.009478,0.02059,900.0
2.2564E+03,-0.011978,-0.010634,0.02059,900.0
2.2565E+03,-0.010974,-0.011671,0.02059,900.0
2.2566E+03,-0.009814,-0.012659,0.02059,900.0
2.2567E+03,-0.008581,-0.013527,0.02059,900.0
2.2568E+03,-0.007404,-0.014199,0.02059,900.0
2.2569E+03,-0.006035,-0.014844,0.02059,900.0
2.2570E+03,-0.004624,-0.015341,0.02059,900.0
2.2571E+03,-0.003128,-0.015722,0.02059,900.0
2.2572E+03,-0.001643,-0.015955,0.02059,900.0
2.2573E+03,-0.000722,-0.016028,0.02059,900.0
2.2574E+03,0.000816,-0.016017,0.02059,900.0
2.2575E+03,0.002322,-0.015863,0.02059,900.0
2.2576E+03,0.003743,-0.015587,0.02059,900.0
2.2577E+03,0.005217,-0.015150,0.02059,900.0
2.2578E+03,0.006626,-0.014585,0.02059,900.0
2.2579E+03,0.007969,-0.013895,0.02059,0.0
2.2580E+03,0.009244,-0.013073,0.02059,0.0
2.2581E+03,0.010434,-0.012146,0.02059,0.0
2.2582E+03,0.011514,-0.011131,0.02059,0.0
2.2583E+03,0.012482,-0.010030,0.02059,0.0
2.2584E+03,0.013415,-0.008765,0.02059,900.0
2.2585E+03,0.014095,-0.007612,0.02059,900.0
2.2586E+03,0.014345,-0.007144,0.02059,900.0
2.2587E+03,0.014378,-0.007080,0.02059,900.0
2.2588E+03,0.013262,-0.006819,0.02059,900.0
2.2589E+03,0.007716,-0.005520,0.02059,900.0
2.2590E+03,0.000305,-0.003785,0.02059,900.0
2.2591E+03,-0.006740,-0.002135,0.02059,900.0
2.2592E+03,-0.010732,-0.001200,0.02059,900.0
2.2593E+03,-0.010812,-0.001182,0.02059,900.0
2.2594E+03,-0.010820,-0.001034,0.02059,900.0
2.2595E+03,-0.010836,-0.000339,0.02059,900.0
2.2596E+03,-0.010790,0.001244,0.02059,900.0
2.2597E+03,-0.010530,0.002738,0.02059,900.0
2.2598E+03,-0.010024,0.004129,0.02059,900.0
2.2599E+03,-0.009361,0.005450,0.02059,900.0
2.2600E+03,-0.008497,0.006693,0.02059,900.0
2.2601E+03,-0.007469,0.007810,0.02059,900.0
2.2602E+03,-0.006308,0.008779,0.02059,900.0
2.2603E+03,-0.005163,0.009489,0.02059,900.0
2.2604E+03,-0.003803,0.010110,0.02059,900.0
2.2605E+03,-0.002362,0.010549,0.02059,900.0
2.2606E+03,-0.000892,0.010774,0.02059,900.0
2.2607E+03,0.000559,0.010803,0.02059,900.0
2.2608E+03,0.002049,0.010627,0.02059,900.0
2.2609E+03,0.003519,0.010236,0.02059,900.0
2.2610E+03,0.004928,0.009627,0.02059,900.0
2.2611E+03,0.006258,0.008816,0.02059,900.0
2.2612E+03,0.007389,0.007900,0.02059,900.0
2.2613E+03,0.008388,0.006828,0.02059,900.0
2.2614E+03,0.009265,0.005570,0.02059,900.0
2.2615E+03,0.009966,0.004229,0.02059,900.0
2.2616E+03,0.010451,0.002820,0.02059,900.0
2.2617E+03,0.010751,0.001308,0.02059,900.0
2.2618E+03,0.010840,-0.000234,0.02059,900.0
2.2619E+03,0.010718,-0.001726,0.02059,900.0
2.2620E+03,0.010440,-0.003025,0.02059,900.0
2.2621E+03,0.009907,-0.004466,0.02059,900.0
2.2622E+03,0.009193,-0.005785,0.02059,900.0
2.2623E+03,0.008360,-0.006943,0.02059,900.0
2.2624E+03,0.007290,-0.008051,0.02059,900.0
2.2625E+03,0.006128,-0.008978,0.02059,900.0
2.2626E+03,0.004842,-0.009724,0.02059,900.0
2.2627E+03,0.003421,-0.010314,0.02059,900.0
2.2628E+03,0.001944,-0.010697,0.02059,900.0
2.2629E+03,0.000441,-0.010866,0.02059,900.0
2.2630E+03,-0.001045,-0.010839,0.02059,900.0
2.2631E+03,-0.002484,-0.010604,0.02059,900.0
2.2632E+03,-0.003898,-0.010177,0.02059,0.0
2.2633E+03,-0.005273,-0.009521,0.02059,0.0
2.2634E+03,-0.006571,-0.008671,0.02059,0.0
2.2635E+03,-0.007678,-0.007683,0.02059,0.0
2.2636E+03,-0.008652,-0.006560,0.02059,0.0
2.2637E+03,-0.009392,-0.005442,0.02059,0.0
2.2638E+03,-0.010044,-0.004094,0.02059,900.0
2.2639E+03,-0.010512,-0.002656,0.02059,900.0
2.2640E+03,-0.010766,-0.001485,0.02059,900.0
2.2641E+03,-0.010812,-0.001182,0.02059,900.0
2.2642E+03,-0.010736,-0.001016,0.02059,900.0
2.2643E+03,-0.009978,0.000627,0.02059,900.0
2.2644E+03,-0.006726,0.007686,0.02059,900.0
2.2645E+03,-0.004269,0.013020,0.02059,900.0
2.2647E+03,-0.003945,0.013722,0.02059,900.0
2.2648E+03,-0.004332,0.013596,0.02059,900.0
2.2649E+03,-0.005374,0.013202,0.02059,900.0
2.2650E+03,-0.006738,0.012560,0.02059,900.0
2.2651E+03,-0.008027,0.011779,0.02059,900.0
2.2652E+03,-0.009206,0.010894,0.02059,900.0
2.2653E+03,-0.010270,0.009905,0.02059,900.0
2.2654E+03,-0.011179,0.008879,0.02059,900.0
2.2655E+03,-0.012085,0.007619,0.02059,900.0
2.2656E+03,-0.012790,0.006344,0.02059,900.0
2.2657E+03,-0.013417,0.004896,0.02059,900.0
2.2658E+03,-0.013854,0.003455,0.02059,900.0
2.2659E+03,-0.014139,0.002030,0.02059,900.0
2.2660E+03,-0.014273,0.000530,0.02059,900.0
2.2661E+03,-0.014256,-0.000976,0.02059,900.0
2.2662E+03,-0.014079,-0.002452,0.02059,900.0
2.2663E+03,-0.013742,-0.003935,0.02059,900.0
2.2664E+03,-0.013255,-0.005370,0.02059,900.0
2.2665E+03,-0.012630,-0.006714,0.02059,900.0
2.2666E+03,-0.011830,-0.008069,0.02059,900.0
2.2667E+03,-0.010942,-0.009258,0.02059,900.0
2.2668E+03,-0.009961,-0.010297,0.02059,900.0
2.2669E+03,-0.008804,-0.011299,0.02059,900.0
2.2670E+03,-0.007526,-0.012178,0.02059,900.0
2.2671E+03,-0.006175,-0.012920,0.02059,900.0
2.2672E+03,-0.004960,-0.013431,0.02059,900.0
2.2673E+03,-0.003564,-0.013865,0.02059,900.0
2.2674E+03,-0.002280,-0.014151,0.02059,900.0
2.2675E+03,-0.001157,-0.014274,0.02059,900.0
2.2676E+03,0.000374,-0.014328,0.02059,900.0
2.2677E+03,0.001866,-0.014211,0.02059,900.0
2.2678E+03,0.003385,-0.013938,0.02059,900.0
2.2679E+03,0.004771,-0.013518,0.02059,900.0
2.2680E+03,0.006184,-0.012919,0.02059,900.0
2.2681E+03,0.007493,-0.012206,0.02059,900.0
2.2682E+03,0.008728,-0.011348,0.02059,900.0
2.2683E+03,0.009863,-0.010367,0.02059,900.0
2.2684E+03,0.010886,-0.009279,0.02059,900.0
2.2685E+03,0.011798,-0.008093,0.02059,900.0
2.2686E+03,0.012579,-0.006804,0.02059,900.0
2.2687E+03,0.013232,-0.005428,0.02059,900.0
2.2688E+03,0.013742,-0.003977,0.02059,900.0
2.2689E+03,0.014059,-0.002639,0.02059,900.0
2.2690E+03,0.014270,-0.001124,0.02059,900.0
2.2691E+03,0.014287,0.000365,0.02059,900.0
2.2692E+03,0.014173,0.001854,0.02059,900.0
2.2693E+03,0.013893,0.003297,0.02059,900.0
2.2694E+03,0.013454,0.004748,0.02059,900.0
2.2695E+03,0.012893,0.006125,0.02059,900.0
2.2696E+03,0.012165,0.007448,0.02059,900.0
2.2697E+03,0.011299,0.008706,0.02059,900.0
2.2698E+03,0.010313,0.009841,0.02059,900.0
2.2699E+03,0.009210,0.010889,0.02059,900.0
2.2700E+03,0.008054,0.011775,0.02059,900.0
2.2701E+03,0.006717,0.012586,0.02059,0.0
2.2702E+03,0.005365,0.013229,0.02059,0.0
2.2703E+03,0.003973,0.013701,0.02059,0.0
2.2704E+03,0.002452,0.014048,0.02059,0.0
2.2705E+03,0.001014,0.014220,0.02059,0.0
2.2706E+03,-0.000330,0.014243,0.02059,0.0
2.2707E+03,-0.001635,0.014164,0.02059,900.0
2.2708E+03,-0.002839,0.013964,0.02059,900.0
2.2709E+03,-0.003733,0.013774,0.02059,900.0
2.2710E+03,-0.003945,0.013722,0.02059,900.0
2.2711E+03,-0.004169,0.013328,0.02059,900.0
2.2712E+03,-0.005650,0.010720,0.02059,900.0
2.2713E+03,-0.009539,0.003868,0.02059,900.0
2.2714E+03,-0.012347,-0.001088,0.02059,900.0
2.2715E+03,-0.012504,-0.001356,0.02059,900.0
2.2716E+03,-0.012505,-0.001356,0.02059,900.0
2.2717E+03,-0.012535,-0.000822,0.02059,900.0
2.2718E+03,-0.012531,0.000427,0.02059,900.0
2.2719E+03,-0.012387,0.001914,0.02059,900.0
2.2720E+03,-0.012065,0.003373,0.02059,900.0
2.2721E+03,-0.011584,0.004792,0.02059,900.0
2.2722E+03,-0.010924,0.006128,0.02059,900.0
2.2723E+03,-0.010079,0.007427,0.02059,900.0
2.2724E+03,-0.009221,0.008487,0.02059,900.0
2.2725E+03,-0.008147,0.009526,0.02059,900.0
2.2726E+03,-0.006940,0.010432,0.02059,900.0
2.2727E+03,-0.005614,0.011188,0.02059,900.0
2.2728E+03,-0.004232,0.011779,0.02059,900.0
2.2729E+03,-0.002817,0.012182,0.02059,900.0
2.2730E+03,-0.001317,0.012423,0.02059,900.0
2.2731E+03,0.000211,0.012501,0.02059,900.0
2.2732E+03,0.001717,0.012390,0.02059,900.0
2.2733E+03,0.003186,0.012097,0.02059,900.0
2.2734E+03,0.004592,0.011640,0.02059,900.0
2.2735E+03,0.005969,0.011009,0.02059,900.0
2.2736E+03,0.007276,0.010188,0.02059,900.0
2.2737E+03,0.008425,0.009278,0.02059,900.0
2.2738E+03,0.009452,0.008228,0.02059,900.0
2.2739E+03,0.010390,0.006998,0.02059,900.0
2.2740E+03,0.011163,0.005695,0.02059,900.0
2.2741E+03,0.011715,0.004435,0.02059,900.0
2.2742E+03,0.012166,0.003002,0.02059,900.0
2.2743E+03,0.012434,0.001537,0.02059,900.0
2.2744E+03,0.012537,0.000041,0.02059,900.0
2.2745E+03,0.012460,-0.001446,0.02059,900.0
2.2746E+03,0.012214,-0.002922,0.02059,900.0
2.2747E+03,0.011779,-0.004382,0.02059,900.0
2.2748E+03,0.011201,-0.005731,0.02059,900.0
2.2749E+03,0.010432,-0.007026,0.02059,900.0
2.2750E+03,0.009518,-0.008217,0.02059,900.0
2.2751E+03,0.008446,-0.009310,0.02059,900.0
2.2752E+03,0.007274,-0.010254,0.02059,900.0
2.2753E+03,0.006001,-0.011047,0.02059,900.0
2.2754E+03,0.004633,-0.011692,0.02059,900.0
2.2755E+03,0.003205,-0.012157,0.02059,900.0
2.2756E+03,0.001726,-0.012451,0.02059,900.0
2.2757E+03,0.000216,-0.012571,0.02059,900.0
2.2758E+03,-0.001259,-0.012520,0.02059,900.0
2.2759E+03,-0.002591,-0.012327,0.02059,900.0
2.2760E+03,-0.004067,-0.011921,0.02059,900.0
2.2761E+03,-0.005481,-0.011335,0.02059,900.0
2.2762E+03,-0.006798,-0.010587,0.02059,900.0
2.2763E+03,-0.007985,-0.009703,0.02059,0.0
2.2764E+03,-0.009083,-0.008673,0.02059,0.0
2.2765E+03,-0.010080,-0.007493,0.02059,0.0
2.2766E+03,-0.010894,-0.006256,0.02059,0.0
2.2767E+03,-0.011545,-0.004934,0.02059,0.0
2.2768E+03,-0.012064,-0.003480,0.02059,0.0
2.2769E+03,-0.012375,-0.002168,0.02059,0.0
2.2772E+03,-0.012505,-0.001356,0.02059,0.0
2.2773E+03,-0.012505,-0.001354,0.02059,0.0
2.2774E+03,-0.012505,-0.001352,0.02059,0.0
2.2775E+03,-0.012505,-0.001351,0.02059,0.0
2.2776E+03,-0.012505,-0.001350,0.02059,0.0
2.2777E+03,-0.012505,-0.001349,0.02059,0.0
2.2778E+03,-0.012505,-0.001348,0.02059,0.0
2.2779E+03,-0.012505,-0.001347,0.02059,0.0
2.2780E+03,-0.012505,-0.001345,0.02059,0.0
2.2781E+03,-0.012505,-0.001344,0.02059,0.0
2.2782E+03,-0.012505,-0.001343,0.02059,0.0
2.2783E+03,-0.012505,-0.001342,0.02059,0.0
2.2784E+03,-0.012505,-0.001341,0.02059,0.0
2.2785E+03,-0.012505,-0.001339,0.02059,0.0
2.2786E+03,-0.012505,-0.001338,0.02059,0.0
2.2787E+03,-0.012505,-0.001336,0.02059,0.0
2.2789E+03,-0.012505,-0.001334,0.02059,0.0
2.2790E+03,-0.012505,-0.001333,0.02059,0.0
2.2791E+03,-0.012505,-0.001331,0.02059,0.0
2.2792E+03,-0.012505,-0.001330,0.02059,0.0
2.2793E+03,-0.012505,-0.001329,0.02059,0.0
2.2794E+03,-0.012505,-0.001328,0.02059,0.0
2.2795E+03,-0.012505,-0.001326,0.02059,0.0
2.2796E+03,-0.012505,-0.001325,0.02059,0.0
2.2797E+03,-0.012505,-0.001324,0.02059,0.0
2.2798E+03,-0.012505,-0.001322,0.02059,0.0
2.2799E+03,-0.012505,-0.001321,0.02059,0.0
2.2801E+03,-0.012505,-0.001320,0.02059,0.0
2.2802E+03,-0.012505,-0.016913,0.02059,0.0
2.2803E+03,-0.012426,-0.016599,0.02059,0.0
2.2804E+03,-0.012054,-0.015129,0.02059,0.0
2.2805E+03,-0.011258,-0.011976,0.02059,0.0
2.2806E+03,-0.010477,-0.008888,0.02059,0.0
2.2807E+03,-0.009712,-0.005859,0.02059,0.0
2.2808E+03,-0.008923,-0.002738,0.02059,0.0
2.2809E+03,-0.008156,0.000297,0.02059,0.0
2.2810E+03,-0.007465,0.003035,0.02059,0.0
2.2811E+03,-0.006680,0.006138,0.02059,0.0
2.2812E+03,-0.005883,0.009295,0.02059,0.0
2.2813E+03,-0.005097,0.012403,0.02059,0.0
2.2814E+03,-0.004541,0.014606,0.02059,0.0
