5.2528E+03,0.012417,0.015593,0.05609,0.0
5.2529E+03,0.012417,0.015591,0.05609,0.0
5.2530E+03,0.012417,0.015590,0.05609,0.0
5.2530E+03,0.012417,0.015588,0.05609,0.0
5.2531E+03,0.012417,0.015586,0.05609,0.0
5.2532E+03,0.012417,0.015585,0.05609,0.0
5.2533E+03,0.012417,0.015583,0.05609,0.0
5.2534E+03,0.012417,0.015582,0.05609,0.0
5.2535E+03,0.012417,0.015580,0.05609,0.0
5.2536E+03,0.012417,0.015579,0.05609,0.0
5.2537E+03,0.012417,0.015577,0.05609,0.0
5.2538E+03,0.012417,0.015575,0.05609,0.0
5.2539E+03,0.012417,0.015574,0.05609,0.0
5.2541E+03,0.012417,0.015572,0.05609,0.0
5.2542E+03,0.012417,0.015571,0.05609,0.0
5.2543E+03,0.012417,0.015569,0.05609,0.0
5.2544E+03,0.012417,0.015568,0.05609,0.0
5.2545E+03,0.012417,0.015566,0.05609,0.0
5.2546E+03,0.012417,0.015564,0.05609,0.0
5.2547E+03,0.012417,0.015563,0.05609,0.0
5.2547E+03,0.012417,0.015561,0.05609,0.0
5.2548E+03,0.012417,0.015560,0.05609,0.0
5.2551E+03,0.012417,0.015558,0.05609,0.0
5.2552E+03,0.012279,0.015587,0.05609,0.0
5.2553E+03,0.011684,0.015713,0.05609,0.0
5.2554E+03,0.010928,0.015872,0.05609,0.0
5.2555E+03,0.010134,0.016040,0.05609,900.0
5.2556E+03,0.009341,0.016208,0.05609,900.0
5.2558E+03,0.008577,0.016370,0.05609,900.0
5.2559E+03,0.007816,0.016530,0.05609,900.0
5.2560E+03,0.007027,0.016697,0.05609,900.0
5.2561E+03,0.006268,0.016858,0.05609,900.0
5.2562E+03,0.005552,0.017009,0.05609,900.0
5.2563E+03,0.004971,0.017132,0.05609,900.0
5.2564E+03,0.004970,0.017132,0.05609,900.0
5.2565E+03,0.004618,0.017226,0.05609,900.0
5.2566E+03,0.003548,0.017459,0.05609,900.0
5.2567E+03,0.002083,0.017692,0.05609,900.0
5.2568E+03,0.000560,0.017808,0.05609,900.0
5.2569E+03,-0.000949,0.017793,0.05609,900.0
5.2570E+03,-0.002410,0.017657,0.05609,900.0
5.2571E+03,-0.003891,0.017393,0.05609,900.0
5.2572E+03,-0.005351,0.017007,0.05609,900.0
5.2573E+03,-0.006813,0.016482,0.05609,900.0
5.2574E+03,-0.008172,0.015849,0.05609,900.0
5.2576E+03,-0.009477,0.015100,0.05609,900.0
5.2577E+03,-0.010683,0.014277,0.05609,900.0
5.2578E+03,-0.011837,0.013329,0.05609,900.0
5.2579E+03,-0.012926,0.012271,0.05609,900.0
5.2580E+03,-0.013922,0.011135,0.05609,900.0
5.2581E+03,-0.014810,0.009936,0.05609,900.0
5.2582E+03,-0.015594,0.008650,0.05609,900.0
5.2582E+03,-0.016206,0.007470,0.05609,900.0
5.2583E+03,-0.016695,0.006310,0.05609,900.0
5.2584E+03,-0.017135,0.005005,0.05609,900.0
5.2585E+03,-0.017507,0.003521,0.05609,900.0
5.2586E+03,-0.017737,0.002110,0.05609,900.0
5.2587E+03,-0.017832,0.001037,0.05609,900.0
5.2588E+03,-0.017850,-0.000375,0.05609,900.0
5.2589E+03,-0.017803,-0.001514,0.05609,900.0
5.2590E+03,-0.017659,-0.002708,0.05609,900.0
5.2591E+03,-0.017367,-0.004148,0.05609,900.0
5.2593E+03,-0.016954,-0.005618,0.05609,900.0
5.2594E+03,-0.016487,-0.006899,0.05609,900.0
5.2595E+03,-0.015972,-0.008013,0.05609,900.0
5.2596E+03,-0.015241,-0.009351,0.05609,900.0
5.2597E+03,-0.014437,-0.010566,0.05609,900.0
5.2598E+03,-0.013489,-0.011748,0.05609,900.0
5.2599E+03,-0.012456,-0.012839,0.05609,900.0
5.2599E+03,-0.011440,-0.013741,0.05609,900.0
5.2600E+03,-0.010254,-0.014684,0.05609,900.0
5.2601E+03,-0.008944,-0.015513,0.05609,900.0
5.2602E+03,-0.007559,-0.016206,0.05609,900.0
5.2603E+03,-0.006170,-0.016792,0.05609,900.0
5.2604E+03,-0.004755,-0.017244,0.05609,900.0
5.2605E+03,-0.003328,-0.017577,0.05609,900.0
5.2606E+03,-0.001869,-0.017793,0.05609,900.0
5.2607E+03,-0.000334,-0.017903,0.05609,900.0
5.2608E+03,0.001155,-0.017868,0.05609,900.0
5.2609E+03,0.002663,-0.017701,0.05609,900.0
5.2611E+03,0.004127,-0.017411,0.05609,900.0
5.2612E+03,0.005579,-0.016999,0.05609,900.0
5.2613E+03,0.007006,-0.016462,0.05609,900.0
5.2614E+03,0.008375,-0.015799,0.05609,900.0
5.2615E+03,0.009695,-0.015022,0.05609,900.0
5.2616E+03,0.010943,-0.014138,0.05609,900.0
5.2616E+03,0.011987,-0.013271,0.05609,900.0
5.2617E+03,0.013052,-0.012217,0.05609,900.0
5.2618E+03,0.014044,-0.011065,0.05609,900.0
5.2619E+03,0.014926,-0.009864,0.05609,900.0
5.2620E+03,0.015669,-0.008623,0.05609,900.0
5.2621E+03,0.016339,-0.007241,0.05609,900.0
5.2622E+03,0.016779,-0.006147,0.05609,900.0
5.2623E+03,0.017189,-0.004846,0.05609,900.0
5.2624E+03,0.017535,-0.003386,0.05609,900.0
5.2625E+03,0.017758,-0.001890,0.05609,900.0
5.2626E+03,0.017844,-0.000399,0.05609,900.0
5.2628E+03,0.017808,0.001123,0.05609,900.0
5.2629E+03,0.017652,0.002631,0.05609,900.0
5.2630E+03,0.017376,0.004076,0.05609,900.0
5.2631E+03,0.016981,0.005510,0.05609,900.0
5.2632E+03,0.016599,0.006568,0.05609,900.0
5.2633E+03,0.015982,0.007946,0.05609,900.0
5.2633E+03,0.015335,0.009113,0.05609,900.0
5.2634E+03,0.014531,0.010344,0.05609,900.0
5.2635E+03,0.013560,0.011572,0.05609,0.0
5.2636E+03,0.012547,0.012662,0.05609,0.0
5.2637E+03,0.011441,0.013663,0.05609,0.0
5.2638E+03,0.010232,0.014593,0.05609,0.0
5.2639E+03,0.008984,0.015397,0.05609,0.0
5.2640E+03,0.007680,0.016081,0.05609,900.0
5.2641E+03,0.006282,0.016681,0.05609,900.0
5.2642E+03,0.005094,0.017093,0.05609,900.0
5.2645E+03,0.004970,0.017132,0.05609,900.0
5.2646E+03,0.005697,0.014042,0.05609,900.0
5.2647E+03,0.007369,0.006939,0.05609,900.0
5.2648E+03,0.008631,0.001578,0.05609,900.0
5.2650E+03,0.009011,-0.000036,0.05609,900.0
5.2651E+03,0.008983,-0.000509,0.05609,900.0
5.2651E+03,0.008855,-0.001515,0.05609,900.0
5.2652E+03,0.008479,-0.002970,0.05609,900.0
5.2653E+03,0.007882,-0.004353,0.05609,900.0
5.2654E+03,0.007067,-0.005601,0.05609,900.0
5.2655E+03,0.006029,-0.006710,0.05609,900.0
5.2656E+03,0.004818,-0.007625,0.05609,900.0
5.2657E+03,0.003489,-0.008307,0.05609,900.0
5.2658E+03,0.002128,-0.008768,0.05609,900.0
5.2659E+03,0.000575,-0.008987,0.05609,900.0
5.2660E+03,-0.000972,-0.008946,0.05609,900.0
5.2662E+03,-0.002440,-0.008665,0.05609,900.0
5.2663E+03,-0.003821,-0.008153,0.05609,900.0
5.2664E+03,-0.005101,-0.007413,0.05609,900.0
5.2665E+03,-0.006290,-0.006431,0.05609,900.0
5.2666E+03,-0.007267,-0.005318,0.05609,900.0
5.2667E+03,-0.008034,-0.004057,0.05609,900.0
5.2668E+03,-0.008612,-0.002658,0.05609,900.0
5.2668E+03,-0.008885,-0.001318,0.05609,900.0
5.2669E+03,-0.008970,0.000213,0.05609,900.0
5.2670E+03,-0.008806,0.001677,0.05609,900.0
5.2671E+03,-0.008404,0.003100,0.05609,900.0
5.2672E+03,-0.007755,0.004454,0.05609,900.0
5.2673E+03,-0.006874,0.005715,0.05609,900.0
5.2674E+03,-0.005799,0.006804,0.05609,900.0
5.2675E+03,-0.004588,0.007672,0.05609,900.0
5.2676E+03,-0.003257,0.008338,0.05609,900.0
5.2677E+03,-0.001902,0.008750,0.05609,900.0
5.2679E+03,-0.000386,0.008950,0.05609,900.0
5.2680E+03,0.001128,0.008885,0.05609,900.0
5.2681E+03,0.002633,0.008556,0.05609,900.0
5.2682E+03,0.004049,0.007962,0.05609,0.0
5.2683E+03,0.005338,0.007179,0.05609,0.0
5.2684E+03,0.006466,0.006186,0.05609,0.0
5.2685E+03,0.007401,0.005024,0.05609,0.0
5.2685E+03,0.008076,0.003862,0.05609,900.0
5.2686E+03,0.008614,0.002468,0.05609,900.0
5.2687E+03,0.008922,0.001074,0.05609,900.0
5.2688E+03,0.009010,-0.000025,0.05609,900.0
5.2690E+03,0.009011,-0.000036,0.05609,900.0
5.2691E+03,0.011178,0.003995,0.05609,900.0
5.2692E+03,0.013214,0.007783,0.05609,900.0
5.2694E+03,0.013661,0.008615,0.05609,900.0
5.2695E+03,0.013479,0.008889,0.05609,900.0
5.2697E+03,0.012825,0.009772,0.05609,900.0
5.2698E+03,0.011859,0.010923,0.05609,900.0
5.2699E+03,0.010793,0.011979,0.05609,900.0
5.2700E+03,0.009627,0.012937,0.05609,900.0
5.2701E+03,0.008398,0.013769,0.05609,900.0
5.2702E+03,0.007057,0.014502,0.05609,900.0
5.2702E+03,0.005854,0.015029,0.05609,900.0
5.2703E+03,0.004418,0.015507,0.05609,900.0
5.2704E+03,0.002928,0.015849,0.05609,900.0
5.2705E+03,0.001486,0.016055,0.05609,900.0
5.2706E+03,-0.000023,0.016116,0.05609,900.0
5.2707E+03,-0.001588,0.016034,0.05609,900.0
5.2708E+03,-0.003094,0.015818,0.05609,900.0
5.2709E+03,-0.004552,0.015457,0.05609,900.0
5.2710E+03,-0.005993,0.014968,0.05609,900.0
5.2711E+03,-0.007329,0.014367,0.05609,900.0
5.2712E+03,-0.008636,0.013618,0.05609,900.0
5.2714E+03,-0.009848,0.012788,0.05609,900.0
5.2715E+03,-0.011054,0.011749,0.05609,900.0
5.2716E+03,-0.012116,0.010654,0.05609,900.0
5.2717E+03,-0.013027,0.009526,0.05609,900.0
5.2718E+03,-0.013851,0.008268,0.05609,900.0
5.2719E+03,-0.014578,0.006913,0.05609,900.0
5.2720E+03,-0.015154,0.005538,0.05609,900.0
5.2720E+03,-0.015567,0.004258,0.05609,900.0
5.2721E+03,-0.015906,0.002770,0.05609,900.0
5.2722E+03,-0.016099,0.001306,0.05609,900.0
5.2723E+03,-0.016152,-0.000203,0.05609,900.0
5.2724E+03,-0.016074,-0.001737,0.05609,900.0
5.2725E+03,-0.015851,-0.003185,0.05609,900.0
5.2726E+03,-0.015474,-0.004692,0.05609,900.0
5.2727E+03,-0.014985,-0.006079,0.05609,900.0
5.2728E+03,-0.014332,-0.007481,0.05609,900.0
5.2729E+03,-0.013562,-0.008805,0.05609,900.0
5.2730E+03,-0.012714,-0.009996,0.05609,900.0
5.2732E+03,-0.011745,-0.011114,0.05609,900.0
5.2733E+03,-0.010637,-0.012186,0.05609,900.0
5.2734E+03,-0.009449,-0.013137,0.05609,900.0
5.2735E+03,-0.008228,-0.013936,0.05609,900.0
5.2736E+03,-0.006892,-0.014647,0.05609,900.0
5.2737E+03,-0.005459,-0.015249,0.05609,900.0
5.2737E+03,-0.004215,-0.015640,0.05609,900.0
5.2738E+03,-0.002712,-0.015966,0.05609,900.0
5.2739E+03,-0.001186,-0.016144,0.05609,900.0
5.2740E+03,0.000310,-0.016188,0.05609,900.0
5.2741E+03,0.001791,-0.016085,0.05609,900.0
5.2742E+03,0.003288,-0.015843,0.05609,900.0
5.2743E+03,0.004767,-0.015474,0.05609,900.0
5.2744E+03,0.006169,-0.014960,0.05609,900.0
5.2745E+03,0.007532,-0.014322,0.05609,900.0
5.2746E+03,0.008858,-0.013551,0.05609,900.0
5.2747E+03,0.010061,-0.012678,0.05609,900.0
5.2749E+03,0.011156,-0.011740,0.05609,900.0
5.2750E+03,0.012249,-0.010582,0.05609,900.0
5.2751E+03,0.013134,-0.009446,0.05609,900.0
5.2752E+03,0.013976,-0.008144,0.05609,900.0
5.2753E+03,0.014662,-0.006816,0.05609,900.0
5.2754E+03,0.015230,-0.005396,0.05609,900.0
5.2755E+03,0.015664,-0.003969,0.05609,900.0
5.2755E+03,0.015932,-0.002668,0.05609,900.0
5.2756E+03,0.016107,-0.001183,0.05609,0.0
5.2757E+03,0.016155,0.000299,0.05609,0.0
5.2758E+03,0.016048,0.001831,0.05609,0.0
5.2759E+03,0.015819,0.003278,0.05609,0.0
5.2760E+03,0.015436,0.004769,0.05609,900.0
5.2761E+03,0.014917,0.006173,0.05609,900.0
5.2762E+03,0.014265,0.007562,0.05609,900.0
5.2763E+03,0.013784,0.008410,0.05609,900.0
5.2764E+03,0.013661,0.008615,0.05609,900.0
5.2766E+03,0.013618,0.008488,0.05609,900.0
5.2767E+03,0.012285,0.004575,0.05609,900.0
5.2768E+03,0.010874,0.000435,0.05609,900.0
5.2769E+03,0.010714,-0.000036,0.05609,900.0
5.2770E+03,0.010712,-0.000070,0.05609,900.0
5.2771E+03,0.010680,-0.000437,0.05609,900.0
5.2772E+03,0.010522,-0.001947,0.05609,900.0
5.2772E+03,0.010189,-0.003265,0.05609,900.0
5.2773E+03,0.009638,-0.004662,0.05609,900.0
5.2774E+03,0.008903,-0.005936,0.05609,900.0
5.2775E+03,0.007976,-0.007127,0.05609,900.0
5.2776E+03,0.006919,-0.008160,0.05609,900.0
5.2777E+03,0.005703,-0.009051,0.05609,900.0
5.2778E+03,0.004383,-0.009767,0.05609,900.0
5.2779E+03,0.002996,-0.010289,0.05609,900.0
5.2780E+03,0.001484,-0.010604,0.05609,900.0
5.2781E+03,-0.000023,-0.010714,0.05609,900.0
5.2782E+03,-0.001546,-0.010617,0.05609,900.0
5.2784E+03,-0.003008,-0.010300,0.05609,900.0
5.2785E+03,-0.004390,-0.009791,0.05609,900.0
5.2786E+03,-0.005670,-0.009086,0.05609,900.0
5.2787E+03,-0.006943,-0.008147,0.05609,900.0
5.2788E+03,-0.007984,-0.007137,0.05609,900.0
5.2789E+03,-0.008909,-0.005904,0.05609,900.0
5.2790E+03,-0.009642,-0.004606,0.05609,900.0
5.2790E+03,-0.010129,-0.003385,0.05609,900.0
5.2791E+03,-0.010511,-0.001930,0.05609,900.0
5.2792E+03,-0.010675,-0.000435,0.05609,900.0
5.2793E+03,-0.010635,0.001059,0.05609,900.0
5.2794E+03,-0.010370,0.002573,0.05609,900.0
5.2795E+03,-0.009906,0.003986,0.05609,900.0
5.2796E+03,-0.009223,0.005385,0.05609,900.0
5.2797E+03,-0.008390,0.006577,0.05609,900.0
5.2798E+03,-0.007353,0.007700,0.05609,900.0
5.2799E+03,-0.006173,0.008673,0.05609,900.0
5.2801E+03,-0.004909,0.009440,0.05609,900.0
5.2802E+03,-0.003534,0.010037,0.05609,900.0
5.2803E+03,-0.002086,0.010436,0.05609,900.0
5.2804E+03,-0.000620,0.010614,0.05609,900.0
5.2805E+03,0.000890,0.010613,0.05609,900.0
5.2806E+03,0.002379,0.010377,0.05609,900.0
5.2807E+03,0.003805,0.009960,0.05609,900.0
5.2807E+03,0.005047,0.009386,0.05609,0.0
5.2808E+03,0.006301,0.008584,0.05609,0.0
5.2809E+03,0.007505,0.007561,0.05609,0.0
5.2810E+03,0.008498,0.006435,0.05609,0.0
5.2811E+03,0.009319,0.005163,0.05609,0.0
5.2812E+03,0.009945,0.003830,0.05609,0.0
5.2813E+03,0.010378,0.002430,0.05609,900.0
5.2814E+03,0.010632,0.000994,0.05609,900.0
5.2815E+03,0.010712,-0.000003,0.05609,900.0
5.2816E+03,0.010714,-0.000036,0.05609,900.0
5.2817E+03,0.010583,0.000402,0.05609,900.0
5.2819E+03,0.009271,0.004805,0.05609,900.0
5.2820E+03,0.007219,0.011688,0.05609,900.0
5.2821E+03,0.006941,0.012619,0.05609,900.0
5.2822E+03,0.006926,0.012670,0.05609,900.0
5.2823E+03,0.006906,0.012681,0.05609,900.0
5.2824E+03,0.006051,0.013088,0.05609,900.0
5.2824E+03,0.004863,0.013567,0.05609,900.0
5.2825E+03,0.003428,0.014003,0.05609,900.0
5.2826E+03,0.001954,0.014281,0.05609,900.0
5.2827E+03,0.000367,0.014413,0.05609,900.0
5.2828E+03,-0.001136,0.014375,0.05609,900.0
5.2829E+03,-0.002577,0.014201,0.05609,900.0
5.2830E+03,-0.004104,0.013837,0.05609,900.0
5.2831E+03,-0.005437,0.013370,0.05609,900.0
5.2832E+03,-0.006865,0.012687,0.05609,900.0
5.2833E+03,-0.008114,0.011918,0.05609,900.0
5.2834E+03,-0.009295,0.011033,0.05609,900.0
5.2836E+03,-0.010417,0.009967,0.05609,900.0
5.2837E+03,-0.011404,0.008834,0.05609,900.0
5.2838E+03,-0.012252,0.007615,0.05609,900.0
5.2839E+03,-0.013000,0.006262,0.05609,900.0
5.2840E+03,-0.013591,0.004879,0.05609,900.0
5.2841E+03,-0.014004,0.003510,0.05609,900.0
5.2841E+03,-0.014307,0.002079,0.05609,900.0
5.2842E+03,-0.014445,0.000680,0.05609,900.0
5.2843E+03,-0.014435,-0.000800,0.05609,900.0
5.2844E+03,-0.014262,-0.002345,0.05609,900.0
5.2845E+03,-0.013946,-0.003809,0.05609,900.0
5.2846E+03,-0.013478,-0.005227,0.05609,900.0
5.2847E+03,-0.012858,-0.006618,0.05609,900.0
5.2848E+03,-0.012087,-0.007945,0.05609,900.0
5.2849E+03,-0.011184,-0.009181,0.05609,900.0
5.2850E+03,-0.010165,-0.010314,0.05609,900.0
5.2851E+03,-0.009050,-0.011303,0.05609,900.0
5.2853E+03,-0.007839,-0.012189,0.05609,900.0
5.2854E+03,-0.006522,-0.012943,0.05609,900.0
5.2855E+03,-0.005172,-0.013545,0.05609,900.0
5.2856E+03,-0.003695,-0.014018,0.05609,900.0
5.2857E+03,-0.002224,-0.014314,0.05609,900.0
5.2858E+03,-0.000757,-0.014469,0.05609,900.0
5.2859E+03,0.000751,-0.014463,0.05609,900.0
5.2859E+03,0.002074,-0.014323,0.05609,900.0
5.2860E+03,0.003550,-0.014024,0.05609,900.0
5.2861E+03,0.005051,-0.013570,0.05609,900.0
5.2862E+03,0.006417,-0.012986,0.05609,900.0
5.2863E+03,0.007683,-0.012283,0.05609,900.0
5.2864E+03,0.008962,-0.011383,0.05609,900.0
5.2865E+03,0.010115,-0.010385,0.05609,900.0
5.2866E+03,0.011120,-0.009273,0.05609,900.0
5.2867E+03,0.011970,-0.008152,0.05609,900.0
5.2868E+03,0.012649,-0.007032,0.05609,900.0
5.2869E+03,0.013252,-0.005792,0.05609,900.0
5.2871E+03,0.013758,-0.004457,0.05609,900.0
5.2872E+03,0.014132,-0.003022,0.05609,900.0
5.2873E+03,0.014366,-0.001488,0.05609,900.0
5.2874E+03,0.014447,0.000042,0.05609,900.0
5.2875E+03,0.014373,0.001480,0.05609,900.0
5.2876E+03,0.014154,0.002901,0.05609,900.0
5.2876E+03,0.013920,0.003915,0.05609,900.0
5.2877E+03,0.013512,0.005128,0.05609,0.0
5.2878E+03,0.012907,0.006474,0.05609,0.0
5.2879E+03,0.012447,0.007321,0.05609,0.0
5.2880E+03,0.011971,0.008073,0.05609,0.0
5.2881E+03,0.011171,0.009123,0.05609,0.0
5.2882E+03,0.010148,0.010244,0.05609,0.0
5.2883E+03,0.009014,0.011250,0.05609,900.0
5.2884E+03,0.007825,0.012112,0.05609,900.0
5.2885E+03,0.006952,0.012655,0.05609,900.0
5.2886E+03,0.006926,0.012670,0.05609,900.0
5.2888E+03,0.007161,0.012128,0.05609,900.0
5.2889E+03,0.008692,0.008584,0.05609,900.0
5.2890E+03,0.011735,0.001542,0.05609,900.0
5.2891E+03,0.012367,0.000080,0.05609,900.0
5.2892E+03,0.012417,-0.000036,0.05609,900.0
5.2893E+03,0.012414,-0.000089,0.05609,900.0
5.2894E+03,0.012352,-0.001055,0.05609,900.0
5.2894E+03,0.012161,-0.002357,0.05609,900.0
5.2895E+03,0.011785,-0.003808,0.05609,900.0
5.2896E+03,0.011256,-0.005211,0.05609,900.0
5.2897E+03,0.010540,-0.006536,0.05609,900.0
5.2898E+03,0.009693,-0.007753,0.05609,900.0
5.2899E+03,0.008736,-0.008827,0.05609,900.0
5.2900E+03,0.007575,-0.009850,0.05609,900.0
5.2901E+03,0.006309,-0.010696,0.05609,900.0
5.2902E+03,0.004941,-0.011388,0.05609,900.0
5.2903E+03,0.003577,-0.011887,0.05609,900.0
5.2905E+03,0.002140,-0.012227,0.05609,900.0
5.2906E+03,0.000595,-0.012395,0.05609,900.0
5.2907E+03,-0.000902,-0.012383,0.05609,900.0
5.2908E+03,-0.002362,-0.012192,0.05609,900.0
5.2909E+03,-0.003867,-0.011797,0.05609,900.0
5.2910E+03,-0.005300,-0.011233,0.05609,900.0
5.2911E+03,-0.006606,-0.010518,0.05609,900.0
5.2911E+03,-0.007692,-0.009769,0.05609,900.0
5.2912E+03,-0.008812,-0.008747,0.05609,900.0
5.2913E+03,-0.009781,-0.007634,0.05609,900.0
5.2914E+03,-0.010618,-0.006407,0.05609,900.0
5.2915E+03,-0.011316,-0.005030,0.05609,900.0
5.2916E+03,-0.011848,-0.003595,0.05609,900.0
5.2917E+03,-0.012192,-0.002158,0.05609,900.0
5.2918E+03,-0.012359,-0.000687,0.05609,900.0
5.2919E+03,-0.012346,0.000821,0.05609,900.0
5.2920E+03,-0.012158,0.002311,0.05609,900.0
5.2922E+03,-0.011782,0.003788,0.05609,900.0
5.2923E+03,-0.011238,0.005181,0.05609,900.0
5.2924E+03,-0.010555,0.006488,0.05609,900.0
5.2925E+03,-0.009652,0.007757,0.05609,900.0
5.2926E+03,-0.008609,0.008876,0.05609,900.0
5.2927E+03,-0.007509,0.009815,0.05609,900.0
5.2928E+03,-0.006267,0.010646,0.05609,900.0
5.2928E+03,-0.005030,0.011264,0.05609,900.0
5.2929E+03,-0.003579,0.011806,0.05609,900.0
5.2930E+03,-0.002090,0.012161,0.05609,900.0
5.2931E+03,-0.000608,0.012322,0.05609,900.0
5.2932E+03,0.000857,0.012311,0.05609,900.0
5.2933E+03,0.002302,0.012116,0.05609,900.0
5.2934E+03,0.003822,0.011753,0.05609,900.0
5.2935E+03,0.005262,0.011198,0.05609,900.0
5.2936E+03,0.006590,0.010471,0.05609,900.0
5.2937E+03,0.007743,0.009650,0.05609,900.0
5.2938E+03,0.008842,0.008639,0.05609,0.0
5.2940E+03,0.009845,0.007471,0.05609,0.0
5.2941E+03,0.010702,0.006174,0.05609,0.0
5.2942E+03,0.011383,0.004830,0.05609,0.0
5.2943E+03,0.011882,0.003420,0.05609,0.0
5.2944E+03,0.012215,0.001940,0.05609,0.0
5.2945E+03,0.012379,0.000615,0.05609,0.0
5.2947E+03,0.012417,-0.000036,0.05609,0.0
5.2948E+03,0.012417,-0.000034,0.05609,0.0
5.2950E+03,0.012417,-0.000032,0.05609,0.0
5.2951E+03,0.012417,-0.000031,0.05609,0.0
5.2952E+03,0.012417,-0.000030,0.05609,0.0
5.2954E+03,0.012417,-0.000028,0.05609,0.0
5.2955E+03,0.012417,-0.000027,0.05609,0.0
5.2957E+03,0.012417,-0.000026,0.05609,0.0
5.2959E+03,0.012417,-0.000024,0.05609,0.0
5.2960E+03,0.012417,-0.000022,0.05609,0.0
5.2961E+03,0.012417,-0.000021,0.05609,0.0
5.2962E+03,0.012417,-0.000020,0.05609,0.0
5.2963E+03,0.012417,-0.000019,0.05609,0.0
5.2963E+03,0.012417,-0.000018,0.05609,0.0
5.2964E+03,0.012417,-0.000017,0.05609,0.0
5.2965E+03,0.012417,-0.000016,0.05609,0.0
5.2966E+03,0.012417,-0.000015,0.05609,0.0
5.2968E+03,0.012417,-0.000013,0.05609,0.0
5.2969E+03,0.012417,-0.000012,0.05609,0.0
5.2971E+03,0.012417,-0.000010,0.05609,0.0
5.2972E+03,0.012417,-0.000008,0.05609,0.0
5.2973E+03,0.012417,-0.000007,0.05609,0.0
5.2976E+03,0.012417,-0.000005,0.05609,0.0
5.2977E+03,0.012417,-0.000004,0.05609,0.0
5.2978E+03,0.012417,-0.000002,0.05609,0.0
5.2979E+03,0.012417,-0.000001,0.05609,0.0
5.2980E+03,0.012417,0.000000,0.05609,0.0
5.2982E+03,0.012417,-0.015593,0.05609,0.0
5.2983E+03,0.012391,-0.015328,0.05609,0.0
5.2984E+03,0.012155,-0.012882,0.05609,0.0
5.2985E+03,0.011855,-0.009777,0.05609,0.0
5.2986E+03,0.011570,-0.006827,0.05609,0.0
5.2987E+03,0.011279,-0.003817,0.05609,0.0
5.2988E+03,0.010986,-0.000776,0.05609,0.0
5.2989E+03,0.010698,0.002200,0.05609,0.0
5.2990E+03,0.010410,0.005184,0.05609,0.0
5.2992E+03,0.010125,0.008131,0.05609,0.0
5.2993E+03,0.009840,0.011079,0.05609,0.0
5.2994E+03,0.009546,0.014124,0.05609,0.0
5.2995E+03,0.009447,0.015146,0.05609,0.0
