2.7807E+03,-0.010836,0.021298,0.02840,0.0
2.7808E+03,-0.010836,0.021296,0.02840,0.0
2.7809E+03,-0.010836,0.021294,0.02840,0.0
2.7810E+03,-0.010836,0.021292,0.02840,0.0
2.7811E+03,-0.010836,0.021291,0.02840,0.0
2.7812E+03,-0.010836,0.021289,0.02840,0.0
2.7813E+03,-0.010836,0.021287,0.02840,0.0
2.7814E+03,-0.010836,0.021284,0.02840,0.0
2.7815E+03,-0.010836,0.021283,0.02840,0.0
2.7816E+03,-0.010836,0.021281,0.02840,0.0
2.7817E+03,-0.010836,0.021279,0.02840,0.0
2.7818E+03,-0.010836,0.021278,0.02840,0.0
2.7819E+03,-0.010836,0.021276,0.02840,0.0
2.7820E+03,-0.010836,0.021274,0.02840,0.0
2.7821E+03,-0.010836,0.021272,0.02840,0.0
2.7822E+03,-0.010836,0.021236,0.02840,0.0
2.7823E+03,-0.010836,0.021182,0.02840,0.0
2.7824E+03,-0.010836,0.021266,0.02840,0.0
2.7825E+03,-0.010836,0.021265,0.02840,0.0
2.7827E+03,-0.010836,0.021264,0.02840,0.0
2.7828E+03,-0.010834,0.021238,0.02840,0.0
2.7829E+03,-0.010782,0.020489,0.02840,0.0
2.7830E+03,-0.010706,0.019416,0.02840,0.0
2.7831E+03,-0.010630,0.018327,0.02840,0.0
2.7832E+03,-0.010554,0.017235,0.02840,900.0
2.7833E+03,-0.010474,0.016107,0.02840,900.0
2.7834E+03,-0.010403,0.015094,0.02840,900.0
2.7835E+03,-0.010327,0.014002,0.02840,900.0
2.7836E+03,-0.010252,0.012935,0.02840,900.0
2.7837E+03,-0.010173,0.011805,0.02840,900.0
2.7838E+03,-0.010098,0.010744,0.02840,900.0
2.7839E+03,-0.010087,0.010587,0.02840,900.0
2.7840E+03,-0.010086,0.010569,0.02840,900.0
2.7841E+03,-0.010151,0.010506,0.02840,900.0
2.7842E+03,-0.010800,0.009800,0.02840,900.0
2.7843E+03,-0.011744,0.008647,0.02840,900.0
2.7844E+03,-0.012563,0.007420,0.02840,900.0
2.7845E+03,-0.013244,0.006118,0.02840,900.0
2.7846E+03,-0.013778,0.004852,0.02840,900.0
2.7847E+03,-0.014077,0.003884,0.02840,900.0
2.7848E+03,-0.014402,0.002446,0.02840,900.0
2.7849E+03,-0.014599,0.000890,0.02840,900.0
2.7850E+03,-0.014606,-0.000629,0.02840,900.0
2.7851E+03,-0.014492,-0.001942,0.02840,900.0
2.7852E+03,-0.014217,-0.003414,0.02840,900.0
2.7853E+03,-0.013912,-0.004520,0.02840,900.0
2.7854E+03,-0.013459,-0.005707,0.02840,900.0
2.7855E+03,-0.012832,-0.007062,0.02840,900.0
2.7856E+03,-0.012060,-0.008338,0.02840,900.0
2.7857E+03,-0.011115,-0.009517,0.02840,900.0
2.7858E+03,-0.010083,-0.010615,0.02840,900.0
2.7859E+03,-0.008987,-0.011569,0.02840,900.0
2.7860E+03,-0.007714,-0.012454,0.02840,900.0
2.7861E+03,-0.006409,-0.013188,0.02840,900.0
2.7862E+03,-0.005351,-0.013651,0.02840,900.0
2.7863E+03,-0.004068,-0.014074,0.02840,900.0
2.7864E+03,-0.002970,-0.014352,0.02840,900.0
2.7865E+03,-0.001740,-0.014544,0.02840,900.0
2.7866E+03,-0.000311,-0.014638,0.02840,900.0
2.7867E+03,0.001190,-0.014593,0.02840,900.0
2.7868E+03,0.002548,-0.014420,0.02840,900.0
2.7869E+03,0.004042,-0.014081,0.02840,900.0
2.7870E+03,0.005471,-0.013593,0.02840,900.0
2.7871E+03,0.006868,-0.012939,0.02840,900.0
2.7872E+03,0.008111,-0.012207,0.02840,900.0
2.7873E+03,0.009332,-0.011295,0.02840,900.0
2.7874E+03,0.010459,-0.010242,0.02840,900.0
2.7875E+03,0.011443,-0.009125,0.02840,900.0
2.7876E+03,0.012324,-0.007876,0.02840,900.0
2.7877E+03,0.013072,-0.006555,0.02840,900.0
2.7878E+03,0.013655,-0.005214,0.02840,900.0
2.7879E+03,0.014112,-0.003804,0.02840,900.0
2.7880E+03,0.014426,-0.002325,0.02840,900.0
2.7881E+03,0.014591,-0.000837,0.02840,900.0
2.7882E+03,0.014590,0.000733,0.02840,900.0
2.7883E+03,0.014453,0.002190,0.02840,900.0
2.7884E+03,0.014141,0.003703,0.02840,900.0
2.7885E+03,0.013689,0.005099,0.02840,900.0
2.7886E+03,0.013140,0.006362,0.02840,900.0
2.7887E+03,0.012434,0.007637,0.02840,900.0
2.7888E+03,0.011586,0.008858,0.02840,900.0
2.7889E+03,0.010567,0.010040,0.02840,900.0
2.7890E+03,0.009481,0.011076,0.02840,900.0
2.7891E+03,0.008330,0.011962,0.02840,900.0
2.7892E+03,0.007023,0.012769,0.02840,900.0
2.7893E+03,0.005641,0.013446,0.02840,900.0
2.7894E+03,0.004284,0.013939,0.02840,900.0
2.7895E+03,0.002778,0.014325,0.02840,900.0
2.7896E+03,0.001314,0.014531,0.02840,900.0
2.7897E+03,-0.000200,0.014583,0.02840,900.0
2.7898E+03,-0.001711,0.014476,0.02840,0.0
2.7899E+03,-0.002801,0.014317,0.02840,0.0
2.7900E+03,-0.004061,0.013994,0.02840,0.0
2.7901E+03,-0.005159,0.013640,0.02840,0.0
2.7902E+03,-0.006331,0.013124,0.02840,900.0
2.7903E+03,-0.007521,0.012487,0.02840,900.0
2.7904E+03,-0.008764,0.011656,0.02840,900.0
2.7905E+03,-0.009892,0.010741,0.02840,900.0
2.7907E+03,-0.010086,0.010569,0.02840,900.0
2.7908E+03,-0.010340,0.008913,0.02840,900.0
2.7909E+03,-0.010771,0.006093,0.02840,900.0
2.7911E+03,-0.010836,0.005670,0.02840,900.0
2.7912E+03,-0.010458,0.006306,0.02840,900.0
2.7913E+03,-0.009729,0.007408,0.02840,900.0
2.7914E+03,-0.008759,0.008515,0.02840,900.0
2.7915E+03,-0.007618,0.009512,0.02840,900.0
2.7916E+03,-0.006383,0.010391,0.02840,900.0
2.7917E+03,-0.005062,0.011087,0.02840,900.0
2.7918E+03,-0.003673,0.011623,0.02840,900.0
2.7919E+03,-0.002131,0.012017,0.02840,900.0
2.7920E+03,-0.000642,0.012174,0.02840,900.0
2.7921E+03,0.000640,0.012172,0.02840,900.0
2.7922E+03,0.002135,0.011994,0.02840,900.0
2.7923E+03,0.003606,0.011631,0.02840,900.0
2.7924E+03,0.005008,0.011103,0.02840,900.0
2.7925E+03,0.006331,0.010414,0.02840,900.0
2.7926E+03,0.007582,0.009532,0.02840,900.0
2.7927E+03,0.008732,0.008515,0.02840,900.0
2.7928E+03,0.009693,0.007420,0.02840,900.0
2.7929E+03,0.010540,0.006150,0.02840,900.0
2.7930E+03,0.011241,0.004787,0.02840,900.0
2.7931E+03,0.011759,0.003364,0.02840,900.0
2.7932E+03,0.012067,0.001911,0.02840,900.0
2.7933E+03,0.012219,0.000412,0.02840,900.0
2.7934E+03,0.012171,-0.001099,0.02840,900.0
2.7935E+03,0.011950,-0.002568,0.02840,900.0
2.7936E+03,0.011532,-0.004045,0.02840,900.0
2.7937E+03,0.010963,-0.005420,0.02840,900.0
2.7938E+03,0.010328,-0.006565,0.02840,900.0
2.7939E+03,0.009421,-0.007824,0.02840,900.0
2.7940E+03,0.008398,-0.008925,0.02840,900.0
2.7941E+03,0.007271,-0.009869,0.02840,900.0
2.7942E+03,0.005980,-0.010715,0.02840,900.0
2.7943E+03,0.004629,-0.011364,0.02840,900.0
2.7944E+03,0.003222,-0.011824,0.02840,900.0
2.7945E+03,0.001764,-0.012130,0.02840,900.0
2.7946E+03,0.000240,-0.012249,0.02840,900.0
2.7947E+03,-0.001263,-0.012180,0.02840,900.0
2.7948E+03,-0.002744,-0.011937,0.02840,900.0
2.7949E+03,-0.004208,-0.011503,0.02840,900.0
2.7950E+03,-0.005592,-0.010896,0.02840,900.0
2.7951E+03,-0.006851,-0.010157,0.02840,900.0
2.7952E+03,-0.008055,-0.009232,0.02840,900.0
2.7953E+03,-0.009136,-0.008156,0.02840,900.0
2.7954E+03,-0.010029,-0.007038,0.02840,900.0
2.7955E+03,-0.010843,-0.005719,0.02840,0.0
2.7956E+03,-0.011397,-0.004446,0.02840,0.0
2.7957E+03,-0.011856,-0.002996,0.02840,0.0
2.7958E+03,-0.012121,-0.001529,0.02840,0.0
2.7959E+03,-0.012205,-0.000032,0.02840,0.0
2.7960E+03,-0.012131,0.001457,0.02840,0.0
2.7961E+03,-0.011862,0.002904,0.02840,0.0
2.7962E+03,-0.011394,0.004358,0.02840,0.0
2.7963E+03,-0.010906,0.005523,0.02840,0.0
2.7965E+03,-0.010836,0.005670,0.02840,0.0
2.7966E+03,-0.010836,0.005671,0.02840,0.0
2.7967E+03,-0.010836,0.005673,0.02840,0.0
2.7968E+03,-0.010836,0.005674,0.02840,0.0
2.7969E+03,-0.010836,0.005675,0.02840,0.0
2.7970E+03,-0.010836,0.005676,0.02840,0.0
2.7971E+03,-0.010836,0.005677,0.02840,0.0
2.7972E+03,-0.010836,0.005678,0.02840,0.0
2.7973E+03,-0.010836,0.005679,0.02840,0.0
2.7974E+03,-0.010836,0.005704,0.02840,0.0
2.7975E+03,-0.010836,0.005774,0.02840,0.0
2.7976E+03,-0.010836,0.005683,0.02840,0.0
2.7977E+03,-0.010836,0.005684,0.02840,0.0
2.7978E+03,-0.010836,0.005685,0.02840,0.0
2.7979E+03,-0.010836,0.005687,0.02840,0.0
2.7980E+03,-0.010836,0.005688,0.02840,0.0
2.7981E+03,-0.010836,0.005690,0.02840,0.0
2.7982E+03,-0.010836,0.005691,0.02840,0.0
2.7983E+03,-0.010836,0.005692,0.02840,0.0
2.7984E+03,-0.010836,0.005693,0.02840,0.0
2.7985E+03,-0.010836,0.005694,0.02840,0.0
2.7986E+03,-0.010836,0.005695,0.02840,0.0
2.7987E+03,-0.010836,0.005697,0.02840,0.0
2.7988E+03,-0.010836,0.005698,0.02840,0.0
2.7989E+03,-0.010836,0.005699,0.02840,0.0
2.7990E+03,-0.010836,0.005700,0.02840,0.0
2.7991E+03,-0.010836,0.005701,0.02840,0.0
2.7992E+03,-0.010836,0.005703,0.02840,0.0
2.7993E+03,-0.010836,0.005704,0.02840,0.0
2.7994E+03,-0.010836,0.005705,0.02840,0.0
2.7995E+03,-0.010836,0.005706,0.02840,0.0
2.7996E+03,-0.010836,-0.009887,0.02840,0.0
2.7997E+03,-0.010840,-0.009878,0.02840,0.0
2.7998E+03,-0.010925,-0.009649,0.02840,0.0
2.7999E+03,-0.011265,-0.008734,0.02840,0.0
2.8000E+03,-0.011654,-0.007685,0.02840,0.0
2.8001E+03,-0.012040,-0.006649,0.02840,0.0
2.8002E+03,-0.012424,-0.005614,0.02840,0.0
2.8003E+03,-0.012801,-0.004601,0.02840,0.0
2.8004E+03,-0.013176,-0.003593,0.02840,0.0
2.8005E+03,-0.013562,-0.002553,0.02840,0.0
2.8006E+03,-0.013949,-0.001512,0.02840,0.0
2.8007E+03,-0.014280,-0.000620,0.02840,0.0
2.8008E+03,-0.014502,-0.000025,0.02840,0.0
