3.3605E+03,-0.004624,0.027613,0.03834,0.0
3.3606E+03,-0.004624,0.027612,0.03834,0.0
3.3607E+03,-0.004624,0.027610,0.03834,0.0
3.3608E+03,-0.004624,0.027608,0.03834,0.0
3.3609E+03,-0.004624,0.027607,0.03834,0.0
3.3610E+03,-0.004624,0.027605,0.03834,0.0
3.3611E+03,-0.004624,0.027603,0.03834,0.0
3.3612E+03,-0.004624,0.027602,0.03834,0.0
3.3613E+03,-0.004624,0.027600,0.03834,0.0
3.3614E+03,-0.004624,0.027597,0.03834,0.0
3.3615E+03,-0.004624,0.027596,0.03834,0.0
3.3616E+03,-0.004624,0.027594,0.03834,0.0
3.3617E+03,-0.004624,0.027592,0.03834,0.0
3.3618E+03,-0.004624,0.027591,0.03834,0.0
3.3619E+03,-0.004624,0.027589,0.03834,0.0
3.3620E+03,-0.004624,0.027586,0.03834,0.0
3.3621E+03,-0.004624,0.027585,0.03834,0.0
3.3622E+03,-0.004624,0.027584,0.03834,0.0
3.3623E+03,-0.004624,0.027581,0.03834,0.0
3.3627E+03,-0.004624,0.027580,0.03834,0.0
3.3628E+03,-0.005206,0.026285,0.03834,0.0
3.3629E+03,-0.006171,0.024140,0.03834,0.0
3.3630E+03,-0.007203,0.021846,0.03834,0.0
3.3631E+03,-0.008232,0.019558,0.03834,900.0
3.3632E+03,-0.009255,0.017285,0.03834,900.0
3.3633E+03,-0.010302,0.014957,0.03834,900.0
3.3634E+03,-0.011349,0.012630,0.03834,900.0
3.3635E+03,-0.012339,0.010429,0.03834,900.0
3.3636E+03,-0.013257,0.008389,0.03834,900.0
3.3637E+03,-0.014283,0.006107,0.03834,900.0
3.3638E+03,-0.015034,0.004437,0.03834,900.0
3.3640E+03,-0.015052,0.004397,0.03834,900.0
3.3641E+03,-0.015139,0.004099,0.03834,900.0
3.3642E+03,-0.015382,0.002990,0.03834,900.0
3.3643E+03,-0.015596,0.001510,0.03834,900.0
3.3644E+03,-0.015672,0.000002,0.03834,900.0
3.3645E+03,-0.015602,-0.001531,0.03834,900.0
3.3646E+03,-0.015378,-0.003070,0.03834,900.0
3.3647E+03,-0.015034,-0.004494,0.03834,900.0
3.3648E+03,-0.014627,-0.005695,0.03834,900.0
3.3649E+03,-0.014200,-0.006695,0.03834,900.0
3.3650E+03,-0.013534,-0.007971,0.03834,900.0
3.3651E+03,-0.012668,-0.009279,0.03834,900.0
3.3652E+03,-0.011730,-0.010443,0.03834,900.0
3.3653E+03,-0.010674,-0.011516,0.03834,900.0
3.3654E+03,-0.009636,-0.012399,0.03834,900.0
3.3655E+03,-0.008444,-0.013243,0.03834,900.0
3.3656E+03,-0.007128,-0.013991,0.03834,900.0
3.3657E+03,-0.005789,-0.014607,0.03834,900.0
3.3658E+03,-0.004648,-0.015009,0.03834,900.0
3.3659E+03,-0.003398,-0.015346,0.03834,900.0
3.3660E+03,-0.001921,-0.015610,0.03834,900.0
3.3661E+03,-0.000407,-0.015720,0.03834,900.0
3.3662E+03,0.001087,-0.015686,0.03834,900.0
3.3663E+03,0.002589,-0.015504,0.03834,900.0
3.3664E+03,0.004045,-0.015186,0.03834,900.0
3.3665E+03,0.005497,-0.014715,0.03834,900.0
3.3666E+03,0.006854,-0.014132,0.03834,900.0
3.3667E+03,0.008156,-0.013414,0.03834,900.0
3.3668E+03,0.009430,-0.012558,0.03834,900.0
3.3669E+03,0.010592,-0.011587,0.03834,900.0
3.3670E+03,0.011628,-0.010544,0.03834,900.0
3.3671E+03,0.012516,-0.009491,0.03834,900.0
3.3672E+03,0.013380,-0.008229,0.03834,900.0
3.3673E+03,0.014068,-0.006985,0.03834,900.0
3.3674E+03,0.014696,-0.005504,0.03834,900.0
3.3675E+03,0.015141,-0.004115,0.03834,900.0
3.3676E+03,0.015459,-0.002652,0.03834,900.0
3.3677E+03,0.015630,-0.001109,0.03834,900.0
3.3678E+03,0.015668,0.000388,0.03834,900.0
3.3679E+03,0.015562,0.001846,0.03834,900.0
3.3680E+03,0.015305,0.003330,0.03834,900.0
3.3681E+03,0.014901,0.004828,0.03834,900.0
3.3682E+03,0.014357,0.006266,0.03834,900.0
3.3683E+03,0.013715,0.007578,0.03834,900.0
3.3684E+03,0.012972,0.008795,0.03834,900.0
3.3685E+03,0.012023,0.010042,0.03834,900.0
3.3686E+03,0.010982,0.011155,0.03834,900.0
3.3687E+03,0.009850,0.012167,0.03834,900.0
3.3688E+03,0.008733,0.012976,0.03834,900.0
3.3689E+03,0.007480,0.013740,0.03834,900.0
3.3690E+03,0.006140,0.014384,0.03834,900.0
3.3691E+03,0.004704,0.014913,0.03834,900.0
3.3692E+03,0.003243,0.015299,0.03834,900.0
3.3693E+03,0.001774,0.015544,0.03834,900.0
3.3694E+03,0.000287,0.015644,0.03834,900.0
3.3695E+03,-0.001247,0.015599,0.03834,900.0
3.3696E+03,-0.002776,0.015406,0.03834,900.0
3.3697E+03,-0.004254,0.015064,0.03834,900.0
3.3698E+03,-0.005217,0.014764,0.03834,900.0
3.3699E+03,-0.006463,0.014253,0.03834,900.0
3.3700E+03,-0.007797,0.013558,0.03834,900.0
3.3701E+03,-0.009071,0.012750,0.03834,900.0
3.3702E+03,-0.010261,0.011811,0.03834,0.0
3.3703E+03,-0.011363,0.010756,0.03834,0.0
3.3704E+03,-0.012268,0.009724,0.03834,0.0
3.3705E+03,-0.013163,0.008487,0.03834,0.0
3.3706E+03,-0.013885,0.007251,0.03834,900.0
3.3707E+03,-0.014528,0.005896,0.03834,900.0
3.3708E+03,-0.014852,0.005046,0.03834,900.0
3.3709E+03,-0.015029,0.004474,0.03834,900.0
3.3710E+03,-0.015052,0.004397,0.03834,900.0
3.3711E+03,-0.014575,0.004656,0.03834,900.0
3.3712E+03,-0.009723,0.007294,0.03834,900.0
3.3713E+03,-0.005417,0.009636,0.03834,900.0
3.3715E+03,-0.004011,0.010400,0.03834,900.0
3.3716E+03,-0.003573,0.010540,0.03834,900.0
3.3717E+03,-0.002507,0.010839,0.03834,900.0
3.3718E+03,-0.001019,0.011093,0.03834,900.0
3.3719E+03,0.000522,0.011125,0.03834,900.0
3.3720E+03,0.002035,0.010945,0.03834,900.0
3.3721E+03,0.003494,0.010562,0.03834,900.0
3.3722E+03,0.004891,0.009994,0.03834,900.0
3.3723E+03,0.006194,0.009235,0.03834,900.0
3.3724E+03,0.007354,0.008349,0.03834,900.0
3.3725E+03,0.008398,0.007294,0.03834,900.0
3.3726E+03,0.009322,0.006074,0.03834,900.0
3.3727E+03,0.010077,0.004743,0.03834,900.0
3.3728E+03,0.010629,0.003326,0.03834,900.0
3.3729E+03,0.011002,0.001860,0.03834,900.0
3.3730E+03,0.011148,0.000433,0.03834,900.0
3.3731E+03,0.011121,-0.001091,0.03834,900.0
3.3732E+03,0.010874,-0.002607,0.03834,900.0
3.3733E+03,0.010456,-0.003928,0.03834,900.0
3.3734E+03,0.009845,-0.005270,0.03834,900.0
3.3735E+03,0.009081,-0.006513,0.03834,900.0
3.3736E+03,0.008133,-0.007665,0.03834,900.0
3.3737E+03,0.007016,-0.008693,0.03834,900.0
3.3738E+03,0.005784,-0.009564,0.03834,900.0
3.3739E+03,0.004459,-0.010263,0.03834,900.0
3.3740E+03,0.003036,-0.010771,0.03834,900.0
3.3741E+03,0.001541,-0.011086,0.03834,900.0
3.3742E+03,0.000021,-0.011205,0.03834,900.0
3.3743E+03,-0.001499,-0.011110,0.03834,900.0
3.3744E+03,-0.002887,-0.010824,0.03834,900.0
3.3745E+03,-0.004303,-0.010331,0.03834,900.0
3.3746E+03,-0.005671,-0.009648,0.03834,900.0
3.3747E+03,-0.006940,-0.008753,0.03834,900.0
3.3748E+03,-0.008061,-0.007736,0.03834,900.0
3.3749E+03,-0.009026,-0.006575,0.03834,900.0
3.3750E+03,-0.009758,-0.005438,0.03834,900.0
3.3751E+03,-0.010382,-0.004112,0.03834,900.0
3.3752E+03,-0.010838,-0.002704,0.03834,900.0
3.3753E+03,-0.011115,-0.001146,0.03834,900.0
3.3754E+03,-0.011165,0.000321,0.03834,900.0
3.3755E+03,-0.011011,0.001840,0.03834,0.0
3.3756E+03,-0.010651,0.003310,0.03834,0.0
3.3757E+03,-0.010117,0.004666,0.03834,0.0
3.3758E+03,-0.009410,0.005951,0.03834,0.0
3.3759E+03,-0.008499,0.007176,0.03834,0.0
3.3760E+03,-0.007434,0.008276,0.03834,0.0
3.3761E+03,-0.006245,0.009198,0.03834,900.0
3.3762E+03,-0.004995,0.009935,0.03834,900.0
3.3763E+03,-0.004072,0.010375,0.03834,900.0
3.3764E+03,-0.004011,0.010400,0.03834,900.0
3.3765E+03,-0.004337,0.009842,0.03834,900.0
3.3766E+03,-0.006484,0.006164,0.03834,900.0
3.3767E+03,-0.009968,0.000194,0.03834,900.0
3.3768E+03,-0.012503,-0.004150,0.03834,900.0
3.3770E+03,-0.013048,-0.005084,0.03834,900.0
3.3771E+03,-0.012964,-0.005301,0.03834,900.0
3.3772E+03,-0.012541,-0.006192,0.03834,900.0
3.3773E+03,-0.011810,-0.007488,0.03834,900.0
3.3774E+03,-0.010930,-0.008749,0.03834,900.0
3.3775E+03,-0.009929,-0.009872,0.03834,900.0
3.3776E+03,-0.008811,-0.010895,0.03834,900.0
3.3777E+03,-0.007643,-0.011752,0.03834,900.0
3.3778E+03,-0.006331,-0.012512,0.03834,900.0
3.3779E+03,-0.004908,-0.013133,0.03834,900.0
3.3780E+03,-0.003473,-0.013576,0.03834,900.0
3.3781E+03,-0.001988,-0.013869,0.03834,900.0
3.3782E+03,-0.000452,-0.014000,0.03834,900.0
3.3783E+03,0.001022,-0.013971,0.03834,900.0
3.3784E+03,0.002348,-0.013807,0.03834,900.0
3.3785E+03,0.003838,-0.013469,0.03834,900.0
3.3786E+03,0.005283,-0.012971,0.03834,900.0
3.3787E+03,0.006662,-0.012324,0.03834,900.0
3.3788E+03,0.007947,-0.011545,0.03834,900.0
3.3789E+03,0.009140,-0.010622,0.03834,900.0
3.3790E+03,0.010229,-0.009576,0.03834,900.0
3.3791E+03,0.011158,-0.008463,0.03834,900.0
3.3792E+03,0.012004,-0.007189,0.03834,900.0
3.3793E+03,0.012705,-0.005860,0.03834,900.0
3.3794E+03,0.013258,-0.004436,0.03834,900.0
3.3795E+03,0.013653,-0.003005,0.03834,900.0
3.3796E+03,0.013886,-0.001571,0.03834,900.0
3.3797E+03,0.013967,-0.000053,0.03834,900.0
3.3798E+03,0.013886,0.001504,0.03834,900.0
3.3799E+03,0.013639,0.003004,0.03834,900.0
3.3800E+03,0.013242,0.004461,0.03834,900.0
3.3801E+03,0.012768,0.005691,0.03834,900.0
3.3802E+03,0.012059,0.007046,0.03834,900.0
3.3803E+03,0.011217,0.008306,0.03834,900.0
3.3804E+03,0.010286,0.009423,0.03834,900.0
3.3805E+03,0.009225,0.010454,0.03834,900.0
3.3806E+03,0.008014,0.011403,0.03834,900.0
3.3807E+03,0.006698,0.012220,0.03834,900.0
3.3808E+03,0.005360,0.012868,0.03834,900.0
3.3809E+03,0.003967,0.013360,0.03834,900.0
3.3810E+03,0.002457,0.013730,0.03834,900.0
3.3811E+03,0.000999,0.013908,0.03834,900.0
3.3812E+03,-0.000542,0.013936,0.03834,900.0
3.3813E+03,-0.002032,0.013806,0.03834,900.0
3.3814E+03,-0.003473,0.013510,0.03834,900.0
3.3815E+03,-0.004902,0.013056,0.03834,900.0
3.3816E+03,-0.005855,0.012667,0.03834,900.0
3.3817E+03,-0.007079,0.012010,0.03834,900.0
3.3818E+03,-0.008227,0.011253,0.03834,900.0
3.3819E+03,-0.009398,0.010304,0.03834,900.0
3.3820E+03,-0.010461,0.009220,0.03834,900.0
3.3821E+03,-0.011429,0.008007,0.03834,900.0
3.3822E+03,-0.012233,0.006729,0.03834,900.0
3.3823E+03,-0.012893,0.005382,0.03834,0.0
3.3824E+03,-0.013387,0.004019,0.03834,0.0
3.3825E+03,-0.013695,0.002829,0.03834,0.0
3.3826E+03,-0.013897,0.001495,0.03834,0.0
3.3827E+03,-0.013979,0.000015,0.03834,0.0
3.3828E+03,-0.013907,-0.001419,0.03834,0.0
3.3829E+03,-0.013684,-0.002877,0.03834,900.0
3.3830E+03,-0.013300,-0.004313,0.03834,900.0
3.3831E+03,-0.013070,-0.005025,0.03834,900.0
3.3832E+03,-0.013048,-0.005084,0.03834,900.0
3.3833E+03,-0.012603,-0.004182,0.03834,900.0
3.3834E+03,-0.010211,0.000672,0.03834,900.0
3.3835E+03,-0.006975,0.007244,0.03834,900.0
3.3836E+03,-0.004627,0.011980,0.03834,900.0
3.3837E+03,-0.004624,0.011985,0.03834,900.0
3.3838E+03,-0.004624,0.011986,0.03834,900.0
3.3839E+03,-0.004163,0.012152,0.03834,900.0
3.3840E+03,-0.002904,0.012480,0.03834,900.0
3.3841E+03,-0.001390,0.012740,0.03834,900.0
3.3842E+03,0.000137,0.012808,0.03834,900.0
3.3843E+03,0.001648,0.012717,0.03834,900.0
3.3844E+03,0.003113,0.012443,0.03834,900.0
3.3845E+03,0.004542,0.011995,0.03834,900.0
3.3846E+03,0.005857,0.011413,0.03834,900.0
3.3847E+03,0.007173,0.010659,0.03834,900.0
3.3848E+03,0.008367,0.009748,0.03834,900.0
3.3849E+03,0.009443,0.008706,0.03834,900.0
3.3850E+03,0.010401,0.007529,0.03834,900.0
3.3851E+03,0.011218,0.006251,0.03834,900.0
3.3852E+03,0.011874,0.004902,0.03834,900.0
3.3853E+03,0.012325,0.003605,0.03834,900.0
3.3854E+03,0.012669,0.002134,0.03834,900.0
3.3855E+03,0.012838,0.000639,0.03834,900.0
3.3856E+03,0.012826,-0.000885,0.03834,900.0
3.3857E+03,0.012651,-0.002361,0.03834,900.0
3.3858E+03,0.012298,-0.003819,0.03834,900.0
3.3859E+03,0.011772,-0.005256,0.03834,900.0
3.3860E+03,0.011050,-0.006639,0.03834,900.0
3.3861E+03,0.010250,-0.007815,0.03834,900.0
3.3862E+03,0.009245,-0.008966,0.03834,900.0
3.3863E+03,0.008138,-0.009994,0.03834,900.0
3.3864E+03,0.006898,-0.010882,0.03834,900.0
3.3865E+03,0.005571,-0.011617,0.03834,900.0
3.3866E+03,0.004212,-0.012177,0.03834,900.0
3.3867E+03,0.002772,-0.012587,0.03834,900.0
3.3868E+03,0.001233,-0.012835,0.03834,900.0
3.3869E+03,-0.000232,-0.012897,0.03834,900.0
3.3870E+03,-0.001615,-0.012810,0.03834,900.0
3.3871E+03,-0.003121,-0.012525,0.03834,900.0
3.3872E+03,-0.004465,-0.012104,0.03834,900.0
3.3873E+03,-0.005850,-0.011494,0.03834,900.0
3.3874E+03,-0.007164,-0.010710,0.03834,900.0
3.3875E+03,-0.008367,-0.009789,0.03834,900.0
3.3876E+03,-0.009455,-0.008736,0.03834,900.0
3.3877E+03,-0.010428,-0.007559,0.03834,900.0
3.3878E+03,-0.011228,-0.006297,0.03834,900.0
3.3879E+03,-0.011864,-0.004995,0.03834,900.0
3.3880E+03,-0.012361,-0.003586,0.03834,900.0
3.3881E+03,-0.012694,-0.002096,0.03834,900.0
3.3882E+03,-0.012854,-0.000596,0.03834,900.0
3.3883E+03,-0.012835,0.000974,0.03834,900.0
3.3884E+03,-0.012636,0.002414,0.03834,900.0
3.3885E+03,-0.012257,0.003880,0.03834,900.0
3.3886E+03,-0.011700,0.005302,0.03834,0.0
3.3887E+03,-0.011062,0.006508,0.03834,0.0
3.3888E+03,-0.010212,0.007769,0.03834,0.0
3.3889E+03,-0.009255,0.008879,0.03834,0.0
3.3890E+03,-0.008179,0.009872,0.03834,0.0
3.3891E+03,-0.006934,0.010788,0.03834,0.0
3.3892E+03,-0.005660,0.011521,0.03834,0.0
3.3893E+03,-0.004635,0.011982,0.03834,0.0
3.3895E+03,-0.004624,0.011986,0.03834,0.0
3.3896E+03,-0.004624,0.011987,0.03834,0.0
3.3897E+03,-0.004624,0.011988,0.03834,0.0
3.3898E+03,-0.004624,0.011989,0.03834,0.0
3.3899E+03,-0.004624,0.011990,0.03834,0.0
3.3900E+03,-0.004624,0.011992,0.03834,0.0
3.3901E+03,-0.004624,0.011993,0.03834,0.0
3.3902E+03,-0.004624,0.011994,0.03834,0.0
3.3903E+03,-0.004624,0.011995,0.03834,0.0
3.3904E+03,-0.004624,0.011996,0.03834,0.0
3.3905E+03,-0.004624,0.011997,0.03834,0.0
3.3906E+03,-0.004624,0.011998,0.03834,0.0
3.3907E+03,-0.004624,0.012000,0.03834,0.0
3.3908E+03,-0.004624,0.012001,0.03834,0.0
3.3909E+03,-0.004624,0.012002,0.03834,0.0
3.3910E+03,-0.004624,0.012003,0.03834,0.0
3.3911E+03,-0.004624,0.012005,0.03834,0.0
3.3912E+03,-0.004624,0.012006,0.03834,0.0
3.3913E+03,-0.004624,0.012007,0.03834,0.0
3.3914E+03,-0.004624,0.012008,0.03834,0.0
3.3915E+03,-0.004624,0.012009,0.03834,0.0
3.3916E+03,-0.004624,0.012010,0.03834,0.0
3.3917E+03,-0.004624,0.012011,0.03834,0.0
3.3918E+03,-0.004624,0.012013,0.03834,0.0
3.3919E+03,-0.004624,0.012014,0.03834,0.0
3.3920E+03,-0.004624,0.012015,0.03834,0.0
3.3921E+03,-0.004624,0.012016,0.03834,0.0
3.3922E+03,-0.004624,0.012017,0.03834,0.0
3.3923E+03,-0.004624,0.012019,0.03834,0.0
3.3924E+03,-0.004624,0.012020,0.03834,0.0
3.3925E+03,-0.004624,0.012021,0.03834,0.0
3.3926E+03,-0.004624,0.012022,0.03834,0.0
3.3927E+03,-0.004624,-0.003571,0.03834,0.0
3.3928E+03,-0.004629,-0.003568,0.03834,0.0
3.3929E+03,-0.004731,-0.003505,0.03834,0.0
3.3930E+03,-0.005759,-0.002862,0.03834,0.0
3.3931E+03,-0.006885,-0.002158,0.03834,0.0
3.3932E+03,-0.008034,-0.001440,0.03834,0.0
3.3933E+03,-0.009180,-0.000724,0.03834,0.0
3.3934E+03,-0.010265,-0.000045,0.03834,0.0
3.3935E+03,-0.011385,0.000655,0.03834,0.0
3.3936E+03,-0.012522,0.001365,0.03834,0.0
3.3937E+03,-0.013650,0.002070,0.03834,0.0
3.3938E+03,-0.014642,0.002690,0.03834,0.0
3.3939E+03,-0.015465,0.003204,0.03834,0.0
