4.8250E+03,0.011643,0.020699,0.05254,0.0
4.8251E+03,0.011643,0.020698,0.05254,0.0
4.8251E+03,0.011643,0.020696,0.05254,0.0
4.8252E+03,0.011643,0.020695,0.05254,0.0
4.8253E+03,0.011643,0.020693,0.05254,0.0
4.8254E+03,0.011643,0.020691,0.05254,0.0
4.8255E+03,0.011643,0.020690,0.05254,0.0
4.8256E+03,0.011643,0.020689,0.05254,0.0
4.8257E+03,0.011643,0.020687,0.05254,0.0
4.8258E+03,0.011643,0.020605,0.05254,0.0
4.8259E+03,0.011643,0.020642,0.05254,0.0
4.8260E+03,0.011643,0.020681,0.05254,0.0
4.8262E+03,0.011643,0.020680,0.05254,0.0
4.8263E+03,0.011643,0.020678,0.05254,0.0
4.8264E+03,0.011643,0.020677,0.05254,0.0
4.8265E+03,0.011643,0.020675,0.05254,0.0
4.8266E+03,0.011643,0.020674,0.05254,0.0
4.8267E+03,0.011643,0.020672,0.05254,0.0
4.8268E+03,0.011643,0.020670,0.05254,0.0
4.8268E+03,0.011643,0.020669,0.05254,0.0
4.8269E+03,0.011643,0.020667,0.05254,0.0
4.8270E+03,0.011643,0.020666,0.05254,0.0
4.8272E+03,0.011643,0.020665,0.05254,0.0
4.8273E+03,0.011633,0.020618,0.05254,0.0
4.8274E+03,0.011569,0.020332,0.05254,0.0
4.8275E+03,0.011426,0.019686,0.05254,0.0
4.8276E+03,0.011277,0.019014,0.05254,900.0
4.8277E+03,0.011130,0.018351,0.05254,900.0
4.8279E+03,0.010981,0.017682,0.05254,900.0
4.8280E+03,0.010837,0.017032,0.05254,900.0
4.8281E+03,0.010687,0.016354,0.05254,900.0
4.8282E+03,0.010538,0.015682,0.05254,900.0
4.8283E+03,0.010392,0.015023,0.05254,900.0
4.8284E+03,0.010268,0.014464,0.05254,900.0
4.8285E+03,0.010220,0.014249,0.05254,900.0
4.8286E+03,0.010147,0.014299,0.05254,900.0
4.8287E+03,0.009679,0.014601,0.05254,900.0
4.8288E+03,0.008444,0.015349,0.05254,900.0
4.8289E+03,0.007088,0.016026,0.05254,900.0
4.8290E+03,0.005648,0.016589,0.05254,900.0
4.8291E+03,0.004224,0.017002,0.05254,900.0
4.8292E+03,0.002764,0.017292,0.05254,900.0
4.8293E+03,0.001237,0.017464,0.05254,900.0
4.8294E+03,-0.000272,0.017507,0.05254,900.0
4.8295E+03,-0.001742,0.017419,0.05254,900.0
4.8297E+03,-0.003262,0.017198,0.05254,900.0
4.8298E+03,-0.004753,0.016851,0.05254,900.0
4.8299E+03,-0.006144,0.016395,0.05254,900.0
4.8300E+03,-0.007547,0.015803,0.05254,900.0
4.8301E+03,-0.008900,0.015091,0.05254,900.0
4.8302E+03,-0.010133,0.014300,0.05254,900.0
4.8302E+03,-0.011254,0.013436,0.05254,900.0
4.8303E+03,-0.012351,0.012431,0.05254,900.0
4.8304E+03,-0.013387,0.011302,0.05254,900.0
4.8305E+03,-0.014277,0.010155,0.05254,900.0
4.8306E+03,-0.015095,0.008892,0.05254,900.0
4.8307E+03,-0.015826,0.007525,0.05254,900.0
4.8308E+03,-0.016427,0.006120,0.05254,900.0
4.8309E+03,-0.016875,0.004748,0.05254,900.0
4.8310E+03,-0.017188,0.003482,0.05254,900.0
4.8311E+03,-0.017394,0.002253,0.05254,900.0
4.8312E+03,-0.017529,0.000819,0.05254,900.0
4.8314E+03,-0.017551,-0.000707,0.05254,900.0
4.8315E+03,-0.017409,-0.002264,0.05254,900.0
4.8316E+03,-0.017186,-0.003578,0.05254,900.0
4.8317E+03,-0.016914,-0.004716,0.05254,900.0
4.8318E+03,-0.016446,-0.006126,0.05254,900.0
4.8319E+03,-0.015873,-0.007509,0.05254,900.0
4.8319E+03,-0.015249,-0.008704,0.05254,900.0
4.8320E+03,-0.014451,-0.009978,0.05254,900.0
4.8321E+03,-0.013551,-0.011173,0.05254,900.0
4.8322E+03,-0.012527,-0.012321,0.05254,900.0
4.8323E+03,-0.011429,-0.013356,0.05254,900.0
4.8324E+03,-0.010228,-0.014303,0.05254,900.0
4.8325E+03,-0.009031,-0.015085,0.05254,900.0
4.8326E+03,-0.007714,-0.015806,0.05254,900.0
4.8327E+03,-0.006253,-0.016429,0.05254,900.0
4.8328E+03,-0.004806,-0.016908,0.05254,900.0
4.8329E+03,-0.003383,-0.017250,0.05254,900.0
4.8331E+03,-0.001935,-0.017473,0.05254,900.0
4.8332E+03,-0.000411,-0.017572,0.05254,900.0
4.8333E+03,0.001118,-0.017540,0.05254,900.0
4.8334E+03,0.002618,-0.017382,0.05254,900.0
4.8335E+03,0.004120,-0.017092,0.05254,900.0
4.8336E+03,0.005547,-0.016684,0.05254,900.0
4.8337E+03,0.006956,-0.016155,0.05254,900.0
4.8337E+03,0.008209,-0.015550,0.05254,900.0
4.8338E+03,0.009501,-0.014787,0.05254,900.0
4.8339E+03,0.010693,-0.013947,0.05254,900.0
4.8340E+03,0.011872,-0.012951,0.05254,900.0
4.8341E+03,0.012931,-0.011886,0.05254,900.0
4.8342E+03,0.013874,-0.010771,0.05254,900.0
4.8343E+03,0.014752,-0.009519,0.05254,900.0
4.8344E+03,0.015429,-0.008410,0.05254,900.0
4.8345E+03,0.015882,-0.007485,0.05254,900.0
4.8346E+03,0.016475,-0.006077,0.05254,900.0
4.8348E+03,0.016929,-0.004666,0.05254,900.0
4.8349E+03,0.017259,-0.003232,0.05254,900.0
4.8350E+03,0.017439,-0.002006,0.05254,900.0
4.8351E+03,0.017533,-0.000744,0.05254,900.0
4.8352E+03,0.017528,0.000713,0.05254,900.0
4.8353E+03,0.017455,0.001792,0.05254,900.0
4.8354E+03,0.017261,0.003086,0.05254,900.0
4.8354E+03,0.016969,0.004400,0.05254,900.0
4.8355E+03,0.016533,0.005825,0.05254,900.0
4.8356E+03,0.016018,0.007124,0.05254,0.0
4.8357E+03,0.015482,0.008225,0.05254,0.0
4.8358E+03,0.014858,0.009303,0.05254,0.0
4.8359E+03,0.014044,0.010497,0.05254,0.0
4.8360E+03,0.013113,0.011647,0.05254,900.0
4.8361E+03,0.011989,0.012779,0.05254,900.0
4.8362E+03,0.010861,0.013747,0.05254,900.0
4.8363E+03,0.010335,0.014162,0.05254,900.0
4.8365E+03,0.010220,0.014249,0.05254,900.0
4.8366E+03,0.010102,0.013513,0.05254,900.0
4.8367E+03,0.009345,0.008804,0.05254,900.0
4.8368E+03,0.008622,0.004299,0.05254,900.0
4.8369E+03,0.008527,0.003709,0.05254,900.0
4.8370E+03,0.008548,0.003659,0.05254,900.0
4.8371E+03,0.008689,0.003257,0.05254,900.0
4.8371E+03,0.009095,0.001956,0.05254,900.0
4.8372E+03,0.009287,0.000469,0.05254,900.0
4.8373E+03,0.009240,-0.001021,0.05254,900.0
4.8374E+03,0.008964,-0.002469,0.05254,900.0
4.8375E+03,0.008459,-0.003850,0.05254,900.0
4.8376E+03,0.007741,-0.005161,0.05254,900.0
4.8377E+03,0.006764,-0.006374,0.05254,900.0
4.8378E+03,0.005640,-0.007406,0.05254,900.0
4.8379E+03,0.004395,-0.008206,0.05254,900.0
4.8380E+03,0.003019,-0.008815,0.05254,900.0
4.8381E+03,0.001585,-0.009189,0.05254,900.0
4.8383E+03,0.000051,-0.009328,0.05254,900.0
4.8384E+03,-0.001444,-0.009231,0.05254,900.0
4.8385E+03,-0.002834,-0.008892,0.05254,900.0
4.8386E+03,-0.004240,-0.008309,0.05254,900.0
4.8387E+03,-0.005517,-0.007522,0.05254,900.0
4.8388E+03,-0.006630,-0.006530,0.05254,900.0
4.8388E+03,-0.007495,-0.005497,0.05254,900.0
4.8389E+03,-0.008300,-0.004177,0.05254,900.0
4.8390E+03,-0.008871,-0.002764,0.05254,900.0
4.8391E+03,-0.009190,-0.001347,0.05254,900.0
4.8392E+03,-0.009286,0.000159,0.05254,900.0
4.8393E+03,-0.009140,0.001671,0.05254,900.0
4.8394E+03,-0.008767,0.003086,0.05254,900.0
4.8395E+03,-0.008108,0.004520,0.05254,900.0
4.8396E+03,-0.007277,0.005757,0.05254,900.0
4.8397E+03,-0.006260,0.006833,0.05254,900.0
4.8398E+03,-0.005087,0.007731,0.05254,900.0
4.8400E+03,-0.003725,0.008455,0.05254,900.0
4.8401E+03,-0.002292,0.008956,0.05254,900.0
4.8402E+03,-0.000812,0.009203,0.05254,900.0
4.8403E+03,0.000692,0.009218,0.05254,0.0
4.8404E+03,0.002158,0.008992,0.05254,0.0
4.8405E+03,0.003567,0.008537,0.05254,0.0
4.8406E+03,0.004882,0.007867,0.05254,0.0
4.8406E+03,0.006038,0.007055,0.05254,900.0
4.8407E+03,0.007107,0.005963,0.05254,900.0
4.8408E+03,0.007923,0.004746,0.05254,900.0
4.8409E+03,0.008421,0.003894,0.05254,900.0
4.8410E+03,0.008527,0.003709,0.05254,900.0
4.8411E+03,0.008745,0.003614,0.05254,900.0
4.8412E+03,0.012123,0.002144,0.05254,900.0
4.8413E+03,0.015347,0.000740,0.05254,900.0
4.8414E+03,0.015843,0.000524,0.05254,900.0
4.8415E+03,0.015843,0.000533,0.05254,900.0
4.8417E+03,0.015821,0.000823,0.05254,900.0
4.8418E+03,0.015691,0.002159,0.05254,900.0
4.8419E+03,0.015419,0.003651,0.05254,900.0
4.8420E+03,0.014999,0.005089,0.05254,900.0
4.8421E+03,0.014613,0.006106,0.05254,900.0
4.8422E+03,0.014072,0.007253,0.05254,900.0
4.8423E+03,0.013320,0.008535,0.05254,900.0
4.8423E+03,0.012559,0.009663,0.05254,900.0
4.8424E+03,0.011561,0.010832,0.05254,900.0
4.8425E+03,0.010457,0.011866,0.05254,900.0
4.8426E+03,0.009326,0.012772,0.05254,900.0
4.8427E+03,0.008038,0.013623,0.05254,900.0
4.8428E+03,0.006729,0.014313,0.05254,900.0
4.8429E+03,0.005332,0.014895,0.05254,900.0
4.8430E+03,0.003859,0.015345,0.05254,900.0
4.8431E+03,0.002366,0.015643,0.05254,900.0
4.8432E+03,0.000868,0.015790,0.05254,900.0
4.8434E+03,-0.000626,0.015796,0.05254,900.0
4.8435E+03,-0.002136,0.015663,0.05254,900.0
4.8436E+03,-0.003593,0.015389,0.05254,900.0
4.8437E+03,-0.005020,0.014988,0.05254,900.0
4.8438E+03,-0.006431,0.014438,0.05254,900.0
4.8439E+03,-0.007783,0.013761,0.05254,900.0
4.8440E+03,-0.009052,0.012972,0.05254,900.0
4.8440E+03,-0.010136,0.012147,0.05254,900.0
4.8441E+03,-0.011241,0.011149,0.05254,900.0
4.8442E+03,-0.012285,0.009974,0.05254,900.0
4.8443E+03,-0.013181,0.008760,0.05254,900.0
4.8444E+03,-0.013960,0.007455,0.05254,900.0
4.8445E+03,-0.014591,0.006129,0.05254,900.0
4.8446E+03,-0.015111,0.004704,0.05254,900.0
4.8447E+03,-0.015492,0.003252,0.05254,900.0
4.8448E+03,-0.015713,0.002016,0.05254,900.0
4.8449E+03,-0.015813,0.001027,0.05254,900.0
4.8450E+03,-0.015843,-0.000055,0.05254,900.0
4.8452E+03,-0.015796,-0.001326,0.05254,900.0
4.8453E+03,-0.015663,-0.002412,0.05254,900.0
4.8454E+03,-0.015354,-0.003989,0.05254,900.0
4.8455E+03,-0.014933,-0.005367,0.05254,900.0
4.8456E+03,-0.014318,-0.006823,0.05254,900.0
4.8457E+03,-0.013654,-0.008091,0.05254,900.0
4.8457E+03,-0.012874,-0.009258,0.05254,900.0
4.8458E+03,-0.011952,-0.010431,0.05254,900.0
4.8459E+03,-0.010942,-0.011490,0.05254,900.0
4.8460E+03,-0.009776,-0.012492,0.05254,900.0
4.8461E+03,-0.008534,-0.013384,0.05254,900.0
4.8462E+03,-0.007276,-0.014121,0.05254,900.0
4.8463E+03,-0.005920,-0.014780,0.05254,900.0
4.8464E+03,-0.004407,-0.015268,0.05254,900.0
4.8465E+03,-0.003018,-0.015604,0.05254,900.0
4.8466E+03,-0.001441,-0.015825,0.05254,900.0
4.8467E+03,0.000027,-0.015886,0.05254,900.0
4.8469E+03,0.001503,-0.015808,0.05254,900.0
4.8470E+03,0.003008,-0.015583,0.05254,900.0
4.8471E+03,0.004498,-0.015225,0.05254,900.0
4.8472E+03,0.005904,-0.014735,0.05254,900.0
4.8473E+03,0.007245,-0.014119,0.05254,900.0
4.8474E+03,0.008562,-0.013362,0.05254,900.0
4.8474E+03,0.009707,-0.012563,0.05254,900.0
4.8475E+03,0.010858,-0.011580,0.05254,900.0
4.8476E+03,0.011906,-0.010511,0.05254,900.0
4.8477E+03,0.012820,-0.009355,0.05254,0.0
4.8478E+03,0.013670,-0.008061,0.05254,0.0
4.8479E+03,0.014357,-0.006733,0.05254,0.0
4.8480E+03,0.014933,-0.005314,0.05254,0.0
4.8481E+03,0.015359,-0.003908,0.05254,0.0
4.8482E+03,0.015615,-0.002769,0.05254,900.0
4.8483E+03,0.015768,-0.001467,0.05254,900.0
4.8484E+03,0.015845,-0.000131,0.05254,900.0
4.8486E+03,0.015843,0.000524,0.05254,900.0
4.8487E+03,0.015832,0.000531,0.05254,900.0
4.8488E+03,0.015165,0.000979,0.05254,900.0
4.8489E+03,0.010392,0.004184,0.05254,900.0
4.8490E+03,0.010098,0.004381,0.05254,900.0
4.8491E+03,0.010085,0.004390,0.05254,900.0
4.8491E+03,0.010147,0.004240,0.05254,900.0
4.8492E+03,0.010506,0.003180,0.05254,900.0
4.8493E+03,0.010845,0.001701,0.05254,900.0
4.8494E+03,0.010975,0.000220,0.05254,900.0
4.8495E+03,0.010922,-0.001225,0.05254,900.0
4.8496E+03,0.010654,-0.002706,0.05254,900.0
4.8497E+03,0.010183,-0.004166,0.05254,900.0
4.8498E+03,0.009495,-0.005584,0.05254,900.0
4.8499E+03,0.008676,-0.006816,0.05254,900.0
4.8500E+03,0.007697,-0.007905,0.05254,900.0
4.8501E+03,0.006559,-0.008868,0.05254,900.0
4.8503E+03,0.005265,-0.009690,0.05254,900.0
4.8504E+03,0.003885,-0.010318,0.05254,900.0
4.8505E+03,0.002448,-0.010747,0.05254,900.0
4.8506E+03,0.000992,-0.010970,0.05254,900.0
4.8507E+03,-0.000541,-0.011005,0.05254,900.0
4.8508E+03,-0.002038,-0.010834,0.05254,900.0
4.8509E+03,-0.003447,-0.010466,0.05254,900.0
4.8509E+03,-0.004736,-0.009960,0.05254,900.0
4.8510E+03,-0.006072,-0.009211,0.05254,900.0
4.8511E+03,-0.007231,-0.008335,0.05254,900.0
4.8512E+03,-0.008358,-0.007199,0.05254,900.0
4.8513E+03,-0.009228,-0.006026,0.05254,900.0
4.8514E+03,-0.009955,-0.004689,0.05254,900.0
4.8515E+03,-0.010484,-0.003322,0.05254,900.0
4.8516E+03,-0.010834,-0.001840,0.05254,900.0
4.8517E+03,-0.010983,-0.000330,0.05254,900.0
4.8518E+03,-0.010918,0.001152,0.05254,900.0
4.8520E+03,-0.010657,0.002628,0.05254,900.0
4.8521E+03,-0.010196,0.004065,0.05254,900.0
4.8522E+03,-0.009547,0.005399,0.05254,900.0
4.8523E+03,-0.008733,0.006645,0.05254,900.0
4.8524E+03,-0.007732,0.007811,0.05254,900.0
4.8525E+03,-0.006570,0.008793,0.05254,900.0
4.8526E+03,-0.005283,0.009610,0.05254,900.0
4.8526E+03,-0.004075,0.010170,0.05254,900.0
4.8527E+03,-0.002651,0.010628,0.05254,900.0
4.8528E+03,-0.001176,0.010883,0.05254,900.0
4.8529E+03,0.000325,0.010942,0.05254,900.0
4.8530E+03,0.001840,0.010793,0.05254,0.0
4.8531E+03,0.003314,0.010433,0.05254,0.0
4.8532E+03,0.004696,0.009903,0.05254,0.0
4.8533E+03,0.006021,0.009168,0.05254,0.0
4.8534E+03,0.007252,0.008242,0.05254,900.0
4.8535E+03,0.008309,0.007184,0.05254,900.0
4.8537E+03,0.009193,0.006010,0.05254,900.0
4.8538E+03,0.009892,0.004769,0.05254,900.0
4.8539E+03,0.010066,0.004431,0.05254,900.0
4.8540E+03,0.010085,0.004390,0.05254,900.0
4.8541E+03,0.009294,0.006401,0.05254,900.0
4.8542E+03,0.007796,0.010209,0.05254,900.0
4.8543E+03,0.006980,0.012283,0.05254,900.0
4.8544E+03,0.006896,0.012329,0.05254,900.0
4.8545E+03,0.006291,0.012637,0.05254,900.0
4.8546E+03,0.004943,0.013231,0.05254,900.0
4.8547E+03,0.003474,0.013684,0.05254,900.0
4.8548E+03,0.002010,0.013970,0.05254,900.0
4.8549E+03,0.000494,0.014098,0.05254,900.0
4.8550E+03,-0.000962,0.014073,0.05254,900.0
4.8551E+03,-0.002440,0.013890,0.05254,900.0
4.8552E+03,-0.003917,0.013542,0.05254,900.0
4.8553E+03,-0.005349,0.013055,0.05254,900.0
4.8555E+03,-0.006704,0.012409,0.05254,900.0
4.8556E+03,-0.007987,0.011633,0.05254,900.0
4.8557E+03,-0.009183,0.010714,0.05254,900.0
4.8558E+03,-0.010319,0.009650,0.05254,900.0
4.8559E+03,-0.011269,0.008522,0.05254,900.0
4.8560E+03,-0.012117,0.007282,0.05254,900.0
4.8560E+03,-0.012762,0.006055,0.05254,900.0
4.8561E+03,-0.013338,0.004659,0.05254,900.0
4.8562E+03,-0.013754,0.003227,0.05254,900.0
4.8563E+03,-0.014018,0.001783,0.05254,900.0
4.8564E+03,-0.014124,0.000252,0.05254,900.0
4.8565E+03,-0.014093,-0.001211,0.05254,900.0
4.8566E+03,-0.013932,-0.002448,0.05254,900.0
4.8567E+03,-0.013660,-0.003695,0.05254,900.0
4.8568E+03,-0.013209,-0.005094,0.05254,900.0
4.8569E+03,-0.012584,-0.006507,0.05254,900.0
4.8570E+03,-0.011809,-0.007843,0.05254,900.0
4.8572E+03,-0.010966,-0.008987,0.05254,900.0
4.8573E+03,-0.009927,-0.010111,0.05254,900.0
4.8574E+03,-0.008799,-0.011111,0.05254,900.0
4.8575E+03,-0.007587,-0.011965,0.05254,900.0
4.8576E+03,-0.006238,-0.012716,0.05254,900.0
4.8577E+03,-0.004827,-0.013326,0.05254,900.0
4.8577E+03,-0.003559,-0.013722,0.05254,900.0
4.8578E+03,-0.002124,-0.014016,0.05254,900.0
4.8579E+03,-0.000620,-0.014170,0.05254,900.0
4.8580E+03,0.000880,-0.014157,0.05254,900.0
4.8581E+03,0.002378,-0.013991,0.05254,900.0
4.8582E+03,0.003870,-0.013652,0.05254,900.0
4.8583E+03,0.005275,-0.013169,0.05254,900.0
4.8584E+03,0.006655,-0.012516,0.05254,900.0
4.8585E+03,0.007951,-0.011728,0.05254,900.0
4.8586E+03,0.009158,-0.010804,0.05254,900.0
4.8587E+03,0.010263,-0.009748,0.05254,900.0
4.8589E+03,0.011258,-0.008592,0.05254,900.0
4.8590E+03,0.012081,-0.007378,0.05254,900.0
4.8591E+03,0.012771,-0.006089,0.05254,900.0
4.8592E+03,0.013366,-0.004662,0.05254,900.0
4.8593E+03,0.013784,-0.003192,0.05254,900.0
4.8594E+03,0.014048,-0.001727,0.05254,900.0
4.8595E+03,0.014157,-0.000179,0.05254,900.0
4.8595E+03,0.014093,0.001137,0.05254,900.0
4.8596E+03,0.013896,0.002592,0.05254,900.0
4.8597E+03,0.013520,0.004074,0.05254,900.0
4.8598E+03,0.013016,0.005476,0.05254,0.0
4.8599E+03,0.012424,0.006717,0.05254,0.0
4.8600E+03,0.011721,0.007867,0.05254,0.0
4.8601E+03,0.010883,0.008995,0.05254,0.0
4.8602E+03,0.009889,0.010071,0.05254,900.0
4.8603E+03,0.008718,0.011104,0.05254,900.0
4.8604E+03,0.007540,0.011947,0.05254,900.0
4.8606E+03,0.006985,0.012280,0.05254,900.0
4.8607E+03,0.006980,0.012283,0.05254,900.0
4.8608E+03,0.007221,0.011911,0.05254,900.0
4.8609E+03,0.010374,0.007034,0.05254,900.0
4.8610E+03,0.011559,0.005201,0.05254,900.0
4.8611E+03,0.011643,0.005071,0.05254,900.0
4.8612E+03,0.011707,0.004916,0.05254,900.0
4.8612E+03,0.011954,0.004213,0.05254,900.0
4.8613E+03,0.012384,0.002754,0.05254,900.0
4.8614E+03,0.012639,0.001293,0.05254,900.0
4.8615E+03,0.012715,-0.000175,0.05254,900.0
4.8616E+03,0.012604,-0.001716,0.05254,900.0
4.8617E+03,0.012299,-0.003230,0.05254,900.0
4.8618E+03,0.011851,-0.004600,0.05254,900.0
4.8619E+03,0.011210,-0.005991,0.05254,900.0
4.8620E+03,0.010442,-0.007255,0.05254,900.0
4.8621E+03,0.009514,-0.008435,0.05254,900.0
4.8622E+03,0.008454,-0.009504,0.05254,900.0
4.8624E+03,0.007296,-0.010444,0.05254,900.0
4.8625E+03,0.006015,-0.011241,0.05254,900.0
4.8626E+03,0.004589,-0.011860,0.05254,900.0
4.8627E+03,0.003127,-0.012332,0.05254,900.0
4.8628E+03,0.001661,-0.012625,0.05254,900.0
4.8629E+03,0.000181,-0.012738,0.05254,900.0
4.8629E+03,-0.001205,-0.012683,0.05254,900.0
4.8630E+03,-0.002709,-0.012443,0.05254,900.0
4.8631E+03,-0.004099,-0.012053,0.05254,900.0
4.8632E+03,-0.005516,-0.011457,0.05254,900.0
4.8633E+03,-0.006849,-0.010716,0.05254,900.0
4.8634E+03,-0.008050,-0.009843,0.05254,900.0
4.8635E+03,-0.009132,-0.008846,0.05254,900.0
4.8636E+03,-0.010095,-0.007723,0.05254,900.0
4.8637E+03,-0.010962,-0.006458,0.05254,900.0
4.8638E+03,-0.011669,-0.005057,0.05254,900.0
4.8639E+03,-0.012168,-0.003689,0.05254,900.0
4.8641E+03,-0.012528,-0.002190,0.05254,900.0
4.8642E+03,-0.012689,-0.000720,0.05254,900.0
4.8643E+03,-0.012676,0.000770,0.05254,900.0
4.8644E+03,-0.012496,0.002264,0.05254,900.0
4.8645E+03,-0.012118,0.003750,0.05254,900.0
4.8646E+03,-0.011600,0.005187,0.05254,900.0
4.8646E+03,-0.010970,0.006380,0.05254,900.0
4.8647E+03,-0.010130,0.007599,0.05254,900.0
4.8648E+03,-0.009172,0.008728,0.05254,900.0
4.8649E+03,-0.008060,0.009770,0.05254,900.0
4.8650E+03,-0.006826,0.010675,0.05254,900.0
4.8651E+03,-0.005570,0.011387,0.05254,900.0
4.8652E+03,-0.004135,0.011982,0.05254,900.0
4.8653E+03,-0.002720,0.012374,0.05254,900.0
4.8654E+03,-0.001248,0.012598,0.05254,900.0
4.8655E+03,0.000293,0.012644,0.05254,900.0
4.8656E+03,0.001823,0.012521,0.05254,900.0
4.8658E+03,0.003260,0.012228,0.05254,900.0
4.8659E+03,0.004666,0.011766,0.05254,0.0
4.8660E+03,0.006067,0.011115,0.05254,0.0
4.8661E+03,0.007379,0.010293,0.05254,0.0
4.8662E+03,0.008538,0.009361,0.05254,0.0
4.8663E+03,0.009551,0.008334,0.05254,0.0
4.8664E+03,0.010541,0.007071,0.05254,0.0
4.8664E+03,0.011236,0.005901,0.05254,0.0
4.8665E+03,0.011586,0.005193,0.05254,0.0
4.8667E+03,0.011643,0.005071,0.05254,0.0
4.8668E+03,0.011643,0.005072,0.05254,0.0
4.8669E+03,0.011643,0.005074,0.05254,0.0
4.8670E+03,0.011643,0.005075,0.05254,0.0
4.8671E+03,0.011643,0.005076,0.05254,0.0
4.8672E+03,0.011643,0.005077,0.05254,0.0
4.8673E+03,0.011643,0.005078,0.05254,0.0
4.8675E+03,0.011643,0.005079,0.05254,0.0
4.8676E+03,0.011643,0.005080,0.05254,0.0
4.8677E+03,0.011643,0.005081,0.05254,0.0
4.8678E+03,0.011643,0.005082,0.05254,0.0
4.8679E+03,0.011643,0.005083,0.05254,0.0
4.8680E+03,0.011643,0.005084,0.05254,0.0
4.8681E+03,0.011643,0.005085,0.05254,0.0
4.8681E+03,0.011643,0.005086,0.05254,0.0
4.8682E+03,0.011643,0.005087,0.05254,0.0
4.8683E+03,0.011643,0.005088,0.05254,0.0
4.8684E+03,0.011643,0.005090,0.05254,0.0
4.8685E+03,0.011643,0.005091,0.05254,0.0
4.8686E+03,0.011643,0.005092,0.05254,0.0
4.8687E+03,0.011643,0.005093,0.05254,0.0
4.8688E+03,0.011643,0.005094,0.05254,0.0
4.8689E+03,0.011643,0.005095,0.05254,0.0
4.8690E+03,0.011643,0.005096,0.05254,0.0
4.8691E+03,0.011643,0.005097,0.05254,0.0
4.8693E+03,0.011643,0.005099,0.05254,0.0
4.8694E+03,0.011643,0.005100,0.05254,0.0
4.8695E+03,0.011643,0.005101,0.05254,0.0
4.8696E+03,0.011643,0.005102,0.05254,0.0
4.8697E+03,0.011643,0.005103,0.05254,0.0
4.8698E+03,0.011643,0.005105,0.05254,0.0
4.8699E+03,0.011643,0.005106,0.05254,0.0
4.8700E+03,0.011643,0.005107,0.05254,0.0
4.8702E+03,0.011643,-0.010486,0.05254,0.0
4.8703E+03,0.011848,-0.009824,0.05254,0.0
4.8704E+03,0.012275,-0.008446,0.05254,0.0
4.8705E+03,0.012790,-0.006782,0.05254,0.0
4.8706E+03,0.013305,-0.005118,0.05254,0.0
4.8707E+03,0.013807,-0.003494,0.05254,0.0
4.8708E+03,0.014307,-0.001879,0.05254,0.0
4.8710E+03,0.014838,-0.000163,0.05254,0.0
4.8711E+03,0.015341,0.001462,0.05254,0.0
4.8712E+03,0.015866,0.003157,0.05254,0.0
4.8713E+03,0.016381,0.004819,0.05254,0.0
4.8714E+03,0.016615,0.005578,0.05254,0.0
