4.5671E+03,0.011540,0.021371,0.05041,0.0
4.5672E+03,0.011540,0.021370,0.05041,0.0
4.5672E+03,0.011540,0.021369,0.05041,0.0
4.5673E+03,0.011540,0.021367,0.05041,0.0
4.5674E+03,0.011540,0.021365,0.05041,0.0
4.5675E+03,0.011540,0.021364,0.05041,0.0
4.5676E+03,0.011540,0.021362,0.05041,0.0
4.5677E+03,0.011540,0.021361,0.05041,0.0
4.5678E+03,0.011540,0.021359,0.05041,0.0
4.5679E+03,0.011540,0.021357,0.05041,0.0
4.5680E+03,0.011540,0.021355,0.05041,0.0
4.5681E+03,0.011540,0.021354,0.05041,0.0
4.5683E+03,0.011540,0.021352,0.05041,0.0
4.5684E+03,0.011540,0.021351,0.05041,0.0
4.5685E+03,0.011540,0.021349,0.05041,0.0
4.5686E+03,0.011540,0.021348,0.05041,0.0
4.5687E+03,0.011540,0.021346,0.05041,0.0
4.5688E+03,0.011540,0.021344,0.05041,0.0
4.5689E+03,0.011540,0.021342,0.05041,0.0
4.5689E+03,0.011540,0.021257,0.05041,0.0
4.5690E+03,0.011540,0.021309,0.05041,0.0
4.5691E+03,0.011540,0.021338,0.05041,0.0
4.5693E+03,0.011540,0.021337,0.05041,0.0
4.5694E+03,0.011576,0.021197,0.05041,0.0
4.5695E+03,0.011823,0.020229,0.05041,0.0
4.5696E+03,0.012392,0.018005,0.05041,0.0
4.5697E+03,0.012969,0.015750,0.05041,0.0
4.5698E+03,0.013536,0.013533,0.05041,900.0
4.5700E+03,0.014120,0.011249,0.05041,900.0
4.5701E+03,0.014700,0.008979,0.05041,900.0
4.5702E+03,0.015266,0.006768,0.05041,900.0
4.5703E+03,0.015836,0.004538,0.05041,900.0
4.5704E+03,0.016393,0.002362,0.05041,900.0
4.5705E+03,0.016965,0.000126,0.05041,900.0
4.5706E+03,0.017272,-0.001077,0.05041,900.0
4.5707E+03,0.017331,-0.001307,0.05041,900.0
4.5708E+03,0.017338,-0.001115,0.05041,900.0
4.5709E+03,0.017368,-0.000023,0.05041,900.0
4.5710E+03,0.017308,0.001428,0.05041,900.0
4.5711E+03,0.017213,0.002314,0.05041,900.0
4.5712E+03,0.016942,0.003767,0.05041,900.0
4.5713E+03,0.016539,0.005221,0.05041,900.0
4.5714E+03,0.016020,0.006635,0.05041,900.0
4.5715E+03,0.015388,0.007997,0.05041,900.0
4.5717E+03,0.014621,0.009311,0.05041,900.0
4.5718E+03,0.013740,0.010560,0.05041,900.0
4.5719E+03,0.012764,0.011724,0.05041,900.0
4.5720E+03,0.011698,0.012786,0.05041,900.0
4.5721E+03,0.010553,0.013745,0.05041,900.0
4.5722E+03,0.009335,0.014612,0.05041,900.0
4.5723E+03,0.008061,0.015401,0.05041,900.0
4.5723E+03,0.006808,0.015947,0.05041,900.0
4.5724E+03,0.005361,0.016476,0.05041,900.0
4.5725E+03,0.003869,0.016883,0.05041,900.0
4.5726E+03,0.002426,0.017152,0.05041,900.0
4.5727E+03,0.000941,0.017294,0.05041,900.0
4.5728E+03,-0.000591,0.017307,0.05041,900.0
4.5729E+03,-0.002112,0.017188,0.05041,900.0
4.5730E+03,-0.003596,0.016947,0.05041,900.0
4.5731E+03,-0.005040,0.016577,0.05041,900.0
4.5732E+03,-0.006470,0.016079,0.05041,900.0
4.5734E+03,-0.007802,0.015478,0.05041,900.0
4.5735E+03,-0.009174,0.014713,0.05041,900.0
4.5736E+03,-0.010389,0.013888,0.05041,900.0
4.5737E+03,-0.011523,0.012951,0.05041,900.0
4.5738E+03,-0.012632,0.011866,0.05041,900.0
4.5739E+03,-0.013634,0.010701,0.05041,900.0
4.5740E+03,-0.014486,0.009527,0.05041,900.0
4.5740E+03,-0.015186,0.008361,0.05041,900.0
4.5741E+03,-0.015861,0.007004,0.05041,900.0
4.5742E+03,-0.016343,0.005826,0.05041,900.0
4.5743E+03,-0.016681,0.004764,0.05041,900.0
4.5744E+03,-0.017036,0.003307,0.05041,900.0
4.5745E+03,-0.017268,0.001835,0.05041,900.0
4.5746E+03,-0.017362,0.000383,0.05041,900.0
4.5747E+03,-0.017328,-0.001108,0.05041,900.0
4.5748E+03,-0.017157,-0.002661,0.05041,900.0
4.5749E+03,-0.016874,-0.004115,0.05041,900.0
4.5750E+03,-0.016489,-0.005457,0.05041,900.0
4.5752E+03,-0.016099,-0.006543,0.05041,900.0
4.5753E+03,-0.015554,-0.007720,0.05041,900.0
4.5754E+03,-0.014809,-0.009080,0.05041,900.0
4.5755E+03,-0.013972,-0.010339,0.05041,900.0
4.5756E+03,-0.013039,-0.011501,0.05041,900.0
4.5757E+03,-0.012050,-0.012539,0.05041,900.0
4.5757E+03,-0.011046,-0.013445,0.05041,900.0
4.5758E+03,-0.009782,-0.014383,0.05041,900.0
4.5759E+03,-0.008513,-0.015171,0.05041,900.0
4.5760E+03,-0.007172,-0.015841,0.05041,900.0
4.5761E+03,-0.005751,-0.016408,0.05041,900.0
4.5762E+03,-0.004284,-0.016852,0.05041,900.0
4.5763E+03,-0.002809,-0.017165,0.05041,900.0
4.5764E+03,-0.001344,-0.017338,0.05041,900.0
4.5765E+03,0.000146,-0.017392,0.05041,900.0
4.5766E+03,0.001684,-0.017312,0.05041,900.0
4.5767E+03,0.003160,-0.017111,0.05041,900.0
4.5769E+03,0.004607,-0.016779,0.05041,900.0
4.5770E+03,0.006028,-0.016326,0.05041,900.0
4.5771E+03,0.007438,-0.015730,0.05041,900.0
4.5772E+03,0.008791,-0.015010,0.05041,900.0
4.5773E+03,0.010070,-0.014172,0.05041,900.0
4.5774E+03,0.011212,-0.013286,0.05041,900.0
4.5774E+03,0.012171,-0.012357,0.05041,900.0
4.5775E+03,0.013226,-0.011214,0.05041,900.0
4.5776E+03,0.014197,-0.010018,0.05041,0.0
4.5777E+03,0.014988,-0.008782,0.05041,0.0
4.5778E+03,0.015698,-0.007452,0.05041,0.0
4.5779E+03,0.016306,-0.006016,0.05041,0.0
4.5780E+03,0.016757,-0.004586,0.05041,900.0
4.5781E+03,0.017089,-0.003118,0.05041,900.0
4.5782E+03,0.017259,-0.001933,0.05041,900.0
4.5783E+03,0.017322,-0.001387,0.05041,900.0
4.5784E+03,0.017331,-0.001307,0.05041,900.0
4.5786E+03,0.016927,-0.001055,0.05041,900.0
4.5787E+03,0.013219,0.001263,0.05041,900.0
4.5788E+03,0.009376,0.003664,0.05041,900.0
4.5789E+03,0.008504,0.004209,0.05041,900.0
4.5790E+03,0.008514,0.004188,0.05041,900.0
4.5791E+03,0.008660,0.003824,0.05041,900.0
4.5791E+03,0.009099,0.002642,0.05041,900.0
4.5792E+03,0.009427,0.001136,0.05041,900.0
4.5793E+03,0.009477,-0.000376,0.05041,900.0
4.5794E+03,0.009303,-0.001857,0.05041,900.0
4.5795E+03,0.008899,-0.003267,0.05041,900.0
4.5796E+03,0.008278,-0.004634,0.05041,900.0
4.5797E+03,0.007451,-0.005877,0.05041,900.0
4.5798E+03,0.006437,-0.006970,0.05041,900.0
4.5799E+03,0.005252,-0.007907,0.05041,900.0
4.5800E+03,0.003933,-0.008644,0.05041,900.0
4.5801E+03,0.002546,-0.009161,0.05041,900.0
4.5803E+03,0.001097,-0.009449,0.05041,900.0
4.5804E+03,-0.000468,-0.009510,0.05041,900.0
4.5805E+03,-0.001974,-0.009328,0.05041,900.0
4.5806E+03,-0.003450,-0.008862,0.05041,900.0
4.5807E+03,-0.004815,-0.008216,0.05041,900.0
4.5808E+03,-0.005957,-0.007404,0.05041,900.0
4.5808E+03,-0.006962,-0.006439,0.05041,900.0
4.5809E+03,-0.007900,-0.005252,0.05041,900.0
4.5810E+03,-0.008620,-0.003939,0.05041,900.0
4.5811E+03,-0.009146,-0.002485,0.05041,900.0
4.5812E+03,-0.009423,-0.001011,0.05041,900.0
4.5813E+03,-0.009466,0.000443,0.05041,900.0
4.5814E+03,-0.009271,0.001960,0.05041,900.0
4.5815E+03,-0.008841,0.003423,0.05041,900.0
4.5816E+03,-0.008220,0.004707,0.05041,900.0
4.5817E+03,-0.007348,0.005949,0.05041,900.0
4.5818E+03,-0.006267,0.007069,0.05041,900.0
4.5820E+03,-0.005039,0.007977,0.05041,900.0
4.5821E+03,-0.003737,0.008665,0.05041,900.0
4.5822E+03,-0.002337,0.009132,0.05041,900.0
4.5823E+03,-0.000877,0.009391,0.05041,900.0
4.5824E+03,0.000599,0.009414,0.05041,0.0
4.5825E+03,0.002112,0.009183,0.05041,0.0
4.5825E+03,0.003476,0.008787,0.05041,0.0
4.5826E+03,0.004795,0.008161,0.05041,0.0
4.5827E+03,0.006003,0.007327,0.05041,0.0
4.5828E+03,0.007099,0.006261,0.05041,900.0
4.5829E+03,0.007986,0.005071,0.05041,900.0
4.5830E+03,0.008411,0.004377,0.05041,900.0
4.5831E+03,0.008504,0.004209,0.05041,900.0
4.5832E+03,0.008095,0.004185,0.05041,900.0
4.5833E+03,0.003768,0.003935,0.05041,900.0
4.5834E+03,-0.003904,0.003492,0.05041,900.0
4.5835E+03,-0.011249,0.003068,0.05041,900.0
4.5837E+03,-0.015389,0.002829,0.05041,900.0
4.5838E+03,-0.015414,0.002827,0.05041,900.0
4.5839E+03,-0.015418,0.002803,0.05041,900.0
4.5840E+03,-0.015447,0.002604,0.05041,900.0
4.5841E+03,-0.015580,0.001614,0.05041,900.0
4.5842E+03,-0.015658,0.000226,0.05041,900.0
4.5843E+03,-0.015607,-0.001287,0.05041,900.0
4.5843E+03,-0.015506,-0.002254,0.05041,900.0
4.5844E+03,-0.015276,-0.003456,0.05041,900.0
4.5845E+03,-0.014983,-0.004608,0.05041,900.0
4.5846E+03,-0.014578,-0.005731,0.05041,900.0
4.5847E+03,-0.014029,-0.006997,0.05041,900.0
4.5848E+03,-0.013556,-0.007879,0.05041,900.0
4.5849E+03,-0.012934,-0.008867,0.05041,900.0
4.5850E+03,-0.012103,-0.009989,0.05041,900.0
4.5851E+03,-0.011544,-0.010631,0.05041,900.0
4.5852E+03,-0.010479,-0.011679,0.05041,900.0
4.5854E+03,-0.009300,-0.012636,0.05041,900.0
4.5855E+03,-0.008050,-0.013464,0.05041,900.0
4.5856E+03,-0.006781,-0.014148,0.05041,900.0
4.5857E+03,-0.005420,-0.014718,0.05041,900.0
4.5858E+03,-0.003949,-0.015180,0.05041,900.0
4.5859E+03,-0.002428,-0.015498,0.05041,900.0
4.5860E+03,-0.000943,-0.015663,0.05041,900.0
4.5860E+03,0.000356,-0.015697,0.05041,900.0
4.5861E+03,0.001855,-0.015592,0.05041,900.0
4.5862E+03,0.003339,-0.015347,0.05041,900.0
4.5863E+03,0.004857,-0.014934,0.05041,900.0
4.5864E+03,0.006257,-0.014385,0.05041,900.0
4.5865E+03,0.007568,-0.013746,0.05041,900.0
4.5866E+03,0.008836,-0.012955,0.05041,900.0
4.5867E+03,0.010033,-0.012051,0.05041,900.0
4.5868E+03,0.011136,-0.011034,0.05041,900.0
4.5869E+03,0.012149,-0.009903,0.05041,900.0
4.5871E+03,0.013052,-0.008679,0.05041,900.0
4.5872E+03,0.013820,-0.007388,0.05041,900.0
4.5873E+03,0.014464,-0.006025,0.05041,900.0
4.5874E+03,0.014980,-0.004614,0.05041,900.0
4.5875E+03,0.015360,-0.003129,0.05041,900.0
4.5876E+03,0.015585,-0.001622,0.05041,900.0
4.5877E+03,0.015662,-0.000135,0.05041,900.0
4.5877E+03,0.015595,0.001234,0.05041,900.0
4.5878E+03,0.015412,0.002710,0.05041,900.0
4.5879E+03,0.015078,0.004150,0.05041,900.0
4.5880E+03,0.014602,0.005590,0.05041,900.0
4.5881E+03,0.013980,0.007001,0.05041,900.0
4.5882E+03,0.013227,0.008336,0.05041,900.0
4.5883E+03,0.012369,0.009570,0.05041,900.0
4.5884E+03,0.011409,0.010699,0.05041,900.0
4.5885E+03,0.010346,0.011727,0.05041,900.0
4.5886E+03,0.009164,0.012678,0.05041,900.0
4.5888E+03,0.007865,0.013510,0.05041,900.0
4.5889E+03,0.006534,0.014193,0.05041,900.0
4.5890E+03,0.005173,0.014743,0.05041,900.0
4.5891E+03,0.003714,0.015169,0.05041,900.0
4.5892E+03,0.002188,0.015462,0.05041,900.0
4.5893E+03,0.000700,0.015599,0.05041,900.0
4.5894E+03,-0.000757,0.015601,0.05041,900.0
4.5894E+03,-0.002093,0.015479,0.05041,900.0
4.5895E+03,-0.003590,0.015208,0.05041,900.0
4.5896E+03,-0.005119,0.014773,0.05041,900.0
4.5897E+03,-0.006431,0.014256,0.05041,900.0
4.5898E+03,-0.007835,0.013525,0.05041,900.0
4.5899E+03,-0.009077,0.012728,0.05041,900.0
4.5900E+03,-0.010202,0.011783,0.05041,900.0
4.5901E+03,-0.011293,0.010774,0.05041,900.0
4.5902E+03,-0.012078,0.009934,0.05041,0.0
4.5903E+03,-0.012759,0.009035,0.05041,0.0
4.5904E+03,-0.013410,0.008054,0.05041,0.0
4.5906E+03,-0.013927,0.007085,0.05041,0.0
4.5907E+03,-0.014429,0.005953,0.05041,0.0
4.5908E+03,-0.014958,0.004596,0.05041,900.0
4.5909E+03,-0.015331,0.003203,0.05041,900.0
4.5911E+03,-0.015414,0.002827,0.05041,900.0
4.5911E+03,-0.014550,0.002900,0.05041,900.0
4.5912E+03,-0.008395,0.003420,0.05041,900.0
4.5913E+03,-0.000580,0.004080,0.05041,900.0
4.5914E+03,0.006691,0.004695,0.05041,900.0
4.5915E+03,0.009911,0.004967,0.05041,900.0
4.5916E+03,0.010022,0.004976,0.05041,900.0
4.5917E+03,0.010081,0.004845,0.05041,900.0
4.5918E+03,0.010353,0.004185,0.05041,900.0
4.5919E+03,0.010824,0.002767,0.05041,900.0
4.5920E+03,0.011121,0.001282,0.05041,900.0
4.5921E+03,0.011192,-0.000248,0.05041,900.0
4.5923E+03,0.011055,-0.001748,0.05041,900.0
4.5924E+03,0.010726,-0.003183,0.05041,900.0
4.5925E+03,0.010193,-0.004624,0.05041,900.0
4.5926E+03,0.009502,-0.005917,0.05041,900.0
4.5927E+03,0.008616,-0.007135,0.05041,900.0
4.5928E+03,0.007571,-0.008255,0.05041,900.0
4.5929E+03,0.006405,-0.009190,0.05041,900.0
4.5929E+03,0.005266,-0.009890,0.05041,900.0
4.5930E+03,0.003899,-0.010514,0.05041,900.0
4.5931E+03,0.002466,-0.010962,0.05041,900.0
4.5932E+03,0.000957,-0.011193,0.05041,900.0
4.5933E+03,-0.000523,-0.011209,0.05041,900.0
4.5934E+03,-0.002075,-0.011023,0.05041,900.0
4.5935E+03,-0.003481,-0.010661,0.05041,900.0
4.5936E+03,-0.004863,-0.010092,0.05041,900.0
4.5937E+03,-0.006176,-0.009346,0.05041,900.0
4.5938E+03,-0.007363,-0.008437,0.05041,900.0
4.5940E+03,-0.008415,-0.007381,0.05041,900.0
4.5941E+03,-0.009328,-0.006179,0.05041,900.0
4.5942E+03,-0.010085,-0.004833,0.05041,900.0
4.5943E+03,-0.010670,-0.003399,0.05041,900.0
4.5944E+03,-0.011013,-0.001996,0.05041,900.0
4.5945E+03,-0.011186,-0.000461,0.05041,900.0
4.5946E+03,-0.011140,0.001080,0.05041,900.0
4.5946E+03,-0.010924,0.002348,0.05041,900.0
4.5947E+03,-0.010502,0.003764,0.05041,900.0
4.5948E+03,-0.009890,0.005161,0.05041,900.0
4.5949E+03,-0.009078,0.006461,0.05041,900.0
4.5950E+03,-0.008134,0.007622,0.05041,900.0
4.5951E+03,-0.007071,0.008615,0.05041,900.0
4.5952E+03,-0.005872,0.009473,0.05041,900.0
4.5953E+03,-0.004512,0.010197,0.05041,900.0
4.5954E+03,-0.003082,0.010712,0.05041,900.0
4.5955E+03,-0.001564,0.011049,0.05041,900.0
4.5957E+03,-0.000100,0.011169,0.05041,900.0
4.5958E+03,0.001420,0.011059,0.05041,0.0
4.5959E+03,0.002896,0.010762,0.05041,0.0
4.5960E+03,0.004319,0.010271,0.05041,0.0
4.5961E+03,0.005664,0.009595,0.05041,0.0
4.5962E+03,0.006910,0.008737,0.05041,0.0
4.5963E+03,0.008039,0.007723,0.05041,0.0
4.5963E+03,0.008919,0.006693,0.05041,0.0
4.5964E+03,0.009669,0.005604,0.05041,900.0
4.5965E+03,0.010022,0.004976,0.05041,900.0
4.5966E+03,0.010002,0.004974,0.05041,900.0
4.5967E+03,0.009855,0.004956,0.05041,900.0
4.5968E+03,0.003004,0.004113,0.05041,900.0
4.5969E+03,-0.004750,0.003159,0.05041,900.0
4.5970E+03,-0.011797,0.002292,0.05041,900.0
4.5971E+03,-0.013714,0.002056,0.05041,900.0
4.5972E+03,-0.013812,0.002044,0.05041,900.0
4.5973E+03,-0.013822,0.001978,0.05041,900.0
4.5975E+03,-0.013892,0.001240,0.05041,900.0
4.5976E+03,-0.013948,-0.000213,0.05041,900.0
4.5977E+03,-0.013859,-0.001658,0.05041,900.0
4.5978E+03,-0.013641,-0.003014,0.05041,900.0
4.5979E+03,-0.013315,-0.004226,0.05041,900.0
4.5980E+03,-0.012820,-0.005586,0.05041,900.0
4.5980E+03,-0.012182,-0.006856,0.05041,900.0
4.5981E+03,-0.011374,-0.008121,0.05041,900.0
4.5982E+03,-0.010462,-0.009269,0.05041,900.0
4.5983E+03,-0.009421,-0.010322,0.05041,900.0
4.5984E+03,-0.008257,-0.011283,0.05041,900.0
4.5985E+03,-0.006996,-0.012102,0.05041,900.0
4.5986E+03,-0.005651,-0.012788,0.05041,900.0
4.5987E+03,-0.004212,-0.013337,0.05041,900.0
4.5988E+03,-0.002747,-0.013719,0.05041,900.0
4.5989E+03,-0.001322,-0.013934,0.05041,900.0
4.5990E+03,0.000207,-0.014004,0.05041,900.0
4.5992E+03,0.001679,-0.013899,0.05041,900.0
4.5993E+03,0.003229,-0.013627,0.05041,900.0
4.5994E+03,0.004642,-0.013198,0.05041,900.0
4.5995E+03,0.006039,-0.012612,0.05041,900.0
4.5996E+03,0.007335,-0.011905,0.05041,900.0
4.5997E+03,0.008586,-0.011021,0.05041,900.0
4.5997E+03,0.009631,-0.010133,0.05041,900.0
4.5998E+03,0.010627,-0.009072,0.05041,900.0
4.5999E+03,0.011483,-0.007974,0.05041,900.0
4.6000E+03,0.012128,-0.006952,0.05041,900.0
4.6001E+03,0.012714,-0.005821,0.05041,900.0
4.6002E+03,0.013262,-0.004416,0.05041,900.0
4.6003E+03,0.013658,-0.002947,0.05041,900.0
4.6004E+03,0.013879,-0.001500,0.05041,900.0
4.6005E+03,0.013948,0.000032,0.05041,900.0
4.6006E+03,0.013863,0.001558,0.05041,900.0
4.6007E+03,0.013606,0.003033,0.05041,900.0
4.6009E+03,0.013189,0.004492,0.05041,900.0
4.6010E+03,0.012621,0.005904,0.05041,900.0
4.6011E+03,0.011918,0.007209,0.05041,900.0
4.6012E+03,0.011081,0.008442,0.05041,900.0
4.6013E+03,0.010094,0.009608,0.05041,900.0
4.6014E+03,0.009050,0.010594,0.05041,900.0
4.6015E+03,0.007816,0.011543,0.05041,900.0
4.6015E+03,0.006695,0.012215,0.05041,900.0
4.6016E+03,0.005364,0.012845,0.05041,900.0
4.6017E+03,0.003902,0.013360,0.05041,900.0
4.6018E+03,0.002410,0.013707,0.05041,900.0
4.6019E+03,0.000928,0.013877,0.05041,900.0
4.6020E+03,-0.000549,0.013905,0.05041,900.0
4.6021E+03,-0.002028,0.013768,0.05041,900.0
4.6022E+03,-0.003521,0.013465,0.05041,900.0
4.6023E+03,-0.004972,0.013007,0.05041,900.0
4.6024E+03,-0.006321,0.012408,0.05041,900.0
4.6026E+03,-0.007681,0.011636,0.05041,900.0
4.6027E+03,-0.008889,0.010741,0.05041,0.0
4.6028E+03,-0.009987,0.009721,0.05041,0.0
4.6029E+03,-0.010986,0.008578,0.05041,0.0
4.6030E+03,-0.011831,0.007359,0.05041,0.0
4.6031E+03,-0.012569,0.006015,0.05041,0.0
4.6032E+03,-0.013132,0.004671,0.05041,0.0
4.6032E+03,-0.013474,0.003602,0.05041,0.0
4.6033E+03,-0.013701,0.002647,0.05041,900.0
4.6034E+03,-0.013812,0.002047,0.05041,900.0
4.6035E+03,-0.013812,0.002044,0.05041,900.0
4.6036E+03,-0.013140,0.002142,0.05041,900.0
4.6037E+03,-0.008027,0.002888,0.05041,900.0
4.6038E+03,-0.000238,0.004025,0.05041,900.0
4.6039E+03,0.007199,0.005110,0.05041,900.0
4.6040E+03,0.010828,0.005639,0.05041,900.0
4.6041E+03,0.011540,0.005743,0.05041,900.0
4.6042E+03,0.011542,0.005739,0.05041,900.0
4.6044E+03,0.011831,0.005071,0.05041,900.0
4.6045E+03,0.012310,0.003746,0.05041,900.0
4.6046E+03,0.012675,0.002275,0.05041,900.0
4.6047E+03,0.012854,0.000782,0.05041,900.0
4.6048E+03,0.012862,-0.000725,0.05041,900.0
4.6049E+03,0.012700,-0.002209,0.05041,900.0
4.6049E+03,0.012401,-0.003544,0.05041,900.0
4.6050E+03,0.011915,-0.004940,0.05041,900.0
4.6051E+03,0.011248,-0.006315,0.05041,900.0
4.6052E+03,0.010469,-0.007544,0.05041,900.0
4.6053E+03,0.009541,-0.008690,0.05041,900.0
4.6054E+03,0.008430,-0.009760,0.05041,900.0
4.6055E+03,0.007239,-0.010683,0.05041,900.0
4.6056E+03,0.005963,-0.011441,0.05041,900.0
4.6057E+03,0.004552,-0.012072,0.05041,900.0
4.6058E+03,0.003076,-0.012545,0.05041,900.0
4.6059E+03,0.001610,-0.012821,0.05041,900.0
4.6061E+03,0.000194,-0.012928,0.05041,900.0
4.6062E+03,-0.001362,-0.012862,0.05041,900.0
4.6063E+03,-0.002865,-0.012611,0.05041,900.0
4.6064E+03,-0.004269,-0.012195,0.05041,900.0
4.6065E+03,-0.005646,-0.011617,0.05041,900.0
4.6066E+03,-0.006957,-0.010867,0.05041,900.0
4.6066E+03,-0.008066,-0.010063,0.05041,900.0
4.6067E+03,-0.009195,-0.009041,0.05041,900.0
4.6068E+03,-0.010190,-0.007926,0.05041,900.0
4.6069E+03,-0.011018,-0.006713,0.05041,900.0
4.6070E+03,-0.011747,-0.005347,0.05041,900.0
4.6071E+03,-0.012291,-0.003942,0.05041,900.0
4.6072E+03,-0.012663,-0.002469,0.05041,900.0
4.6073E+03,-0.012856,-0.000991,0.05041,900.0
4.6074E+03,-0.012871,0.000547,0.05041,900.0
4.6075E+03,-0.012721,0.001987,0.05041,900.0
4.6076E+03,-0.012395,0.003459,0.05041,900.0
4.6078E+03,-0.011899,0.004895,0.05041,900.0
4.6079E+03,-0.011227,0.006276,0.05041,900.0
4.6080E+03,-0.010400,0.007560,0.05041,900.0
4.6081E+03,-0.009460,0.008695,0.05041,900.0
4.6082E+03,-0.008402,0.009721,0.05041,900.0
4.6083E+03,-0.007186,0.010655,0.05041,900.0
4.6084E+03,-0.005930,0.011405,0.05041,900.0
4.6084E+03,-0.004654,0.011992,0.05041,900.0
4.6085E+03,-0.003194,0.012443,0.05041,900.0
4.6086E+03,-0.001762,0.012731,0.05041,900.0
4.6087E+03,-0.000225,0.012840,0.05041,900.0
4.6088E+03,0.001236,0.012781,0.05041,900.0
4.6089E+03,0.002652,0.012538,0.05041,900.0
4.6090E+03,0.004141,0.012128,0.05041,0.0
4.6091E+03,0.005586,0.011560,0.05041,0.0
4.6092E+03,0.006857,0.010858,0.05041,0.0
4.6093E+03,0.008085,0.009993,0.05041,0.0
4.6095E+03,0.009205,0.008978,0.05041,0.0
4.6096E+03,0.010196,0.007856,0.05041,0.0
4.6097E+03,0.011080,0.006572,0.05041,0.0
4.6098E+03,0.011480,0.005852,0.05041,0.0
4.6100E+03,0.011540,0.005743,0.05041,0.0
4.6101E+03,0.011540,0.005745,0.05041,0.0
4.6101E+03,0.011540,0.005746,0.05041,0.0
4.6102E+03,0.011540,0.005747,0.05041,0.0
4.6103E+03,0.011540,0.005787,0.05041,0.0
4.6104E+03,0.011540,0.005830,0.05041,0.0
4.6105E+03,0.011540,0.005750,0.05041,0.0
4.6106E+03,0.011540,0.005751,0.05041,0.0
4.6107E+03,0.011540,0.005752,0.05041,0.0
4.6108E+03,0.011540,0.005753,0.05041,0.0
4.6109E+03,0.011540,0.005754,0.05041,0.0
4.6110E+03,0.011540,0.005755,0.05041,0.0
4.6113E+03,0.011540,0.005757,0.05041,0.0
4.6114E+03,0.011540,0.005758,0.05041,0.0
4.6115E+03,0.011540,0.005760,0.05041,0.0
4.6116E+03,0.011540,0.005761,0.05041,0.0
4.6117E+03,0.011540,0.005762,0.05041,0.0
4.6118E+03,0.011540,0.005764,0.05041,0.0
4.6119E+03,0.011540,0.005765,0.05041,0.0
4.6120E+03,0.011540,0.005767,0.05041,0.0
4.6122E+03,0.011540,0.005768,0.05041,0.0
4.6123E+03,0.011540,0.005770,0.05041,0.0
4.6124E+03,0.011540,0.005771,0.05041,0.0
4.6125E+03,0.011540,0.005772,0.05041,0.0
4.6126E+03,0.011540,0.005773,0.05041,0.0
4.6127E+03,0.011540,0.005774,0.05041,0.0
4.6128E+03,0.011540,0.005775,0.05041,0.0
4.6130E+03,0.011540,0.005777,0.05041,0.0
4.6131E+03,0.011540,0.005790,0.05041,0.0
4.6132E+03,0.011540,0.005893,0.05041,0.0
4.6133E+03,0.011540,0.005789,0.05041,0.0
4.6134E+03,0.011540,-0.009814,0.05041,0.0
4.6135E+03,0.011537,-0.009813,0.05041,0.0
4.6135E+03,0.009984,-0.009322,0.05041,0.0
4.6136E+03,0.007473,-0.008527,0.05041,0.0
4.6137E+03,0.004744,-0.007663,0.05041,0.0
4.6138E+03,0.001926,-0.006771,0.05041,0.0
4.6139E+03,-0.000884,-0.005882,0.05041,0.0
4.6140E+03,-0.003765,-0.004970,0.05041,0.0
4.6141E+03,-0.006640,-0.004060,0.05041,0.0
4.6142E+03,-0.009442,-0.003173,0.05041,0.0
4.6143E+03,-0.012198,-0.002301,0.05041,0.0
4.6144E+03,-0.015016,-0.001409,0.05041,0.0
4.6145E+03,-0.016942,-0.000799,0.05041,0.0
