2.9454E+03,-0.008707,0.024300,0.03195,0.0
2.9455E+03,-0.008707,0.024298,0.03195,0.0
2.9456E+03,-0.008707,0.024296,0.03195,0.0
2.9457E+03,-0.008707,0.024295,0.03195,0.0
2.9458E+03,-0.008707,0.024293,0.03195,0.0
2.9459E+03,-0.008707,0.024291,0.03195,0.0
2.9460E+03,-0.008707,0.024289,0.03195,0.0
2.9461E+03,-0.008707,0.024287,0.03195,0.0
2.9462E+03,-0.008707,0.024285,0.03195,0.0
2.9463E+03,-0.008707,0.024283,0.03195,0.0
2.9464E+03,-0.008707,0.024281,0.03195,0.0
2.9465E+03,-0.008707,0.024280,0.03195,0.0
2.9466E+03,-0.008707,0.024278,0.03195,0.0
2.9467E+03,-0.008707,0.024276,0.03195,0.0
2.9468E+03,-0.008707,0.024274,0.03195,0.0
2.9469E+03,-0.008707,0.024272,0.03195,0.0
2.9470E+03,-0.008707,0.024271,0.03195,0.0
2.9471E+03,-0.008707,0.024270,0.03195,0.0
2.9472E+03,-0.008707,0.024267,0.03195,0.0
2.9475E+03,-0.008707,0.024265,0.03195,0.0
2.9476E+03,-0.008586,0.024100,0.03195,0.0
2.9477E+03,-0.007563,0.022714,0.03195,0.0
2.9478E+03,-0.005603,0.020057,0.03195,0.0
2.9479E+03,-0.003530,0.017247,0.03195,0.0
2.9480E+03,-0.001441,0.014416,0.03195,900.0
2.9481E+03,0.000634,0.011603,0.03195,900.0
2.9482E+03,0.002763,0.008717,0.03195,900.0
2.9483E+03,0.004742,0.006034,0.03195,900.0
2.9484E+03,0.006762,0.003296,0.03195,900.0
2.9485E+03,0.008791,0.000547,0.03195,900.0
2.9486E+03,0.010925,-0.002346,0.03195,900.0
2.9487E+03,0.012578,-0.004587,0.03195,900.0
2.9488E+03,0.013402,-0.005703,0.03195,900.0
2.9489E+03,0.013416,-0.005723,0.03195,900.0
2.9490E+03,0.013442,-0.005655,0.03195,900.0
2.9491E+03,0.013621,-0.005147,0.03195,900.0
2.9492E+03,0.014069,-0.003734,0.03195,900.0
2.9493E+03,0.014388,-0.002272,0.03195,900.0
2.9494E+03,0.014543,-0.000722,0.03195,900.0
2.9495E+03,0.014539,0.000750,0.03195,900.0
2.9496E+03,0.014357,0.002325,0.03195,900.0
2.9497E+03,0.014048,0.003742,0.03195,900.0
2.9498E+03,0.013588,0.005167,0.03195,900.0
2.9499E+03,0.012951,0.006569,0.03195,900.0
2.9500E+03,0.012217,0.007852,0.03195,900.0
2.9501E+03,0.011362,0.009047,0.03195,900.0
2.9502E+03,0.010350,0.010180,0.03195,900.0
2.9503E+03,0.009240,0.011196,0.03195,900.0
2.9504E+03,0.008161,0.012010,0.03195,900.0
2.9505E+03,0.006822,0.012826,0.03195,900.0
2.9506E+03,0.005493,0.013451,0.03195,900.0
2.9507E+03,0.004106,0.013965,0.03195,900.0
2.9508E+03,0.002631,0.014279,0.03195,900.0
2.9509E+03,0.001184,0.014466,0.03195,900.0
2.9510E+03,0.000017,0.014520,0.03195,900.0
2.9511E+03,-0.001309,0.014452,0.03195,900.0
2.9512E+03,-0.002787,0.014234,0.03195,900.0
2.9513E+03,-0.004014,0.013951,0.03195,900.0
2.9514E+03,-0.004935,0.013656,0.03195,900.0
2.9515E+03,-0.005971,0.013225,0.03195,900.0
2.9516E+03,-0.007321,0.012539,0.03195,900.0
2.9517E+03,-0.008633,0.011684,0.03195,900.0
2.9518E+03,-0.009746,0.010778,0.03195,900.0
2.9519E+03,-0.010828,0.009708,0.03195,900.0
2.9520E+03,-0.011742,0.008556,0.03195,900.0
2.9521E+03,-0.012495,0.007409,0.03195,900.0
2.9522E+03,-0.013198,0.006070,0.03195,900.0
2.9523E+03,-0.013761,0.004659,0.03195,900.0
2.9524E+03,-0.014179,0.003195,0.03195,900.0
2.9525E+03,-0.014444,0.001694,0.03195,900.0
2.9526E+03,-0.014545,0.000163,0.03195,900.0
2.9527E+03,-0.014491,-0.001333,0.03195,900.0
2.9528E+03,-0.014289,-0.002810,0.03195,900.0
2.9529E+03,-0.013936,-0.004242,0.03195,900.0
2.9530E+03,-0.013445,-0.005646,0.03195,900.0
2.9531E+03,-0.012838,-0.006891,0.03195,900.0
2.9532E+03,-0.012058,-0.008171,0.03195,900.0
2.9533E+03,-0.011184,-0.009345,0.03195,900.0
2.9534E+03,-0.010174,-0.010427,0.03195,900.0
2.9535E+03,-0.009038,-0.011430,0.03195,900.0
2.9536E+03,-0.007769,-0.012328,0.03195,900.0
2.9537E+03,-0.006467,-0.013062,0.03195,900.0
2.9538E+03,-0.005309,-0.013585,0.03195,900.0
2.9539E+03,-0.004444,-0.013897,0.03195,900.0
2.9540E+03,-0.003483,-0.014169,0.03195,900.0
2.9541E+03,-0.001934,-0.014474,0.03195,900.0
2.9542E+03,-0.000528,-0.014578,0.03195,900.0
2.9543E+03,0.000624,-0.014580,0.03195,900.0
2.9544E+03,0.001903,-0.014461,0.03195,900.0
2.9545E+03,0.003392,-0.014177,0.03195,900.0
2.9546E+03,0.004831,-0.013757,0.03195,900.0
2.9547E+03,0.006194,-0.013193,0.03195,0.0
2.9548E+03,0.007544,-0.012462,0.03195,0.0
2.9549E+03,0.008828,-0.011594,0.03195,0.0
2.9550E+03,0.009962,-0.010640,0.03195,0.0
2.9551E+03,0.010967,-0.009597,0.03195,0.0
2.9552E+03,0.011904,-0.008411,0.03195,0.0
2.9553E+03,0.012759,-0.007058,0.03195,900.0
2.9554E+03,0.013330,-0.005905,0.03195,900.0
2.9555E+03,0.013413,-0.005730,0.03195,900.0
2.9556E+03,0.013416,-0.005723,0.03195,900.0
2.9557E+03,0.011231,-0.004301,0.03195,900.0
2.9558E+03,0.005769,-0.000747,0.03195,900.0
2.9559E+03,-0.000938,0.003616,0.03195,900.0
2.9560E+03,-0.006168,0.007020,0.03195,900.0
2.9562E+03,-0.008707,0.008671,0.03195,900.0
2.9563E+03,-0.008629,0.008742,0.03195,900.0
2.9564E+03,-0.007913,0.009385,0.03195,900.0
2.9565E+03,-0.006700,0.010286,0.03195,900.0
2.9566E+03,-0.005385,0.011010,0.03195,900.0
2.9567E+03,-0.003968,0.011596,0.03195,900.0
2.9568E+03,-0.002508,0.011985,0.03195,900.0
2.9569E+03,-0.001057,0.012195,0.03195,900.0
2.9570E+03,0.000432,0.012234,0.03195,900.0
2.9571E+03,0.001964,0.012084,0.03195,900.0
2.9572E+03,0.003439,0.011750,0.03195,900.0
2.9573E+03,0.004692,0.011315,0.03195,900.0
2.9574E+03,0.006095,0.010639,0.03195,900.0
2.9575E+03,0.007337,0.009830,0.03195,900.0
2.9576E+03,0.008517,0.008839,0.03195,900.0
2.9577E+03,0.009498,0.007773,0.03195,900.0
2.9578E+03,0.010374,0.006539,0.03195,900.0
2.9579E+03,0.011104,0.005220,0.03195,900.0
2.9580E+03,0.011654,0.003831,0.03195,900.0
2.9581E+03,0.012036,0.002367,0.03195,900.0
2.9582E+03,0.012245,0.000871,0.03195,900.0
2.9583E+03,0.012263,-0.000619,0.03195,900.0
2.9584E+03,0.012099,-0.002110,0.03195,900.0
2.9585E+03,0.011757,-0.003598,0.03195,900.0
2.9586E+03,0.011232,-0.005021,0.03195,900.0
2.9587E+03,0.010545,-0.006347,0.03195,900.0
2.9588E+03,0.009685,-0.007620,0.03195,900.0
2.9589E+03,0.008717,-0.008723,0.03195,900.0
2.9590E+03,0.007570,-0.009714,0.03195,900.0
2.9591E+03,0.006440,-0.010489,0.03195,900.0
2.9592E+03,0.005153,-0.011186,0.03195,900.0
2.9593E+03,0.003776,-0.011716,0.03195,900.0
2.9594E+03,0.002305,-0.012094,0.03195,900.0
2.9595E+03,0.000798,-0.012287,0.03195,900.0
2.9596E+03,-0.000722,-0.012293,0.03195,900.0
2.9597E+03,-0.002244,-0.012111,0.03195,900.0
2.9598E+03,-0.003701,-0.011763,0.03195,900.0
2.9599E+03,-0.005100,-0.011229,0.03195,900.0
2.9600E+03,-0.006452,-0.010506,0.03195,900.0
2.9601E+03,-0.007664,-0.009651,0.03195,900.0
2.9602E+03,-0.008772,-0.008631,0.03195,900.0
2.9603E+03,-0.009743,-0.007511,0.03195,900.0
2.9604E+03,-0.010576,-0.006285,0.03195,900.0
2.9605E+03,-0.011263,-0.004919,0.03195,900.0
2.9606E+03,-0.011779,-0.003475,0.03195,900.0
2.9607E+03,-0.012124,-0.002013,0.03195,900.0
2.9608E+03,-0.012269,-0.000683,0.03195,0.0
2.9609E+03,-0.012252,0.000830,0.03195,0.0
2.9610E+03,-0.012071,0.002319,0.03195,0.0
2.9611E+03,-0.011702,0.003747,0.03195,0.0
2.9612E+03,-0.011117,0.005203,0.03195,0.0
2.9613E+03,-0.010423,0.006483,0.03195,0.0
2.9614E+03,-0.009559,0.007683,0.03195,0.0
2.9615E+03,-0.008908,0.008449,0.03195,0.0
2.9617E+03,-0.008707,0.008671,0.03195,0.0
2.9618E+03,-0.008707,0.008672,0.03195,0.0
2.9619E+03,-0.008707,0.008673,0.03195,0.0
2.9620E+03,-0.008707,0.008675,0.03195,0.0
2.9621E+03,-0.008707,0.008676,0.03195,0.0
2.9622E+03,-0.008707,0.008677,0.03195,0.0
2.9623E+03,-0.008707,0.008678,0.03195,0.0
2.9624E+03,-0.008707,0.008679,0.03195,0.0
2.9625E+03,-0.008707,0.008680,0.03195,0.0
2.9626E+03,-0.008707,0.008681,0.03195,0.0
2.9627E+03,-0.008707,0.008682,0.03195,0.0
2.9628E+03,-0.008707,0.008684,0.03195,0.0
2.9629E+03,-0.008707,0.008685,0.03195,0.0
2.9630E+03,-0.008707,0.008686,0.03195,0.0
2.9631E+03,-0.008707,0.008688,0.03195,0.0
2.9632E+03,-0.008707,0.008689,0.03195,0.0
2.9633E+03,-0.008707,0.008690,0.03195,0.0
2.9634E+03,-0.008707,0.008692,0.03195,0.0
2.9635E+03,-0.008707,0.008693,0.03195,0.0
2.9636E+03,-0.008707,0.008694,0.03195,0.0
2.9637E+03,-0.008707,0.008695,0.03195,0.0
2.9638E+03,-0.008707,0.008696,0.03195,0.0
2.9639E+03,-0.008707,0.008697,0.03195,0.0
2.9640E+03,-0.008707,0.008698,0.03195,0.0
2.9641E+03,-0.008707,0.008700,0.03195,0.0
2.9642E+03,-0.008707,0.008701,0.03195,0.0
2.9643E+03,-0.008707,0.008702,0.03195,0.0
2.9644E+03,-0.008707,0.008703,0.03195,0.0
2.9645E+03,-0.008707,0.008705,0.03195,0.0
2.9647E+03,-0.008707,0.008706,0.03195,0.0
2.9648E+03,-0.008707,0.008707,0.03195,0.0
2.9649E+03,-0.008707,-0.006886,0.03195,0.0
2.9650E+03,-0.008747,-0.006723,0.03195,0.0
2.9651E+03,-0.009003,-0.005681,0.03195,0.0
2.9652E+03,-0.009369,-0.004188,0.03195,0.0
2.9653E+03,-0.009752,-0.002626,0.03195,0.0
2.9654E+03,-0.010133,-0.001070,0.03195,0.0
2.9655E+03,-0.010500,0.000426,0.03195,0.0
2.9656E+03,-0.010883,0.001990,0.03195,0.0
2.9657E+03,-0.011244,0.003460,0.03195,0.0
2.9658E+03,-0.011613,0.004968,0.03195,0.0
2.9659E+03,-0.011962,0.006390,0.03195,0.0
2.9660E+03,-0.012273,0.007657,0.03195,0.0
2.9661E+03,-0.012347,0.007962,0.03195,0.0
