2.6826E+03,-0.011323,0.019156,0.02627,0.0
2.6827E+03,-0.011323,0.019154,0.02627,0.0
2.6828E+03,-0.011323,0.019152,0.02627,0.0
2.6829E+03,-0.011323,0.019150,0.02627,0.0
2.6830E+03,-0.011323,0.019149,0.02627,0.0
2.6831E+03,-0.011323,0.019147,0.02627,0.0
2.6832E+03,-0.011323,0.019145,0.02627,0.0
2.6833E+03,-0.011323,0.019142,0.02627,0.0
2.6834E+03,-0.011323,0.019141,0.02627,0.0
2.6835E+03,-0.011323,0.019139,0.02627,0.0
2.6836E+03,-0.011323,0.019137,0.02627,0.0
2.6837E+03,-0.011323,0.019135,0.02627,0.0
2.6838E+03,-0.011323,0.019133,0.02627,0.0
2.6839E+03,-0.011323,0.019131,0.02627,0.0
2.6840E+03,-0.011323,0.019129,0.02627,0.0
2.6841E+03,-0.011323,0.019128,0.02627,0.0
2.6842E+03,-0.011323,0.019126,0.02627,0.0
2.6843E+03,-0.011323,0.019124,0.02627,0.0
2.6846E+03,-0.011323,0.019122,0.02627,0.0
2.6847E+03,-0.011247,0.019001,0.02627,0.0
2.6848E+03,-0.010896,0.018452,0.02627,0.0
2.6849E+03,-0.010493,0.017819,0.02627,0.0
2.6850E+03,-0.010102,0.017205,0.02627,900.0
2.6851E+03,-0.009709,0.016588,0.02627,900.0
2.6852E+03,-0.009298,0.015944,0.02627,900.0
2.6853E+03,-0.008890,0.015303,0.02627,900.0
2.6854E+03,-0.008493,0.014680,0.02627,900.0
2.6855E+03,-0.008074,0.014023,0.02627,900.0
2.6856E+03,-0.007702,0.013438,0.02627,900.0
2.6859E+03,-0.007428,0.013008,0.02627,900.0
2.6860E+03,-0.007788,0.012788,0.02627,900.0
2.6861E+03,-0.008710,0.012155,0.02627,900.0
2.6862E+03,-0.009919,0.011195,0.02627,900.0
2.6863E+03,-0.011016,0.010119,0.02627,900.0
2.6864E+03,-0.011975,0.008973,0.02627,900.0
2.6865E+03,-0.012761,0.007838,0.02627,900.0
2.6866E+03,-0.013361,0.006778,0.02627,900.0
2.6867E+03,-0.013910,0.005587,0.02627,900.0
2.6868E+03,-0.014260,0.004634,0.02627,900.0
2.6869E+03,-0.014647,0.003188,0.02627,900.0
2.6870E+03,-0.014888,0.001757,0.02627,900.0
2.6871E+03,-0.014989,0.000254,0.02627,900.0
2.6872E+03,-0.014933,-0.001280,0.02627,900.0
2.6873E+03,-0.014731,-0.002786,0.02627,900.0
2.6874E+03,-0.014375,-0.004259,0.02627,900.0
2.6875E+03,-0.014002,-0.005415,0.02627,900.0
2.6876E+03,-0.013560,-0.006428,0.02627,900.0
2.6877E+03,-0.012962,-0.007570,0.02627,900.0
2.6878E+03,-0.012356,-0.008528,0.02627,900.0
2.6879E+03,-0.011456,-0.009723,0.02627,900.0
2.6880E+03,-0.010376,-0.010873,0.02627,900.0
2.6881E+03,-0.009232,-0.011856,0.02627,900.0
2.6882E+03,-0.007978,-0.012730,0.02627,900.0
2.6883E+03,-0.006680,-0.013454,0.02627,900.0
2.6884E+03,-0.005296,-0.014054,0.02627,900.0
2.6885E+03,-0.003866,-0.014506,0.02627,900.0
2.6886E+03,-0.002415,-0.014831,0.02627,900.0
2.6887E+03,-0.000933,-0.014989,0.02627,900.0
2.6888E+03,0.000584,-0.015005,0.02627,900.0
2.6889E+03,0.002116,-0.014883,0.02627,900.0
2.6890E+03,0.003549,-0.014601,0.02627,900.0
2.6891E+03,0.005024,-0.014164,0.02627,900.0
2.6892E+03,0.006441,-0.013591,0.02627,900.0
2.6893E+03,0.007694,-0.012911,0.02627,900.0
2.6894E+03,0.008922,-0.012083,0.02627,900.0
2.6895E+03,0.009588,-0.011571,0.02627,900.0
2.6896E+03,0.010318,-0.010909,0.02627,900.0
2.6897E+03,0.011287,-0.009885,0.02627,900.0
2.6898E+03,0.012225,-0.008699,0.02627,900.0
2.6899E+03,0.013021,-0.007458,0.02627,900.0
2.6900E+03,0.013691,-0.006126,0.02627,900.0
2.6901E+03,0.014248,-0.004697,0.02627,900.0
2.6902E+03,0.014641,-0.003297,0.02627,900.0
2.6903E+03,0.014904,-0.001729,0.02627,900.0
2.6904E+03,0.015004,-0.000226,0.02627,900.0
2.6905E+03,0.014949,0.001303,0.02627,900.0
2.6906E+03,0.014718,0.002795,0.02627,900.0
2.6907E+03,0.014374,0.004231,0.02627,900.0
2.6908E+03,0.013879,0.005614,0.02627,900.0
2.6909E+03,0.013249,0.006961,0.02627,900.0
2.6910E+03,0.012464,0.008263,0.02627,900.0
2.6911E+03,0.011588,0.009479,0.02627,900.0
2.6912E+03,0.010621,0.010534,0.02627,900.0
2.6913E+03,0.009733,0.011381,0.02627,900.0
2.6914E+03,0.009173,0.011858,0.02627,900.0
2.6915E+03,0.008147,0.012560,0.02627,900.0
2.6916E+03,0.006820,0.013322,0.02627,900.0
2.6917E+03,0.005458,0.013929,0.02627,900.0
2.6918E+03,0.004001,0.014406,0.02627,900.0
2.6919E+03,0.002531,0.014733,0.02627,0.0
2.6920E+03,0.001002,0.014914,0.02627,0.0
2.6921E+03,-0.000502,0.014939,0.02627,0.0
2.6922E+03,-0.001980,0.014816,0.02627,0.0
2.6923E+03,-0.003469,0.014547,0.02627,900.0
2.6924E+03,-0.004895,0.014127,0.02627,900.0
2.6925E+03,-0.006303,0.013568,0.02627,900.0
2.6926E+03,-0.007398,0.013024,0.02627,900.0
2.6928E+03,-0.007428,0.013008,0.02627,900.0
2.6929E+03,-0.009001,0.009180,0.02627,900.0
2.6930E+03,-0.010716,0.005005,0.02627,900.0
2.6932E+03,-0.011323,0.003528,0.02627,900.0
2.6933E+03,-0.011162,0.003969,0.02627,900.0
2.6934E+03,-0.010687,0.005056,0.02627,900.0
2.6935E+03,-0.009945,0.006389,0.02627,900.0
2.6936E+03,-0.009080,0.007584,0.02627,900.0
2.6937E+03,-0.008024,0.008683,0.02627,900.0
2.6938E+03,-0.006823,0.009660,0.02627,900.0
2.6939E+03,-0.005628,0.010411,0.02627,900.0
2.6940E+03,-0.004217,0.011041,0.02627,900.0
2.6941E+03,-0.002733,0.011496,0.02627,900.0
2.6942E+03,-0.001252,0.011738,0.02627,900.0
2.6943E+03,0.000200,0.011801,0.02627,900.0
2.6944E+03,0.001701,0.011679,0.02627,900.0
2.6945E+03,0.003200,0.011360,0.02627,900.0
2.6946E+03,0.004639,0.010854,0.02627,900.0
2.6947E+03,0.005867,0.010260,0.02627,900.0
2.6948E+03,0.007085,0.009461,0.02627,900.0
2.6949E+03,0.008253,0.008478,0.02627,900.0
2.6950E+03,0.009276,0.007339,0.02627,900.0
2.6951E+03,0.010146,0.006099,0.02627,900.0
2.6952E+03,0.010811,0.004829,0.02627,900.0
2.6953E+03,0.011327,0.003422,0.02627,900.0
2.6954E+03,0.011670,0.001949,0.02627,900.0
2.6955E+03,0.011827,0.000415,0.02627,900.0
2.6956E+03,0.011790,-0.001091,0.02627,900.0
2.6957E+03,0.011561,-0.002565,0.02627,900.0
2.6958E+03,0.011160,-0.004000,0.02627,900.0
2.6959E+03,0.010581,-0.005349,0.02627,900.0
2.6960E+03,0.009811,-0.006676,0.02627,900.0
2.6961E+03,0.008862,-0.007903,0.02627,900.0
2.6962E+03,0.007828,-0.008946,0.02627,900.0
2.6963E+03,0.006617,-0.009879,0.02627,900.0
2.6964E+03,0.005318,-0.010627,0.02627,900.0
2.6965E+03,0.004046,-0.011166,0.02627,900.0
2.6966E+03,0.002633,-0.011582,0.02627,900.0
2.6967E+03,0.001170,-0.011811,0.02627,900.0
2.6968E+03,-0.000345,-0.011867,0.02627,900.0
2.6969E+03,-0.001873,-0.011727,0.02627,900.0
2.6970E+03,-0.003351,-0.011395,0.02627,900.0
2.6971E+03,-0.004708,-0.010908,0.02627,900.0
2.6972E+03,-0.006045,-0.010241,0.02627,900.0
2.6973E+03,-0.007345,-0.009351,0.02627,900.0
2.6974E+03,-0.008464,-0.008354,0.02627,900.0
2.6975E+03,-0.009446,-0.007192,0.02627,0.0
2.6976E+03,-0.010247,-0.005989,0.02627,0.0
2.6977E+03,-0.010927,-0.004601,0.02627,0.0
2.6978E+03,-0.011411,-0.003188,0.02627,0.0
2.6979E+03,-0.011719,-0.001738,0.02627,0.0
2.6980E+03,-0.011829,-0.000220,0.02627,0.0
2.6981E+03,-0.011762,0.001299,0.02627,0.0
2.6982E+03,-0.011572,0.002576,0.02627,0.0
2.6983E+03,-0.011325,0.003520,0.02627,0.0
2.6985E+03,-0.011323,0.003528,0.02627,0.0
2.6986E+03,-0.011323,0.003530,0.02627,0.0
2.6987E+03,-0.011323,0.003531,0.02627,0.0
2.6988E+03,-0.011323,0.003532,0.02627,0.0
2.6989E+03,-0.011323,0.003533,0.02627,0.0
2.6990E+03,-0.011323,0.003535,0.02627,0.0
2.6991E+03,-0.011323,0.003536,0.02627,0.0
2.6992E+03,-0.011323,0.003537,0.02627,0.0
2.6993E+03,-0.011323,0.003538,0.02627,0.0
2.6994E+03,-0.011323,0.003539,0.02627,0.0
2.6995E+03,-0.011323,0.003540,0.02627,0.0
2.6996E+03,-0.011323,0.003542,0.02627,0.0
2.6997E+03,-0.011323,0.003543,0.02627,0.0
2.6998E+03,-0.011323,0.003544,0.02627,0.0
2.6999E+03,-0.011323,0.003545,0.02627,0.0
2.7000E+03,-0.011323,0.003547,0.02627,0.0
2.7001E+03,-0.011323,0.003614,0.02627,0.0
2.7002E+03,-0.011323,0.003604,0.02627,0.0
2.7003E+03,-0.011323,0.003551,0.02627,0.0
2.7004E+03,-0.011323,0.003552,0.02627,0.0
2.7005E+03,-0.011323,0.003553,0.02627,0.0
2.7006E+03,-0.011323,0.003554,0.02627,0.0
2.7007E+03,-0.011323,0.003555,0.02627,0.0
2.7008E+03,-0.011323,0.003556,0.02627,0.0
2.7009E+03,-0.011323,0.003558,0.02627,0.0
2.7010E+03,-0.011323,0.003559,0.02627,0.0
2.7011E+03,-0.011323,0.003560,0.02627,0.0
2.7012E+03,-0.011323,0.003562,0.02627,0.0
2.7013E+03,-0.011323,0.003563,0.02627,0.0
2.7014E+03,-0.011323,0.003564,0.02627,0.0
2.7016E+03,-0.011323,-0.012029,0.02627,0.0
2.7017E+03,-0.011309,-0.011746,0.02627,0.0
2.7018E+03,-0.011246,-0.010448,0.02627,0.0
2.7019E+03,-0.011134,-0.008136,0.02627,0.0
2.7020E+03,-0.011018,-0.005749,0.02627,0.0
2.7021E+03,-0.010912,-0.003581,0.02627,0.0
2.7022E+03,-0.010798,-0.001218,0.02627,0.0
2.7023E+03,-0.010686,0.001081,0.02627,0.0
2.7024E+03,-0.010574,0.003383,0.02627,0.0
2.7025E+03,-0.010463,0.005657,0.02627,0.0
2.7026E+03,-0.010354,0.007907,0.02627,0.0
2.7027E+03,-0.010259,0.009868,0.02627,0.0
