2.5443E+03,-0.013010,0.017754,0.02414,0.0
2.5444E+03,-0.013010,0.017752,0.02414,0.0
2.5445E+03,-0.013010,0.017751,0.02414,0.0
2.5446E+03,-0.013010,0.017748,0.02414,0.0
2.5447E+03,-0.013010,0.017747,0.02414,0.0
2.5448E+03,-0.013010,0.017745,0.02414,0.0
2.5449E+03,-0.013010,0.017743,0.02414,0.0
2.5450E+03,-0.013010,0.017741,0.02414,0.0
2.5451E+03,-0.013010,0.017739,0.02414,0.0
2.5452E+03,-0.013010,0.017737,0.02414,0.0
2.5453E+03,-0.013010,0.017735,0.02414,0.0
2.5454E+03,-0.013010,0.017733,0.02414,0.0
2.5455E+03,-0.013010,0.017731,0.02414,0.0
2.5456E+03,-0.013010,0.017729,0.02414,0.0
2.5457E+03,-0.013010,0.017727,0.02414,0.0
2.5458E+03,-0.013010,0.017725,0.02414,0.0
2.5459E+03,-0.013010,0.017723,0.02414,0.0
2.5460E+03,-0.013010,0.017722,0.02414,0.0
2.5461E+03,-0.013010,0.017720,0.02414,0.0
2.5463E+03,-0.013010,0.017719,0.02414,0.0
2.5464E+03,-0.012698,0.017412,0.02414,0.0
2.5465E+03,-0.011283,0.016023,0.02414,0.0
2.5466E+03,-0.008830,0.013613,0.02414,0.0
2.5467E+03,-0.006304,0.011131,0.02414,0.0
2.5468E+03,-0.003841,0.008712,0.02414,900.0
2.5469E+03,-0.001347,0.006263,0.02414,900.0
2.5470E+03,0.000974,0.003983,0.02414,900.0
2.5471E+03,0.003411,0.001589,0.02414,900.0
2.5472E+03,0.005914,-0.000870,0.02414,900.0
2.5473E+03,0.008416,-0.003327,0.02414,900.0
2.5474E+03,0.010860,-0.005727,0.02414,900.0
2.5475E+03,0.012559,-0.007396,0.02414,900.0
2.5477E+03,0.013165,-0.007992,0.02414,900.0
2.5478E+03,0.013203,-0.007925,0.02414,900.0
2.5479E+03,0.013578,-0.007262,0.02414,900.0
2.5480E+03,0.014226,-0.005875,0.02414,900.0
2.5481E+03,0.014720,-0.004453,0.02414,900.0
2.5482E+03,0.015070,-0.003040,0.02414,900.0
2.5483E+03,0.015280,-0.001545,0.02414,900.0
2.5484E+03,0.015357,-0.000003,0.02414,900.0
2.5485E+03,0.015285,0.001479,0.02414,900.0
2.5486E+03,0.015065,0.002962,0.02414,900.0
2.5487E+03,0.014700,0.004428,0.02414,900.0
2.5488E+03,0.014208,0.005808,0.02414,900.0
2.5489E+03,0.013544,0.007228,0.02414,900.0
2.5490E+03,0.012771,0.008527,0.02414,900.0
2.5491E+03,0.011919,0.009676,0.02414,900.0
2.5492E+03,0.010874,0.010836,0.02414,900.0
2.5493E+03,0.009756,0.011843,0.02414,900.0
2.5494E+03,0.008640,0.012663,0.02414,900.0
2.5495E+03,0.007346,0.013453,0.02414,900.0
2.5496E+03,0.006015,0.014101,0.02414,900.0
2.5497E+03,0.004648,0.014606,0.02414,900.0
2.5498E+03,0.003188,0.014990,0.02414,900.0
2.5499E+03,0.001674,0.015238,0.02414,900.0
2.5500E+03,0.000216,0.015327,0.02414,900.0
2.5501E+03,-0.001283,0.015280,0.02414,900.0
2.5502E+03,-0.002621,0.015113,0.02414,900.0
2.5503E+03,-0.003669,0.014894,0.02414,900.0
2.5504E+03,-0.004759,0.014584,0.02414,900.0
2.5505E+03,-0.006008,0.014110,0.02414,900.0
2.5506E+03,-0.007318,0.013478,0.02414,900.0
2.5507E+03,-0.008612,0.012686,0.02414,900.0
2.5508E+03,-0.009832,0.011766,0.02414,900.0
2.5509E+03,-0.010941,0.010745,0.02414,900.0
2.5510E+03,-0.011930,0.009639,0.02414,900.0
2.5511E+03,-0.012738,0.008557,0.02414,900.0
2.5512E+03,-0.013541,0.007204,0.02414,900.0
2.5513E+03,-0.014169,0.005829,0.02414,900.0
2.5514E+03,-0.014695,0.004483,0.02414,900.0
2.5515E+03,-0.015067,0.003024,0.02414,900.0
2.5516E+03,-0.015294,0.001551,0.02414,900.0
2.5517E+03,-0.015369,0.000024,0.02414,900.0
2.5518E+03,-0.015293,-0.001503,0.02414,900.0
2.5519E+03,-0.015077,-0.002968,0.02414,900.0
2.5520E+03,-0.014712,-0.004441,0.02414,900.0
2.5521E+03,-0.014192,-0.005905,0.02414,900.0
2.5522E+03,-0.013551,-0.007261,0.02414,900.0
2.5523E+03,-0.012804,-0.008533,0.02414,900.0
2.5524E+03,-0.011904,-0.009749,0.02414,900.0
2.5525E+03,-0.010897,-0.010873,0.02414,900.0
2.5526E+03,-0.009765,-0.011917,0.02414,900.0
2.5527E+03,-0.008609,-0.012786,0.02414,900.0
2.5528E+03,-0.007449,-0.013475,0.02414,900.0
2.5529E+03,-0.006063,-0.014150,0.02414,900.0
2.5530E+03,-0.004931,-0.014594,0.02414,900.0
2.5531E+03,-0.003695,-0.014946,0.02414,900.0
2.5532E+03,-0.002578,-0.015195,0.02414,900.0
2.5533E+03,-0.001417,-0.015329,0.02414,900.0
2.5534E+03,0.000109,-0.015396,0.02414,900.0
2.5535E+03,0.001639,-0.015310,0.02414,900.0
2.5536E+03,0.003133,-0.015090,0.02414,900.0
2.5537E+03,0.004558,-0.014719,0.02414,0.0
2.5538E+03,0.006015,-0.014186,0.02414,0.0
2.5539E+03,0.007297,-0.013571,0.02414,0.0
2.5540E+03,0.008622,-0.012766,0.02414,0.0
2.5541E+03,0.009848,-0.011828,0.02414,0.0
2.5542E+03,0.010934,-0.010823,0.02414,0.0
2.5543E+03,0.011954,-0.009681,0.02414,0.0
2.5544E+03,0.012786,-0.008560,0.02414,900.0
2.5545E+03,0.013155,-0.008007,0.02414,900.0
2.5546E+03,0.013165,-0.007992,0.02414,900.0
2.5547E+03,0.012405,-0.007686,0.02414,900.0
2.5548E+03,0.007975,-0.005905,0.02414,900.0
2.5549E+03,0.000701,-0.002980,0.02414,900.0
2.5550E+03,-0.006709,0.000000,0.02414,900.0
2.5551E+03,-0.010904,0.001687,0.02414,900.0
2.5553E+03,-0.011331,0.001858,0.02414,900.0
2.5554E+03,-0.011196,0.002493,0.02414,900.0
2.5555E+03,-0.010822,0.003720,0.02414,900.0
2.5556E+03,-0.010232,0.005139,0.02414,900.0
2.5557E+03,-0.009468,0.006432,0.02414,900.0
2.5558E+03,-0.008560,0.007591,0.02414,900.0
2.5559E+03,-0.007443,0.008692,0.02414,900.0
2.5560E+03,-0.006260,0.009585,0.02414,900.0
2.5561E+03,-0.004920,0.010341,0.02414,900.0
2.5562E+03,-0.003565,0.010889,0.02414,900.0
2.5563E+03,-0.002231,0.011215,0.02414,900.0
2.5564E+03,-0.000729,0.011404,0.02414,900.0
2.5565E+03,0.000717,0.011416,0.02414,900.0
2.5566E+03,0.002234,0.011198,0.02414,900.0
2.5567E+03,0.003722,0.010812,0.02414,900.0
2.5568E+03,0.005106,0.010223,0.02414,900.0
2.5569E+03,0.006405,0.009475,0.02414,900.0
2.5570E+03,0.007564,0.008584,0.02414,900.0
2.5571E+03,0.008646,0.007497,0.02414,900.0
2.5572E+03,0.009571,0.006305,0.02414,900.0
2.5573E+03,0.010303,0.005041,0.02414,900.0
2.5574E+03,0.010886,0.003629,0.02414,900.0
2.5575E+03,0.011251,0.002201,0.02414,900.0
2.5576E+03,0.011446,0.000643,0.02414,900.0
2.5577E+03,0.011441,-0.000856,0.02414,900.0
2.5578E+03,0.011225,-0.002356,0.02414,900.0
2.5579E+03,0.010838,-0.003771,0.02414,900.0
2.5580E+03,0.010329,-0.004996,0.02414,900.0
2.5581E+03,0.009589,-0.006332,0.02414,900.0
2.5582E+03,0.008684,-0.007537,0.02414,900.0
2.5583E+03,0.007619,-0.008617,0.02414,900.0
2.5584E+03,0.006481,-0.009518,0.02414,900.0
2.5585E+03,0.005156,-0.010286,0.02414,900.0
2.5586E+03,0.003800,-0.010870,0.02414,900.0
2.5587E+03,0.002335,-0.011265,0.02414,900.0
2.5588E+03,0.000781,-0.011473,0.02414,900.0
2.5589E+03,-0.000749,-0.011474,0.02414,900.0
2.5590E+03,-0.002242,-0.011275,0.02414,900.0
2.5591E+03,-0.003662,-0.010899,0.02414,900.0
2.5592E+03,-0.005013,-0.010343,0.02414,900.0
2.5593E+03,-0.006326,-0.009602,0.02414,900.0
2.5594E+03,-0.007540,-0.008679,0.02414,900.0
2.5595E+03,-0.008615,-0.007610,0.02414,0.0
2.5596E+03,-0.009497,-0.006485,0.02414,0.0
2.5597E+03,-0.010198,-0.005307,0.02414,0.0
2.5598E+03,-0.010799,-0.003910,0.02414,0.0
2.5599E+03,-0.011209,-0.002444,0.02414,0.0
2.5600E+03,-0.011421,-0.000930,0.02414,0.0
2.5601E+03,-0.011455,0.000546,0.02414,900.0
2.5602E+03,-0.011379,0.001537,0.02414,900.0
2.5603E+03,-0.011331,0.001858,0.02414,900.0
2.5604E+03,-0.010989,0.001781,0.02414,900.0
2.5605E+03,-0.007974,0.001104,0.02414,900.0
2.5606E+03,-0.000423,-0.000593,0.02414,900.0
2.5607E+03,0.007038,-0.002270,0.02414,900.0
2.5608E+03,0.013091,-0.003630,0.02414,900.0
2.5609E+03,0.013190,-0.003653,0.02414,900.0
2.5610E+03,0.013195,-0.003654,0.02414,900.0
2.5611E+03,0.013223,-0.003549,0.02414,900.0
2.5612E+03,0.013449,-0.002429,0.02414,900.0
2.5613E+03,0.013612,-0.001265,0.02414,900.0
2.5614E+03,0.013655,-0.000147,0.02414,900.0
2.5615E+03,0.013590,0.001300,0.02414,900.0
2.5616E+03,0.013371,0.002780,0.02414,900.0
2.5617E+03,0.012966,0.004274,0.02414,900.0
2.5618E+03,0.012411,0.005695,0.02414,900.0
2.5619E+03,0.011709,0.007033,0.02414,900.0
2.5620E+03,0.010833,0.008299,0.02414,900.0
2.5621E+03,0.009897,0.009392,0.02414,900.0
2.5622E+03,0.008777,0.010435,0.02414,900.0
2.5623E+03,0.007587,0.011319,0.02414,900.0
2.5624E+03,0.006305,0.012081,0.02414,900.0
2.5625E+03,0.004919,0.012703,0.02414,900.0
2.5626E+03,0.003468,0.013173,0.02414,900.0
2.5627E+03,0.002010,0.013477,0.02414,900.0
2.5628E+03,0.000544,0.013614,0.02414,900.0
2.5629E+03,-0.000985,0.013597,0.02414,900.0
2.5630E+03,-0.002473,0.013402,0.02414,900.0
2.5631E+03,-0.003831,0.013102,0.02414,900.0
2.5632E+03,-0.005246,0.012587,0.02414,900.0
2.5633E+03,-0.006567,0.011954,0.02414,900.0
2.5634E+03,-0.007878,0.011127,0.02414,900.0
2.5635E+03,-0.009028,0.010217,0.02414,900.0
2.5636E+03,-0.010091,0.009163,0.02414,900.0
2.5637E+03,-0.011050,0.007985,0.02414,900.0
2.5638E+03,-0.011876,0.006702,0.02414,900.0
2.5639E+03,-0.012553,0.005346,0.02414,900.0
2.5640E+03,-0.013065,0.003955,0.02414,900.0
2.5641E+03,-0.013431,0.002485,0.02414,900.0
2.5642E+03,-0.013637,0.000968,0.02414,900.0
2.5643E+03,-0.013667,-0.000574,0.02414,900.0
2.5644E+03,-0.013534,-0.002015,0.02414,900.0
2.5645E+03,-0.013218,-0.003510,0.02414,900.0
2.5646E+03,-0.012741,-0.004972,0.02414,900.0
2.5647E+03,-0.012126,-0.006314,0.02414,900.0
2.5648E+03,-0.011379,-0.007592,0.02414,900.0
2.5649E+03,-0.010570,-0.008684,0.02414,900.0
2.5650E+03,-0.009559,-0.009791,0.02414,900.0
2.5651E+03,-0.008446,-0.010779,0.02414,900.0
2.5652E+03,-0.007154,-0.011685,0.02414,900.0
2.5653E+03,-0.005903,-0.012363,0.02414,900.0
2.5654E+03,-0.004429,-0.012974,0.02414,900.0
2.5655E+03,-0.002975,-0.013387,0.02414,900.0
2.5656E+03,-0.001488,-0.013624,0.02414,900.0
2.5657E+03,-0.000050,-0.013703,0.02414,900.0
2.5658E+03,0.001440,-0.013622,0.02414,900.0
2.5659E+03,0.002976,-0.013367,0.02414,900.0
2.5660E+03,0.004446,-0.012948,0.02414,900.0
2.5661E+03,0.005838,-0.012383,0.02414,900.0
2.5662E+03,0.007162,-0.011662,0.02414,0.0
2.5663E+03,0.008384,-0.010818,0.02414,0.0
2.5664E+03,0.009492,-0.009858,0.02414,0.0
2.5665E+03,0.010537,-0.008741,0.02414,0.0
2.5666E+03,0.011382,-0.007628,0.02414,0.0
2.5667E+03,0.012104,-0.006399,0.02414,0.0
2.5668E+03,0.012718,-0.005035,0.02414,0.0
2.5669E+03,0.013093,-0.003973,0.02414,900.0
2.5670E+03,0.013195,-0.003654,0.02414,900.0
2.5671E+03,0.013190,-0.003653,0.02414,900.0
2.5672E+03,0.009860,-0.002918,0.02414,900.0
2.5673E+03,0.003397,-0.001493,0.02414,900.0
2.5674E+03,-0.004098,0.000160,0.02414,900.0
2.5675E+03,-0.010516,0.001575,0.02414,900.0
2.5676E+03,-0.013010,0.002125,0.02414,900.0
2.5677E+03,-0.013010,0.002126,0.02414,900.0
2.5678E+03,-0.013005,0.002149,0.02414,900.0
2.5679E+03,-0.012750,0.003335,0.02414,900.0
2.5680E+03,-0.012249,0.004819,0.02414,900.0
2.5681E+03,-0.011641,0.006132,0.02414,900.0
2.5682E+03,-0.010861,0.007403,0.02414,900.0
2.5683E+03,-0.010028,0.008494,0.02414,900.0
2.5684E+03,-0.008978,0.009596,0.02414,900.0
2.5685E+03,-0.007816,0.010565,0.02414,900.0
2.5686E+03,-0.006539,0.011395,0.02414,900.0
2.5687E+03,-0.005185,0.012078,0.02414,900.0
2.5688E+03,-0.003817,0.012582,0.02414,900.0
2.5689E+03,-0.002331,0.012942,0.02414,900.0
2.5690E+03,-0.000784,0.013123,0.02414,900.0
2.5691E+03,0.000699,0.013125,0.02414,900.0
2.5692E+03,0.002213,0.012952,0.02414,900.0
2.5693E+03,0.003665,0.012614,0.02414,900.0
2.5694E+03,0.005083,0.012108,0.02414,900.0
2.5695E+03,0.006433,0.011454,0.02414,900.0
2.5696E+03,0.007711,0.010637,0.02414,900.0
2.5697E+03,0.008879,0.009686,0.02414,900.0
2.5698E+03,0.009912,0.008632,0.02414,900.0
2.5699E+03,0.010842,0.007437,0.02414,900.0
2.5700E+03,0.011627,0.006169,0.02414,900.0
2.5701E+03,0.012194,0.004991,0.02414,900.0
2.5702E+03,0.012689,0.003528,0.02414,900.0
2.5703E+03,0.012996,0.002093,0.02414,900.0
2.5704E+03,0.013157,0.000601,0.02414,900.0
2.5705E+03,0.013140,-0.000917,0.02414,900.0
2.5706E+03,0.012953,-0.002411,0.02414,900.0
2.5707E+03,0.012585,-0.003893,0.02414,900.0
2.5708E+03,0.012053,-0.005321,0.02414,900.0
2.5709E+03,0.011377,-0.006672,0.02414,900.0
2.5710E+03,0.010544,-0.007927,0.02414,900.0
2.5711E+03,0.009606,-0.009043,0.02414,900.0
2.5712E+03,0.008455,-0.010141,0.02414,900.0
2.5713E+03,0.007292,-0.011034,0.02414,900.0
2.5714E+03,0.005985,-0.011790,0.02414,900.0
2.5715E+03,0.004634,-0.012369,0.02414,900.0
2.5716E+03,0.003162,-0.012825,0.02414,900.0
2.5717E+03,0.001689,-0.013104,0.02414,900.0
2.5718E+03,0.000319,-0.013196,0.02414,900.0
2.5719E+03,-0.001173,-0.013147,0.02414,900.0
2.5720E+03,-0.002642,-0.012927,0.02414,900.0
2.5721E+03,-0.004113,-0.012551,0.02414,900.0
2.5722E+03,-0.005481,-0.012017,0.02414,900.0
2.5723E+03,-0.006836,-0.011303,0.02414,900.0
2.5724E+03,-0.008120,-0.010426,0.02414,900.0
2.5725E+03,-0.009267,-0.009432,0.02414,900.0
2.5726E+03,-0.010213,-0.008378,0.02414,0.0
2.5727E+03,-0.011094,-0.007130,0.02414,0.0
2.5728E+03,-0.011840,-0.005807,0.02414,0.0
2.5729E+03,-0.012421,-0.004405,0.02414,0.0
2.5730E+03,-0.012839,-0.002939,0.02414,0.0
2.5731E+03,-0.013083,-0.001465,0.02414,0.0
2.5732E+03,-0.013166,0.000014,0.02414,0.0
2.5733E+03,-0.013105,0.001365,0.02414,0.0
2.5736E+03,-0.013010,0.002125,0.02414,0.0
2.5737E+03,-0.013010,0.002127,0.02414,0.0
2.5738E+03,-0.013010,0.002128,0.02414,0.0
2.5739E+03,-0.013010,0.002129,0.02414,0.0
2.5740E+03,-0.013010,0.002131,0.02414,0.0
2.5741E+03,-0.013010,0.002132,0.02414,0.0
2.5742E+03,-0.013010,0.002133,0.02414,0.0
2.5743E+03,-0.013010,0.002134,0.02414,0.0
2.5744E+03,-0.013010,0.002136,0.02414,0.0
2.5745E+03,-0.013010,0.002137,0.02414,0.0
2.5746E+03,-0.013010,0.002138,0.02414,0.0
2.5747E+03,-0.013010,0.002139,0.02414,0.0
2.5748E+03,-0.013010,0.002140,0.02414,0.0
2.5749E+03,-0.013010,0.002142,0.02414,0.0
2.5750E+03,-0.013010,0.002143,0.02414,0.0
2.5751E+03,-0.013010,0.002145,0.02414,0.0
2.5752E+03,-0.013010,0.002146,0.02414,0.0
2.5753E+03,-0.013010,0.002147,0.02414,0.0
2.5754E+03,-0.013010,0.002148,0.02414,0.0
2.5755E+03,-0.013010,0.002149,0.02414,0.0
2.5756E+03,-0.013010,0.002150,0.02414,0.0
2.5757E+03,-0.013010,0.002151,0.02414,0.0
2.5758E+03,-0.013010,0.002153,0.02414,0.0
2.5759E+03,-0.013010,0.002154,0.02414,0.0
2.5760E+03,-0.013010,0.002156,0.02414,0.0
2.5761E+03,-0.013010,0.002157,0.02414,0.0
2.5762E+03,-0.013010,0.002158,0.02414,0.0
2.5763E+03,-0.013010,0.002159,0.02414,0.0
2.5764E+03,-0.013010,0.002160,0.02414,0.0
2.5765E+03,-0.013010,0.002161,0.02414,0.0
2.5766E+03,-0.013010,-0.013432,0.02414,0.0
2.5767E+03,-0.013009,-0.013423,0.02414,0.0
2.5768E+03,-0.012960,-0.012650,0.02414,0.0
2.5769E+03,-0.012826,-0.010549,0.02414,0.0
2.5770E+03,-0.012691,-0.008436,0.02414,0.0
2.5771E+03,-0.012550,-0.006232,0.02414,0.0
2.5772E+03,-0.012391,-0.003737,0.02414,0.0
2.5773E+03,-0.012247,-0.001480,0.02414,0.0
2.5774E+03,-0.012096,0.000874,0.02414,0.0
2.5775E+03,-0.011943,0.003267,0.02414,0.0
2.5776E+03,-0.011793,0.005627,0.02414,0.0
2.5777E+03,-0.011645,0.007937,0.02414,0.0
2.5778E+03,-0.011544,0.009518,0.02414,0.0
