1.4824E+03,-0.011121,0.008614,0.01278,0.0
1.4825E+03,-0.011121,0.008613,0.01278,0.0
1.4826E+03,-0.011121,0.008610,0.01278,0.0
1.4827E+03,-0.011121,0.008608,0.01278,0.0
1.4828E+03,-0.011121,0.008606,0.01278,0.0
1.4829E+03,-0.011121,0.008604,0.01278,0.0
1.4830E+03,-0.011121,0.008602,0.01278,0.0
1.4831E+03,-0.011121,0.008601,0.01278,0.0
1.4832E+03,-0.011121,0.008598,0.01278,0.0
1.4833E+03,-0.011121,0.008596,0.01278,0.0
1.4834E+03,-0.011121,0.008594,0.01278,0.0
1.4835E+03,-0.011121,0.008591,0.01278,0.0
1.4836E+03,-0.011121,0.008589,0.01278,0.0
1.4837E+03,-0.011121,0.008588,0.01278,0.0
1.4838E+03,-0.011121,0.008586,0.01278,0.0
1.4839E+03,-0.011121,0.008584,0.01278,0.0
1.4840E+03,-0.011121,0.008582,0.01278,0.0
1.4841E+03,-0.011121,0.008580,0.01278,0.0
1.4842E+03,-0.011121,0.008579,0.01278,0.0
1.4843E+03,-0.011110,0.008588,0.01278,0.0
1.4844E+03,-0.010858,0.008801,0.01278,0.0
1.4845E+03,-0.009947,0.009572,0.01278,0.0
1.4846E+03,-0.008881,0.010475,0.01278,0.0
1.4847E+03,-0.007850,0.011347,0.01278,900.0
1.4848E+03,-0.006838,0.012203,0.01278,900.0
1.4849E+03,-0.005813,0.013071,0.01278,900.0
1.4850E+03,-0.004755,0.013966,0.01278,900.0
1.4851E+03,-0.003734,0.014831,0.01278,900.0
1.4852E+03,-0.002711,0.015697,0.01278,900.0
1.4853E+03,-0.001684,0.016566,0.01278,900.0
1.4854E+03,-0.001122,0.017042,0.01278,900.0
1.4855E+03,-0.001062,0.017092,0.01278,900.0
1.4856E+03,-0.001083,0.017090,0.01278,900.0
1.4857E+03,-0.001281,0.017068,0.01278,900.0
1.4858E+03,-0.002685,0.016904,0.01278,900.0
1.4859E+03,-0.004188,0.016593,0.01278,900.0
1.4860E+03,-0.005583,0.016180,0.01278,900.0
1.4861E+03,-0.007010,0.015601,0.01278,900.0
1.4862E+03,-0.008333,0.014941,0.01278,900.0
1.4863E+03,-0.009607,0.014152,0.01278,900.0
1.4864E+03,-0.010839,0.013237,0.01278,900.0
1.4865E+03,-0.011956,0.012242,0.01278,900.0
1.4866E+03,-0.012975,0.011151,0.01278,900.0
1.4867E+03,-0.013933,0.009941,0.01278,900.0
1.4868E+03,-0.014771,0.008666,0.01278,900.0
1.4869E+03,-0.015478,0.007334,0.01278,900.0
1.4870E+03,-0.016036,0.006044,0.01278,900.0
1.4871E+03,-0.016329,0.005205,0.01278,900.0
1.4872E+03,-0.016708,0.003802,0.01278,900.0
1.4873E+03,-0.016968,0.002407,0.01278,900.0
1.4874E+03,-0.017088,0.001351,0.01278,900.0
1.4875E+03,-0.017127,-0.000063,0.01278,900.0
1.4876E+03,-0.017088,-0.001444,0.01278,900.0
1.4877E+03,-0.016942,-0.002647,0.01278,900.0
1.4878E+03,-0.016671,-0.003996,0.01278,900.0
1.4879E+03,-0.016312,-0.005320,0.01278,900.0
1.4880E+03,-0.015974,-0.006258,0.01278,900.0
1.4881E+03,-0.015404,-0.007557,0.01278,900.0
1.4882E+03,-0.014679,-0.008911,0.01278,900.0
1.4883E+03,-0.013805,-0.010217,0.01278,900.0
1.4884E+03,-0.012855,-0.011376,0.01278,900.0
1.4885E+03,-0.011835,-0.012435,0.01278,900.0
1.4886E+03,-0.010716,-0.013413,0.01278,900.0
1.4887E+03,-0.009488,-0.014305,0.01278,900.0
1.4888E+03,-0.008187,-0.015085,0.01278,900.0
1.4889E+03,-0.006855,-0.015743,0.01278,900.0
1.4890E+03,-0.005457,-0.016283,0.01278,900.0
1.4891E+03,-0.004132,-0.016674,0.01278,900.0
1.4892E+03,-0.002718,-0.016964,0.01278,900.0
1.4893E+03,-0.001181,-0.017149,0.01278,900.0
1.4894E+03,0.000337,-0.017186,0.01278,900.0
1.4895E+03,0.001846,-0.017084,0.01278,900.0
1.4896E+03,0.003356,-0.016845,0.01278,900.0
1.4897E+03,0.004763,-0.016505,0.01278,900.0
1.4898E+03,0.006177,-0.016022,0.01278,900.0
1.4899E+03,0.007559,-0.015411,0.01278,900.0
1.4900E+03,0.008880,-0.014690,0.01278,900.0
1.4901E+03,0.010161,-0.013830,0.01278,900.0
1.4902E+03,0.011267,-0.012965,0.01278,900.0
1.4903E+03,0.012091,-0.012192,0.01278,900.0
1.4904E+03,0.013112,-0.011078,0.01278,900.0
1.4905E+03,0.014055,-0.009861,0.01278,900.0
1.4906E+03,0.014853,-0.008626,0.01278,900.0
1.4907E+03,0.015545,-0.007273,0.01278,900.0
1.4908E+03,0.016054,-0.006025,0.01278,900.0
1.4909E+03,0.016511,-0.004628,0.01278,900.0
1.4910E+03,0.016804,-0.003415,0.01278,900.0
1.4911E+03,0.017001,-0.002211,0.01278,900.0
1.4912E+03,0.017115,-0.001017,0.01278,900.0
1.4913E+03,0.017137,0.000222,0.01278,900.0
1.4914E+03,0.017080,0.001535,0.01278,900.0
1.4915E+03,0.016949,0.002554,0.01278,900.0
1.4916E+03,0.016705,0.003878,0.01278,900.0
1.4917E+03,0.016376,0.005081,0.01278,900.0
1.4918E+03,0.015861,0.006486,0.01278,900.0
1.4919E+03,0.015227,0.007837,0.01278,900.0
1.4920E+03,0.014444,0.009202,0.01278,900.0
1.4921E+03,0.013597,0.010394,0.01278,900.0
1.4922E+03,0.012611,0.011560,0.01278,900.0
1.4923E+03,0.011718,0.012477,0.01278,900.0
1.4924E+03,0.010777,0.013286,0.01278,900.0
1.4925E+03,0.009709,0.014086,0.01278,900.0
1.4926E+03,0.008434,0.014893,0.01278,0.0
1.4927E+03,0.007112,0.015562,0.01278,0.0
1.4928E+03,0.005640,0.016161,0.01278,0.0
1.4929E+03,0.004241,0.016590,0.01278,0.0
1.4930E+03,0.002771,0.016886,0.01278,0.0
1.4931E+03,0.001241,0.017058,0.01278,0.0
1.4932E+03,-0.000254,0.017103,0.01278,900.0
1.4933E+03,-0.000918,0.017097,0.01278,900.0
1.4934E+03,-0.001062,0.017092,0.01278,900.0
1.4935E+03,-0.001322,0.016283,0.01278,900.0
1.4936E+03,-0.002646,0.012169,0.01278,900.0
1.4937E+03,-0.005070,0.004637,0.01278,900.0
1.4938E+03,-0.007202,-0.001989,0.01278,900.0
1.4941E+03,-0.008237,-0.005205,0.01278,900.0
1.4942E+03,-0.008636,-0.004480,0.01278,900.0
1.4943E+03,-0.009158,-0.003183,0.01278,900.0
1.4944E+03,-0.009529,-0.001801,0.01278,900.0
1.4945E+03,-0.009677,-0.000298,0.01278,900.0
1.4946E+03,-0.009599,0.001218,0.01278,900.0
1.4947E+03,-0.009298,0.002664,0.01278,900.0
1.4948E+03,-0.008781,0.004053,0.01278,900.0
1.4949E+03,-0.008042,0.005366,0.01278,900.0
1.4950E+03,-0.007090,0.006570,0.01278,900.0
1.4951E+03,-0.005988,0.007606,0.01278,900.0
1.4952E+03,-0.004708,0.008457,0.01278,900.0
1.4953E+03,-0.003434,0.009095,0.01278,900.0
1.4954E+03,-0.001925,0.009469,0.01278,900.0
1.4955E+03,-0.000434,0.009653,0.01278,900.0
1.4956E+03,0.001043,0.009591,0.01278,900.0
1.4957E+03,0.002534,0.009310,0.01278,900.0
1.4958E+03,0.003952,0.008806,0.01278,900.0
1.4959E+03,0.005129,0.008173,0.01278,900.0
1.4960E+03,0.006341,0.007289,0.01278,900.0
1.4961E+03,0.007418,0.006203,0.01278,900.0
1.4962E+03,0.008296,0.004991,0.01278,900.0
1.4963E+03,0.008974,0.003665,0.01278,900.0
1.4964E+03,0.009440,0.002269,0.01278,900.0
1.4965E+03,0.009663,0.000772,0.01278,900.0
1.4966E+03,0.009669,-0.000778,0.01278,900.0
1.4967E+03,0.009437,-0.002234,0.01278,900.0
1.4968E+03,0.008989,-0.003636,0.01278,900.0
1.4969E+03,0.008305,-0.005006,0.01278,900.0
1.4970E+03,0.007440,-0.006236,0.01278,900.0
1.4971E+03,0.006395,-0.007300,0.01278,900.0
1.4972E+03,0.005180,-0.008224,0.01278,900.0
1.4973E+03,0.003871,-0.008925,0.01278,900.0
1.4974E+03,0.002413,-0.009424,0.01278,900.0
1.4975E+03,0.000907,-0.009707,0.01278,0.0
1.4976E+03,-0.000581,-0.009727,0.01278,0.0
1.4977E+03,-0.001893,-0.009545,0.01278,0.0
1.4978E+03,-0.003321,-0.009139,0.01278,0.0
1.4979E+03,-0.004678,-0.008516,0.01278,0.0
1.4980E+03,-0.005941,-0.007677,0.01278,0.0
1.4981E+03,-0.007073,-0.006654,0.01278,900.0
1.4982E+03,-0.007882,-0.005704,0.01278,900.0
1.4983E+03,-0.008237,-0.005205,0.01278,900.0
1.4984E+03,-0.008226,-0.005186,0.01278,900.0
1.4985E+03,-0.007481,-0.003916,0.01278,900.0
1.4986E+03,-0.004050,0.001929,0.01278,900.0
1.4987E+03,-0.000023,0.008791,0.01278,900.0
1.4988E+03,0.003380,0.014589,0.01278,900.0
1.4989E+03,0.003604,0.014971,0.01278,900.0
1.4990E+03,0.003618,0.014995,0.01278,900.0
1.4991E+03,0.003598,0.014999,0.01278,900.0
1.4992E+03,0.002650,0.015174,0.01278,900.0
1.4993E+03,0.001245,0.015348,0.01278,900.0
1.4994E+03,-0.000106,0.015393,0.01278,900.0
1.4995E+03,-0.001639,0.015315,0.01278,900.0
1.4996E+03,-0.003067,0.015090,0.01278,900.0
1.4997E+03,-0.004517,0.014705,0.01278,900.0
1.4998E+03,-0.005950,0.014218,0.01278,900.0
1.4999E+03,-0.007390,0.013535,0.01278,900.0
1.5000E+03,-0.008630,0.012771,0.01278,900.0
1.5001E+03,-0.009863,0.011846,0.01278,900.0
1.5002E+03,-0.010967,0.010831,0.01278,900.0
1.5003E+03,-0.011958,0.009719,0.01278,900.0
1.5004E+03,-0.012860,0.008494,0.01278,900.0
1.5005E+03,-0.013631,0.007200,0.01278,900.0
1.5006E+03,-0.014265,0.005850,0.01278,900.0
1.5007E+03,-0.014775,0.004437,0.01278,900.0
1.5008E+03,-0.015134,0.002991,0.01278,900.0
1.5009E+03,-0.015366,0.001502,0.01278,900.0
1.5010E+03,-0.015443,-0.000060,0.01278,900.0
1.5011E+03,-0.015386,-0.001402,0.01278,900.0
1.5012E+03,-0.015186,-0.002843,0.01278,900.0
1.5013E+03,-0.014817,-0.004362,0.01278,900.0
1.5014E+03,-0.014314,-0.005793,0.01278,900.0
1.5015E+03,-0.013689,-0.007162,0.01278,900.0
1.5016E+03,-0.012954,-0.008431,0.01278,900.0
1.5017E+03,-0.012098,-0.009625,0.01278,900.0
1.5018E+03,-0.011097,-0.010759,0.01278,900.0
1.5019E+03,-0.010003,-0.011792,0.01278,900.0
1.5020E+03,-0.008796,-0.012726,0.01278,900.0
1.5021E+03,-0.007549,-0.013508,0.01278,900.0
1.5022E+03,-0.006201,-0.014191,0.01278,900.0
1.5023E+03,-0.004759,-0.014732,0.01278,900.0
1.5024E+03,-0.003310,-0.015115,0.01278,900.0
1.5025E+03,-0.001791,-0.015370,0.01278,900.0
1.5026E+03,-0.000260,-0.015474,0.01278,900.0
1.5027E+03,0.001182,-0.015428,0.01278,900.0
1.5028E+03,0.002505,-0.015262,0.01278,900.0
1.5029E+03,0.003997,-0.014942,0.01278,900.0
1.5030E+03,0.005429,-0.014487,0.01278,900.0
1.5031E+03,0.006808,-0.013887,0.01278,900.0
1.5032E+03,0.008179,-0.013141,0.01278,900.0
1.5033E+03,0.009377,-0.012312,0.01278,900.0
1.5034E+03,0.010558,-0.011323,0.01278,900.0
1.5035E+03,0.011573,-0.010256,0.01278,900.0
1.5036E+03,0.012514,-0.009081,0.01278,900.0
1.5037E+03,0.013323,-0.007841,0.01278,900.0
1.5038E+03,0.014007,-0.006513,0.01278,900.0
1.5039E+03,0.014585,-0.005062,0.01278,900.0
1.5040E+03,0.015014,-0.003614,0.01278,900.0
1.5041E+03,0.015282,-0.002179,0.01278,900.0
1.5042E+03,0.015422,-0.000666,0.01278,900.0
1.5043E+03,0.015408,0.000865,0.01278,900.0
1.5044E+03,0.015257,0.002363,0.01278,900.0
1.5045E+03,0.014939,0.003885,0.01278,900.0
1.5046E+03,0.014545,0.005169,0.01278,900.0
1.5047E+03,0.013968,0.006548,0.01278,900.0
1.5048E+03,0.013240,0.007898,0.01278,900.0
1.5049E+03,0.012404,0.009158,0.01278,900.0
1.5050E+03,0.011453,0.010308,0.01278,0.0
1.5051E+03,0.010426,0.011346,0.01278,0.0
1.5052E+03,0.009279,0.012296,0.01278,0.0
1.5053E+03,0.008015,0.013152,0.01278,0.0
1.5054E+03,0.006706,0.013873,0.01278,0.0
1.5055E+03,0.005326,0.014455,0.01278,900.0
1.5056E+03,0.003933,0.014911,0.01278,900.0
1.5058E+03,0.003618,0.014995,0.01278,900.0
1.5059E+03,0.002765,0.013641,0.01278,900.0
1.5060E+03,-0.000857,0.007892,0.01278,900.0
1.5061E+03,-0.005116,0.001133,0.01278,900.0
1.5062E+03,-0.008418,-0.004109,0.01278,900.0
1.5064E+03,-0.009679,-0.006110,0.01278,900.0
1.5065E+03,-0.009776,-0.005934,0.01278,900.0
1.5066E+03,-0.010155,-0.005198,0.01278,900.0
1.5067E+03,-0.010746,-0.003838,0.01278,900.0
1.5068E+03,-0.011167,-0.002409,0.01278,900.0
1.5069E+03,-0.011381,-0.000862,0.01278,900.0
1.5070E+03,-0.011387,0.000608,0.01278,900.0
1.5071E+03,-0.011184,0.002165,0.01278,900.0
1.5072E+03,-0.010808,0.003578,0.01278,900.0
1.5073E+03,-0.010219,0.004980,0.01278,900.0
1.5074E+03,-0.009474,0.006278,0.01278,900.0
1.5075E+03,-0.008567,0.007467,0.01278,900.0
1.5076E+03,-0.007483,0.008551,0.01278,900.0
1.5077E+03,-0.006261,0.009473,0.01278,900.0
1.5078E+03,-0.004971,0.010218,0.01278,900.0
1.5079E+03,-0.003617,0.010777,0.01278,900.0
1.5080E+03,-0.002309,0.011145,0.01278,900.0
1.5081E+03,-0.000812,0.011335,0.01278,900.0
1.5082E+03,0.000754,0.011338,0.01278,900.0
1.5083E+03,0.002180,0.011154,0.01278,900.0
1.5084E+03,0.003620,0.010767,0.01278,900.0
1.5085E+03,0.005027,0.010176,0.01278,900.0
1.5086E+03,0.006358,0.009407,0.01278,900.0
1.5087E+03,0.007565,0.008476,0.01278,900.0
1.5088E+03,0.008624,0.007401,0.01278,900.0
1.5089E+03,0.009531,0.006202,0.01278,900.0
1.5090E+03,0.010264,0.004915,0.01278,900.0
1.5091E+03,0.010835,0.003540,0.01278,900.0
1.5092E+03,0.011201,0.002148,0.01278,900.0
1.5093E+03,0.011386,0.000550,0.01278,900.0
1.5094E+03,0.011369,-0.000940,0.01278,900.0
1.5095E+03,0.011157,-0.002401,0.01278,900.0
1.5096E+03,0.010734,-0.003845,0.01278,900.0
1.5097E+03,0.010215,-0.005064,0.01278,900.0
1.5098E+03,0.009461,-0.006369,0.01278,900.0
1.5099E+03,0.008532,-0.007579,0.01278,900.0
1.5100E+03,0.007459,-0.008642,0.01278,900.0
1.5101E+03,0.006235,-0.009571,0.01278,900.0
1.5102E+03,0.004980,-0.010291,0.01278,900.0
1.5103E+03,0.003589,-0.010873,0.01278,900.0
1.5104E+03,0.002149,-0.011243,0.01278,900.0
1.5105E+03,0.000657,-0.011417,0.01278,900.0
1.5106E+03,-0.000918,-0.011400,0.01278,900.0
1.5107E+03,-0.002383,-0.011176,0.01278,0.0
1.5108E+03,-0.003822,-0.010759,0.01278,0.0
1.5109E+03,-0.005203,-0.010165,0.01278,0.0
1.5110E+03,-0.006497,-0.009388,0.01278,0.0
1.5111E+03,-0.007693,-0.008430,0.01278,0.0
1.5112E+03,-0.008724,-0.007354,0.01278,900.0
1.5113E+03,-0.009454,-0.006427,0.01278,900.0
1.5114E+03,-0.009679,-0.006110,0.01278,900.0
1.5115E+03,-0.009657,-0.006079,0.01278,900.0
1.5116E+03,-0.008632,-0.004668,0.01278,900.0
1.5117E+03,-0.004248,0.001371,0.01278,900.0
1.5118E+03,0.000250,0.007567,0.01278,900.0
1.5119E+03,0.003362,0.011854,0.01278,900.0
1.5121E+03,0.004236,0.013057,0.01278,900.0
1.5122E+03,0.003942,0.013141,0.01278,900.0
1.5123E+03,0.003019,0.013362,0.01278,900.0
1.5124E+03,0.001546,0.013610,0.01278,900.0
1.5125E+03,0.000011,0.013702,0.01278,900.0
1.5126E+03,-0.001494,0.013623,0.01278,900.0
1.5127E+03,-0.002963,0.013396,0.01278,900.0
1.5128E+03,-0.004430,0.012985,0.01278,900.0
1.5129E+03,-0.005815,0.012416,0.01278,900.0
1.5130E+03,-0.007168,0.011688,0.01278,900.0
1.5131E+03,-0.008409,0.010822,0.01278,900.0
1.5132E+03,-0.009412,0.009963,0.01278,900.0
1.5133E+03,-0.010451,0.008867,0.01278,900.0
1.5134E+03,-0.011386,0.007634,0.01278,900.0
1.5135E+03,-0.012153,0.006362,0.01278,900.0
1.5136E+03,-0.012765,0.005053,0.01278,900.0
1.5137E+03,-0.013236,0.003635,0.01278,900.0
1.5138E+03,-0.013569,0.002174,0.01278,900.0
1.5139E+03,-0.013740,0.000587,0.01278,900.0
1.5140E+03,-0.013709,-0.000905,0.01278,900.0
1.5141E+03,-0.013536,-0.002385,0.01278,900.0
1.5142E+03,-0.013291,-0.003537,0.01278,900.0
1.5143E+03,-0.013005,-0.004484,0.01278,900.0
1.5144E+03,-0.012554,-0.005607,0.01278,900.0
1.5145E+03,-0.011895,-0.006885,0.01278,900.0
1.5146E+03,-0.011068,-0.008160,0.01278,900.0
1.5147E+03,-0.010110,-0.009333,0.01278,900.0
1.5148E+03,-0.009057,-0.010365,0.01278,900.0
1.5149E+03,-0.007994,-0.011219,0.01278,900.0
1.5150E+03,-0.006696,-0.012053,0.01278,900.0
1.5151E+03,-0.005322,-0.012707,0.01278,900.0
1.5152E+03,-0.003870,-0.013220,0.01278,900.0
1.5153E+03,-0.002441,-0.013555,0.01278,900.0
1.5154E+03,-0.000938,-0.013734,0.01278,900.0
1.5155E+03,0.000571,-0.013756,0.01278,900.0
1.5156E+03,0.002036,-0.013618,0.01278,900.0
1.5157E+03,0.003496,-0.013316,0.01278,900.0
1.5158E+03,0.004956,-0.012840,0.01278,900.0
1.5159E+03,0.006356,-0.012215,0.01278,900.0
1.5160E+03,0.007654,-0.011442,0.01278,900.0
1.5161E+03,0.008869,-0.010542,0.01278,900.0
1.5162E+03,0.009942,-0.009527,0.01278,900.0
1.5163E+03,0.010943,-0.008363,0.01278,900.0
1.5164E+03,0.011777,-0.007121,0.01278,900.0
1.5165E+03,0.012454,-0.005822,0.01278,900.0
1.5166E+03,0.012921,-0.004711,0.01278,900.0
1.5167E+03,0.013275,-0.003545,0.01278,900.0
1.5168E+03,0.013577,-0.002065,0.01278,900.0
1.5169E+03,0.013717,-0.000557,0.01278,900.0
1.5170E+03,0.013703,0.000887,0.01278,900.0
1.5171E+03,0.013572,0.002179,0.01278,900.0
1.5172E+03,0.013335,0.003288,0.01278,900.0
1.5173E+03,0.012895,0.004721,0.01278,900.0
1.5174E+03,0.012305,0.006097,0.01278,0.0
1.5175E+03,0.011533,0.007446,0.01278,0.0
1.5176E+03,0.010670,0.008618,0.01278,0.0
1.5177E+03,0.009690,0.009705,0.01278,0.0
1.5178E+03,0.008565,0.010693,0.01278,0.0
1.5179E+03,0.007323,0.011580,0.01278,0.0
1.5180E+03,0.005974,0.012327,0.01278,0.0
1.5181E+03,0.004815,0.012844,0.01278,900.0
1.5182E+03,0.004236,0.013057,0.01278,900.0
1.5183E+03,0.004234,0.013054,0.01278,900.0
1.5184E+03,0.003864,0.012569,0.01278,900.0
1.5185E+03,-0.000044,0.007463,0.01278,900.0
1.5186E+03,-0.004943,0.001060,0.01278,900.0
1.5187E+03,-0.009557,-0.004970,0.01278,900.0
1.5188E+03,-0.010952,-0.006793,0.01278,900.0
1.5189E+03,-0.011121,-0.007015,0.01278,900.0
1.5190E+03,-0.011162,-0.006941,0.01278,900.0
1.5191E+03,-0.011574,-0.006161,0.01278,900.0
1.5192E+03,-0.012184,-0.004830,0.01278,900.0
1.5193E+03,-0.012643,-0.003426,0.01278,900.0
1.5194E+03,-0.012954,-0.001921,0.01278,900.0
1.5195E+03,-0.013092,-0.000424,0.01278,900.0
1.5196E+03,-0.013060,0.001022,0.01278,900.0
1.5197E+03,-0.012853,0.002565,0.01278,900.0
1.5198E+03,-0.012460,0.004064,0.01278,900.0
1.5199E+03,-0.011934,0.005403,0.01278,900.0
1.5200E+03,-0.011225,0.006729,0.01278,900.0
1.5201E+03,-0.010452,0.007859,0.01278,900.0
1.5202E+03,-0.009461,0.009010,0.01278,900.0
1.5203E+03,-0.008339,0.010049,0.01278,900.0
1.5204E+03,-0.007149,0.010929,0.01278,900.0
1.5205E+03,-0.005878,0.011658,0.01278,900.0
1.5206E+03,-0.004463,0.012274,0.01278,900.0
1.5207E+03,-0.003069,0.012707,0.01278,900.0
1.5208E+03,-0.001491,0.012997,0.01278,900.0
1.5209E+03,-0.000020,0.013089,0.01278,900.0
1.5210E+03,0.001493,0.012991,0.01278,900.0
1.5211E+03,0.002911,0.012742,0.01278,900.0
1.5212E+03,0.004346,0.012315,0.01278,900.0
1.5213E+03,0.005757,0.011716,0.01278,900.0
1.5214E+03,0.007095,0.010958,0.01278,900.0
1.5215E+03,0.008300,0.010085,0.01278,900.0
1.5216E+03,0.009365,0.009074,0.01278,900.0
1.5217E+03,0.010359,0.007907,0.01278,900.0
1.5218E+03,0.011257,0.006669,0.01278,900.0
1.5219E+03,0.011866,0.005544,0.01278,900.0
1.5220E+03,0.012449,0.004099,0.01278,900.0
1.5221E+03,0.012826,0.002652,0.01278,900.0
1.5222E+03,0.013051,0.001124,0.01278,900.0
1.5223E+03,0.013087,-0.000349,0.01278,900.0
1.5224E+03,0.012961,-0.001845,0.01278,900.0
1.5225E+03,0.012668,-0.003337,0.01278,900.0
1.5226E+03,0.012195,-0.004792,0.01278,900.0
1.5227E+03,0.011563,-0.006178,0.01278,900.0
1.5228E+03,0.010795,-0.007454,0.01278,900.0
1.5229E+03,0.009885,-0.008627,0.01278,900.0
1.5230E+03,0.008832,-0.009711,0.01278,900.0
1.5231E+03,0.007713,-0.010632,0.01278,900.0
1.5232E+03,0.006438,-0.011451,0.01278,900.0
1.5233E+03,0.005115,-0.012107,0.01278,900.0
1.5234E+03,0.003620,-0.012625,0.01278,900.0
1.5235E+03,0.002171,-0.012954,0.01278,900.0
1.5236E+03,0.000863,-0.013098,0.01278,900.0
1.5237E+03,-0.000652,-0.013112,0.01278,900.0
1.5238E+03,-0.002174,-0.012951,0.01278,0.0
1.5239E+03,-0.003649,-0.012611,0.01278,0.0
1.5240E+03,-0.005083,-0.012103,0.01278,0.0
1.5241E+03,-0.006419,-0.011452,0.01278,0.0
1.5242E+03,-0.007651,-0.010668,0.01278,0.0
1.5243E+03,-0.008888,-0.009660,0.01278,0.0
1.5244E+03,-0.009926,-0.008600,0.01278,0.0
1.5245E+03,-0.010798,-0.007462,0.01278,0.0
1.5246E+03,-0.011087,-0.007063,0.01278,0.0
1.5247E+03,-0.011121,-0.007015,0.01278,0.0
1.5248E+03,-0.011121,-0.007014,0.01278,0.0
1.5249E+03,-0.011121,-0.007012,0.01278,0.0
1.5251E+03,-0.011121,-0.007010,0.01278,0.0
1.5252E+03,-0.011121,-0.007009,0.01278,0.0
1.5253E+03,-0.011121,-0.007007,0.01278,0.0
1.5254E+03,-0.011121,-0.007006,0.01278,0.0
1.5255E+03,-0.011121,-0.007005,0.01278,0.0
1.5257E+03,-0.011121,-0.007003,0.01278,0.0
1.5258E+03,-0.011121,-0.007001,0.01278,0.0
1.5259E+03,-0.011121,-0.007000,0.01278,0.0
1.5260E+03,-0.011121,-0.006999,0.01278,0.0
1.5261E+03,-0.011121,-0.006997,0.01278,0.0
1.5262E+03,-0.011121,-0.006995,0.01278,0.0
1.5264E+03,-0.011121,-0.006993,0.01278,0.0
1.5265E+03,-0.011121,-0.006992,0.01278,0.0
1.5266E+03,-0.011121,-0.006990,0.01278,0.0
1.5267E+03,-0.011121,-0.006989,0.01278,0.0
1.5268E+03,-0.011121,-0.006988,0.01278,0.0
1.5269E+03,-0.011121,-0.006987,0.01278,0.0
1.5270E+03,-0.011121,-0.006985,0.01278,0.0
1.5271E+03,-0.011121,-0.006983,0.01278,0.0
1.5272E+03,-0.011121,-0.006982,0.01278,0.0
1.5273E+03,-0.011121,-0.006981,0.01278,0.0
1.5275E+03,-0.011121,-0.006979,0.01278,0.0
1.5277E+03,-0.011121,-0.022572,0.01278,0.0
1.5278E+03,-0.011040,-0.022397,0.01278,0.0
1.5279E+03,-0.009957,-0.020039,0.01278,0.0
1.5280E+03,-0.008361,-0.016563,0.01278,0.0
1.5281E+03,-0.006741,-0.013037,0.01278,0.0
1.5282E+03,-0.005127,-0.009523,0.01278,0.0
1.5283E+03,-0.003492,-0.005964,0.01278,0.0
1.5284E+03,-0.001878,-0.002450,0.01278,0.0
1.5285E+03,-0.000318,0.000947,0.01278,0.0
1.5286E+03,0.001249,0.004357,0.01278,0.0
1.5287E+03,0.002868,0.007883,0.01278,0.0
1.5288E+03,0.004344,0.011095,0.01278,0.0
1.5289E+03,0.005943,0.014577,0.01278,0.0
