5.1669E+03,0.008427,0.006406,0.05538,0.0
5.1670E+03,0.008427,0.006405,0.05538,0.0
5.1671E+03,0.008427,0.006403,0.05538,0.0
5.1672E+03,0.008427,0.006401,0.05538,0.0
5.1673E+03,0.008427,0.006400,0.05538,0.0
5.1674E+03,0.008427,0.006398,0.05538,0.0
5.1675E+03,0.008427,0.006397,0.05538,0.0
5.1676E+03,0.008427,0.006395,0.05538,0.0
5.1678E+03,0.008427,0.006393,0.05538,0.0
5.1679E+03,0.008427,0.006392,0.05538,0.0
5.1680E+03,0.008427,0.006391,0.05538,0.0
5.1681E+03,0.008427,0.006389,0.05538,0.0
5.1682E+03,0.008427,0.006388,0.05538,0.0
5.1683E+03,0.008427,0.006386,0.05538,0.0
5.1683E+03,0.008427,0.006384,0.05538,0.0
5.1684E+03,0.008427,0.006382,0.05538,0.0
5.1685E+03,0.008427,0.006381,0.05538,0.0
5.1686E+03,0.008427,0.006379,0.05538,0.0
5.1687E+03,0.008427,0.006378,0.05538,0.0
5.1688E+03,0.008427,0.006376,0.05538,0.0
5.1689E+03,0.008427,0.006375,0.05538,0.0
5.1690E+03,0.008427,0.006374,0.05538,0.0
5.1691E+03,0.008427,0.006372,0.05538,0.0
5.1693E+03,0.008427,0.006371,0.05538,0.0
5.1695E+03,0.008568,0.006528,0.05538,0.0
5.1696E+03,0.008965,0.006970,0.05538,0.0
5.1697E+03,0.009479,0.007543,0.05538,0.0
5.1698E+03,0.009979,0.008101,0.05538,900.0
5.1699E+03,0.010467,0.008644,0.05538,900.0
5.1700E+03,0.010986,0.009223,0.05538,900.0
5.1701E+03,0.011476,0.009769,0.05538,900.0
5.1701E+03,0.011943,0.010290,0.05538,900.0
5.1702E+03,0.012447,0.010852,0.05538,900.0
5.1703E+03,0.012952,0.011415,0.05538,900.0
5.1704E+03,0.013262,0.011761,0.05538,900.0
5.1706E+03,0.013305,0.011808,0.05538,900.0
5.1707E+03,0.013174,0.011946,0.05538,900.0
5.1708E+03,0.012455,0.012682,0.05538,900.0
5.1709E+03,0.011292,0.013732,0.05538,900.0
5.1710E+03,0.010120,0.014613,0.05538,900.0
5.1712E+03,0.008876,0.015390,0.05538,900.0
5.1713E+03,0.007524,0.016095,0.05538,900.0
5.1714E+03,0.006135,0.016667,0.05538,900.0
5.1715E+03,0.004703,0.017119,0.05538,900.0
5.1716E+03,0.003228,0.017459,0.05538,900.0
5.1717E+03,0.001746,0.017668,0.05538,900.0
5.1718E+03,0.000238,0.017753,0.05538,900.0
5.1718E+03,-0.001127,0.017723,0.05538,900.0
5.1719E+03,-0.002570,0.017573,0.05538,900.0
5.1720E+03,-0.004118,0.017290,0.05538,900.0
5.1721E+03,-0.005552,0.016884,0.05538,900.0
5.1722E+03,-0.006994,0.016331,0.05538,900.0
5.1723E+03,-0.008351,0.015682,0.05538,900.0
5.1724E+03,-0.009672,0.014895,0.05538,900.0
5.1725E+03,-0.010881,0.014041,0.05538,900.0
5.1726E+03,-0.011987,0.013108,0.05538,900.0
5.1727E+03,-0.013056,0.012043,0.05538,900.0
5.1728E+03,-0.014053,0.010877,0.05538,900.0
5.1730E+03,-0.014932,0.009628,0.05538,900.0
5.1731E+03,-0.015678,0.008382,0.05538,900.0
5.1732E+03,-0.016197,0.007342,0.05538,900.0
5.1733E+03,-0.016719,0.006068,0.05538,900.0
5.1734E+03,-0.017086,0.004949,0.05538,900.0
5.1735E+03,-0.017445,0.003515,0.05538,900.0
5.1735E+03,-0.017653,0.002212,0.05538,900.0
5.1736E+03,-0.017766,0.001090,0.05538,900.0
5.1737E+03,-0.017786,-0.000186,0.05538,900.0
5.1738E+03,-0.017751,-0.001381,0.05538,900.0
5.1739E+03,-0.017608,-0.002575,0.05538,900.0
5.1740E+03,-0.017337,-0.004018,0.05538,900.0
5.1741E+03,-0.016980,-0.005357,0.05538,900.0
5.1742E+03,-0.016593,-0.006462,0.05538,900.0
5.1743E+03,-0.016042,-0.007751,0.05538,900.0
5.1744E+03,-0.015495,-0.008798,0.05538,900.0
5.1745E+03,-0.014665,-0.010135,0.05538,900.0
5.1747E+03,-0.013810,-0.011273,0.05538,900.0
5.1748E+03,-0.012816,-0.012444,0.05538,900.0
5.1749E+03,-0.011693,-0.013468,0.05538,900.0
5.1750E+03,-0.010502,-0.014399,0.05538,900.0
5.1751E+03,-0.009269,-0.015220,0.05538,900.0
5.1752E+03,-0.007951,-0.015948,0.05538,900.0
5.1753E+03,-0.006573,-0.016567,0.05538,900.0
5.1753E+03,-0.005317,-0.017017,0.05538,900.0
5.1754E+03,-0.003832,-0.017418,0.05538,900.0
5.1755E+03,-0.002344,-0.017683,0.05538,900.0
5.1756E+03,-0.000831,-0.017820,0.05538,900.0
5.1757E+03,0.000657,-0.017822,0.05538,900.0
5.1758E+03,0.002198,-0.017700,0.05538,900.0
5.1759E+03,0.003688,-0.017440,0.05538,900.0
5.1760E+03,0.005111,-0.017077,0.05538,900.0
5.1761E+03,0.006538,-0.016580,0.05538,900.0
5.1762E+03,0.007946,-0.015951,0.05538,900.0
5.1764E+03,0.009250,-0.015231,0.05538,900.0
5.1765E+03,0.010462,-0.014423,0.05538,900.0
5.1766E+03,0.011644,-0.013493,0.05538,900.0
5.1767E+03,0.012738,-0.012469,0.05538,900.0
5.1768E+03,0.013785,-0.011289,0.05538,900.0
5.1769E+03,0.014677,-0.010114,0.05538,900.0
5.1770E+03,0.015487,-0.008822,0.05538,900.0
5.1770E+03,0.016085,-0.007649,0.05538,900.0
5.1771E+03,0.016671,-0.006236,0.05538,900.0
5.1772E+03,0.017133,-0.004817,0.05538,900.0
5.1773E+03,0.017415,-0.003694,0.05538,900.0
5.1774E+03,0.017616,-0.002475,0.05538,900.0
5.1775E+03,0.017765,-0.000944,0.05538,900.0
5.1776E+03,0.017782,0.000574,0.05538,900.0
5.1777E+03,0.017666,0.002056,0.05538,0.0
5.1778E+03,0.017460,0.003415,0.05538,0.0
5.1779E+03,0.017239,0.004399,0.05538,0.0
5.1781E+03,0.016797,0.005856,0.05538,0.0
5.1782E+03,0.016238,0.007265,0.05538,0.0
5.1783E+03,0.015569,0.008580,0.05538,0.0
5.1784E+03,0.014795,0.009845,0.05538,900.0
5.1785E+03,0.013904,0.011059,0.05538,900.0
5.1786E+03,0.013403,0.011692,0.05538,900.0
5.1787E+03,0.013305,0.011808,0.05538,900.0
5.1787E+03,0.013000,0.011083,0.05538,900.0
5.1788E+03,0.011684,0.007955,0.05538,900.0
5.1789E+03,0.009261,0.002190,0.05538,900.0
5.1790E+03,0.008940,0.001441,0.05538,900.0
5.1791E+03,0.008941,0.001435,0.05538,900.0
5.1792E+03,0.008989,0.001154,0.05538,900.0
5.1793E+03,0.009044,-0.000222,0.05538,900.0
5.1794E+03,0.008888,-0.001667,0.05538,900.0
5.1795E+03,0.008492,-0.003100,0.05538,900.0
5.1796E+03,0.007871,-0.004464,0.05538,900.0
5.1798E+03,0.007013,-0.005719,0.05538,900.0
5.1799E+03,0.005956,-0.006818,0.05538,900.0
5.1800E+03,0.004748,-0.007721,0.05538,900.0
5.1801E+03,0.003407,-0.008400,0.05538,900.0
5.1802E+03,0.001982,-0.008852,0.05538,900.0
5.1803E+03,0.000505,-0.009074,0.05538,900.0
5.1804E+03,-0.000966,-0.009040,0.05538,900.0
5.1804E+03,-0.002324,-0.008779,0.05538,900.0
5.1805E+03,-0.003764,-0.008250,0.05538,900.0
5.1806E+03,-0.005034,-0.007541,0.05538,900.0
5.1807E+03,-0.006185,-0.006609,0.05538,900.0
5.1808E+03,-0.007206,-0.005473,0.05538,900.0
5.1809E+03,-0.008025,-0.004173,0.05538,900.0
5.1810E+03,-0.008603,-0.002769,0.05538,900.0
5.1811E+03,-0.008948,-0.001322,0.05538,900.0
5.1812E+03,-0.009037,0.000156,0.05538,900.0
5.1813E+03,-0.008891,0.001664,0.05538,900.0
5.1814E+03,-0.008509,0.003068,0.05538,900.0
5.1816E+03,-0.007837,0.004495,0.05538,900.0
5.1817E+03,-0.007000,0.005710,0.05538,900.0
5.1818E+03,-0.005916,0.006803,0.05538,900.0
5.1819E+03,-0.004695,0.007684,0.05538,900.0
5.1820E+03,-0.003362,0.008343,0.05538,900.0
5.1821E+03,-0.001932,0.008789,0.05538,900.0
5.1821E+03,-0.000591,0.008972,0.05538,900.0
5.1822E+03,0.000890,0.008955,0.05538,900.0
5.1823E+03,0.002344,0.008689,0.05538,0.0
5.1824E+03,0.003802,0.008174,0.05538,0.0
5.1825E+03,0.005049,0.007478,0.05538,0.0
5.1826E+03,0.006277,0.006494,0.05538,0.0
5.1827E+03,0.007230,0.005414,0.05538,0.0
5.1828E+03,0.008028,0.004137,0.05538,0.0
5.1829E+03,0.008589,0.002747,0.05538,0.0
5.1830E+03,0.008879,0.001734,0.05538,900.0
5.1831E+03,0.008940,0.001441,0.05538,900.0
5.1833E+03,0.008852,0.001419,0.05538,900.0
5.1834E+03,0.005388,0.000534,0.05538,900.0
5.1835E+03,-0.001732,-0.001283,0.05538,900.0
5.1836E+03,-0.009011,-0.003141,0.05538,900.0
5.1837E+03,-0.014710,-0.004596,0.05538,900.0
5.1839E+03,-0.015392,-0.004770,0.05538,900.0
5.1839E+03,-0.015359,-0.004881,0.05538,900.0
5.1840E+03,-0.014957,-0.005989,0.05538,900.0
5.1841E+03,-0.014323,-0.007362,0.05538,900.0
5.1842E+03,-0.013593,-0.008641,0.05538,900.0
5.1843E+03,-0.012716,-0.009886,0.05538,900.0
5.1844E+03,-0.011718,-0.011053,0.05538,900.0
5.1845E+03,-0.010658,-0.012087,0.05538,900.0
5.1846E+03,-0.009499,-0.013028,0.05538,900.0
5.1847E+03,-0.008199,-0.013879,0.05538,900.0
5.1848E+03,-0.006879,-0.014591,0.05538,900.0
5.1850E+03,-0.005464,-0.015183,0.05538,900.0
5.1851E+03,-0.004102,-0.015610,0.05538,900.0
5.1852E+03,-0.002596,-0.015926,0.05538,900.0
5.1853E+03,-0.001074,-0.016093,0.05538,900.0
5.1854E+03,0.000426,-0.016121,0.05538,900.0
5.1855E+03,0.001909,-0.016012,0.05538,900.0
5.1856E+03,0.003407,-0.015757,0.05538,900.0
5.1856E+03,0.004742,-0.015410,0.05538,900.0
5.1857E+03,0.006157,-0.014901,0.05538,900.0
5.1858E+03,0.007485,-0.014287,0.05538,900.0
5.1859E+03,0.008755,-0.013545,0.05538,900.0
5.1860E+03,0.009993,-0.012657,0.05538,900.0
5.1861E+03,0.011145,-0.011666,0.05538,900.0
5.1862E+03,0.012220,-0.010517,0.05538,900.0
5.1863E+03,0.013101,-0.009384,0.05538,900.0
5.1864E+03,0.013906,-0.008132,0.05538,900.0
5.1865E+03,0.014600,-0.006794,0.05538,900.0
5.1866E+03,0.015100,-0.005591,0.05538,900.0
5.1868E+03,0.015500,-0.004342,0.05538,900.0
5.1869E+03,0.015827,-0.002924,0.05538,900.0
5.1870E+03,0.016022,-0.001431,0.05538,900.0
5.1871E+03,0.016086,0.000068,0.05538,900.0
5.1872E+03,0.016011,0.001594,0.05538,900.0
5.1873E+03,0.015784,0.003092,0.05538,900.0
5.1873E+03,0.015472,0.004440,0.05538,900.0
5.1874E+03,0.014970,0.005878,0.05538,900.0
5.1875E+03,0.014352,0.007240,0.05538,900.0
5.1876E+03,0.013602,0.008554,0.05538,900.0
5.1877E+03,0.012752,0.009771,0.05538,900.0
5.1878E+03,0.011801,0.010899,0.05538,900.0
5.1879E+03,0.010735,0.011943,0.05538,900.0
5.1880E+03,0.009578,0.012890,0.05538,900.0
5.1881E+03,0.008327,0.013729,0.05538,900.0
5.1882E+03,0.006979,0.014463,0.05538,900.0
5.1883E+03,0.005603,0.015053,0.05538,900.0
5.1885E+03,0.004174,0.015519,0.05538,900.0
5.1886E+03,0.002668,0.015838,0.05538,900.0
5.1887E+03,0.001110,0.016028,0.05538,900.0
5.1888E+03,-0.000333,0.016057,0.05538,900.0
5.1889E+03,-0.001875,0.015946,0.05538,900.0
5.1890E+03,-0.003355,0.015700,0.05538,900.0
5.1891E+03,-0.004822,0.015314,0.05538,900.0
5.1891E+03,-0.006105,0.014847,0.05538,900.0
5.1892E+03,-0.007439,0.014234,0.05538,900.0
5.1893E+03,-0.008698,0.013501,0.05538,900.0
5.1894E+03,-0.009940,0.012625,0.05538,900.0
5.1895E+03,-0.011089,0.011641,0.05538,900.0
5.1896E+03,-0.012178,0.010501,0.05538,900.0
5.1897E+03,-0.013083,0.009356,0.05538,900.0
5.1898E+03,-0.013893,0.008085,0.05538,900.0
5.1899E+03,-0.014579,0.006771,0.05538,900.0
5.1900E+03,-0.015166,0.005326,0.05538,0.0
5.1902E+03,-0.015601,0.003883,0.05538,0.0
5.1903E+03,-0.015898,0.002405,0.05538,0.0
5.1904E+03,-0.016058,0.000883,0.05538,0.0
5.1905E+03,-0.016076,-0.000605,0.05538,0.0
5.1906E+03,-0.015965,-0.002058,0.05538,0.0
5.1907E+03,-0.015719,-0.003491,0.05538,900.0
5.1908E+03,-0.015412,-0.004703,0.05538,900.0
5.1908E+03,-0.015392,-0.004769,0.05538,900.0
5.1909E+03,-0.015392,-0.004770,0.05538,900.0
5.1910E+03,-0.012346,-0.004008,0.05538,900.0
5.1911E+03,-0.005724,-0.002350,0.05538,900.0
5.1912E+03,0.001839,-0.000457,0.05538,900.0
5.1913E+03,0.007985,0.001081,0.05538,900.0
5.1915E+03,0.010614,0.001739,0.05538,900.0
5.1916E+03,0.010648,0.001483,0.05538,900.0
5.1917E+03,0.010721,0.000599,0.05538,900.0
5.1919E+03,0.010704,-0.000951,0.05538,900.0
5.1920E+03,0.010480,-0.002472,0.05538,900.0
5.1921E+03,0.010066,-0.003860,0.05538,900.0
5.1922E+03,0.009437,-0.005205,0.05538,900.0
5.1923E+03,0.008584,-0.006490,0.05538,900.0
5.1924E+03,0.007625,-0.007660,0.05538,900.0
5.1925E+03,0.006499,-0.008612,0.05538,900.0
5.1925E+03,0.005332,-0.009344,0.05538,900.0
5.1926E+03,0.003937,-0.010019,0.05538,900.0
5.1927E+03,0.002513,-0.010472,0.05538,900.0
5.1928E+03,0.001091,-0.010721,0.05538,900.0
5.1929E+03,-0.000433,-0.010783,0.05538,900.0
5.1930E+03,-0.001900,-0.010622,0.05538,900.0
5.1931E+03,-0.003397,-0.010248,0.05538,900.0
5.1932E+03,-0.004743,-0.009688,0.05538,900.0
5.1933E+03,-0.006073,-0.008904,0.05538,900.0
5.1934E+03,-0.007232,-0.007991,0.05538,900.0
5.1935E+03,-0.008244,-0.006915,0.05538,900.0
5.1937E+03,-0.009127,-0.005675,0.05538,900.0
5.1938E+03,-0.009840,-0.004315,0.05538,900.0
5.1939E+03,-0.010352,-0.002873,0.05538,900.0
5.1940E+03,-0.010652,-0.001373,0.05538,900.0
5.1941E+03,-0.010738,0.000138,0.05538,900.0
5.1942E+03,-0.010623,0.001605,0.05538,900.0
5.1942E+03,-0.010350,0.002890,0.05538,900.0
5.1943E+03,-0.009816,0.004379,0.05538,900.0
5.1944E+03,-0.009139,0.005627,0.05538,900.0
5.1945E+03,-0.008226,0.006865,0.05538,900.0
5.1946E+03,-0.007196,0.007933,0.05538,900.0
5.1947E+03,-0.005980,0.008872,0.05538,900.0
5.1948E+03,-0.004695,0.009626,0.05538,900.0
5.1949E+03,-0.003332,0.010166,0.05538,900.0
5.1950E+03,-0.001866,0.010532,0.05538,900.0
5.1951E+03,-0.000360,0.010697,0.05538,900.0
5.1952E+03,0.001137,0.010646,0.05538,900.0
5.1954E+03,0.002632,0.010391,0.05538,900.0
5.1955E+03,0.004082,0.009910,0.05538,0.0
5.1956E+03,0.005438,0.009246,0.05538,0.0
5.1957E+03,0.006703,0.008377,0.05538,0.0
5.1958E+03,0.007816,0.007349,0.05538,0.0
5.1959E+03,0.008751,0.006193,0.05538,0.0
5.1960E+03,0.009529,0.004903,0.05538,900.0
5.1960E+03,0.010075,0.003665,0.05538,900.0
5.1961E+03,0.010460,0.002422,0.05538,900.0
5.1962E+03,0.010614,0.001739,0.05538,900.0
5.1963E+03,0.010613,0.001742,0.05538,900.0
5.1964E+03,0.010113,0.002749,0.05538,900.0
5.1965E+03,0.007499,0.008022,0.05538,900.0
5.1966E+03,0.004838,0.013389,0.05538,900.0
5.1968E+03,0.004748,0.013571,0.05538,900.0
5.1969E+03,0.004461,0.013662,0.05538,900.0
5.1971E+03,0.003445,0.013937,0.05538,900.0
5.1972E+03,0.001949,0.014215,0.05538,900.0
5.1973E+03,0.000417,0.014341,0.05538,900.0
5.1974E+03,-0.001058,0.014313,0.05538,900.0
5.1975E+03,-0.002510,0.014131,0.05538,900.0
5.1976E+03,-0.004003,0.013781,0.05538,900.0
5.1977E+03,-0.005457,0.013286,0.05538,900.0
5.1977E+03,-0.006631,0.012753,0.05538,900.0
5.1978E+03,-0.007944,0.011984,0.05538,900.0
5.1979E+03,-0.009138,0.011087,0.05538,900.0
5.1980E+03,-0.010259,0.010057,0.05538,900.0
5.1981E+03,-0.011273,0.008901,0.05538,900.0
5.1982E+03,-0.012160,0.007644,0.05538,900.0
5.1983E+03,-0.012883,0.006365,0.05538,900.0
5.1984E+03,-0.013449,0.005058,0.05538,900.0
5.1985E+03,-0.013874,0.003795,0.05538,900.0
5.1986E+03,-0.014125,0.002728,0.05538,900.0
5.1987E+03,-0.014294,0.001607,0.05538,900.0
5.1989E+03,-0.014394,0.000098,0.05538,900.0
5.1990E+03,-0.014333,-0.001444,0.05538,900.0
5.1991E+03,-0.014194,-0.002499,0.05538,900.0
5.1992E+03,-0.013894,-0.003827,0.05538,900.0
5.1993E+03,-0.013432,-0.005299,0.05538,900.0
5.1994E+03,-0.012791,-0.006648,0.05538,900.0
5.1994E+03,-0.012080,-0.007832,0.05538,900.0
5.1995E+03,-0.011202,-0.009063,0.05538,900.0
5.1996E+03,-0.010206,-0.010169,0.05538,900.0
5.1997E+03,-0.009087,-0.011189,0.05538,900.0
5.1998E+03,-0.007872,-0.012083,0.05538,900.0
5.1999E+03,-0.006586,-0.012837,0.05538,900.0
5.2000E+03,-0.005247,-0.013447,0.05538,900.0
5.2001E+03,-0.003778,-0.013936,0.05538,900.0
5.2002E+03,-0.002276,-0.014257,0.05538,900.0
5.2003E+03,-0.000780,-0.014414,0.05538,900.0
5.2004E+03,0.000688,-0.014409,0.05538,900.0
5.2006E+03,0.002214,-0.014253,0.05538,900.0
5.2007E+03,0.003705,-0.013934,0.05538,900.0
5.2008E+03,0.005133,-0.013476,0.05538,900.0
5.2009E+03,0.006498,-0.012869,0.05538,900.0
5.2010E+03,0.007794,-0.012129,0.05538,900.0
5.2011E+03,0.009006,-0.011256,0.05538,900.0
5.2012E+03,0.010136,-0.010250,0.05538,900.0
5.2012E+03,0.011071,-0.009248,0.05538,900.0
5.2013E+03,0.011972,-0.008050,0.05538,900.0
5.2014E+03,0.012733,-0.006749,0.05538,900.0
5.2015E+03,0.013249,-0.005667,0.05538,900.0
5.2016E+03,0.013717,-0.004383,0.05538,900.0
5.2017E+03,0.014086,-0.002940,0.05538,900.0
5.2018E+03,0.014311,-0.001427,0.05538,900.0
5.2019E+03,0.014382,0.000070,0.05538,900.0
5.2020E+03,0.014294,0.001539,0.05538,900.0
5.2021E+03,0.014051,0.003035,0.05538,900.0
5.2023E+03,0.013649,0.004524,0.05538,900.0
5.2024E+03,0.013121,0.005876,0.05538,0.0
5.2025E+03,0.012416,0.007256,0.05538,0.0
5.2026E+03,0.011570,0.008549,0.05538,0.0
5.2027E+03,0.010645,0.009652,0.05538,0.0
5.2028E+03,0.009579,0.010710,0.05538,0.0
5.2029E+03,0.008379,0.011659,0.05538,0.0
5.2029E+03,0.007239,0.012398,0.05538,0.0
5.2030E+03,0.005917,0.013074,0.05538,900.0
5.2031E+03,0.004994,0.013478,0.05538,900.0
5.2032E+03,0.004748,0.013571,0.05538,900.0
5.2033E+03,0.004818,0.013137,0.05538,900.0
5.2034E+03,0.005265,0.010366,0.05538,900.0
5.2035E+03,0.006507,0.002673,0.05538,900.0
5.2036E+03,0.007799,-0.005331,0.05538,900.0
5.2037E+03,0.008389,-0.008990,0.05538,900.0
5.2040E+03,0.008427,-0.009223,0.05538,900.0
5.2041E+03,0.007833,-0.009714,0.05538,900.0
5.2042E+03,0.006700,-0.010509,0.05538,900.0
5.2043E+03,0.005361,-0.011252,0.05538,900.0
5.2044E+03,0.003971,-0.011821,0.05538,900.0
5.2045E+03,0.002527,-0.012213,0.05538,900.0
5.2046E+03,0.001053,-0.012437,0.05538,900.0
5.2046E+03,-0.000250,-0.012489,0.05538,900.0
5.2047E+03,-0.001856,-0.012360,0.05538,900.0
5.2048E+03,-0.003292,-0.012054,0.05538,900.0
5.2049E+03,-0.004757,-0.011546,0.05538,900.0
5.2050E+03,-0.006057,-0.010917,0.05538,900.0
5.2051E+03,-0.007352,-0.010081,0.05538,900.0
5.2052E+03,-0.008507,-0.009124,0.05538,900.0
5.2053E+03,-0.009498,-0.008065,0.05538,900.0
5.2054E+03,-0.010404,-0.006834,0.05538,900.0
5.2055E+03,-0.011182,-0.005486,0.05538,900.0
5.2056E+03,-0.011737,-0.004144,0.05538,900.0
5.2058E+03,-0.012147,-0.002731,0.05538,900.0
5.2059E+03,-0.012392,-0.001237,0.05538,900.0
5.2060E+03,-0.012451,0.000362,0.05538,900.0
5.2061E+03,-0.012330,0.001791,0.05538,900.0
5.2062E+03,-0.012012,0.003252,0.05538,900.0
5.2063E+03,-0.011499,0.004736,0.05538,900.0
5.2063E+03,-0.010923,0.005930,0.05538,900.0
5.2064E+03,-0.010136,0.007188,0.05538,900.0
5.2065E+03,-0.009198,0.008357,0.05538,900.0
5.2066E+03,-0.008082,0.009418,0.05538,900.0
5.2067E+03,-0.006854,0.010349,0.05538,900.0
5.2068E+03,-0.005576,0.011088,0.05538,900.0
5.2069E+03,-0.004198,0.011687,0.05538,900.0
5.2070E+03,-0.002814,0.012097,0.05538,900.0
5.2071E+03,-0.001325,0.012355,0.05538,900.0
5.2072E+03,0.000253,0.012409,0.05538,900.0
5.2073E+03,0.001744,0.012292,0.05538,900.0
5.2075E+03,0.003198,0.011986,0.05538,900.0
5.2076E+03,0.004641,0.011502,0.05538,900.0
5.2077E+03,0.005980,0.010870,0.05538,900.0
5.2078E+03,0.007246,0.010080,0.05538,900.0
5.2079E+03,0.008421,0.009127,0.05538,900.0
5.2080E+03,0.009475,0.008021,0.05538,900.0
5.2080E+03,0.010323,0.006925,0.05538,900.0
5.2081E+03,0.011074,0.005658,0.05538,900.0
5.2082E+03,0.011714,0.004238,0.05538,900.0
5.2083E+03,0.012139,0.002831,0.05538,900.0
5.2084E+03,0.012382,0.001333,0.05538,0.0
5.2085E+03,0.012444,-0.000173,0.05538,0.0
5.2086E+03,0.012327,-0.001693,0.05538,0.0
5.2087E+03,0.012042,-0.003129,0.05538,0.0
5.2088E+03,0.011585,-0.004546,0.05538,0.0
5.2089E+03,0.010945,-0.005944,0.05538,0.0
5.2090E+03,0.010143,-0.007236,0.05538,0.0
5.2092E+03,0.009230,-0.008378,0.05538,0.0
5.2093E+03,0.008525,-0.009128,0.05538,0.0
5.2095E+03,0.008427,-0.009223,0.05538,0.0
5.2096E+03,0.008427,-0.009221,0.05538,0.0
5.2097E+03,0.008427,-0.009219,0.05538,0.0
5.2098E+03,0.008427,-0.009218,0.05538,0.0
5.2099E+03,0.008427,-0.009217,0.05538,0.0
5.2100E+03,0.008427,-0.009215,0.05538,0.0
5.2102E+03,0.008427,-0.009214,0.05538,0.0
5.2103E+03,0.008427,-0.009213,0.05538,0.0
5.2105E+03,0.008427,-0.009211,0.05538,0.0
5.2106E+03,0.008427,-0.009210,0.05538,0.0
5.2107E+03,0.008427,-0.009209,0.05538,0.0
5.2109E+03,0.008427,-0.009208,0.05538,0.0
5.2111E+03,0.008427,-0.009206,0.05538,0.0
5.2112E+03,0.008427,-0.009204,0.05538,0.0
5.2113E+03,0.008427,-0.009203,0.05538,0.0
5.2114E+03,0.008427,-0.009202,0.05538,0.0
5.2115E+03,0.008427,-0.009200,0.05538,0.0
5.2116E+03,0.008427,-0.009199,0.05538,0.0
5.2117E+03,0.008427,-0.009198,0.05538,0.0
5.2118E+03,0.008427,-0.009197,0.05538,0.0
5.2119E+03,0.008427,-0.009196,0.05538,0.0
5.2120E+03,0.008427,-0.009194,0.05538,0.0
5.2121E+03,0.008427,-0.009192,0.05538,0.0
5.2123E+03,0.008427,-0.009191,0.05538,0.0
5.2125E+03,0.008427,-0.009189,0.05538,0.0
5.2126E+03,0.008427,-0.009188,0.05538,0.0
5.2128E+03,0.008427,-0.009187,0.05538,0.0
5.2130E+03,0.008427,-0.024780,0.05538,0.0
5.2131E+03,0.008234,-0.022444,0.05538,0.0
5.2132E+03,0.007932,-0.018778,0.05538,0.0
5.2133E+03,0.007629,-0.015095,0.05538,0.0
5.2134E+03,0.007320,-0.011353,0.05538,0.0
5.2135E+03,0.006997,-0.007428,0.05538,0.0
5.2136E+03,0.006672,-0.003489,0.05538,0.0
5.2137E+03,0.006358,0.000326,0.05538,0.0
5.2138E+03,0.006046,0.004107,0.05538,0.0
5.2139E+03,0.005727,0.007981,0.05538,0.0
5.2140E+03,0.005411,0.011812,0.05538,0.0
5.2142E+03,0.005110,0.015464,0.05538,0.0
5.2143E+03,0.004978,0.017075,0.05538,0.0
