4.3941E+03,0.010017,0.023921,0.04899,0.0
4.3942E+03,0.010017,0.023919,0.04899,0.0
4.3943E+03,0.010017,0.023918,0.04899,0.0
4.3944E+03,0.010017,0.023916,0.04899,0.0
4.3945E+03,0.010017,0.023915,0.04899,0.0
4.3946E+03,0.010017,0.023913,0.04899,0.0
4.3948E+03,0.010017,0.023911,0.04899,0.0
4.3949E+03,0.010017,0.023910,0.04899,0.0
4.3950E+03,0.010017,0.023908,0.04899,0.0
4.3951E+03,0.010017,0.023906,0.04899,0.0
4.3952E+03,0.010017,0.023904,0.04899,0.0
4.3953E+03,0.010017,0.023903,0.04899,0.0
4.3954E+03,0.010017,0.023901,0.04899,0.0
4.3954E+03,0.010017,0.023900,0.04899,0.0
4.3955E+03,0.010017,0.023854,0.04899,0.0
4.3956E+03,0.010017,0.023819,0.04899,0.0
4.3957E+03,0.010017,0.023895,0.04899,0.0
4.3958E+03,0.010017,0.023893,0.04899,0.0
4.3959E+03,0.010017,0.023892,0.04899,0.0
4.3960E+03,0.010017,0.023890,0.04899,0.0
4.3961E+03,0.010017,0.023888,0.04899,0.0
4.3965E+03,0.010017,0.023887,0.04899,0.0
4.3966E+03,0.010056,0.023628,0.04899,0.0
4.3967E+03,0.010169,0.022864,0.04899,0.0
4.3968E+03,0.010336,0.021742,0.04899,0.0
4.3969E+03,0.010511,0.020569,0.04899,900.0
4.3970E+03,0.010684,0.019411,0.04899,900.0
4.3971E+03,0.010852,0.018278,0.04899,900.0
4.3971E+03,0.011007,0.017242,0.04899,900.0
4.3972E+03,0.011180,0.016080,0.04899,900.0
4.3973E+03,0.011354,0.014910,0.04899,900.0
4.3974E+03,0.011526,0.013758,0.04899,900.0
4.3975E+03,0.011653,0.012901,0.04899,900.0
4.3977E+03,0.011691,0.012648,0.04899,900.0
4.3978E+03,0.011531,0.012789,0.04899,900.0
4.3979E+03,0.010822,0.013373,0.04899,900.0
4.3980E+03,0.009639,0.014250,0.04899,900.0
4.3982E+03,0.008375,0.015031,0.04899,900.0
4.3983E+03,0.007016,0.015711,0.04899,900.0
4.3984E+03,0.005652,0.016257,0.04899,900.0
4.3985E+03,0.004185,0.016697,0.04899,900.0
4.3986E+03,0.002675,0.016993,0.04899,900.0
4.3987E+03,0.001177,0.017160,0.04899,900.0
4.3988E+03,-0.000298,0.017195,0.04899,900.0
4.3988E+03,-0.001660,0.017115,0.04899,900.0
4.3989E+03,-0.003189,0.016894,0.04899,900.0
4.3990E+03,-0.004653,0.016554,0.04899,900.0
4.3991E+03,-0.006055,0.016098,0.04899,900.0
4.3992E+03,-0.007480,0.015494,0.04899,900.0
4.3993E+03,-0.008828,0.014770,0.04899,900.0
4.3994E+03,-0.010046,0.013975,0.04899,900.0
4.3995E+03,-0.011223,0.013061,0.04899,900.0
4.3996E+03,-0.012368,0.011974,0.04899,900.0
4.3997E+03,-0.013361,0.010851,0.04899,900.0
4.3999E+03,-0.014238,0.009669,0.04899,900.0
4.4000E+03,-0.015016,0.008422,0.04899,900.0
4.4001E+03,-0.015689,0.007083,0.04899,900.0
4.4002E+03,-0.016250,0.005682,0.04899,900.0
4.4003E+03,-0.016693,0.004206,0.04899,900.0
4.4004E+03,-0.017002,0.002827,0.04899,900.0
4.4005E+03,-0.017149,0.001733,0.04899,900.0
4.4005E+03,-0.017223,0.000741,0.04899,900.0
4.4006E+03,-0.017242,-0.000497,0.04899,900.0
4.4007E+03,-0.017187,-0.001418,0.04899,900.0
4.4008E+03,-0.017071,-0.002427,0.04899,900.0
4.4009E+03,-0.016815,-0.003811,0.04899,900.0
4.4010E+03,-0.016425,-0.005249,0.04899,900.0
4.4011E+03,-0.015919,-0.006631,0.04899,900.0
4.4012E+03,-0.015265,-0.008010,0.04899,900.0
4.4013E+03,-0.014512,-0.009327,0.04899,900.0
4.4014E+03,-0.013662,-0.010539,0.04899,900.0
4.4015E+03,-0.012682,-0.011704,0.04899,900.0
4.4017E+03,-0.011608,-0.012771,0.04899,900.0
4.4018E+03,-0.010462,-0.013738,0.04899,900.0
4.4019E+03,-0.009168,-0.014643,0.04899,900.0
4.4020E+03,-0.007910,-0.015361,0.04899,900.0
4.4021E+03,-0.006543,-0.015983,0.04899,900.0
4.4022E+03,-0.005074,-0.016511,0.04899,900.0
4.4022E+03,-0.003791,-0.016849,0.04899,900.0
4.4023E+03,-0.002338,-0.017104,0.04899,900.0
4.4024E+03,-0.000843,-0.017243,0.04899,900.0
4.4025E+03,0.000691,-0.017253,0.04899,900.0
4.4026E+03,0.002210,-0.017129,0.04899,900.0
4.4027E+03,0.003648,-0.016878,0.04899,900.0
4.4028E+03,0.005132,-0.016493,0.04899,900.0
4.4029E+03,0.006583,-0.015978,0.04899,900.0
4.4030E+03,0.007924,-0.015358,0.04899,900.0
4.4031E+03,0.009220,-0.014600,0.04899,900.0
4.4032E+03,0.010397,-0.013724,0.04899,900.0
4.4034E+03,0.011615,-0.012755,0.04899,900.0
4.4035E+03,0.012681,-0.011700,0.04899,900.0
4.4036E+03,0.013633,-0.010564,0.04899,900.0
4.4037E+03,0.014513,-0.009323,0.04899,900.0
4.4038E+03,0.015272,-0.008009,0.04899,900.0
4.4039E+03,0.015906,-0.006658,0.04899,900.0
4.4039E+03,0.016378,-0.005390,0.04899,900.0
4.4040E+03,0.016784,-0.003980,0.04899,900.0
4.4041E+03,0.017075,-0.002480,0.04899,900.0
4.4042E+03,0.017187,-0.001482,0.04899,900.0
4.4043E+03,0.017239,-0.000083,0.04899,900.0
4.4044E+03,0.017193,0.001196,0.04899,900.0
4.4045E+03,0.017055,0.002442,0.04899,900.0
4.4046E+03,0.016788,0.003832,0.04899,0.0
4.4047E+03,0.016397,0.005241,0.04899,0.0
4.4048E+03,0.015874,0.006661,0.04899,0.0
4.4049E+03,0.015219,0.008044,0.04899,0.0
4.4051E+03,0.014472,0.009311,0.04899,900.0
4.4052E+03,0.013569,0.010588,0.04899,900.0
4.4053E+03,0.012614,0.011724,0.04899,900.0
4.4054E+03,0.011735,0.012608,0.04899,900.0
4.4055E+03,0.011693,0.012646,0.04899,900.0
4.4056E+03,0.011691,0.012648,0.04899,900.0
4.4056E+03,0.009951,0.009975,0.04899,900.0
4.4057E+03,0.008114,0.007152,0.04899,900.0
4.4058E+03,0.007424,0.006092,0.04899,900.0
4.4059E+03,0.007446,0.006065,0.04899,900.0
4.4060E+03,0.007779,0.005589,0.04899,900.0
4.4061E+03,0.008509,0.004394,0.04899,900.0
4.4062E+03,0.009108,0.002996,0.04899,900.0
4.4063E+03,0.009481,0.001510,0.04899,900.0
4.4064E+03,0.009605,0.000123,0.04899,900.0
4.4065E+03,0.009519,-0.001420,0.04899,900.0
4.4066E+03,0.009171,-0.002926,0.04899,900.0
4.4068E+03,0.008580,-0.004326,0.04899,900.0
4.4069E+03,0.007838,-0.005586,0.04899,900.0
4.4070E+03,0.006844,-0.006745,0.04899,900.0
4.4071E+03,0.005727,-0.007734,0.04899,900.0
4.4072E+03,0.004455,-0.008525,0.04899,900.0
4.4073E+03,0.003079,-0.009118,0.04899,900.0
4.4073E+03,0.001785,-0.009464,0.04899,900.0
4.4074E+03,0.000254,-0.009630,0.04899,900.0
4.4075E+03,-0.001189,-0.009583,0.04899,900.0
4.4076E+03,-0.002771,-0.009247,0.04899,900.0
4.4077E+03,-0.004171,-0.008708,0.04899,900.0
4.4078E+03,-0.005438,-0.007949,0.04899,900.0
4.4079E+03,-0.006620,-0.006984,0.04899,900.0
4.4080E+03,-0.007614,-0.005872,0.04899,900.0
4.4081E+03,-0.008424,-0.004615,0.04899,900.0
4.4082E+03,-0.009034,-0.003256,0.04899,900.0
4.4083E+03,-0.009419,-0.001822,0.04899,900.0
4.4085E+03,-0.009589,-0.000356,0.04899,900.0
4.4086E+03,-0.009512,0.001143,0.04899,900.0
4.4087E+03,-0.009214,0.002661,0.04899,900.0
4.4088E+03,-0.008702,0.004053,0.04899,900.0
4.4089E+03,-0.007959,0.005360,0.04899,900.0
4.4090E+03,-0.007015,0.006544,0.04899,900.0
4.4091E+03,-0.005928,0.007524,0.04899,900.0
4.4091E+03,-0.004747,0.008303,0.04899,900.0
4.4092E+03,-0.003391,0.008941,0.04899,900.0
4.4093E+03,-0.001947,0.009354,0.04899,0.0
4.4094E+03,-0.000462,0.009539,0.04899,0.0
4.4095E+03,0.001042,0.009495,0.04899,0.0
4.4096E+03,0.002543,0.009218,0.04899,0.0
4.4097E+03,0.003940,0.008709,0.04899,0.0
4.4098E+03,0.005233,0.008021,0.04899,0.0
4.4099E+03,0.006427,0.007117,0.04899,900.0
4.4100E+03,0.007383,0.006138,0.04899,900.0
4.4102E+03,0.007420,0.006096,0.04899,900.0
4.4103E+03,0.007424,0.006092,0.04899,900.0
4.4104E+03,0.003972,0.004874,0.04899,900.0
4.4105E+03,-0.002641,0.002540,0.04899,900.0
4.4106E+03,-0.009926,-0.000031,0.04899,900.0
4.4107E+03,-0.014397,-0.001610,0.04899,900.0
4.4108E+03,-0.015426,-0.001973,0.04899,900.0
4.4109E+03,-0.015394,-0.002167,0.04899,900.0
4.4110E+03,-0.015193,-0.003290,0.04899,900.0
4.4111E+03,-0.014788,-0.004813,0.04899,900.0
4.4112E+03,-0.014270,-0.006196,0.04899,900.0
4.4113E+03,-0.013593,-0.007554,0.04899,900.0
4.4114E+03,-0.012827,-0.008802,0.04899,900.0
4.4115E+03,-0.011919,-0.009995,0.04899,900.0
4.4116E+03,-0.010897,-0.011095,0.04899,900.0
4.4117E+03,-0.009749,-0.012118,0.04899,900.0
4.4119E+03,-0.008518,-0.013015,0.04899,900.0
4.4120E+03,-0.007251,-0.013770,0.04899,900.0
4.4121E+03,-0.005920,-0.014397,0.04899,900.0
4.4122E+03,-0.004494,-0.014899,0.04899,900.0
4.4123E+03,-0.002971,-0.015289,0.04899,900.0
4.4124E+03,-0.001457,-0.015511,0.04899,900.0
4.4125E+03,0.000037,-0.015583,0.04899,900.0
4.4125E+03,0.001395,-0.015507,0.04899,900.0
4.4126E+03,0.002871,-0.015297,0.04899,900.0
4.4127E+03,0.004319,-0.014956,0.04899,900.0
4.4128E+03,0.005753,-0.014456,0.04899,900.0
4.4129E+03,0.007108,-0.013839,0.04899,900.0
4.4130E+03,0.008377,-0.013113,0.04899,900.0
4.4131E+03,0.009613,-0.012234,0.04899,900.0
4.4132E+03,0.010794,-0.011207,0.04899,900.0
4.4133E+03,0.011808,-0.010130,0.04899,900.0
4.4134E+03,0.012732,-0.008941,0.04899,900.0
4.4136E+03,0.013565,-0.007639,0.04899,900.0
4.4137E+03,0.014208,-0.006331,0.04899,900.0
4.4138E+03,0.014735,-0.004951,0.04899,900.0
4.4139E+03,0.015071,-0.003838,0.04899,900.0
4.4140E+03,0.015319,-0.002610,0.04899,900.0
4.4141E+03,0.015482,-0.001127,0.04899,900.0
4.4142E+03,0.015522,0.000397,0.04899,900.0
4.4142E+03,0.015426,0.001740,0.04899,900.0
4.4143E+03,0.015177,0.003255,0.04899,900.0
4.4144E+03,0.014794,0.004702,0.04899,900.0
4.4145E+03,0.014294,0.006056,0.04899,900.0
4.4146E+03,0.013612,0.007474,0.04899,900.0
4.4147E+03,0.012814,0.008769,0.04899,900.0
4.4148E+03,0.011904,0.009947,0.04899,900.0
4.4149E+03,0.010871,0.011060,0.04899,900.0
4.4150E+03,0.009772,0.012035,0.04899,900.0
4.4151E+03,0.008587,0.012904,0.04899,900.0
4.4152E+03,0.007261,0.013682,0.04899,900.0
4.4154E+03,0.005889,0.014331,0.04899,900.0
4.4155E+03,0.004470,0.014834,0.04899,900.0
4.4156E+03,0.002974,0.015206,0.04899,900.0
4.4157E+03,0.001491,0.015425,0.04899,900.0
4.4158E+03,-0.000020,0.015506,0.04899,900.0
4.4159E+03,-0.001468,0.015437,0.04899,900.0
4.4159E+03,-0.002789,0.015254,0.04899,900.0
4.4160E+03,-0.004268,0.014900,0.04899,900.0
4.4161E+03,-0.005746,0.014392,0.04899,900.0
4.4162E+03,-0.007104,0.013779,0.04899,900.0
4.4163E+03,-0.008378,0.013036,0.04899,900.0
4.4164E+03,-0.009615,0.012153,0.04899,900.0
4.4165E+03,-0.010746,0.011175,0.04899,900.0
4.4166E+03,-0.011763,0.010097,0.04899,900.0
4.4167E+03,-0.012724,0.008869,0.04899,0.0
4.4168E+03,-0.013529,0.007597,0.04899,0.0
4.4169E+03,-0.014218,0.006238,0.04899,0.0
4.4171E+03,-0.014764,0.004834,0.04899,0.0
4.4172E+03,-0.015152,0.003405,0.04899,0.0
4.4173E+03,-0.015415,0.001944,0.04899,0.0
4.4174E+03,-0.015523,0.000416,0.04899,0.0
4.4175E+03,-0.015492,-0.001082,0.04899,900.0
4.4176E+03,-0.015444,-0.001817,0.04899,900.0
4.4177E+03,-0.015426,-0.001973,0.04899,900.0
4.4177E+03,-0.014902,-0.001774,0.04899,900.0
4.4178E+03,-0.011386,-0.000439,0.04899,900.0
4.4179E+03,-0.003990,0.002368,0.04899,900.0
4.4180E+03,0.002997,0.005021,0.04899,900.0
4.4181E+03,0.008694,0.007183,0.04899,900.0
4.4183E+03,0.008720,0.007193,0.04899,900.0
4.4184E+03,0.009000,0.006833,0.04899,900.0
4.4185E+03,0.009730,0.005695,0.04899,900.0
4.4186E+03,0.010427,0.004309,0.04899,900.0
4.4188E+03,0.010910,0.002919,0.04899,900.0
4.4189E+03,0.011187,0.001446,0.04899,900.0
4.4190E+03,0.011290,-0.000091,0.04899,900.0
4.4191E+03,0.011210,-0.001577,0.04899,900.0
4.4192E+03,0.010904,-0.003023,0.04899,900.0
4.4193E+03,0.010405,-0.004464,0.04899,900.0
4.4194E+03,0.009757,-0.005764,0.04899,900.0
4.4194E+03,0.008950,-0.006961,0.04899,900.0
4.4195E+03,0.007954,-0.008068,0.04899,900.0
4.4196E+03,0.006835,-0.009033,0.04899,900.0
4.4197E+03,0.005611,-0.009841,0.04899,900.0
4.4198E+03,0.004220,-0.010506,0.04899,900.0
4.4199E+03,0.002773,-0.010980,0.04899,900.0
4.4200E+03,0.001314,-0.011250,0.04899,900.0
4.4201E+03,-0.000192,-0.011338,0.04899,900.0
4.4202E+03,-0.001719,-0.011209,0.04899,900.0
4.4203E+03,-0.003195,-0.010882,0.04899,900.0
4.4204E+03,-0.004547,-0.010393,0.04899,900.0
4.4206E+03,-0.005880,-0.009702,0.04899,900.0
4.4207E+03,-0.007099,-0.008850,0.04899,900.0
4.4208E+03,-0.008214,-0.007798,0.04899,900.0
4.4209E+03,-0.009169,-0.006642,0.04899,900.0
4.4210E+03,-0.009956,-0.005381,0.04899,900.0
4.4211E+03,-0.010578,-0.003996,0.04899,900.0
4.4211E+03,-0.010976,-0.002680,0.04899,900.0
4.4212E+03,-0.011236,-0.001200,0.04899,900.0
4.4213E+03,-0.011302,0.000297,0.04899,900.0
4.4214E+03,-0.011149,0.001830,0.04899,900.0
4.4215E+03,-0.010820,0.003259,0.04899,900.0
4.4216E+03,-0.010321,0.004621,0.04899,900.0
4.4217E+03,-0.009554,0.006047,0.04899,900.0
4.4218E+03,-0.008656,0.007237,0.04899,900.0
4.4219E+03,-0.007588,0.008338,0.04899,900.0
4.4220E+03,-0.006449,0.009246,0.04899,900.0
4.4221E+03,-0.005191,0.010003,0.04899,900.0
4.4223E+03,-0.003782,0.010599,0.04899,900.0
4.4224E+03,-0.002324,0.011019,0.04899,900.0
4.4225E+03,-0.000849,0.011229,0.04899,0.0
4.4226E+03,0.000660,0.011245,0.04899,0.0
4.4227E+03,0.002148,0.011053,0.04899,0.0
4.4228E+03,0.003598,0.010681,0.04899,900.0
4.4229E+03,0.005006,0.010124,0.04899,900.0
4.4229E+03,0.006180,0.009444,0.04899,900.0
4.4230E+03,0.007405,0.008498,0.04899,900.0
4.4231E+03,0.008406,0.007527,0.04899,900.0
4.4232E+03,0.008692,0.007225,0.04899,900.0
4.4233E+03,0.008720,0.007193,0.04899,900.0
4.4234E+03,0.009038,0.008526,0.04899,900.0
4.4235E+03,0.009384,0.009977,0.04899,900.0
4.4236E+03,0.009418,0.010119,0.04899,900.0
4.4237E+03,0.009412,0.010124,0.04899,900.0
4.4238E+03,0.009206,0.010296,0.04899,900.0
4.4239E+03,0.008185,0.011125,0.04899,900.0
4.4241E+03,0.006985,0.011979,0.04899,900.0
4.4242E+03,0.005555,0.012645,0.04899,900.0
4.4243E+03,0.004201,0.013175,0.04899,900.0
4.4244E+03,0.002680,0.013544,0.04899,900.0
4.4245E+03,0.001195,0.013739,0.04899,900.0
4.4246E+03,-0.000332,0.013784,0.04899,900.0
4.4246E+03,-0.001666,0.013690,0.04899,900.0
4.4247E+03,-0.003110,0.013434,0.04899,900.0
4.4248E+03,-0.004574,0.013015,0.04899,900.0
4.4249E+03,-0.005962,0.012445,0.04899,900.0
4.4250E+03,-0.007287,0.011725,0.04899,900.0
4.4251E+03,-0.008524,0.010876,0.04899,900.0
4.4252E+03,-0.009655,0.009887,0.04899,900.0
4.4253E+03,-0.010648,0.008793,0.04899,900.0
4.4254E+03,-0.011558,0.007563,0.04899,900.0
4.4255E+03,-0.012327,0.006222,0.04899,900.0
4.4256E+03,-0.012939,0.004839,0.04899,900.0
4.4258E+03,-0.013376,0.003456,0.04899,900.0
4.4259E+03,-0.013669,0.001966,0.04899,900.0
4.4260E+03,-0.013817,0.000443,0.04899,900.0
4.4261E+03,-0.013788,-0.001041,0.04899,900.0
4.4262E+03,-0.013602,-0.002565,0.04899,900.0
4.4263E+03,-0.013322,-0.003820,0.04899,900.0
4.4264E+03,-0.013012,-0.004867,0.04899,900.0
4.4264E+03,-0.012480,-0.006024,0.04899,900.0
4.4265E+03,-0.011721,-0.007369,0.04899,900.0
4.4266E+03,-0.010841,-0.008619,0.04899,900.0
4.4267E+03,-0.009878,-0.009716,0.04899,900.0
4.4268E+03,-0.008739,-0.010739,0.04899,900.0
4.4269E+03,-0.007491,-0.011654,0.04899,900.0
4.4270E+03,-0.006205,-0.012394,0.04899,900.0
4.4271E+03,-0.004865,-0.012979,0.04899,900.0
4.4272E+03,-0.003404,-0.013437,0.04899,900.0
4.4273E+03,-0.001891,-0.013741,0.04899,900.0
4.4274E+03,-0.000455,-0.013871,0.04899,900.0
4.4276E+03,0.001058,-0.013839,0.04899,900.0
4.4277E+03,0.002506,-0.013646,0.04899,900.0
4.4278E+03,0.004060,-0.013267,0.04899,900.0
4.4279E+03,0.005463,-0.012739,0.04899,900.0
4.4280E+03,0.006825,-0.012057,0.04899,900.0
4.4281E+03,0.008071,-0.011262,0.04899,900.0
4.4281E+03,0.009108,-0.010437,0.04899,900.0
4.4282E+03,0.010197,-0.009363,0.04899,900.0
4.4283E+03,0.011181,-0.008178,0.04899,900.0
4.4284E+03,0.011917,-0.007069,0.04899,900.0
4.4285E+03,0.012379,-0.006216,0.04899,900.0
4.4286E+03,0.012964,-0.004898,0.04899,900.0
4.4287E+03,0.013439,-0.003367,0.04899,900.0
4.4288E+03,0.013704,-0.001922,0.04899,900.0
4.4289E+03,0.013829,-0.000434,0.04899,900.0
4.4290E+03,0.013777,0.001050,0.04899,900.0
4.4291E+03,0.013580,0.002558,0.04899,0.0
4.4293E+03,0.013212,0.004032,0.04899,0.0
4.4294E+03,0.012693,0.005426,0.04899,0.0
4.4295E+03,0.012019,0.006784,0.04899,900.0
4.4296E+03,0.011268,0.008004,0.04899,900.0
4.4297E+03,0.010581,0.008879,0.04899,900.0
4.4298E+03,0.009828,0.009713,0.04899,900.0
4.4299E+03,0.009418,0.010119,0.04899,900.0
4.4300E+03,0.009614,0.009522,0.04899,900.0
4.4301E+03,0.009933,0.008549,0.04899,900.0
4.4302E+03,0.010017,0.008293,0.04899,900.0
4.4303E+03,0.010046,0.008257,0.04899,900.0
4.4304E+03,0.010523,0.007603,0.04899,900.0
4.4305E+03,0.011295,0.006411,0.04899,900.0
4.4306E+03,0.011958,0.005069,0.04899,900.0
4.4307E+03,0.012468,0.003658,0.04899,900.0
4.4308E+03,0.012820,0.002150,0.04899,900.0
4.4310E+03,0.012992,0.000626,0.04899,900.0
4.4311E+03,0.012987,-0.000885,0.04899,900.0
4.4312E+03,0.012797,-0.002383,0.04899,900.0
4.4313E+03,0.012469,-0.003760,0.04899,900.0
4.4314E+03,0.011968,-0.005142,0.04899,900.0
4.4315E+03,0.011256,-0.006542,0.04899,900.0
4.4316E+03,0.010422,-0.007814,0.04899,900.0
4.4316E+03,0.009571,-0.008831,0.04899,900.0
4.4317E+03,0.008498,-0.009871,0.04899,900.0
4.4318E+03,0.007292,-0.010798,0.04899,900.0
4.4319E+03,0.006022,-0.011557,0.04899,900.0
4.4320E+03,0.004645,-0.012186,0.04899,900.0
4.4321E+03,0.003196,-0.012657,0.04899,900.0
4.4322E+03,0.001706,-0.012948,0.04899,900.0
4.4323E+03,0.000216,-0.013052,0.04899,900.0
4.4324E+03,-0.001338,-0.012971,0.04899,900.0
4.4325E+03,-0.002804,-0.012741,0.04899,900.0
4.4327E+03,-0.004207,-0.012335,0.04899,900.0
4.4328E+03,-0.005636,-0.011743,0.04899,900.0
4.4329E+03,-0.006967,-0.011006,0.04899,900.0
4.4330E+03,-0.008159,-0.010148,0.04899,900.0
4.4331E+03,-0.009265,-0.009158,0.04899,900.0
4.4332E+03,-0.010249,-0.008039,0.04899,900.0
4.4333E+03,-0.011126,-0.006809,0.04899,900.0
4.4333E+03,-0.011774,-0.005593,0.04899,900.0
4.4334E+03,-0.012335,-0.004189,0.04899,900.0
4.4335E+03,-0.012733,-0.002685,0.04899,900.0
4.4336E+03,-0.012951,-0.001197,0.04899,900.0
4.4337E+03,-0.012992,0.000280,0.04899,900.0
4.4338E+03,-0.012879,0.001785,0.04899,900.0
4.4339E+03,-0.012593,0.003239,0.04899,900.0
4.4340E+03,-0.012131,0.004647,0.04899,900.0
4.4341E+03,-0.011509,0.006028,0.04899,900.0
4.4342E+03,-0.010735,0.007315,0.04899,900.0
4.4344E+03,-0.009786,0.008533,0.04899,900.0
4.4345E+03,-0.008731,0.009611,0.04899,900.0
4.4346E+03,-0.007577,0.010545,0.04899,900.0
4.4347E+03,-0.006326,0.011337,0.04899,900.0
4.4348E+03,-0.004941,0.011998,0.04899,900.0
4.4349E+03,-0.003512,0.012489,0.04899,900.0
4.4350E+03,-0.002061,0.012811,0.04899,900.0
4.4350E+03,-0.000722,0.012947,0.04899,900.0
4.4351E+03,0.000787,0.012944,0.04899,0.0
4.4352E+03,0.002268,0.012763,0.04899,0.0
4.4353E+03,0.003723,0.012417,0.04899,0.0
4.4354E+03,0.005187,0.011886,0.04899,0.0
4.4355E+03,0.006511,0.011220,0.04899,0.0
4.4356E+03,0.007752,0.010420,0.04899,0.0
4.4357E+03,0.008886,0.009479,0.04899,0.0
4.4358E+03,0.009869,0.008450,0.04899,0.0
4.4359E+03,0.010014,0.008297,0.04899,0.0
4.4360E+03,0.010017,0.008293,0.04899,0.0
4.4362E+03,0.010017,0.008294,0.04899,0.0
4.4363E+03,0.010017,0.008295,0.04899,0.0
4.4364E+03,0.010017,0.008296,0.04899,0.0
4.4365E+03,0.010017,0.008297,0.04899,0.0
4.4366E+03,0.010017,0.008298,0.04899,0.0
4.4367E+03,0.010017,0.008299,0.04899,0.0
4.4368E+03,0.010017,0.008301,0.04899,0.0
4.4369E+03,0.010017,0.008302,0.04899,0.0
4.4370E+03,0.010017,0.008304,0.04899,0.0
4.4371E+03,0.010017,0.008305,0.04899,0.0
4.4372E+03,0.010017,0.008306,0.04899,0.0
4.4373E+03,0.010017,0.008307,0.04899,0.0
4.4374E+03,0.010017,0.008308,0.04899,0.0
4.4375E+03,0.010017,0.008309,0.04899,0.0
4.4376E+03,0.010017,0.008310,0.04899,0.0
4.4377E+03,0.010017,0.008312,0.04899,0.0
4.4379E+03,0.010017,0.008313,0.04899,0.0
4.4380E+03,0.010017,0.008314,0.04899,0.0
4.4381E+03,0.010017,0.008315,0.04899,0.0
4.4382E+03,0.010017,0.008316,0.04899,0.0
4.4383E+03,0.010017,0.008317,0.04899,0.0
4.4384E+03,0.010017,0.008318,0.04899,0.0
4.4384E+03,0.010017,0.008319,0.04899,0.0
4.4385E+03,0.010017,0.008320,0.04899,0.0
4.4386E+03,0.010017,0.008322,0.04899,0.0
4.4387E+03,0.010017,0.008323,0.04899,0.0
4.4388E+03,0.010017,0.008324,0.04899,0.0
4.4389E+03,0.010017,0.008325,0.04899,0.0
4.4390E+03,0.010017,0.008326,0.04899,0.0
4.4392E+03,0.010017,0.008328,0.04899,0.0
4.4393E+03,0.010017,0.008329,0.04899,0.0
4.4396E+03,0.010017,-0.007264,0.04899,0.0
4.4397E+03,0.010059,-0.006388,0.04899,0.0
4.4398E+03,0.010147,-0.004566,0.04899,0.0
4.4399E+03,0.010248,-0.002467,0.04899,0.0
4.4400E+03,0.010346,-0.000443,0.04899,0.0
4.4401E+03,0.010442,0.001554,0.04899,0.0
4.4401E+03,0.010534,0.003461,0.04899,0.0
4.4402E+03,0.010641,0.005664,0.04899,0.0
4.4403E+03,0.010740,0.007729,0.04899,0.0
4.4404E+03,0.010842,0.009844,0.04899,0.0
4.4405E+03,0.010941,0.011896,0.04899,0.0
4.4406E+03,0.011001,0.013128,0.04899,0.0
