3.5387E+03,-0.002627,0.027824,0.04047,0.0
3.5388E+03,-0.002627,0.027823,0.04047,0.0
3.5389E+03,-0.002627,0.027821,0.04047,0.0
3.5390E+03,-0.002627,0.027820,0.04047,0.0
3.5391E+03,-0.002627,0.027818,0.04047,0.0
3.5392E+03,-0.002627,0.027816,0.04047,0.0
3.5393E+03,-0.002627,0.027814,0.04047,0.0
3.5395E+03,-0.002627,0.027754,0.04047,0.0
3.5396E+03,-0.002627,0.027809,0.04047,0.0
3.5397E+03,-0.002627,0.027807,0.04047,0.0
3.5398E+03,-0.002627,0.027805,0.04047,0.0
3.5399E+03,-0.002627,0.027804,0.04047,0.0
3.5400E+03,-0.002627,0.027802,0.04047,0.0
3.5401E+03,-0.002627,0.027800,0.04047,0.0
3.5402E+03,-0.002627,0.027799,0.04047,0.0
3.5403E+03,-0.002627,0.027798,0.04047,0.0
3.5404E+03,-0.002627,0.027795,0.04047,0.0
3.5405E+03,-0.002627,0.027794,0.04047,0.0
3.5406E+03,-0.002627,0.027792,0.04047,0.0
3.5407E+03,-0.002627,0.027790,0.04047,0.0
3.5409E+03,-0.002627,0.027789,0.04047,0.0
3.5410E+03,-0.002632,0.027779,0.04047,0.0
3.5411E+03,-0.002761,0.027544,0.04047,0.0
3.5412E+03,-0.003881,0.025496,0.04047,0.0
3.5413E+03,-0.005087,0.023294,0.04047,0.0
3.5414E+03,-0.006367,0.020955,0.04047,0.0
3.5415E+03,-0.007627,0.018652,0.04047,900.0
3.5416E+03,-0.008893,0.016339,0.04047,900.0
3.5417E+03,-0.010170,0.014006,0.04047,900.0
3.5418E+03,-0.011439,0.011685,0.04047,900.0
3.5419E+03,-0.012550,0.009657,0.04047,900.0
3.5420E+03,-0.013759,0.007446,0.04047,900.0
3.5421E+03,-0.014912,0.005340,0.04047,900.0
3.5424E+03,-0.015464,0.004331,0.04047,900.0
3.5425E+03,-0.015655,0.003564,0.04047,900.0
3.5426E+03,-0.015909,0.002128,0.04047,900.0
3.5427E+03,-0.016039,0.000581,0.04047,900.0
3.5428E+03,-0.016028,-0.000891,0.04047,900.0
3.5429E+03,-0.015879,-0.002360,0.04047,900.0
3.5430E+03,-0.015584,-0.003858,0.04047,900.0
3.5431E+03,-0.015152,-0.005322,0.04047,900.0
3.5432E+03,-0.014602,-0.006705,0.04047,900.0
3.5433E+03,-0.013951,-0.007996,0.04047,900.0
3.5434E+03,-0.013361,-0.008945,0.04047,900.0
3.5435E+03,-0.012463,-0.010165,0.04047,900.0
3.5436E+03,-0.011445,-0.011320,0.04047,900.0
3.5437E+03,-0.010416,-0.012255,0.04047,900.0
3.5438E+03,-0.009209,-0.013186,0.04047,900.0
3.5439E+03,-0.007925,-0.013993,0.04047,900.0
3.5440E+03,-0.006600,-0.014665,0.04047,900.0
3.5441E+03,-0.005469,-0.015131,0.04047,900.0
3.5442E+03,-0.004297,-0.015496,0.04047,900.0
3.5443E+03,-0.002869,-0.015831,0.04047,900.0
3.5444E+03,-0.001567,-0.016021,0.04047,900.0
3.5445E+03,-0.000494,-0.016088,0.04047,900.0
3.5446E+03,0.001058,-0.016063,0.04047,900.0
3.5447E+03,0.002535,-0.015905,0.04047,900.0
3.5448E+03,0.003940,-0.015614,0.04047,900.0
3.5449E+03,0.005427,-0.015145,0.04047,900.0
3.5450E+03,0.006796,-0.014577,0.04047,900.0
3.5451E+03,0.008151,-0.013861,0.04047,900.0
3.5452E+03,0.009429,-0.013017,0.04047,900.0
3.5453E+03,0.010604,-0.012078,0.04047,900.0
3.5454E+03,0.011588,-0.011142,0.04047,900.0
3.5455E+03,0.012588,-0.009993,0.04047,900.0
3.5456E+03,0.013466,-0.008787,0.04047,900.0
3.5457E+03,0.014192,-0.007558,0.04047,900.0
3.5458E+03,0.014852,-0.006161,0.04047,900.0
3.5459E+03,0.015352,-0.004779,0.04047,900.0
3.5460E+03,0.015732,-0.003235,0.04047,900.0
3.5461E+03,0.015918,-0.002158,0.04047,900.0
3.5462E+03,0.016030,-0.000809,0.04047,900.0
3.5463E+03,0.016036,0.000676,0.04047,900.0
3.5464E+03,0.015947,0.001895,0.04047,900.0
3.5465E+03,0.015739,0.003123,0.04047,900.0
3.5466E+03,0.015371,0.004565,0.04047,900.0
3.5467E+03,0.014865,0.006033,0.04047,900.0
3.5468E+03,0.014236,0.007388,0.04047,900.0
3.5469E+03,0.013495,0.008669,0.04047,900.0
3.5470E+03,0.012636,0.009897,0.04047,900.0
3.5471E+03,0.011751,0.010908,0.04047,900.0
3.5472E+03,0.010676,0.011953,0.04047,900.0
3.5473E+03,0.009513,0.012895,0.04047,900.0
3.5474E+03,0.008258,0.013720,0.04047,900.0
3.5475E+03,0.006908,0.014450,0.04047,900.0
3.5476E+03,0.005508,0.015042,0.04047,900.0
3.5477E+03,0.004065,0.015490,0.04047,900.0
3.5478E+03,0.002571,0.015806,0.04047,900.0
3.5479E+03,0.001090,0.015983,0.04047,900.0
3.5480E+03,-0.000345,0.016022,0.04047,900.0
3.5481E+03,-0.001394,0.015964,0.04047,900.0
3.5482E+03,-0.002783,0.015784,0.04047,900.0
3.5483E+03,-0.004302,0.015441,0.04047,900.0
3.5484E+03,-0.005297,0.015133,0.04047,900.0
3.5485E+03,-0.006590,0.014604,0.04047,900.0
3.5486E+03,-0.007903,0.013936,0.04047,900.0
3.5487E+03,-0.009143,0.013154,0.04047,900.0
3.5488E+03,-0.010209,0.012351,0.04047,0.0
3.5489E+03,-0.011335,0.011325,0.04047,0.0
3.5490E+03,-0.012381,0.010179,0.04047,0.0
3.5491E+03,-0.013267,0.009011,0.04047,0.0
3.5492E+03,-0.013924,0.007967,0.04047,900.0
3.5493E+03,-0.014573,0.006721,0.04047,900.0
3.5494E+03,-0.015142,0.005341,0.04047,900.0
3.5495E+03,-0.015415,0.004487,0.04047,900.0
3.5496E+03,-0.015464,0.004331,0.04047,900.0
3.5497E+03,-0.015347,0.004386,0.04047,900.0
3.5498E+03,-0.011158,0.006355,0.04047,900.0
3.5499E+03,-0.005157,0.009177,0.04047,900.0
3.5500E+03,-0.002320,0.010510,0.04047,900.0
3.5501E+03,-0.002278,0.010530,0.04047,900.0
3.5502E+03,-0.002125,0.010556,0.04047,900.0
3.5503E+03,-0.001331,0.010658,0.04047,900.0
3.5504E+03,0.000172,0.010753,0.04047,900.0
3.5505E+03,0.001485,0.010654,0.04047,900.0
3.5506E+03,0.002984,0.010328,0.04047,900.0
3.5507E+03,0.004425,0.009796,0.04047,900.0
3.5508E+03,0.005701,0.009067,0.04047,900.0
3.5509E+03,0.006919,0.008195,0.04047,900.0
3.5510E+03,0.008031,0.007131,0.04047,900.0
3.5511E+03,0.008972,0.005927,0.04047,900.0
3.5512E+03,0.009692,0.004670,0.04047,900.0
3.5513E+03,0.010240,0.003307,0.04047,900.0
3.5514E+03,0.010629,0.001771,0.04047,900.0
3.5515E+03,0.010784,0.000316,0.04047,900.0
3.5516E+03,0.010738,-0.001199,0.04047,900.0
3.5517E+03,0.010479,-0.002656,0.04047,900.0
3.5518E+03,0.010021,-0.004049,0.04047,900.0
3.5519E+03,0.009320,-0.005458,0.04047,900.0
3.5520E+03,0.008473,-0.006690,0.04047,900.0
3.5521E+03,0.007444,-0.007823,0.04047,900.0
3.5522E+03,0.006283,-0.008784,0.04047,900.0
3.5523E+03,0.005177,-0.009488,0.04047,900.0
3.5524E+03,0.003840,-0.010101,0.04047,900.0
3.5525E+03,0.002376,-0.010550,0.04047,900.0
3.5526E+03,0.000876,-0.010791,0.04047,900.0
3.5527E+03,-0.000674,-0.010804,0.04047,900.0
3.5528E+03,-0.002142,-0.010619,0.04047,900.0
3.5529E+03,-0.003621,-0.010209,0.04047,900.0
3.5530E+03,-0.004985,-0.009598,0.04047,900.0
3.5531E+03,-0.006219,-0.008842,0.04047,900.0
3.5532E+03,-0.007389,-0.007876,0.04047,900.0
3.5533E+03,-0.008415,-0.006763,0.04047,900.0
3.5534E+03,-0.009277,-0.005509,0.04047,900.0
3.5535E+03,-0.009945,-0.004194,0.04047,900.0
3.5536E+03,-0.010408,-0.002816,0.04047,900.0
3.5537E+03,-0.010697,-0.001315,0.04047,900.0
3.5538E+03,-0.010777,0.000254,0.04047,900.0
3.5539E+03,-0.010640,0.001737,0.04047,900.0
3.5540E+03,-0.010357,0.003020,0.04047,0.0
3.5541E+03,-0.009823,0.004428,0.04047,0.0
3.5542E+03,-0.009082,0.005771,0.04047,0.0
3.5543E+03,-0.008183,0.006977,0.04047,0.0
3.5544E+03,-0.007143,0.008029,0.04047,0.0
3.5545E+03,-0.005921,0.008955,0.04047,0.0
3.5546E+03,-0.004603,0.009709,0.04047,900.0
3.5547E+03,-0.003276,0.010230,0.04047,900.0
3.5548E+03,-0.002354,0.010511,0.04047,900.0
3.5549E+03,-0.002278,0.010530,0.04047,900.0
3.5550E+03,-0.002717,0.010119,0.04047,900.0
3.5551E+03,-0.005844,0.007189,0.04047,900.0
3.5552E+03,-0.011757,0.001649,0.04047,900.0
3.5553E+03,-0.014141,-0.000584,0.04047,900.0
3.5555E+03,-0.014352,-0.000782,0.04047,900.0
3.5556E+03,-0.014300,-0.001397,0.04047,900.0
3.5557E+03,-0.014137,-0.002479,0.04047,900.0
3.5558E+03,-0.013815,-0.003909,0.04047,900.0
3.5559E+03,-0.013340,-0.005307,0.04047,900.0
3.5560E+03,-0.012708,-0.006702,0.04047,900.0
3.5561E+03,-0.011940,-0.008003,0.04047,900.0
3.5562E+03,-0.011035,-0.009225,0.04047,900.0
3.5563E+03,-0.009991,-0.010359,0.04047,900.0
3.5564E+03,-0.008893,-0.011320,0.04047,900.0
3.5565E+03,-0.007696,-0.012161,0.04047,900.0
3.5566E+03,-0.006334,-0.012917,0.04047,900.0
3.5567E+03,-0.005371,-0.013358,0.04047,900.0
3.5568E+03,-0.004139,-0.013773,0.04047,900.0
3.5569E+03,-0.002666,-0.014126,0.04047,900.0
3.5570E+03,-0.001170,-0.014336,0.04047,900.0
3.5571E+03,0.000327,-0.014377,0.04047,900.0
3.5572E+03,0.001834,-0.014272,0.04047,900.0
3.5573E+03,0.003347,-0.013989,0.04047,900.0
3.5574E+03,0.004815,-0.013561,0.04047,900.0
3.5575E+03,0.006061,-0.013059,0.04047,900.0
3.5576E+03,0.007385,-0.012345,0.04047,900.0
3.5577E+03,0.008648,-0.011491,0.04047,900.0
3.5578E+03,0.009758,-0.010560,0.04047,900.0
3.5579E+03,0.010794,-0.009487,0.04047,900.0
3.5580E+03,0.011718,-0.008309,0.04047,900.0
3.5581E+03,0.012540,-0.007001,0.04047,900.0
3.5582E+03,0.013215,-0.005619,0.04047,900.0
3.5583E+03,0.013722,-0.004237,0.04047,900.0
3.5584E+03,0.014085,-0.002794,0.04047,900.0
3.5585E+03,0.014298,-0.001287,0.04047,900.0
3.5586E+03,0.014359,0.000252,0.04047,900.0
3.5587E+03,0.014250,0.001776,0.04047,900.0
3.5588E+03,0.013996,0.003181,0.04047,900.0
3.5589E+03,0.013568,0.004655,0.04047,900.0
3.5590E+03,0.013012,0.006024,0.04047,900.0
3.5591E+03,0.012310,0.007342,0.04047,900.0
3.5592E+03,0.011529,0.008490,0.04047,900.0
3.5593E+03,0.010567,0.009666,0.04047,900.0
3.5594E+03,0.009514,0.010709,0.04047,900.0
3.5595E+03,0.008329,0.011647,0.04047,900.0
3.5596E+03,0.007046,0.012466,0.04047,900.0
3.5597E+03,0.005651,0.013166,0.04047,900.0
3.5598E+03,0.004247,0.013691,0.04047,900.0
3.5599E+03,0.002839,0.014047,0.04047,900.0
3.5600E+03,0.001384,0.014257,0.04047,900.0
3.5601E+03,-0.000113,0.014318,0.04047,900.0
3.5602E+03,-0.001647,0.014217,0.04047,900.0
3.5603E+03,-0.003167,0.013951,0.04047,900.0
3.5604E+03,-0.004630,0.013543,0.04047,900.0
3.5605E+03,-0.006000,0.012996,0.04047,900.0
3.5606E+03,-0.007333,0.012289,0.04047,900.0
3.5607E+03,-0.008633,0.011427,0.04047,900.0
3.5608E+03,-0.009779,0.010472,0.04047,900.0
3.5609E+03,-0.010691,0.009550,0.04047,0.0
3.5610E+03,-0.011632,0.008397,0.04047,0.0
3.5611E+03,-0.012484,0.007058,0.04047,0.0
3.5612E+03,-0.013158,0.005699,0.04047,0.0
3.5613E+03,-0.013666,0.004345,0.04047,0.0
3.5614E+03,-0.014043,0.002898,0.04047,0.0
3.5615E+03,-0.014274,0.001421,0.04047,900.0
3.5616E+03,-0.014350,0.000000,0.04047,900.0
3.5617E+03,-0.014353,-0.000755,0.04047,900.0
3.5618E+03,-0.014352,-0.000782,0.04047,900.0
3.5619E+03,-0.013554,0.000102,0.04047,900.0
3.5620E+03,-0.009931,0.004112,0.04047,900.0
3.5621E+03,-0.005017,0.009549,0.04047,900.0
3.5624E+03,-0.002627,0.012195,0.04047,900.0
3.5625E+03,-0.001738,0.012341,0.04047,900.0
3.5626E+03,-0.000473,0.012434,0.04047,900.0
3.5627E+03,0.001082,0.012392,0.04047,900.0
3.5628E+03,0.002587,0.012165,0.04047,900.0
3.5629E+03,0.004032,0.011770,0.04047,900.0
3.5630E+03,0.005436,0.011203,0.04047,900.0
3.5631E+03,0.006714,0.010492,0.04047,900.0
3.5632E+03,0.007949,0.009609,0.04047,900.0
3.5633E+03,0.009080,0.008553,0.04047,900.0
3.5634E+03,0.010048,0.007399,0.04047,900.0
3.5635E+03,0.010821,0.006204,0.04047,900.0
3.5636E+03,0.011507,0.004801,0.04047,900.0
3.5637E+03,0.012011,0.003353,0.04047,900.0
3.5638E+03,0.012328,0.001901,0.04047,900.0
3.5639E+03,0.012477,0.000440,0.04047,900.0
3.5640E+03,0.012433,-0.001050,0.04047,900.0
3.5641E+03,0.012218,-0.002546,0.04047,900.0
3.5642E+03,0.011832,-0.004002,0.04047,900.0
3.5643E+03,0.011277,-0.005385,0.04047,900.0
3.5644E+03,0.010662,-0.006560,0.04047,900.0
3.5645E+03,0.009803,-0.007806,0.04047,900.0
3.5646E+03,0.008722,-0.008974,0.04047,900.0
3.5647E+03,0.007579,-0.009960,0.04047,900.0
3.5648E+03,0.006332,-0.010789,0.04047,900.0
3.5649E+03,0.004992,-0.011472,0.04047,900.0
3.5650E+03,0.003621,-0.011979,0.04047,900.0
3.5651E+03,0.002138,-0.012331,0.04047,900.0
3.5652E+03,0.000621,-0.012505,0.04047,900.0
3.5653E+03,-0.000857,-0.012483,0.04047,900.0
3.5654E+03,-0.002371,-0.012286,0.04047,900.0
3.5655E+03,-0.003827,-0.011920,0.04047,900.0
3.5656E+03,-0.005209,-0.011387,0.04047,900.0
3.5657E+03,-0.006551,-0.010681,0.04047,900.0
3.5658E+03,-0.007793,-0.009813,0.04047,900.0
3.5659E+03,-0.008893,-0.008799,0.04047,900.0
3.5660E+03,-0.009875,-0.007661,0.04047,900.0
3.5661E+03,-0.010638,-0.006553,0.04047,900.0
3.5662E+03,-0.011344,-0.005233,0.04047,900.0
3.5663E+03,-0.011891,-0.003810,0.04047,900.0
3.5664E+03,-0.012265,-0.002341,0.04047,900.0
3.5665E+03,-0.012458,-0.000870,0.04047,900.0
3.5666E+03,-0.012466,0.000641,0.04047,900.0
3.5667E+03,-0.012291,0.002187,0.04047,900.0
3.5668E+03,-0.011941,0.003643,0.04047,900.0
3.5669E+03,-0.011452,0.004976,0.04047,0.0
3.5670E+03,-0.010775,0.006282,0.04047,0.0
3.5671E+03,-0.009871,0.007619,0.04047,0.0
3.5672E+03,-0.008881,0.008729,0.04047,0.0
3.5673E+03,-0.007747,0.009738,0.04047,0.0
3.5674E+03,-0.006491,0.010614,0.04047,0.0
3.5675E+03,-0.005170,0.011323,0.04047,0.0
3.5676E+03,-0.003781,0.011858,0.04047,0.0
3.5677E+03,-0.002754,0.012164,0.04047,0.0
3.5679E+03,-0.002627,0.012195,0.04047,0.0
3.5680E+03,-0.002627,0.012196,0.04047,0.0
3.5681E+03,-0.002627,0.012197,0.04047,0.0
3.5682E+03,-0.002627,0.012198,0.04047,0.0
3.5683E+03,-0.002627,0.012199,0.04047,0.0
3.5684E+03,-0.002627,0.012200,0.04047,0.0
3.5685E+03,-0.002627,0.012202,0.04047,0.0
3.5686E+03,-0.002627,0.012203,0.04047,0.0
3.5687E+03,-0.002627,0.012204,0.04047,0.0
3.5688E+03,-0.002627,0.012205,0.04047,0.0
3.5689E+03,-0.002627,0.012206,0.04047,0.0
3.5690E+03,-0.002627,0.012207,0.04047,0.0
3.5691E+03,-0.002627,0.012208,0.04047,0.0
3.5692E+03,-0.002627,0.012210,0.04047,0.0
3.5693E+03,-0.002627,0.012211,0.04047,0.0
3.5694E+03,-0.002627,0.012212,0.04047,0.0
3.5695E+03,-0.002627,0.012213,0.04047,0.0
3.5696E+03,-0.002627,0.012214,0.04047,0.0
3.5697E+03,-0.002627,0.012215,0.04047,0.0
3.5698E+03,-0.002627,0.012216,0.04047,0.0
3.5699E+03,-0.002627,0.012218,0.04047,0.0
3.5700E+03,-0.002627,0.012219,0.04047,0.0
3.5701E+03,-0.002627,0.012220,0.04047,0.0
3.5702E+03,-0.002627,0.012221,0.04047,0.0
3.5703E+03,-0.002627,0.012222,0.04047,0.0
3.5704E+03,-0.002627,0.012224,0.04047,0.0
3.5705E+03,-0.002627,0.012225,0.04047,0.0
3.5706E+03,-0.002627,0.012226,0.04047,0.0
3.5707E+03,-0.002627,0.012227,0.04047,0.0
3.5708E+03,-0.002627,0.012228,0.04047,0.0
3.5710E+03,-0.002627,0.012230,0.04047,0.0
3.5712E+03,-0.002627,-0.003362,0.04047,0.0
3.5713E+03,-0.002488,-0.003300,0.04047,0.0
3.5714E+03,-0.001561,-0.002880,0.04047,0.0
3.5715E+03,0.000141,-0.002110,0.04047,0.0
3.5716E+03,0.002078,-0.001234,0.04047,0.0
3.5717E+03,0.003941,-0.000392,0.04047,0.0
3.5718E+03,0.005685,0.000397,0.04047,0.0
3.5719E+03,0.007537,0.001234,0.04047,0.0
3.5720E+03,0.009363,0.002060,0.04047,0.0
3.5721E+03,0.011177,0.002881,0.04047,0.0
3.5722E+03,0.013031,0.003719,0.04047,0.0
3.5723E+03,0.014615,0.004436,0.04047,0.0
