6.2920E+02,-0.005126,0.004190,0.00568,0.0
6.2930E+02,-0.005126,0.004189,0.00568,0.0
6.2940E+02,-0.005126,0.004187,0.00568,0.0
6.2951E+02,-0.005126,0.004185,0.00568,0.0
6.2961E+02,-0.005126,0.004183,0.00568,0.0
6.2971E+02,-0.005126,0.004181,0.00568,0.0
6.2981E+02,-0.005126,0.004179,0.00568,0.0
6.2991E+02,-0.005126,0.004177,0.00568,0.0
6.3001E+02,-0.005126,0.004175,0.00568,0.0
6.3010E+02,-0.005126,0.004172,0.00568,0.0
6.3020E+02,-0.005126,0.004170,0.00568,0.0
6.3030E+02,-0.005126,0.004168,0.00568,0.0
6.3040E+02,-0.005126,0.004167,0.00568,0.0
6.3050E+02,-0.005126,0.004164,0.00568,0.0
6.3060E+02,-0.005126,0.004162,0.00568,0.0
6.3070E+02,-0.005126,0.004161,0.00568,0.0
6.3080E+02,-0.005126,0.004158,0.00568,0.0
6.3100E+02,-0.005126,0.004155,0.00568,0.0
6.3110E+02,-0.004880,0.004309,0.00568,0.0
6.3121E+02,-0.003998,0.004863,0.00568,0.0
6.3131E+02,-0.002454,0.005832,0.00568,0.0
6.3141E+02,-0.000832,0.006850,0.00568,900.0
6.3151E+02,0.000763,0.007850,0.00568,900.0
6.3161E+02,0.002408,0.008882,0.00568,900.0
6.3171E+02,0.003943,0.009846,0.00568,900.0
6.3180E+02,0.005438,0.010784,0.00568,900.0
6.3190E+02,0.007057,0.011800,0.00568,900.0
6.3200E+02,0.008682,0.012820,0.00568,900.0
6.3210E+02,0.010088,0.013702,0.00568,900.0
6.3220E+02,0.010747,0.014116,0.00568,900.0
6.3230E+02,0.010754,0.014120,0.00568,900.0
6.3240E+02,0.010725,0.014142,0.00568,900.0
6.3250E+02,0.010408,0.014364,0.00568,900.0
6.3260E+02,0.009201,0.015171,0.00568,900.0
6.3270E+02,0.007828,0.015917,0.00568,900.0
6.3280E+02,0.006442,0.016527,0.00568,900.0
6.3291E+02,0.005073,0.016994,0.00568,900.0
6.3301E+02,0.003552,0.017369,0.00568,900.0
6.3311E+02,0.002071,0.017601,0.00568,900.0
6.3321E+02,0.000556,0.017713,0.00568,900.0
6.3331E+02,-0.000966,0.017700,0.00568,900.0
6.3341E+02,-0.002433,0.017557,0.00568,900.0
6.3350E+02,-0.003748,0.017323,0.00568,900.0
6.3360E+02,-0.005242,0.016936,0.00568,900.0
6.3370E+02,-0.006686,0.016431,0.00568,900.0
6.3380E+02,-0.008001,0.015835,0.00568,900.0
6.3390E+02,-0.009324,0.015094,0.00568,900.0
6.3400E+02,-0.010613,0.014216,0.00568,900.0
6.3410E+02,-0.011757,0.013288,0.00568,900.0
6.3420E+02,-0.012865,0.012204,0.00568,900.0
6.3430E+02,-0.013824,0.011052,0.00568,900.0
6.3440E+02,-0.014704,0.009880,0.00568,900.0
6.3450E+02,-0.015507,0.008617,0.00568,900.0
6.3460E+02,-0.016194,0.007246,0.00568,900.0
6.3471E+02,-0.016761,0.005826,0.00568,900.0
6.3481E+02,-0.017203,0.004394,0.00568,900.0
6.3491E+02,-0.017516,0.002950,0.00568,900.0
6.3501E+02,-0.017707,0.001440,0.00568,900.0
6.3511E+02,-0.017770,-0.000002,0.00568,900.0
6.3521E+02,-0.017705,-0.001535,0.00568,900.0
6.3530E+02,-0.017529,-0.002913,0.00568,900.0
6.3540E+02,-0.017226,-0.004363,0.00568,900.0
6.3550E+02,-0.016791,-0.005805,0.00568,900.0
6.3560E+02,-0.016230,-0.007232,0.00568,900.0
6.3570E+02,-0.015564,-0.008596,0.00568,900.0
6.3580E+02,-0.014789,-0.009872,0.00568,900.0
6.3590E+02,-0.013897,-0.011092,0.00568,900.0
6.3600E+02,-0.012902,-0.012249,0.00568,900.0
6.3610E+02,-0.011861,-0.013266,0.00568,900.0
6.3620E+02,-0.010702,-0.014227,0.00568,900.0
6.3630E+02,-0.009441,-0.015091,0.00568,900.0
6.3641E+02,-0.008100,-0.015851,0.00568,900.0
6.3651E+02,-0.006721,-0.016481,0.00568,900.0
6.3661E+02,-0.005303,-0.016988,0.00568,900.0
6.3671E+02,-0.003865,-0.017367,0.00568,900.0
6.3681E+02,-0.002391,-0.017635,0.00568,900.0
6.3691E+02,-0.000927,-0.017770,0.00568,900.0
6.3700E+02,0.000386,-0.017793,0.00568,900.0
6.3710E+02,0.001915,-0.017686,0.00568,900.0
6.3720E+02,0.003451,-0.017465,0.00568,900.0
6.3730E+02,0.004942,-0.017110,0.00568,900.0
6.3740E+02,0.006396,-0.016620,0.00568,900.0
6.3750E+02,0.007738,-0.016028,0.00568,900.0
6.3760E+02,0.009037,-0.015334,0.00568,900.0
6.3770E+02,0.010308,-0.014501,0.00568,900.0
6.3780E+02,0.011521,-0.013548,0.00568,900.0
6.3790E+02,0.012611,-0.012538,0.00568,900.0
6.3800E+02,0.013632,-0.011415,0.00568,900.0
6.3811E+02,0.014557,-0.010210,0.00568,900.0
6.3821E+02,0.015338,-0.008984,0.00568,900.0
6.3831E+02,0.016038,-0.007666,0.00568,900.0
6.3841E+02,0.016644,-0.006264,0.00568,900.0
6.3851E+02,0.017112,-0.004836,0.00568,900.0
6.3861E+02,0.017431,-0.003512,0.00568,900.0
6.3870E+02,0.017587,-0.002590,0.00568,900.0
6.3880E+02,0.017700,-0.001651,0.00568,900.0
6.3890E+02,0.017757,-0.000283,0.00568,900.0
6.3900E+02,0.017708,0.001248,0.00568,900.0
6.3910E+02,0.017597,0.002404,0.00568,900.0
6.3920E+02,0.017450,0.003318,0.00568,900.0
6.3930E+02,0.017178,0.004474,0.00568,900.0
6.3940E+02,0.016725,0.005928,0.00568,0.0
6.3950E+02,0.016174,0.007325,0.00568,0.0
6.3960E+02,0.015530,0.008605,0.00568,0.0
6.3970E+02,0.014718,0.009933,0.00568,0.0
6.3981E+02,0.013807,0.011147,0.00568,0.0
6.3991E+02,0.012806,0.012283,0.00568,0.0
6.4001E+02,0.011699,0.013337,0.00568,0.0
6.4011E+02,0.010987,0.013935,0.00568,900.0
6.4021E+02,0.010754,0.014120,0.00568,900.0
6.4031E+02,0.010729,0.014081,0.00568,900.0
6.4040E+02,0.009053,0.011480,0.00568,900.0
6.4050E+02,0.005150,0.005423,0.00568,900.0
6.4060E+02,0.000916,-0.001149,0.00568,900.0
6.4070E+02,-0.002820,-0.006947,0.00568,900.0
6.4090E+02,-0.003718,-0.008341,0.00568,900.0
6.4100E+02,-0.003775,-0.008313,0.00568,900.0
6.4110E+02,-0.004862,-0.007695,0.00568,900.0
6.4120E+02,-0.006040,-0.006807,0.00568,900.0
6.4130E+02,-0.007011,-0.005714,0.00568,900.0
6.4140E+02,-0.007855,-0.004505,0.00568,900.0
6.4150E+02,-0.008507,-0.003145,0.00568,900.0
6.4161E+02,-0.008910,-0.001661,0.00568,900.0
6.4171E+02,-0.009066,-0.000177,0.00568,900.0
6.4181E+02,-0.008972,0.001262,0.00568,900.0
6.4191E+02,-0.008638,0.002736,0.00568,900.0
6.4201E+02,-0.008049,0.004184,0.00568,900.0
6.4211E+02,-0.007248,0.005451,0.00568,900.0
6.4220E+02,-0.006313,0.006476,0.00568,900.0
6.4230E+02,-0.005185,0.007403,0.00568,900.0
6.4240E+02,-0.003867,0.008158,0.00568,900.0
6.4250E+02,-0.002458,0.008686,0.00568,900.0
6.4260E+02,-0.001015,0.008965,0.00568,900.0
6.4270E+02,0.000473,0.009011,0.00568,900.0
6.4280E+02,0.001977,0.008810,0.00568,900.0
6.4290E+02,0.003399,0.008371,0.00568,900.0
6.4300E+02,0.004715,0.007716,0.00568,900.0
6.4310E+02,0.005946,0.006825,0.00568,900.0
6.4320E+02,0.007065,0.005685,0.00568,900.0
6.4331E+02,0.007867,0.004511,0.00568,900.0
6.4341E+02,0.008497,0.003116,0.00568,900.0
6.4351E+02,0.008909,0.001653,0.00568,900.0
6.4361E+02,0.009064,0.000146,0.00568,900.0
6.4371E+02,0.008960,-0.001368,0.00568,900.0
6.4381E+02,0.008632,-0.002794,0.00568,900.0
6.4390E+02,0.008136,-0.004019,0.00568,900.0
6.4400E+02,0.007354,-0.005332,0.00568,900.0
6.4410E+02,0.006377,-0.006491,0.00568,0.0
6.4420E+02,0.005282,-0.007415,0.00568,0.0
6.4430E+02,0.003978,-0.008214,0.00568,0.0
6.4440E+02,0.002551,-0.008752,0.00568,0.0
6.4450E+02,0.001078,-0.009062,0.00568,0.0
6.4460E+02,-0.000441,-0.009097,0.00568,0.0
6.4470E+02,-0.001965,-0.008887,0.00568,0.0
6.4480E+02,-0.003236,-0.008512,0.00568,900.0
6.4490E+02,-0.003714,-0.008343,0.00568,900.0
6.4501E+02,-0.003718,-0.008341,0.00568,900.0
6.4511E+02,-0.002463,-0.006555,0.00568,900.0
6.4521E+02,0.000858,-0.001828,0.00568,900.0
6.4531E+02,0.005246,0.004418,0.00568,900.0
6.4541E+02,0.009129,0.009944,0.00568,900.0
6.4570E+02,0.010607,0.012047,0.00568,900.0
6.4580E+02,0.010094,0.012470,0.00568,900.0
6.4590E+02,0.008965,0.013284,0.00568,900.0
6.4600E+02,0.007664,0.014076,0.00568,900.0
6.4610E+02,0.006301,0.014731,0.00568,900.0
6.4620E+02,0.004883,0.015260,0.00568,900.0
6.4630E+02,0.003467,0.015647,0.00568,900.0
6.4640E+02,0.002017,0.015892,0.00568,900.0
6.4650E+02,0.000481,0.016025,0.00568,900.0
6.4660E+02,-0.000965,0.016003,0.00568,900.0
6.4671E+02,-0.002525,0.015840,0.00568,900.0
6.4681E+02,-0.003967,0.015543,0.00568,900.0
6.4691E+02,-0.005456,0.015079,0.00568,900.0
6.4701E+02,-0.006810,0.014513,0.00568,900.0
6.4711E+02,-0.008153,0.013794,0.00568,900.0
6.4721E+02,-0.009397,0.012992,0.00568,900.0
6.4730E+02,-0.010473,0.012134,0.00568,900.0
6.4740E+02,-0.011582,0.011085,0.00568,900.0
6.4750E+02,-0.012549,0.009981,0.00568,900.0
6.4760E+02,-0.013415,0.008806,0.00568,900.0
6.4770E+02,-0.014032,0.007788,0.00568,900.0
6.4780E+02,-0.014591,0.006699,0.00568,900.0
6.4790E+02,-0.015138,0.005371,0.00568,900.0
6.4800E+02,-0.015433,0.004447,0.00568,900.0
6.4810E+02,-0.015676,0.003491,0.00568,900.0
6.4820E+02,-0.015868,0.002471,0.00568,900.0
6.4830E+02,-0.016019,0.001104,0.00568,900.0
6.4840E+02,-0.016052,-0.000316,0.00568,900.0
6.4850E+02,-0.015969,-0.001723,0.00568,900.0
6.4860E+02,-0.015803,-0.002919,0.00568,900.0
6.4870E+02,-0.015580,-0.003951,0.00568,900.0
6.4880E+02,-0.015289,-0.004976,0.00568,900.0
6.4890E+02,-0.014915,-0.006010,0.00568,900.0
6.4900E+02,-0.014338,-0.007311,0.00568,900.0
6.4910E+02,-0.013868,-0.008168,0.00568,900.0
6.4921E+02,-0.013066,-0.009383,0.00568,900.0
6.4931E+02,-0.012196,-0.010496,0.00568,900.0
6.4941E+02,-0.011109,-0.011634,0.00568,900.0
6.4951E+02,-0.009982,-0.012617,0.00568,900.0
6.4961E+02,-0.008783,-0.013476,0.00568,900.0
6.4971E+02,-0.007486,-0.014239,0.00568,900.0
6.4980E+02,-0.006256,-0.014828,0.00568,900.0
6.4990E+02,-0.004847,-0.015349,0.00568,900.0
6.5000E+02,-0.003391,-0.015743,0.00568,900.0
6.5010E+02,-0.001885,-0.015996,0.00568,900.0
6.5020E+02,-0.000445,-0.016107,0.00568,900.0
6.5030E+02,0.001069,-0.016068,0.00568,900.0
6.5040E+02,0.002621,-0.015885,0.00568,900.0
6.5050E+02,0.004081,-0.015569,0.00568,900.0
6.5060E+02,0.005535,-0.015111,0.00568,900.0
6.5070E+02,0.006931,-0.014519,0.00568,900.0
6.5080E+02,0.008266,-0.013799,0.00568,900.0
6.5091E+02,0.009504,-0.012979,0.00568,900.0
6.5101E+02,0.010510,-0.012192,0.00568,900.0
6.5111E+02,0.011342,-0.011406,0.00568,900.0
6.5121E+02,0.012354,-0.010306,0.00568,900.0
6.5131E+02,0.013275,-0.009083,0.00568,900.0
6.5141E+02,0.014069,-0.007820,0.00568,900.0
6.5150E+02,0.014651,-0.006631,0.00568,900.0
6.5160E+02,0.015204,-0.005213,0.00568,900.0
6.5170E+02,0.015629,-0.003722,0.00568,900.0
6.5180E+02,0.015893,-0.002291,0.00568,900.0
6.5190E+02,0.016040,-0.000794,0.00568,900.0
6.5200E+02,0.016035,0.000766,0.00568,900.0
6.5210E+02,0.015892,0.002245,0.00568,900.0
6.5220E+02,0.015622,0.003677,0.00568,0.0
6.5230E+02,0.015202,0.005143,0.00568,0.0
6.5240E+02,0.014633,0.006595,0.00568,0.0
6.5250E+02,0.013993,0.007876,0.00568,0.0
6.5261E+02,0.013163,0.009187,0.00568,0.0
6.5271E+02,0.012227,0.010392,0.00568,900.0
6.5281E+02,0.011238,0.011445,0.00568,900.0
6.5291E+02,0.010715,0.011948,0.00568,900.0
6.5301E+02,0.010607,0.012047,0.00568,900.0
6.5311E+02,0.010001,0.011163,0.00568,900.0
6.5320E+02,0.007688,0.007787,0.00568,900.0
6.5330E+02,0.003248,0.001306,0.00568,900.0
6.5340E+02,-0.000996,-0.004889,0.00568,900.0
6.5350E+02,-0.004204,-0.009572,0.00568,900.0
6.5360E+02,-0.004422,-0.009890,0.00568,900.0
6.5370E+02,-0.004425,-0.009889,0.00568,900.0
6.5380E+02,-0.004682,-0.009761,0.00568,900.0
6.5390E+02,-0.005938,-0.009030,0.00568,900.0
6.5400E+02,-0.007158,-0.008090,0.00568,900.0
6.5410E+02,-0.008166,-0.007053,0.00568,900.0
6.5420E+02,-0.009071,-0.005833,0.00568,900.0
6.5430E+02,-0.009805,-0.004466,0.00568,900.0
6.5441E+02,-0.010328,-0.003067,0.00568,900.0
6.5451E+02,-0.010655,-0.001633,0.00568,900.0
6.5461E+02,-0.010768,-0.000145,0.00568,900.0
6.5471E+02,-0.010686,0.001359,0.00568,900.0
6.5481E+02,-0.010403,0.002781,0.00568,900.0
6.5491E+02,-0.009884,0.004304,0.00568,900.0
6.5500E+02,-0.009296,0.005438,0.00568,900.0
6.5510E+02,-0.008427,0.006684,0.00568,900.0
6.5520E+02,-0.007380,0.007803,0.00568,900.0
6.5530E+02,-0.006249,0.008731,0.00568,900.0
6.5540E+02,-0.004941,0.009520,0.00568,900.0
6.5550E+02,-0.003540,0.010135,0.00568,900.0
6.5560E+02,-0.002084,0.010521,0.00568,900.0
6.5570E+02,-0.000581,0.010721,0.00568,900.0
6.5580E+02,0.000874,0.010697,0.00568,900.0
6.5590E+02,0.002371,0.010479,0.00568,900.0
6.5600E+02,0.003839,0.010048,0.00568,900.0
6.5611E+02,0.005206,0.009412,0.00568,900.0
6.5621E+02,0.006457,0.008600,0.00568,900.0
6.5631E+02,0.007573,0.007633,0.00568,900.0
6.5641E+02,0.008565,0.006504,0.00568,900.0
6.5651E+02,0.009399,0.005204,0.00568,900.0
6.5661E+02,0.010045,0.003835,0.00568,900.0
6.5670E+02,0.010440,0.002586,0.00568,900.0
6.5680E+02,0.010702,0.001143,0.00568,900.0
6.5690E+02,0.010770,-0.000391,0.00568,900.0
6.5700E+02,0.010605,-0.001930,0.00568,900.0
6.5710E+02,0.010246,-0.003418,0.00568,900.0
6.5720E+02,0.009725,-0.004722,0.00568,900.0
6.5730E+02,0.008967,-0.006028,0.00568,900.0
6.5740E+02,0.008015,-0.007245,0.00568,900.0
6.5750E+02,0.006956,-0.008263,0.00568,900.0
6.5760E+02,0.005703,-0.009164,0.00568,0.0
6.5770E+02,0.004351,-0.009881,0.00568,0.0
6.5781E+02,0.002948,-0.010396,0.00568,0.0
6.5791E+02,0.001503,-0.010695,0.00568,0.0
6.5801E+02,0.000025,-0.010803,0.00568,0.0
6.5811E+02,-0.001486,-0.010698,0.00568,0.0
6.5821E+02,-0.002980,-0.010390,0.00568,900.0
6.5831E+02,-0.004231,-0.009969,0.00568,900.0
6.5840E+02,-0.004416,-0.009892,0.00568,900.0
6.5850E+02,-0.004422,-0.009890,0.00568,900.0
6.5860E+02,-0.002953,-0.007893,0.00568,900.0
6.5870E+02,0.001034,-0.002471,0.00568,900.0
6.5880E+02,0.005662,0.003821,0.00568,900.0
6.5890E+02,0.009106,0.008503,0.00568,900.0
6.5910E+02,0.010244,0.010050,0.00568,900.0
6.5920E+02,0.010154,0.010140,0.00568,900.0
6.5930E+02,0.009620,0.010626,0.00568,900.0
6.5940E+02,0.008438,0.011589,0.00568,900.0
6.5951E+02,0.007071,0.012479,0.00568,900.0
6.5961E+02,0.005806,0.013110,0.00568,900.0
6.5971E+02,0.004361,0.013653,0.00568,900.0
6.5981E+02,0.002949,0.014040,0.00568,900.0
6.5991E+02,0.001404,0.014257,0.00568,900.0
6.6001E+02,-0.000104,0.014317,0.00568,900.0
6.6010E+02,-0.001409,0.014254,0.00568,900.0
6.6020E+02,-0.002865,0.014030,0.00568,900.0
6.6030E+02,-0.004340,0.013650,0.00568,900.0
6.6040E+02,-0.005759,0.013118,0.00568,900.0
6.6050E+02,-0.007124,0.012435,0.00568,900.0
6.6060E+02,-0.008424,0.011604,0.00568,900.0
6.6070E+02,-0.009623,0.010646,0.00568,900.0
6.6080E+02,-0.010624,0.009639,0.00568,900.0
6.6090E+02,-0.011595,0.008446,0.00568,900.0
6.6100E+02,-0.012436,0.007130,0.00568,900.0
6.6110E+02,-0.012955,0.006170,0.00568,900.0
6.6120E+02,-0.013432,0.005024,0.00568,900.0
6.6131E+02,-0.013886,0.003598,0.00568,900.0
6.6141E+02,-0.014186,0.002122,0.00568,900.0
6.6151E+02,-0.014338,0.000634,0.00568,900.0
6.6161E+02,-0.014331,-0.000835,0.00568,900.0
6.6171E+02,-0.014172,-0.002340,0.00568,900.0
6.6181E+02,-0.013869,-0.003806,0.00568,900.0
6.6190E+02,-0.013424,-0.005157,0.00568,900.0
6.6200E+02,-0.012998,-0.006160,0.00568,900.0
6.6210E+02,-0.012411,-0.007272,0.00568,900.0
6.6220E+02,-0.011623,-0.008466,0.00568,900.0
6.6230E+02,-0.010677,-0.009627,0.00568,900.0
6.6240E+02,-0.009602,-0.010703,0.00568,900.0
6.6250E+02,-0.008408,-0.011667,0.00568,900.0
6.6260E+02,-0.007131,-0.012497,0.00568,900.0
6.6270E+02,-0.005801,-0.013169,0.00568,900.0
6.6280E+02,-0.004418,-0.013702,0.00568,900.0
6.6290E+02,-0.002973,-0.014090,0.00568,900.0
6.6301E+02,-0.001514,-0.014329,0.00568,900.0
6.6311E+02,0.000000,-0.014411,0.00568,900.0
6.6321E+02,0.001506,-0.014329,0.00568,900.0
6.6331E+02,0.003027,-0.014070,0.00568,900.0
6.6341E+02,0.004509,-0.013666,0.00568,900.0
6.6351E+02,0.005856,-0.013147,0.00568,900.0
6.6360E+02,0.007035,-0.012545,0.00568,900.0
6.6370E+02,0.008315,-0.011739,0.00568,900.0
6.6380E+02,0.009491,-0.010802,0.00568,900.0
6.6390E+02,0.010585,-0.009735,0.00568,900.0
6.6400E+02,0.011574,-0.008545,0.00568,900.0
6.6410E+02,0.012376,-0.007326,0.00568,900.0
6.6420E+02,0.013095,-0.005962,0.00568,900.0
6.6430E+02,0.013631,-0.004578,0.00568,900.0
6.6440E+02,0.014026,-0.003115,0.00568,900.0
6.6450E+02,0.014269,-0.001641,0.00568,900.0
6.6460E+02,0.014351,-0.000116,0.00568,900.0
6.6471E+02,0.014279,0.001419,0.00568,900.0
6.6481E+02,0.014063,0.002842,0.00568,0.0
6.6491E+02,0.013765,0.004062,0.00568,0.0
6.6501E+02,0.013412,0.005106,0.00568,0.0
6.6511E+02,0.012947,0.006179,0.00568,0.0
6.6521E+02,0.012306,0.007367,0.00568,0.0
6.6530E+02,0.011540,0.008527,0.00568,900.0
6.6540E+02,0.010577,0.009692,0.00568,900.0
6.6550E+02,0.010284,0.010008,0.00568,900.0
6.6560E+02,0.010244,0.010050,0.00568,900.0
6.6570E+02,0.009477,0.008978,0.00568,900.0
6.6580E+02,0.006059,0.004199,0.00568,900.0
6.6590E+02,0.001591,-0.002047,0.00568,900.0
6.6600E+02,-0.002601,-0.007909,0.00568,900.0
6.6610E+02,-0.005066,-0.011355,0.00568,900.0
6.6620E+02,-0.005126,-0.011439,0.00568,900.0
6.6630E+02,-0.005241,-0.011381,0.00568,900.0
6.6640E+02,-0.005796,-0.011089,0.00568,900.0
6.6651E+02,-0.007080,-0.010315,0.00568,900.0
6.6661E+02,-0.008303,-0.009362,0.00568,900.0
6.6671E+02,-0.009322,-0.008342,0.00568,900.0
6.6681E+02,-0.010258,-0.007143,0.00568,900.0
6.6691E+02,-0.011038,-0.005854,0.00568,900.0
6.6701E+02,-0.011660,-0.004477,0.00568,900.0
6.6710E+02,-0.012077,-0.003153,0.00568,900.0
6.6720E+02,-0.012366,-0.001642,0.00568,900.0
6.6730E+02,-0.012477,-0.000174,0.00568,900.0
6.6740E+02,-0.012402,0.001282,0.00568,900.0
6.6750E+02,-0.012156,0.002818,0.00568,900.0
6.6760E+02,-0.011726,0.004254,0.00568,900.0
6.6770E+02,-0.011111,0.005668,0.00568,900.0
6.6780E+02,-0.010391,0.006888,0.00568,900.0
6.6790E+02,-0.009451,0.008110,0.00568,900.0
6.6800E+02,-0.008456,0.009195,0.00568,900.0
6.6810E+02,-0.007279,0.010107,0.00568,900.0
6.6821E+02,-0.005978,0.010904,0.00568,900.0
6.6831E+02,-0.004617,0.011553,0.00568,900.0
6.6841E+02,-0.003168,0.012018,0.00568,900.0
6.6851E+02,-0.001683,0.012323,0.00568,900.0
6.6861E+02,-0.000201,0.012435,0.00568,900.0
6.6871E+02,0.001364,0.012369,0.00568,900.0
6.6880E+02,0.002685,0.012174,0.00568,900.0
6.6890E+02,0.004067,0.011787,0.00568,900.0
6.6900E+02,0.005465,0.011190,0.00568,900.0
6.6910E+02,0.006783,0.010442,0.00568,900.0
6.6920E+02,0.008014,0.009523,0.00568,900.0
6.6930E+02,0.009127,0.008463,0.00568,900.0
6.6940E+02,0.010061,0.007336,0.00568,900.0
6.6950E+02,0.010857,0.006090,0.00568,900.0
6.6960E+02,0.011522,0.004719,0.00568,900.0
6.6970E+02,0.012018,0.003283,0.00568,900.0
6.6980E+02,0.012336,0.001814,0.00568,900.0
6.6991E+02,0.012470,0.000364,0.00568,900.0
6.7001E+02,0.012435,-0.001162,0.00568,900.0
6.7011E+02,0.012207,-0.002677,0.00568,900.0
6.7021E+02,0.011788,-0.004177,0.00568,900.0
6.7031E+02,0.011218,-0.005519,0.00568,900.0
6.7041E+02,0.010469,-0.006820,0.00568,900.0
6.7050E+02,0.009665,-0.007920,0.00568,900.0
6.7060E+02,0.008621,-0.009046,0.00568,900.0
6.7070E+02,0.007498,-0.010010,0.00568,900.0
6.7080E+02,0.006277,-0.010814,0.00568,900.0
6.7090E+02,0.004905,-0.011510,0.00568,0.0
6.7100E+02,0.003480,-0.012017,0.00568,0.0
6.7110E+02,0.001975,-0.012361,0.00568,0.0
6.7120E+02,0.000519,-0.012514,0.00568,0.0
6.7130E+02,-0.000954,-0.012483,0.00568,0.0
6.7140E+02,-0.002465,-0.012266,0.00568,0.0
6.7150E+02,-0.003914,-0.011882,0.00568,0.0
6.7160E+02,-0.004851,-0.011547,0.00568,0.0
6.7181E+02,-0.005126,-0.011439,0.00568,0.0
6.7191E+02,-0.005126,-0.011437,0.00568,0.0
6.7201E+02,-0.005126,-0.011435,0.00568,0.0
6.7211E+02,-0.005126,-0.011434,0.00568,0.0
6.7221E+02,-0.005126,-0.011433,0.00568,0.0
6.7230E+02,-0.005126,-0.011431,0.00568,0.0
6.7250E+02,-0.005126,-0.011430,0.00568,0.0
6.7260E+02,-0.005126,-0.011428,0.00568,0.0
6.7270E+02,-0.005126,-0.011427,0.00568,0.0
6.7280E+02,-0.005126,-0.011425,0.00568,0.0
6.7290E+02,-0.005126,-0.011424,0.00568,0.0
6.7300E+02,-0.005126,-0.011423,0.00568,0.0
6.7310E+02,-0.005126,-0.011421,0.00568,0.0
6.7320E+02,-0.005126,-0.011419,0.00568,0.0
6.7330E+02,-0.005126,-0.011417,0.00568,0.0
6.7351E+02,-0.005126,-0.011416,0.00568,0.0
6.7361E+02,-0.005126,-0.011414,0.00568,0.0
6.7371E+02,-0.005126,-0.011413,0.00568,0.0
6.7381E+02,-0.005126,-0.011412,0.00568,0.0
6.7391E+02,-0.005126,-0.011411,0.00568,0.0
6.7400E+02,-0.005126,-0.011409,0.00568,0.0
6.7410E+02,-0.005126,-0.011407,0.00568,0.0
6.7420E+02,-0.005126,-0.011406,0.00568,0.0
6.7430E+02,-0.005126,-0.011404,0.00568,0.0
6.7450E+02,-0.005126,-0.011403,0.00568,0.0
6.7460E+02,-0.005126,-0.026996,0.00568,0.0
6.7470E+02,-0.005124,-0.026994,0.00568,0.0
6.7480E+02,-0.005028,-0.026900,0.00568,0.0
6.7490E+02,-0.004102,-0.025986,0.00568,0.0
6.7500E+02,-0.003040,-0.024938,0.00568,0.0
6.7511E+02,-0.002025,-0.023936,0.00568,0.0
6.7521E+02,-0.001010,-0.022934,0.00568,0.0
6.7531E+02,0.000044,-0.021894,0.00568,0.0
6.7541E+02,0.001114,-0.020837,0.00568,0.0
6.7551E+02,0.002148,-0.019817,0.00568,0.0
6.7561E+02,0.003173,-0.018805,0.00568,0.0
6.7570E+02,0.004146,-0.017845,0.00568,0.0
6.7580E+02,0.004972,-0.017029,0.00568,0.0
6.7590E+02,0.005007,-0.016995,0.00568,0.0
