3.2423E+03,-0.006001,0.027275,0.03692,0.0
3.2424E+03,-0.006001,0.027247,0.03692,0.0
3.2425E+03,-0.006001,0.027270,0.03692,0.0
3.2426E+03,-0.006001,0.027272,0.03692,0.0
3.2427E+03,-0.006001,0.027270,0.03692,0.0
3.2428E+03,-0.006001,0.027269,0.03692,0.0
3.2429E+03,-0.006001,0.027267,0.03692,0.0
3.2430E+03,-0.006001,0.027265,0.03692,0.0
3.2431E+03,-0.006001,0.027263,0.03692,0.0
3.2432E+03,-0.006001,0.027262,0.03692,0.0
3.2433E+03,-0.006001,0.027259,0.03692,0.0
3.2434E+03,-0.006001,0.027257,0.03692,0.0
3.2435E+03,-0.006001,0.027256,0.03692,0.0
3.2436E+03,-0.006001,0.027254,0.03692,0.0
3.2437E+03,-0.006001,0.027253,0.03692,0.0
3.2438E+03,-0.006001,0.027251,0.03692,0.0
3.2439E+03,-0.006001,0.027248,0.03692,0.0
3.2440E+03,-0.006001,0.027247,0.03692,0.0
3.2441E+03,-0.006001,0.027245,0.03692,0.0
3.2442E+03,-0.006001,0.027243,0.03692,0.0
3.2445E+03,-0.006001,0.027241,0.03692,0.0
3.2446E+03,-0.006008,0.027224,0.03692,0.0
3.2447E+03,-0.006079,0.027037,0.03692,0.0
3.2448E+03,-0.006833,0.025064,0.03692,0.0
3.2449E+03,-0.007598,0.023061,0.03692,0.0
3.2450E+03,-0.008340,0.021120,0.03692,0.0
3.2451E+03,-0.009138,0.019032,0.03692,900.0
3.2452E+03,-0.009896,0.017047,0.03692,900.0
3.2453E+03,-0.010657,0.015056,0.03692,900.0
3.2454E+03,-0.011423,0.013051,0.03692,900.0
3.2455E+03,-0.012109,0.011257,0.03692,900.0
3.2456E+03,-0.012888,0.009218,0.03692,900.0
3.2457E+03,-0.013535,0.007526,0.03692,900.0
3.2460E+03,-0.013687,0.007127,0.03692,900.0
3.2461E+03,-0.014101,0.006256,0.03692,900.0
3.2462E+03,-0.014620,0.004884,0.03692,900.0
3.2463E+03,-0.015016,0.003488,0.03692,900.0
3.2464E+03,-0.015287,0.001999,0.03692,900.0
3.2465E+03,-0.015414,0.000470,0.03692,900.0
3.2466E+03,-0.015386,-0.001055,0.03692,900.0
3.2467E+03,-0.015218,-0.002574,0.03692,900.0
3.2468E+03,-0.014906,-0.004020,0.03692,900.0
3.2469E+03,-0.014464,-0.005411,0.03692,900.0
3.2470E+03,-0.013873,-0.006798,0.03692,900.0
3.2471E+03,-0.013300,-0.007875,0.03692,900.0
3.2472E+03,-0.012594,-0.008955,0.03692,900.0
3.2473E+03,-0.011713,-0.010085,0.03692,900.0
3.2474E+03,-0.010671,-0.011173,0.03692,900.0
3.2475E+03,-0.009532,-0.012159,0.03692,900.0
3.2476E+03,-0.008298,-0.013037,0.03692,900.0
3.2477E+03,-0.006962,-0.013797,0.03692,900.0
3.2478E+03,-0.005587,-0.014411,0.03692,900.0
3.2479E+03,-0.004200,-0.014877,0.03692,900.0
3.2480E+03,-0.002717,-0.015227,0.03692,900.0
3.2481E+03,-0.001239,-0.015417,0.03692,900.0
3.2482E+03,0.000309,-0.015472,0.03692,900.0
3.2483E+03,0.001752,-0.015380,0.03692,900.0
3.2484E+03,0.003332,-0.015104,0.03692,900.0
3.2485E+03,0.004754,-0.014716,0.03692,900.0
3.2486E+03,0.006114,-0.014200,0.03692,900.0
3.2487E+03,0.007464,-0.013532,0.03692,900.0
3.2488E+03,0.008749,-0.012730,0.03692,900.0
3.2489E+03,0.009699,-0.012034,0.03692,900.0
3.2490E+03,0.010562,-0.011277,0.03692,900.0
3.2491E+03,0.011510,-0.010305,0.03692,900.0
3.2492E+03,0.012473,-0.009125,0.03692,900.0
3.2493E+03,0.013296,-0.007883,0.03692,900.0
3.2494E+03,0.013969,-0.006507,0.03692,900.0
3.2495E+03,0.014584,-0.005093,0.03692,900.0
3.2496E+03,0.014993,-0.003679,0.03692,900.0
3.2497E+03,0.015272,-0.002159,0.03692,900.0
3.2498E+03,0.015415,-0.000668,0.03692,900.0
3.2499E+03,0.015395,0.000849,0.03692,900.0
3.2500E+03,0.015240,0.002320,0.03692,900.0
3.2501E+03,0.014951,0.003745,0.03692,900.0
3.2502E+03,0.014523,0.005176,0.03692,900.0
3.2503E+03,0.013936,0.006576,0.03692,900.0
3.2504E+03,0.013214,0.007927,0.03692,900.0
3.2505E+03,0.012370,0.009195,0.03692,900.0
3.2506E+03,0.011492,0.010276,0.03692,900.0
3.2507E+03,0.010508,0.011309,0.03692,900.0
3.2508E+03,0.009706,0.011974,0.03692,900.0
3.2509E+03,0.008631,0.012744,0.03692,900.0
3.2510E+03,0.007358,0.013517,0.03692,900.0
3.2511E+03,0.006014,0.014169,0.03692,900.0
3.2512E+03,0.004579,0.014689,0.03692,900.0
3.2513E+03,0.003117,0.015071,0.03692,900.0
3.2514E+03,0.001655,0.015301,0.03692,900.0
3.2515E+03,0.000124,0.015396,0.03692,900.0
3.2516E+03,-0.001320,0.015336,0.03692,900.0
3.2517E+03,-0.002900,0.015128,0.03692,900.0
3.2518E+03,-0.004387,0.014765,0.03692,900.0
3.2519E+03,-0.005750,0.014285,0.03692,0.0
3.2520E+03,-0.007100,0.013664,0.03692,0.0
3.2521E+03,-0.008426,0.012886,0.03692,0.0
3.2522E+03,-0.009630,0.012010,0.03692,0.0
3.2523E+03,-0.010639,0.011132,0.03692,0.0
3.2524E+03,-0.011675,0.010040,0.03692,900.0
3.2525E+03,-0.012608,0.008850,0.03692,900.0
3.2526E+03,-0.013346,0.007723,0.03692,900.0
3.2528E+03,-0.013687,0.007127,0.03692,900.0
3.2529E+03,-0.013584,0.007164,0.03692,900.0
3.2530E+03,-0.008580,0.008941,0.03692,900.0
3.2531E+03,-0.005714,0.009959,0.03692,900.0
3.2533E+03,-0.005227,0.010132,0.03692,900.0
3.2534E+03,-0.004683,0.010379,0.03692,900.0
3.2535E+03,-0.003480,0.010817,0.03692,900.0
3.2536E+03,-0.002014,0.011183,0.03692,900.0
3.2537E+03,-0.000521,0.011357,0.03692,900.0
3.2538E+03,0.000985,0.011322,0.03692,900.0
3.2539E+03,0.002451,0.011110,0.03692,900.0
3.2540E+03,0.003787,0.010744,0.03692,900.0
3.2541E+03,0.005220,0.010122,0.03692,900.0
3.2542E+03,0.006491,0.009353,0.03692,900.0
3.2543E+03,0.007618,0.008457,0.03692,900.0
3.2544E+03,0.008683,0.007357,0.03692,900.0
3.2545E+03,0.009600,0.006115,0.03692,900.0
3.2546E+03,0.010311,0.004834,0.03692,900.0
3.2547E+03,0.010850,0.003453,0.03692,900.0
3.2548E+03,0.011221,0.001966,0.03692,900.0
3.2549E+03,0.011391,0.000457,0.03692,900.0
3.2550E+03,0.011361,-0.001049,0.03692,900.0
3.2551E+03,0.011155,-0.002511,0.03692,900.0
3.2552E+03,0.010721,-0.003969,0.03692,900.0
3.2553E+03,0.010092,-0.005398,0.03692,900.0
3.2554E+03,0.009340,-0.006601,0.03692,900.0
3.2555E+03,0.008362,-0.007803,0.03692,900.0
3.2556E+03,0.007240,-0.008846,0.03692,900.0
3.2557E+03,0.006168,-0.009626,0.03692,900.0
3.2558E+03,0.004860,-0.010347,0.03692,900.0
3.2559E+03,0.003434,-0.010907,0.03692,900.0
3.2560E+03,0.001974,-0.011266,0.03692,900.0
3.2561E+03,0.000525,-0.011432,0.03692,900.0
3.2562E+03,-0.000971,-0.011406,0.03692,900.0
3.2563E+03,-0.002437,-0.011193,0.03692,900.0
3.2564E+03,-0.003878,-0.010784,0.03692,900.0
3.2565E+03,-0.005292,-0.010155,0.03692,900.0
3.2566E+03,-0.006628,-0.009324,0.03692,900.0
3.2567E+03,-0.007746,-0.008416,0.03692,900.0
3.2568E+03,-0.008793,-0.007285,0.03692,900.0
3.2569E+03,-0.009671,-0.006074,0.03692,900.0
3.2570E+03,-0.010372,-0.004761,0.03692,900.0
3.2571E+03,-0.010911,-0.003350,0.03692,900.0
3.2572E+03,-0.011250,-0.001886,0.03692,900.0
3.2573E+03,-0.011398,-0.000386,0.03692,900.0
3.2574E+03,-0.011371,0.000935,0.03692,0.0
3.2575E+03,-0.011161,0.002429,0.03692,0.0
3.2576E+03,-0.010733,0.003862,0.03692,0.0
3.2577E+03,-0.010089,0.005300,0.03692,0.0
3.2578E+03,-0.009338,0.006515,0.03692,0.0
3.2579E+03,-0.008407,0.007679,0.03692,900.0
3.2580E+03,-0.007291,0.008721,0.03692,900.0
3.2581E+03,-0.006071,0.009611,0.03692,900.0
3.2582E+03,-0.005310,0.010087,0.03692,900.0
3.2583E+03,-0.005227,0.010132,0.03692,900.0
3.2584E+03,-0.005911,0.009490,0.03692,900.0
3.2585E+03,-0.008719,0.006852,0.03692,900.0
3.2586E+03,-0.013290,0.002559,0.03692,900.0
3.2588E+03,-0.013544,0.002320,0.03692,900.0
3.2589E+03,-0.013572,0.002133,0.03692,900.0
3.2590E+03,-0.013703,0.000835,0.03692,900.0
3.2591E+03,-0.013712,-0.000540,0.03692,900.0
3.2592E+03,-0.013568,-0.002059,0.03692,900.0
3.2593E+03,-0.013264,-0.003535,0.03692,900.0
3.2594E+03,-0.012813,-0.004945,0.03692,900.0
3.2595E+03,-0.012200,-0.006307,0.03692,900.0
3.2596E+03,-0.011426,-0.007641,0.03692,900.0
3.2597E+03,-0.010528,-0.008848,0.03692,900.0
3.2598E+03,-0.009550,-0.009919,0.03692,900.0
3.2599E+03,-0.008339,-0.010955,0.03692,900.0
3.2600E+03,-0.007157,-0.011763,0.03692,900.0
3.2601E+03,-0.005818,-0.012472,0.03692,900.0
3.2602E+03,-0.004846,-0.012886,0.03692,900.0
3.2603E+03,-0.003504,-0.013299,0.03692,900.0
3.2604E+03,-0.002095,-0.013596,0.03692,900.0
3.2605E+03,-0.000899,-0.013735,0.03692,900.0
3.2606E+03,0.000344,-0.013753,0.03692,900.0
3.2607E+03,0.001837,-0.013636,0.03692,900.0
3.2608E+03,0.003173,-0.013391,0.03692,900.0
3.2609E+03,0.004650,-0.012954,0.03692,900.0
3.2610E+03,0.006038,-0.012376,0.03692,900.0
3.2611E+03,0.007327,-0.011656,0.03692,900.0
3.2612E+03,0.008558,-0.010778,0.03692,900.0
3.2613E+03,0.009671,-0.009771,0.03692,900.0
3.2614E+03,0.010660,-0.008681,0.03692,900.0
3.2615E+03,0.011561,-0.007417,0.03692,900.0
3.2616E+03,0.012304,-0.006119,0.03692,900.0
3.2617E+03,0.012880,-0.004756,0.03692,900.0
3.2618E+03,0.013321,-0.003318,0.03692,900.0
3.2619E+03,0.013599,-0.001886,0.03692,900.0
3.2620E+03,0.013725,-0.000526,0.03692,900.0
3.2621E+03,0.013711,0.000588,0.03692,900.0
3.2622E+03,0.013576,0.002076,0.03692,900.0
3.2623E+03,0.013278,0.003512,0.03692,900.0
3.2624E+03,0.012799,0.004952,0.03692,900.0
3.2625E+03,0.012213,0.006228,0.03692,900.0
3.2626E+03,0.011456,0.007514,0.03692,900.0
3.2627E+03,0.010569,0.008715,0.03692,900.0
3.2628E+03,0.009528,0.009830,0.03692,900.0
3.2629E+03,0.008385,0.010817,0.03692,900.0
3.2630E+03,0.007148,0.011675,0.03692,900.0
3.2631E+03,0.005797,0.012405,0.03692,900.0
3.2632E+03,0.004408,0.012971,0.03692,900.0
3.2633E+03,0.002996,0.013372,0.03692,900.0
3.2634E+03,0.001469,0.013631,0.03692,900.0
3.2635E+03,0.000040,0.013698,0.03692,900.0
3.2636E+03,-0.001478,0.013613,0.03692,900.0
3.2637E+03,-0.003004,0.013350,0.03692,900.0
3.2638E+03,-0.004460,0.012944,0.03692,900.0
3.2639E+03,-0.005465,0.012568,0.03692,900.0
3.2640E+03,-0.006596,0.011994,0.03692,900.0
3.2641E+03,-0.007880,0.011193,0.03692,0.0
3.2642E+03,-0.008960,0.010359,0.03692,0.0
3.2643E+03,-0.010066,0.009298,0.03692,0.0
3.2644E+03,-0.011040,0.008139,0.03692,0.0
3.2645E+03,-0.011839,0.006932,0.03692,0.0
3.2646E+03,-0.012565,0.005512,0.03692,900.0
3.2647E+03,-0.013088,0.004113,0.03692,900.0
3.2648E+03,-0.013453,0.002713,0.03692,900.0
3.2649E+03,-0.013537,0.002353,0.03692,900.0
3.2650E+03,-0.013544,0.002320,0.03692,900.0
3.2651E+03,-0.012181,0.004006,0.03692,900.0
3.2652E+03,-0.008765,0.008229,0.03692,900.0
3.2653E+03,-0.006242,0.011349,0.03692,900.0
3.2654E+03,-0.006001,0.011647,0.03692,900.0
3.2655E+03,-0.005905,0.011693,0.03692,900.0
3.2656E+03,-0.005405,0.011920,0.03692,900.0
3.2657E+03,-0.004058,0.012481,0.03692,900.0
3.2658E+03,-0.002595,0.012835,0.03692,900.0
3.2659E+03,-0.001009,0.013043,0.03692,900.0
3.2660E+03,0.000306,0.013063,0.03692,900.0
3.2661E+03,0.001787,0.012947,0.03692,900.0
3.2662E+03,0.003289,0.012649,0.03692,900.0
3.2663E+03,0.004749,0.012177,0.03692,900.0
3.2664E+03,0.006101,0.011563,0.03692,900.0
3.2665E+03,0.007366,0.010801,0.03692,900.0
3.2666E+03,0.008589,0.009882,0.03692,900.0
3.2667E+03,0.009640,0.008852,0.03692,900.0
3.2668E+03,0.010599,0.007688,0.03692,900.0
3.2669E+03,0.011445,0.006384,0.03692,900.0
3.2670E+03,0.012098,0.005044,0.03692,900.0
3.2671E+03,0.012601,0.003591,0.03692,900.0
3.2672E+03,0.012933,0.002115,0.03692,900.0
3.2673E+03,0.013090,0.000639,0.03692,900.0
3.2674E+03,0.013089,-0.000819,0.03692,900.0
3.2675E+03,0.012907,-0.002301,0.03692,900.0
3.2676E+03,0.012554,-0.003787,0.03692,900.0
3.2677E+03,0.012105,-0.005074,0.03692,900.0
3.2678E+03,0.011449,-0.006427,0.03692,900.0
3.2679E+03,0.010618,-0.007733,0.03692,900.0
3.2680E+03,0.009715,-0.008850,0.03692,900.0
3.2681E+03,0.008629,-0.009923,0.03692,900.0
3.2682E+03,0.007420,-0.010857,0.03692,900.0
3.2683E+03,0.006130,-0.011626,0.03692,900.0
3.2684E+03,0.004726,-0.012260,0.03692,900.0
3.2685E+03,0.003336,-0.012714,0.03692,900.0
3.2686E+03,0.001903,-0.013002,0.03692,900.0
3.2687E+03,0.000385,-0.013134,0.03692,900.0
3.2688E+03,-0.001151,-0.013084,0.03692,900.0
3.2689E+03,-0.002625,-0.012877,0.03692,900.0
3.2690E+03,-0.004050,-0.012503,0.03692,900.0
3.2691E+03,-0.005475,-0.011954,0.03692,900.0
3.2692E+03,-0.006828,-0.011238,0.03692,900.0
3.2693E+03,-0.008090,-0.010376,0.03692,900.0
3.2694E+03,-0.009118,-0.009464,0.03692,900.0
3.2695E+03,-0.010135,-0.008346,0.03692,900.0
3.2696E+03,-0.010985,-0.007189,0.03692,900.0
3.2697E+03,-0.011731,-0.005863,0.03692,900.0
3.2698E+03,-0.012343,-0.004443,0.03692,900.0
3.2699E+03,-0.012757,-0.003016,0.03692,900.0
3.2700E+03,-0.013014,-0.001576,0.03692,900.0
3.2701E+03,-0.013105,-0.000081,0.03692,900.0
3.2702E+03,-0.013029,0.001466,0.03692,900.0
3.2703E+03,-0.012774,0.002967,0.03692,0.0
3.2704E+03,-0.012367,0.004357,0.03692,0.0
3.2705E+03,-0.011790,0.005726,0.03692,0.0
3.2706E+03,-0.011025,0.007069,0.03692,0.0
3.2707E+03,-0.010102,0.008315,0.03692,0.0
3.2708E+03,-0.009061,0.009426,0.03692,0.0
3.2709E+03,-0.007925,0.010400,0.03692,0.0
3.2710E+03,-0.006740,0.011206,0.03692,0.0
3.2711E+03,-0.006097,0.011594,0.03692,0.0
3.2713E+03,-0.006001,0.011647,0.03692,0.0
3.2714E+03,-0.006001,0.011648,0.03692,0.0
3.2715E+03,-0.006001,0.011649,0.03692,0.0
3.2717E+03,-0.006001,0.011651,0.03692,0.0
3.2718E+03,-0.006001,0.011653,0.03692,0.0
3.2719E+03,-0.006001,0.011654,0.03692,0.0
3.2720E+03,-0.006001,0.011655,0.03692,0.0
3.2721E+03,-0.006001,0.011656,0.03692,0.0
3.2722E+03,-0.006001,0.011658,0.03692,0.0
3.2723E+03,-0.006001,0.011659,0.03692,0.0
3.2724E+03,-0.006001,0.011660,0.03692,0.0
3.2725E+03,-0.006001,0.011661,0.03692,0.0
3.2726E+03,-0.006001,0.011662,0.03692,0.0
3.2727E+03,-0.006001,0.011673,0.03692,0.0
3.2728E+03,-0.006001,0.011767,0.03692,0.0
3.2729E+03,-0.006001,0.011690,0.03692,0.0
3.2730E+03,-0.006001,0.011667,0.03692,0.0
3.2731E+03,-0.006001,0.011668,0.03692,0.0
3.2732E+03,-0.006001,0.011669,0.03692,0.0
3.2733E+03,-0.006001,0.011670,0.03692,0.0
3.2734E+03,-0.006001,0.011672,0.03692,0.0
3.2735E+03,-0.006001,0.011713,0.03692,0.0
3.2736E+03,-0.006001,0.011757,0.03692,0.0
3.2737E+03,-0.006001,0.011675,0.03692,0.0
3.2738E+03,-0.006001,0.011676,0.03692,0.0
3.2739E+03,-0.006001,0.011678,0.03692,0.0
3.2740E+03,-0.006001,0.011679,0.03692,0.0
3.2741E+03,-0.006001,0.011680,0.03692,0.0
3.2742E+03,-0.006001,0.011681,0.03692,0.0
3.2743E+03,-0.006001,0.011682,0.03692,0.0
3.2744E+03,-0.006001,0.011683,0.03692,0.0
3.2745E+03,-0.006001,-0.003910,0.03692,0.0
3.2746E+03,-0.006036,-0.003871,0.03692,0.0
3.2747E+03,-0.006349,-0.003524,0.03692,0.0
3.2748E+03,-0.007184,-0.002597,0.03692,0.0
3.2749E+03,-0.008079,-0.001603,0.03692,0.0
3.2750E+03,-0.008965,-0.000620,0.03692,0.0
3.2751E+03,-0.009873,0.000388,0.03692,0.0
3.2752E+03,-0.010701,0.001308,0.03692,0.0
3.2753E+03,-0.011576,0.002280,0.03692,0.0
3.2754E+03,-0.012486,0.003290,0.03692,0.0
3.2755E+03,-0.013377,0.004279,0.03692,0.0
3.2756E+03,-0.014180,0.005170,0.03692,0.0
3.2757E+03,-0.014532,0.005561,0.03692,0.0
