2.7480E+03,-0.011148,0.020347,0.02769,0.0
2.7481E+03,-0.011148,0.020345,0.02769,0.0
2.7482E+03,-0.011148,0.020344,0.02769,0.0
2.7483E+03,-0.011148,0.020342,0.02769,0.0
2.7484E+03,-0.011148,0.020340,0.02769,0.0
2.7485E+03,-0.011148,0.020338,0.02769,0.0
2.7486E+03,-0.011148,0.020336,0.02769,0.0
2.7487E+03,-0.011148,0.020334,0.02769,0.0
2.7488E+03,-0.011148,0.020332,0.02769,0.0
2.7489E+03,-0.011148,0.020331,0.02769,0.0
2.7490E+03,-0.011148,0.020329,0.02769,0.0
2.7491E+03,-0.011148,0.020327,0.02769,0.0
2.7492E+03,-0.011148,0.020325,0.02769,0.0
2.7493E+03,-0.011148,0.020323,0.02769,0.0
2.7494E+03,-0.011148,0.020321,0.02769,0.0
2.7495E+03,-0.011148,0.020319,0.02769,0.0
2.7496E+03,-0.011148,0.020318,0.02769,0.0
2.7497E+03,-0.011148,0.020315,0.02769,0.0
2.7498E+03,-0.011148,0.020314,0.02769,0.0
2.7500E+03,-0.011148,0.020313,0.02769,0.0
2.7501E+03,-0.011148,0.020311,0.02769,0.0
2.7502E+03,-0.011094,0.019708,0.02769,0.0
2.7503E+03,-0.011005,0.018727,0.02769,0.0
2.7504E+03,-0.010914,0.017716,0.02769,0.0
2.7505E+03,-0.010833,0.016810,0.02769,900.0
2.7506E+03,-0.010741,0.015795,0.02769,900.0
2.7507E+03,-0.010651,0.014794,0.02769,900.0
2.7508E+03,-0.010561,0.013791,0.02769,900.0
2.7509E+03,-0.010470,0.012782,0.02769,900.0
2.7510E+03,-0.010382,0.011804,0.02769,900.0
2.7511E+03,-0.010294,0.010823,0.02769,900.0
2.7512E+03,-0.010274,0.010595,0.02769,900.0
2.7513E+03,-0.010271,0.010566,0.02769,900.0
2.7514E+03,-0.010287,0.010550,0.02769,900.0
2.7515E+03,-0.010893,0.009897,0.02769,900.0
2.7516E+03,-0.011804,0.008768,0.02769,900.0
2.7517E+03,-0.012664,0.007497,0.02769,900.0
2.7518E+03,-0.013355,0.006184,0.02769,900.0
2.7519E+03,-0.013915,0.004810,0.02769,900.0
2.7520E+03,-0.014339,0.003367,0.02769,900.0
2.7521E+03,-0.014615,0.001924,0.02769,900.0
2.7522E+03,-0.014733,0.000554,0.02769,900.0
2.7523E+03,-0.014722,-0.000934,0.02769,900.0
2.7524E+03,-0.014533,-0.002499,0.02769,900.0
2.7525E+03,-0.014199,-0.003971,0.02769,900.0
2.7526E+03,-0.013734,-0.005384,0.02769,900.0
2.7527E+03,-0.013109,-0.006747,0.02769,900.0
2.7528E+03,-0.012366,-0.008044,0.02769,900.0
2.7529E+03,-0.011492,-0.009262,0.02769,900.0
2.7530E+03,-0.010489,-0.010383,0.02769,900.0
2.7531E+03,-0.009388,-0.011396,0.02769,900.0
2.7532E+03,-0.008127,-0.012339,0.02769,900.0
2.7533E+03,-0.006861,-0.013090,0.02769,900.0
2.7534E+03,-0.005483,-0.013731,0.02769,900.0
2.7535E+03,-0.004082,-0.014206,0.02769,900.0
2.7536E+03,-0.002591,-0.014543,0.02769,900.0
2.7537E+03,-0.001096,-0.014736,0.02769,900.0
2.7538E+03,0.000423,-0.014764,0.02769,900.0
2.7539E+03,0.001784,-0.014657,0.02769,900.0
2.7540E+03,0.003236,-0.014413,0.02769,900.0
2.7541E+03,0.004638,-0.014026,0.02769,900.0
2.7542E+03,0.006052,-0.013465,0.02769,900.0
2.7543E+03,0.007444,-0.012771,0.02769,900.0
2.7544E+03,0.008718,-0.011928,0.02769,900.0
2.7545E+03,0.009848,-0.011016,0.02769,900.0
2.7546E+03,0.010926,-0.009952,0.02769,900.0
2.7547E+03,0.011892,-0.008741,0.02769,900.0
2.7548E+03,0.012682,-0.007465,0.02769,900.0
2.7549E+03,0.013367,-0.006192,0.02769,900.0
2.7550E+03,0.013949,-0.004769,0.02769,900.0
2.7551E+03,0.014365,-0.003312,0.02769,900.0
2.7552E+03,0.014621,-0.001864,0.02769,900.0
2.7553E+03,0.014726,-0.000383,0.02769,900.0
2.7554E+03,0.014689,0.001110,0.02769,900.0
2.7555E+03,0.014498,0.002652,0.02769,900.0
2.7556E+03,0.014151,0.004092,0.02769,900.0
2.7557E+03,0.013729,0.005356,0.02769,900.0
2.7558E+03,0.013085,0.006764,0.02769,900.0
2.7559E+03,0.012293,0.008091,0.02769,900.0
2.7560E+03,0.011391,0.009313,0.02769,900.0
2.7561E+03,0.010397,0.010406,0.02769,900.0
2.7562E+03,0.009272,0.011406,0.02769,900.0
2.7563E+03,0.008050,0.012305,0.02769,900.0
2.7564E+03,0.006748,0.013058,0.02769,900.0
2.7565E+03,0.005383,0.013682,0.02769,900.0
2.7566E+03,0.003987,0.014157,0.02769,900.0
2.7567E+03,0.002546,0.014488,0.02769,900.0
2.7568E+03,0.001035,0.014675,0.02769,900.0
2.7569E+03,-0.000560,0.014712,0.02769,0.0
2.7570E+03,-0.002025,0.014573,0.02769,0.0
2.7571E+03,-0.003471,0.014288,0.02769,0.0
2.7572E+03,-0.004958,0.013844,0.02769,0.0
2.7573E+03,-0.006360,0.013252,0.02769,900.0
2.7574E+03,-0.007552,0.012615,0.02769,900.0
2.7575E+03,-0.008768,0.011809,0.02769,900.0
2.7576E+03,-0.009738,0.011042,0.02769,900.0
2.7577E+03,-0.010271,0.010566,0.02769,900.0
2.7578E+03,-0.010277,0.010524,0.02769,900.0
2.7579E+03,-0.010361,0.009969,0.02769,900.0
2.7580E+03,-0.011147,0.004726,0.02769,900.0
2.7582E+03,-0.011148,0.004719,0.02769,900.0
2.7583E+03,-0.011042,0.004943,0.02769,900.0
2.7584E+03,-0.010435,0.006074,0.02769,900.0
2.7585E+03,-0.009612,0.007307,0.02769,900.0
2.7586E+03,-0.008608,0.008441,0.02769,900.0
2.7587E+03,-0.007502,0.009444,0.02769,900.0
2.7588E+03,-0.006299,0.010284,0.02769,900.0
2.7589E+03,-0.004932,0.011004,0.02769,900.0
2.7590E+03,-0.003532,0.011530,0.02769,900.0
2.7591E+03,-0.002269,0.011867,0.02769,900.0
2.7592E+03,-0.000765,0.012050,0.02769,900.0
2.7593E+03,0.000753,0.012044,0.02769,900.0
2.7594E+03,0.002266,0.011848,0.02769,900.0
2.7595E+03,0.003740,0.011461,0.02769,900.0
2.7596E+03,0.005170,0.010893,0.02769,900.0
2.7597E+03,0.006469,0.010179,0.02769,900.0
2.7598E+03,0.007679,0.009294,0.02769,900.0
2.7599E+03,0.008789,0.008270,0.02769,900.0
2.7600E+03,0.009746,0.007121,0.02769,900.0
2.7601E+03,0.010567,0.005839,0.02769,900.0
2.7602E+03,0.011213,0.004527,0.02769,900.0
2.7603E+03,0.011693,0.003096,0.02769,900.0
2.7604E+03,0.011994,0.001641,0.02769,900.0
2.7605E+03,0.012112,0.000105,0.02769,900.0
2.7606E+03,0.012022,-0.001359,0.02769,900.0
2.7607E+03,0.011756,-0.002879,0.02769,900.0
2.7608E+03,0.011351,-0.004193,0.02769,900.0
2.7609E+03,0.010746,-0.005566,0.02769,900.0
2.7610E+03,0.009971,-0.006870,0.02769,900.0
2.7611E+03,0.009050,-0.008064,0.02769,900.0
2.7612E+03,0.008026,-0.009082,0.02769,900.0
2.7613E+03,0.006863,-0.010009,0.02769,900.0
2.7614E+03,0.005601,-0.010815,0.02769,900.0
2.7615E+03,0.004160,-0.011410,0.02769,900.0
2.7616E+03,0.002755,-0.011828,0.02769,900.0
2.7617E+03,0.001263,-0.012062,0.02769,900.0
2.7618E+03,-0.000277,-0.012125,0.02769,900.0
2.7619E+03,-0.001774,-0.012001,0.02769,900.0
2.7620E+03,-0.003243,-0.011682,0.02769,900.0
2.7621E+03,-0.004670,-0.011182,0.02769,900.0
2.7622E+03,-0.006015,-0.010525,0.02769,900.0
2.7623E+03,-0.007273,-0.009692,0.02769,900.0
2.7624E+03,-0.008432,-0.008696,0.02769,900.0
2.7625E+03,-0.009360,-0.007708,0.02769,900.0
2.7626E+03,-0.010251,-0.006486,0.02769,0.0
2.7627E+03,-0.010967,-0.005172,0.02769,0.0
2.7628E+03,-0.011523,-0.003761,0.02769,0.0
2.7629E+03,-0.011882,-0.002331,0.02769,0.0
2.7630E+03,-0.012064,-0.000788,0.02769,0.0
2.7631E+03,-0.012074,0.000673,0.02769,0.0
2.7632E+03,-0.011884,0.002167,0.02769,0.0
2.7633E+03,-0.011517,0.003640,0.02769,0.0
2.7634E+03,-0.011225,0.004527,0.02769,0.0
2.7636E+03,-0.011148,0.004719,0.02769,0.0
2.7637E+03,-0.011148,0.004720,0.02769,0.0
2.7638E+03,-0.011148,0.004722,0.02769,0.0
2.7639E+03,-0.011148,0.004723,0.02769,0.0
2.7640E+03,-0.011148,0.004724,0.02769,0.0
2.7641E+03,-0.011148,0.004725,0.02769,0.0
2.7643E+03,-0.011148,0.004727,0.02769,0.0
2.7644E+03,-0.011148,0.004729,0.02769,0.0
2.7645E+03,-0.011148,0.004730,0.02769,0.0
2.7646E+03,-0.011148,0.004731,0.02769,0.0
2.7647E+03,-0.011148,0.004732,0.02769,0.0
2.7648E+03,-0.011148,0.004734,0.02769,0.0
2.7649E+03,-0.011148,0.004735,0.02769,0.0
2.7650E+03,-0.011148,0.004736,0.02769,0.0
2.7651E+03,-0.011148,0.004737,0.02769,0.0
2.7652E+03,-0.011148,0.004739,0.02769,0.0
2.7653E+03,-0.011148,0.004740,0.02769,0.0
2.7654E+03,-0.011148,0.004741,0.02769,0.0
2.7655E+03,-0.011148,0.004742,0.02769,0.0
2.7656E+03,-0.011148,0.004744,0.02769,0.0
2.7657E+03,-0.011148,0.004745,0.02769,0.0
2.7658E+03,-0.011148,0.004746,0.02769,0.0
2.7659E+03,-0.011148,0.004747,0.02769,0.0
2.7660E+03,-0.011148,0.004748,0.02769,0.0
2.7661E+03,-0.011148,0.004750,0.02769,0.0
2.7662E+03,-0.011148,0.004751,0.02769,0.0
2.7663E+03,-0.011148,0.004752,0.02769,0.0
2.7664E+03,-0.011148,0.004754,0.02769,0.0
2.7666E+03,-0.011148,0.004755,0.02769,0.0
2.7667E+03,-0.011148,-0.010838,0.02769,0.0
2.7668E+03,-0.011146,-0.010807,0.02769,0.0
2.7669E+03,-0.011098,-0.009826,0.02769,0.0
2.7670E+03,-0.010997,-0.007783,0.02769,0.0
2.7671E+03,-0.010891,-0.005653,0.02769,0.0
2.7672E+03,-0.010784,-0.003490,0.02769,0.0
2.7673E+03,-0.010675,-0.001285,0.02769,0.0
2.7674E+03,-0.010571,0.000812,0.02769,0.0
2.7675E+03,-0.010463,0.003000,0.02769,0.0
2.7676E+03,-0.010352,0.005236,0.02769,0.0
2.7677E+03,-0.010254,0.007206,0.02769,0.0
2.7678E+03,-0.010150,0.009310,0.02769,0.0
2.7679E+03,-0.010094,0.010442,0.02769,0.0
