2.4850E+03,-0.013005,0.016940,0.02343,0.0
2.4851E+03,-0.013005,0.016938,0.02343,0.0
2.4852E+03,-0.013005,0.016937,0.02343,0.0
2.4853E+03,-0.013005,0.016934,0.02343,0.0
2.4854E+03,-0.013005,0.016933,0.02343,0.0
2.4855E+03,-0.013005,0.016931,0.02343,0.0
2.4856E+03,-0.013005,0.016929,0.02343,0.0
2.4857E+03,-0.013005,0.016927,0.02343,0.0
2.4858E+03,-0.013005,0.016925,0.02343,0.0
2.4859E+03,-0.013005,0.016923,0.02343,0.0
2.4860E+03,-0.013005,0.016921,0.02343,0.0
2.4861E+03,-0.013005,0.016919,0.02343,0.0
2.4862E+03,-0.013005,0.016917,0.02343,0.0
2.4863E+03,-0.013005,0.016915,0.02343,0.0
2.4864E+03,-0.013005,0.016913,0.02343,0.0
2.4865E+03,-0.013005,0.016911,0.02343,0.0
2.4866E+03,-0.013005,0.016909,0.02343,0.0
2.4867E+03,-0.013005,0.016907,0.02343,0.0
2.4868E+03,-0.013005,0.016906,0.02343,0.0
2.4870E+03,-0.013005,0.016905,0.02343,0.0
2.4871E+03,-0.012980,0.016848,0.02343,0.0
2.4872E+03,-0.012795,0.016439,0.02343,0.0
2.4873E+03,-0.012546,0.015888,0.02343,0.0
2.4874E+03,-0.012285,0.015312,0.02343,900.0
2.4875E+03,-0.012023,0.014732,0.02343,900.0
2.4876E+03,-0.011757,0.014144,0.02343,900.0
2.4877E+03,-0.011524,0.013629,0.02343,900.0
2.4878E+03,-0.011269,0.013063,0.02343,900.0
2.4879E+03,-0.011012,0.012495,0.02343,900.0
2.4880E+03,-0.010752,0.011919,0.02343,900.0
2.4881E+03,-0.010533,0.011436,0.02343,900.0
2.4882E+03,-0.010505,0.011373,0.02343,900.0
2.4883E+03,-0.010506,0.011373,0.02343,900.0
2.4884E+03,-0.010567,0.011311,0.02343,900.0
2.4885E+03,-0.011462,0.010406,0.02343,900.0
2.4886E+03,-0.012400,0.009260,0.02343,900.0
2.4887E+03,-0.013207,0.008059,0.02343,900.0
2.4888E+03,-0.013942,0.006700,0.02343,900.0
2.4889E+03,-0.014543,0.005293,0.02343,900.0
2.4890E+03,-0.014989,0.003844,0.02343,900.0
2.4891E+03,-0.015296,0.002387,0.02343,900.0
2.4892E+03,-0.015457,0.000918,0.02343,900.0
2.4893E+03,-0.015476,-0.000613,0.02343,900.0
2.4894E+03,-0.015376,-0.002007,0.02343,900.0
2.4895E+03,-0.015115,-0.003468,0.02343,900.0
2.4896E+03,-0.014741,-0.004851,0.02343,900.0
2.4897E+03,-0.014191,-0.006262,0.02343,900.0
2.4898E+03,-0.013508,-0.007606,0.02343,900.0
2.4899E+03,-0.012700,-0.008907,0.02343,900.0
2.4900E+03,-0.011746,-0.010131,0.02343,900.0
2.4901E+03,-0.010734,-0.011200,0.02343,900.0
2.4902E+03,-0.009635,-0.012157,0.02343,900.0
2.4903E+03,-0.008396,-0.013049,0.02343,900.0
2.4904E+03,-0.007047,-0.013830,0.02343,900.0
2.4905E+03,-0.005664,-0.014449,0.02343,900.0
2.4906E+03,-0.004227,-0.014940,0.02343,900.0
2.4907E+03,-0.002803,-0.015282,0.02343,900.0
2.4908E+03,-0.001373,-0.015487,0.02343,900.0
2.4909E+03,0.000184,-0.015536,0.02343,900.0
2.4910E+03,0.001733,-0.015428,0.02343,900.0
2.4911E+03,0.003092,-0.015213,0.02343,900.0
2.4912E+03,0.004552,-0.014840,0.02343,900.0
2.4913E+03,0.005954,-0.014331,0.02343,900.0
2.4914E+03,0.007277,-0.013708,0.02343,900.0
2.4915E+03,0.008528,-0.012962,0.02343,900.0
2.4916E+03,0.009639,-0.012163,0.02343,900.0
2.4917E+03,0.010518,-0.011412,0.02343,900.0
2.4918E+03,0.011504,-0.010417,0.02343,900.0
2.4919E+03,0.012445,-0.009285,0.02343,900.0
2.4920E+03,0.013302,-0.007993,0.02343,900.0
2.4921E+03,0.014013,-0.006660,0.02343,900.0
2.4922E+03,0.014563,-0.005329,0.02343,900.0
2.4923E+03,0.015010,-0.003839,0.02343,900.0
2.4924E+03,0.015311,-0.002337,0.02343,900.0
2.4925E+03,0.015464,-0.000873,0.02343,900.0
2.4926E+03,0.015474,0.000611,0.02343,900.0
2.4927E+03,0.015325,0.002150,0.02343,900.0
2.4928E+03,0.015082,0.003512,0.02343,900.0
2.4929E+03,0.014691,0.004924,0.02343,900.0
2.4930E+03,0.014155,0.006388,0.02343,900.0
2.4931E+03,0.013450,0.007681,0.02343,900.0
2.4932E+03,0.012601,0.008988,0.02343,900.0
2.4933E+03,0.011660,0.010170,0.02343,900.0
2.4934E+03,0.010689,0.011176,0.02343,900.0
2.4935E+03,0.009864,0.011914,0.02343,900.0
2.4936E+03,0.008793,0.012706,0.02343,900.0
2.4937E+03,0.007536,0.013493,0.02343,900.0
2.4938E+03,0.006184,0.014161,0.02343,900.0
2.4939E+03,0.004745,0.014703,0.02343,900.0
2.4940E+03,0.003325,0.015101,0.02343,900.0
2.4941E+03,0.001849,0.015348,0.02343,900.0
2.4942E+03,0.000334,0.015463,0.02343,900.0
2.4943E+03,-0.001172,0.015423,0.02343,0.0
2.4944E+03,-0.002632,0.015237,0.02343,0.0
2.4945E+03,-0.003972,0.014937,0.02343,0.0
2.4946E+03,-0.005431,0.014466,0.02343,0.0
2.4947E+03,-0.006798,0.013876,0.02343,0.0
2.4948E+03,-0.008093,0.013169,0.02343,900.0
2.4949E+03,-0.009336,0.012324,0.02343,900.0
2.4950E+03,-0.010204,0.011639,0.02343,900.0
2.4951E+03,-0.010505,0.011373,0.02343,900.0
2.4952E+03,-0.010532,0.011036,0.02343,900.0
2.4953E+03,-0.010714,0.008727,0.02343,900.0
2.4954E+03,-0.011254,0.001871,0.02343,900.0
2.4955E+03,-0.011310,0.001166,0.02343,900.0
2.4956E+03,-0.011312,0.001137,0.02343,900.0
2.4957E+03,-0.011276,0.001380,0.02343,900.0
2.4958E+03,-0.011051,0.002520,0.02343,900.0
2.4959E+03,-0.010613,0.003951,0.02343,900.0
2.4960E+03,-0.009977,0.005346,0.02343,900.0
2.4961E+03,-0.009166,0.006638,0.02343,900.0
2.4962E+03,-0.008197,0.007790,0.02343,900.0
2.4963E+03,-0.007229,0.008706,0.02343,900.0
2.4964E+03,-0.006067,0.009560,0.02343,900.0
2.4965E+03,-0.004705,0.010300,0.02343,900.0
2.4966E+03,-0.003250,0.010853,0.02343,900.0
2.4967E+03,-0.001797,0.011170,0.02343,900.0
2.4968E+03,-0.000277,0.011308,0.02343,900.0
2.4969E+03,0.001221,0.011241,0.02343,900.0
2.4970E+03,0.002659,0.010988,0.02343,900.0
2.4971E+03,0.004106,0.010529,0.02343,900.0
2.4972E+03,0.005450,0.009908,0.02343,900.0
2.4973E+03,0.006711,0.009092,0.02343,900.0
2.4974E+03,0.007898,0.008098,0.02343,900.0
2.4975E+03,0.008892,0.007000,0.02343,900.0
2.4976E+03,0.009739,0.005792,0.02343,900.0
2.4977E+03,0.010441,0.004442,0.02343,900.0
2.4978E+03,0.010945,0.003006,0.02343,900.0
2.4979E+03,0.011249,0.001521,0.02343,900.0
2.4980E+03,0.011346,0.000217,0.02343,900.0
2.4981E+03,0.011268,-0.001289,0.02343,900.0
2.4982E+03,0.011008,-0.002755,0.02343,900.0
2.4983E+03,0.010545,-0.004191,0.02343,900.0
2.4984E+03,0.009894,-0.005565,0.02343,900.0
2.4985E+03,0.009071,-0.006835,0.02343,900.0
2.4986E+03,0.008084,-0.007986,0.02343,900.0
2.4987E+03,0.006974,-0.008994,0.02343,900.0
2.4988E+03,0.005748,-0.009823,0.02343,900.0
2.4989E+03,0.004344,-0.010531,0.02343,900.0
2.4990E+03,0.002990,-0.010999,0.02343,900.0
2.4991E+03,0.001490,-0.011293,0.02343,900.0
2.4992E+03,0.000008,-0.011377,0.02343,900.0
2.4993E+03,-0.001517,-0.011270,0.02343,900.0
2.4994E+03,-0.002999,-0.010973,0.02343,900.0
2.4995E+03,-0.004419,-0.010476,0.02343,900.0
2.4996E+03,-0.005747,-0.009805,0.02343,900.0
2.4997E+03,-0.006862,-0.009066,0.02343,900.0
2.4998E+03,-0.008007,-0.008067,0.02343,0.0
2.4999E+03,-0.009010,-0.006945,0.02343,0.0
2.5000E+03,-0.009854,-0.005690,0.02343,0.0
2.5001E+03,-0.010500,-0.004363,0.02343,0.0
2.5002E+03,-0.010976,-0.002933,0.02343,0.0
2.5003E+03,-0.011267,-0.001460,0.02343,0.0
2.5004E+03,-0.011335,0.000107,0.02343,900.0
2.5005E+03,-0.011323,0.000942,0.02343,900.0
2.5006E+03,-0.011312,0.001137,0.02343,900.0
2.5007E+03,-0.010812,0.000971,0.02343,900.0
2.5008E+03,-0.007084,-0.000269,0.02343,900.0
2.5009E+03,0.000089,-0.002653,0.02343,900.0
2.5010E+03,0.006933,-0.004929,0.02343,900.0
2.5011E+03,0.012014,-0.006618,0.02343,900.0
2.5012E+03,0.012122,-0.006654,0.02343,900.0
2.5013E+03,0.012123,-0.006652,0.02343,900.0
2.5014E+03,0.012176,-0.006551,0.02343,900.0
2.5015E+03,0.012665,-0.005498,0.02343,900.0
2.5016E+03,0.013172,-0.004096,0.02343,900.0
2.5017E+03,0.013533,-0.002663,0.02343,900.0
2.5018E+03,0.013722,-0.001454,0.02343,900.0
2.5019E+03,0.013778,-0.000179,0.02343,900.0
2.5020E+03,0.013715,0.001305,0.02343,900.0
2.5021E+03,0.013500,0.002771,0.02343,900.0
2.5022E+03,0.013115,0.004224,0.02343,900.0
2.5023E+03,0.012562,0.005672,0.02343,900.0
2.5024E+03,0.011855,0.007037,0.02343,900.0
2.5025E+03,0.011039,0.008255,0.02343,900.0
2.5026E+03,0.010035,0.009428,0.02343,900.0
2.5027E+03,0.008992,0.010416,0.02343,900.0
2.5028E+03,0.007776,0.011348,0.02343,900.0
2.5029E+03,0.006459,0.012140,0.02343,900.0
2.5030E+03,0.005142,0.012754,0.02343,900.0
2.5031E+03,0.003716,0.013231,0.02343,900.0
2.5032E+03,0.002369,0.013551,0.02343,900.0
2.5033E+03,0.000921,0.013721,0.02343,900.0
2.5034E+03,-0.000531,0.013752,0.02343,900.0
2.5035E+03,-0.001603,0.013668,0.02343,900.0
2.5036E+03,-0.003059,0.013423,0.02343,900.0
2.5037E+03,-0.004427,0.013031,0.02343,900.0
2.5038E+03,-0.005825,0.012464,0.02343,900.0
2.5039E+03,-0.007155,0.011748,0.02343,900.0
2.5040E+03,-0.008416,0.010886,0.02343,900.0
2.5041E+03,-0.009538,0.009913,0.02343,900.0
2.5042E+03,-0.010559,0.008822,0.02343,900.0
2.5043E+03,-0.011467,0.007616,0.02343,900.0
2.5044E+03,-0.012230,0.006315,0.02343,900.0
2.5045E+03,-0.012862,0.004930,0.02343,900.0
2.5046E+03,-0.013329,0.003510,0.02343,900.0
2.5047E+03,-0.013651,0.001990,0.02343,900.0
2.5048E+03,-0.013795,0.000461,0.02343,900.0
2.5049E+03,-0.013771,-0.000856,0.02343,900.0
2.5050E+03,-0.013592,-0.002344,0.02343,900.0
2.5051E+03,-0.013246,-0.003853,0.02343,900.0
2.5052E+03,-0.012742,-0.005292,0.02343,900.0
2.5053E+03,-0.012117,-0.006603,0.02343,900.0
2.5054E+03,-0.011339,-0.007868,0.02343,900.0
2.5055E+03,-0.010404,-0.009077,0.02343,900.0
2.5056E+03,-0.009383,-0.010145,0.02343,900.0
2.5057E+03,-0.008258,-0.011083,0.02343,900.0
2.5058E+03,-0.006944,-0.011961,0.02343,900.0
2.5059E+03,-0.005618,-0.012644,0.02343,900.0
2.5060E+03,-0.004235,-0.013172,0.02343,900.0
2.5061E+03,-0.002702,-0.013559,0.02343,900.0
2.5062E+03,-0.001533,-0.013743,0.02343,900.0
2.5063E+03,-0.000273,-0.013825,0.02343,900.0
2.5064E+03,0.001188,-0.013767,0.02343,900.0
2.5065E+03,0.002628,-0.013572,0.02343,900.0
2.5066E+03,0.003915,-0.013250,0.02343,0.0
2.5067E+03,0.005359,-0.012734,0.02343,0.0
2.5068E+03,0.006738,-0.012062,0.02343,0.0
2.5069E+03,0.008031,-0.011252,0.02343,0.0
2.5070E+03,0.009147,-0.010360,0.02343,0.0
2.5071E+03,0.010267,-0.009264,0.02343,0.0
2.5072E+03,0.011201,-0.008094,0.02343,900.0
2.5073E+03,0.011949,-0.006935,0.02343,900.0
2.5074E+03,0.012110,-0.006675,0.02343,900.0
2.5075E+03,0.012122,-0.006654,0.02343,900.0
2.5076E+03,0.009550,-0.005838,0.02343,900.0
2.5077E+03,0.003863,-0.004032,0.02343,900.0
2.5078E+03,-0.003419,-0.001723,0.02343,900.0
2.5079E+03,-0.009899,0.000327,0.02343,900.0
2.5081E+03,-0.013005,0.001311,0.02343,900.0
2.5082E+03,-0.012987,0.001425,0.02343,900.0
2.5083E+03,-0.012860,0.002251,0.02343,900.0
2.5084E+03,-0.012507,0.003705,0.02343,900.0
2.5085E+03,-0.012010,0.005067,0.02343,900.0
2.5086E+03,-0.011331,0.006420,0.02343,900.0
2.5087E+03,-0.010515,0.007690,0.02343,900.0
2.5088E+03,-0.009535,0.008862,0.02343,900.0
2.5089E+03,-0.008461,0.009882,0.02343,900.0
2.5090E+03,-0.007292,0.010773,0.02343,900.0
2.5091E+03,-0.005955,0.011572,0.02343,900.0
2.5092E+03,-0.004580,0.012182,0.02343,900.0
2.5093E+03,-0.003214,0.012614,0.02343,900.0
2.5094E+03,-0.001726,0.012906,0.02343,900.0
2.5095E+03,-0.000176,0.013030,0.02343,900.0
2.5096E+03,0.001373,0.012950,0.02343,900.0
2.5097E+03,0.002798,0.012712,0.02343,900.0
2.5098E+03,0.004250,0.012298,0.02343,900.0
2.5099E+03,0.005642,0.011721,0.02343,900.0
2.5100E+03,0.006797,0.011092,0.02343,900.0
2.5101E+03,0.008038,0.010225,0.02343,900.0
2.5102E+03,0.009212,0.009190,0.02343,900.0
2.5103E+03,0.010201,0.008100,0.02343,900.0
2.5104E+03,0.011078,0.006877,0.02343,900.0
2.5105E+03,0.011810,0.005544,0.02343,900.0
2.5106E+03,0.012371,0.004161,0.02343,900.0
2.5107E+03,0.012773,0.002672,0.02343,900.0
2.5108E+03,0.012988,0.001233,0.02343,900.0
2.5109E+03,0.013038,-0.000276,0.02343,900.0
2.5110E+03,0.012929,-0.001740,0.02343,900.0
2.5111E+03,0.012640,-0.003240,0.02343,900.0
2.5112E+03,0.012171,-0.004713,0.02343,900.0
2.5113E+03,0.011560,-0.006069,0.02343,900.0
2.5114E+03,0.010813,-0.007340,0.02343,900.0
2.5115E+03,0.009873,-0.008567,0.02343,900.0
2.5116E+03,0.008800,-0.009670,0.02343,900.0
2.5117E+03,0.007690,-0.010579,0.02343,900.0
2.5118E+03,0.006507,-0.011352,0.02343,900.0
2.5119E+03,0.005151,-0.012030,0.02343,900.0
2.5120E+03,0.003775,-0.012529,0.02343,900.0
2.5121E+03,0.002293,-0.012874,0.02343,900.0
2.5122E+03,0.000769,-0.013054,0.02343,900.0
2.5123E+03,-0.000695,-0.013065,0.02343,900.0
2.5124E+03,-0.002159,-0.012897,0.02343,900.0
2.5125E+03,-0.003632,-0.012560,0.02343,900.0
2.5126E+03,-0.005040,-0.012069,0.02343,900.0
2.5127E+03,-0.006407,-0.011405,0.02343,900.0
2.5128E+03,-0.007744,-0.010543,0.02343,900.0
2.5129E+03,-0.008851,-0.009635,0.02343,900.0
2.5130E+03,-0.009902,-0.008549,0.02343,0.0
2.5131E+03,-0.010821,-0.007350,0.02343,0.0
2.5132E+03,-0.011593,-0.006027,0.02343,0.0
2.5133E+03,-0.012190,-0.004685,0.02343,0.0
2.5134E+03,-0.012643,-0.003221,0.02343,0.0
2.5135E+03,-0.012912,-0.001878,0.02343,0.0
2.5136E+03,-0.013032,-0.000374,0.02343,0.0
2.5137E+03,-0.013031,0.000846,0.02343,0.0
2.5139E+03,-0.013005,0.001311,0.02343,0.0
2.5140E+03,-0.013005,0.001312,0.02343,0.0
2.5141E+03,-0.013005,0.001314,0.02343,0.0
2.5142E+03,-0.013005,0.001315,0.02343,0.0
2.5143E+03,-0.013005,0.001316,0.02343,0.0
2.5144E+03,-0.013005,0.001317,0.02343,0.0
2.5145E+03,-0.013005,0.001318,0.02343,0.0
2.5146E+03,-0.013005,0.001319,0.02343,0.0
2.5147E+03,-0.013005,0.001321,0.02343,0.0
2.5148E+03,-0.013005,0.001322,0.02343,0.0
2.5149E+03,-0.013005,0.001323,0.02343,0.0
2.5150E+03,-0.013005,0.001324,0.02343,0.0
2.5151E+03,-0.013005,0.001326,0.02343,0.0
2.5152E+03,-0.013005,0.001327,0.02343,0.0
2.5153E+03,-0.013005,0.001328,0.02343,0.0
2.5154E+03,-0.013005,0.001329,0.02343,0.0
2.5155E+03,-0.013005,0.001331,0.02343,0.0
2.5156E+03,-0.013005,0.001332,0.02343,0.0
2.5157E+03,-0.013005,0.001333,0.02343,0.0
2.5158E+03,-0.013005,0.001334,0.02343,0.0
2.5159E+03,-0.013005,0.001336,0.02343,0.0
2.5160E+03,-0.013005,0.001337,0.02343,0.0
2.5161E+03,-0.013005,0.001338,0.02343,0.0
2.5162E+03,-0.013005,0.001339,0.02343,0.0
2.5163E+03,-0.013005,0.001341,0.02343,0.0
2.5164E+03,-0.013005,0.001342,0.02343,0.0
2.5165E+03,-0.013005,0.001343,0.02343,0.0
2.5166E+03,-0.013005,0.001345,0.02343,0.0
2.5167E+03,-0.013005,0.001346,0.02343,0.0
2.5169E+03,-0.013005,0.001347,0.02343,0.0
2.5170E+03,-0.013005,-0.014246,0.02343,0.0
2.5171E+03,-0.012779,-0.014192,0.02343,0.0
2.5172E+03,-0.011530,-0.013892,0.02343,0.0
2.5173E+03,-0.008891,-0.013258,0.02343,0.0
2.5174E+03,-0.006300,-0.012635,0.02343,0.0
2.5175E+03,-0.003720,-0.012015,0.02343,0.0
2.5176E+03,-0.001108,-0.011387,0.02343,0.0
2.5177E+03,0.001404,-0.010783,0.02343,0.0
2.5178E+03,0.003972,-0.010166,0.02343,0.0
2.5179E+03,0.006627,-0.009527,0.02343,0.0
2.5180E+03,0.009265,-0.008893,0.02343,0.0
2.5181E+03,0.011792,-0.008286,0.02343,0.0
2.5182E+03,0.013058,-0.007982,0.02343,0.0
