2.9788E+03,-0.008618,0.024210,0.03266,0.0
2.9789E+03,-0.008618,0.024208,0.03266,0.0
2.9790E+03,-0.008618,0.024207,0.03266,0.0
2.9791E+03,-0.008618,0.024205,0.03266,0.0
2.9792E+03,-0.008618,0.024203,0.03266,0.0
2.9793E+03,-0.008618,0.024201,0.03266,0.0
2.9794E+03,-0.008618,0.024199,0.03266,0.0
2.9795E+03,-0.008618,0.024197,0.03266,0.0
2.9796E+03,-0.008618,0.024195,0.03266,0.0
2.9797E+03,-0.008618,0.024194,0.03266,0.0
2.9798E+03,-0.008618,0.024192,0.03266,0.0
2.9799E+03,-0.008618,0.024190,0.03266,0.0
2.9800E+03,-0.008618,0.024189,0.03266,0.0
2.9801E+03,-0.008618,0.024187,0.03266,0.0
2.9802E+03,-0.008618,0.024185,0.03266,0.0
2.9803E+03,-0.008618,0.024183,0.03266,0.0
2.9804E+03,-0.008618,0.024181,0.03266,0.0
2.9805E+03,-0.008618,0.024179,0.03266,0.0
2.9806E+03,-0.008618,0.024177,0.03266,0.0
2.9808E+03,-0.008618,0.024176,0.03266,0.0
2.9809E+03,-0.008619,0.024171,0.03266,0.0
2.9810E+03,-0.008638,0.024090,0.03266,0.0
2.9811E+03,-0.008963,0.022673,0.03266,0.0
2.9812E+03,-0.009335,0.021051,0.03266,0.0
2.9813E+03,-0.009725,0.019355,0.03266,0.0
2.9814E+03,-0.010064,0.017879,0.03266,900.0
2.9815E+03,-0.010438,0.016247,0.03266,900.0
2.9816E+03,-0.010821,0.014581,0.03266,900.0
2.9817E+03,-0.011197,0.012940,0.03266,900.0
2.9818E+03,-0.011564,0.011342,0.03266,900.0
2.9819E+03,-0.011945,0.009686,0.03266,900.0
2.9820E+03,-0.012288,0.008190,0.03266,900.0
2.9823E+03,-0.012348,0.007928,0.03266,900.0
2.9824E+03,-0.012862,0.007053,0.03266,900.0
2.9825E+03,-0.013464,0.005800,0.03266,900.0
2.9826E+03,-0.013987,0.004377,0.03266,900.0
2.9827E+03,-0.014364,0.002934,0.03266,900.0
2.9828E+03,-0.014594,0.001466,0.03266,900.0
2.9829E+03,-0.014665,-0.000052,0.03266,900.0
2.9830E+03,-0.014603,-0.001556,0.03266,900.0
2.9831E+03,-0.014406,-0.002851,0.03266,900.0
2.9832E+03,-0.014042,-0.004326,0.03266,900.0
2.9833E+03,-0.013522,-0.005789,0.03266,900.0
2.9834E+03,-0.012876,-0.007090,0.03266,900.0
2.9835E+03,-0.012043,-0.008420,0.03266,900.0
2.9836E+03,-0.011150,-0.009578,0.03266,900.0
2.9837E+03,-0.010129,-0.010648,0.03266,900.0
2.9838E+03,-0.008967,-0.011644,0.03266,900.0
2.9839E+03,-0.007740,-0.012495,0.03266,900.0
2.9840E+03,-0.006443,-0.013211,0.03266,900.0
2.9841E+03,-0.005053,-0.013813,0.03266,900.0
2.9842E+03,-0.003604,-0.014261,0.03266,900.0
2.9843E+03,-0.002066,-0.014563,0.03266,900.0
2.9844E+03,-0.000608,-0.014713,0.03266,900.0
2.9845E+03,0.000930,-0.014693,0.03266,900.0
2.9846E+03,0.002441,-0.014512,0.03266,900.0
2.9847E+03,0.003925,-0.014187,0.03266,900.0
2.9848E+03,0.005198,-0.013753,0.03266,900.0
2.9849E+03,0.006531,-0.013171,0.03266,900.0
2.9850E+03,0.007844,-0.012423,0.03266,900.0
2.9851E+03,0.008963,-0.011662,0.03266,900.0
2.9852E+03,0.009785,-0.010946,0.03266,900.0
2.9853E+03,0.010715,-0.009993,0.03266,900.0
2.9854E+03,0.011725,-0.008856,0.03266,900.0
2.9855E+03,0.012604,-0.007573,0.03266,900.0
2.9856E+03,0.013316,-0.006223,0.03266,900.0
2.9857E+03,0.013872,-0.004867,0.03266,900.0
2.9858E+03,0.014280,-0.003418,0.03266,900.0
2.9859E+03,0.014498,-0.002332,0.03266,900.0
2.9860E+03,0.014626,-0.001345,0.03266,900.0
2.9861E+03,0.014667,-0.000022,0.03266,900.0
2.9862E+03,0.014635,0.001101,0.03266,900.0
2.9863E+03,0.014530,0.002049,0.03266,900.0
2.9864E+03,0.014294,0.003252,0.03266,900.0
2.9865E+03,0.013941,0.004532,0.03266,900.0
2.9866E+03,0.013396,0.005985,0.03266,900.0
2.9867E+03,0.012726,0.007293,0.03266,900.0
2.9868E+03,0.011915,0.008556,0.03266,900.0
2.9869E+03,0.010910,0.009781,0.03266,900.0
2.9870E+03,0.009897,0.010797,0.03266,900.0
2.9871E+03,0.009106,0.011477,0.03266,900.0
2.9872E+03,0.008009,0.012252,0.03266,900.0
2.9873E+03,0.006714,0.013010,0.03266,900.0
2.9874E+03,0.005351,0.013619,0.03266,900.0
2.9875E+03,0.003910,0.014102,0.03266,900.0
2.9876E+03,0.002426,0.014438,0.03266,900.0
2.9877E+03,0.000962,0.014605,0.03266,900.0
2.9878E+03,-0.000514,0.014627,0.03266,900.0
2.9879E+03,-0.002074,0.014503,0.03266,900.0
2.9880E+03,-0.003539,0.014214,0.03266,0.0
2.9881E+03,-0.004916,0.013803,0.03266,0.0
2.9882E+03,-0.006191,0.013268,0.03266,0.0
2.9883E+03,-0.007531,0.012551,0.03266,0.0
2.9884E+03,-0.008758,0.011737,0.03266,900.0
2.9885E+03,-0.009917,0.010772,0.03266,900.0
2.9886E+03,-0.011003,0.009660,0.03266,900.0
2.9887E+03,-0.011872,0.008597,0.03266,900.0
2.9889E+03,-0.012348,0.007928,0.03266,900.0
2.9890E+03,-0.012021,0.007985,0.03266,900.0
2.9891E+03,-0.008630,0.008580,0.03266,900.0
2.9892E+03,-0.008619,0.008582,0.03266,900.0
2.9893E+03,-0.008618,0.008582,0.03266,900.0
2.9894E+03,-0.008151,0.009006,0.03266,900.0
2.9895E+03,-0.007150,0.009802,0.03266,900.0
2.9896E+03,-0.005897,0.010589,0.03266,900.0
2.9897E+03,-0.004525,0.011239,0.03266,900.0
2.9898E+03,-0.003083,0.011723,0.03266,900.0
2.9899E+03,-0.001747,0.011993,0.03266,900.0
2.9900E+03,-0.000250,0.012118,0.03266,900.0
2.9901E+03,0.001215,0.012077,0.03266,900.0
2.9902E+03,0.002732,0.011824,0.03266,900.0
2.9903E+03,0.004232,0.011375,0.03266,900.0
2.9904E+03,0.005538,0.010801,0.03266,900.0
2.9905E+03,0.006873,0.009992,0.03266,900.0
2.9906E+03,0.008015,0.009102,0.03266,900.0
2.9907E+03,0.009076,0.008059,0.03266,900.0
2.9908E+03,0.009999,0.006870,0.03266,900.0
2.9909E+03,0.010772,0.005582,0.03266,900.0
2.9910E+03,0.011392,0.004211,0.03266,900.0
2.9911E+03,0.011825,0.002767,0.03266,900.0
2.9912E+03,0.012084,0.001274,0.03266,900.0
2.9913E+03,0.012166,-0.000231,0.03266,900.0
2.9914E+03,0.012045,-0.001762,0.03266,900.0
2.9915E+03,0.011744,-0.003234,0.03266,900.0
2.9916E+03,0.011317,-0.004506,0.03266,900.0
2.9917E+03,0.010651,-0.005893,0.03266,900.0
2.9918E+03,0.009847,-0.007158,0.03266,900.0
2.9919E+03,0.008915,-0.008291,0.03266,900.0
2.9920E+03,0.007833,-0.009325,0.03266,900.0
2.9921E+03,0.006594,-0.010241,0.03266,900.0
2.9922E+03,0.005270,-0.010993,0.03266,900.0
2.9923E+03,0.003884,-0.011552,0.03266,900.0
2.9924E+03,0.002441,-0.011949,0.03266,900.0
2.9925E+03,0.000934,-0.012173,0.03266,900.0
2.9926E+03,-0.000492,-0.012193,0.03266,900.0
2.9927E+03,-0.002104,-0.012030,0.03266,900.0
2.9928E+03,-0.003535,-0.011676,0.03266,900.0
2.9929E+03,-0.004911,-0.011159,0.03266,900.0
2.9930E+03,-0.006243,-0.010467,0.03266,900.0
2.9931E+03,-0.007507,-0.009591,0.03266,900.0
2.9932E+03,-0.008645,-0.008569,0.03266,900.0
2.9933E+03,-0.009534,-0.007579,0.03266,900.0
2.9934E+03,-0.010370,-0.006392,0.03266,900.0
2.9935E+03,-0.011074,-0.005045,0.03266,900.0
2.9936E+03,-0.011643,-0.003580,0.03266,900.0
2.9937E+03,-0.011987,-0.002181,0.03266,0.0
2.9938E+03,-0.012156,-0.000631,0.03266,0.0
2.9939E+03,-0.012141,0.000848,0.03266,0.0
2.9940E+03,-0.011944,0.002390,0.03266,0.0
2.9941E+03,-0.011534,0.003821,0.03266,0.0
2.9942E+03,-0.010982,0.005185,0.03266,0.0
2.9943E+03,-0.010238,0.006509,0.03266,0.0
2.9944E+03,-0.009340,0.007731,0.03266,0.0
2.9945E+03,-0.008728,0.008461,0.03266,0.0
2.9947E+03,-0.008618,0.008582,0.03266,0.0
2.9948E+03,-0.008618,0.008605,0.03266,0.0
2.9949E+03,-0.008618,0.008691,0.03266,0.0
2.9950E+03,-0.008618,0.008587,0.03266,0.0
2.9951E+03,-0.008618,0.008586,0.03266,0.0
2.9952E+03,-0.008618,0.008588,0.03266,0.0
2.9953E+03,-0.008618,0.008589,0.03266,0.0
2.9954E+03,-0.008618,0.008590,0.03266,0.0
2.9955E+03,-0.008618,0.008591,0.03266,0.0
2.9956E+03,-0.008618,0.008593,0.03266,0.0
2.9957E+03,-0.008618,0.008594,0.03266,0.0
2.9958E+03,-0.008618,0.008595,0.03266,0.0
2.9959E+03,-0.008618,0.008596,0.03266,0.0
2.9960E+03,-0.008618,0.008597,0.03266,0.0
2.9961E+03,-0.008618,0.008599,0.03266,0.0
2.9962E+03,-0.008618,0.008600,0.03266,0.0
2.9963E+03,-0.008618,0.008601,0.03266,0.0
2.9964E+03,-0.008618,0.008602,0.03266,0.0
2.9965E+03,-0.008618,0.008603,0.03266,0.0
2.9966E+03,-0.008618,0.008677,0.03266,0.0
2.9967E+03,-0.008618,0.008671,0.03266,0.0
2.9968E+03,-0.008618,0.008607,0.03266,0.0
2.9969E+03,-0.008618,0.008608,0.03266,0.0
2.9970E+03,-0.008618,0.008609,0.03266,0.0
2.9971E+03,-0.008618,0.008610,0.03266,0.0
2.9972E+03,-0.008618,0.008612,0.03266,0.0
2.9973E+03,-0.008618,0.008613,0.03266,0.0
2.9974E+03,-0.008618,0.008614,0.03266,0.0
2.9975E+03,-0.008618,0.008616,0.03266,0.0
2.9977E+03,-0.008618,0.008617,0.03266,0.0
2.9979E+03,-0.008618,-0.006975,0.03266,0.0
2.9980E+03,-0.008316,-0.007089,0.03266,0.0
2.9981E+03,-0.007308,-0.007467,0.03266,0.0
2.9982E+03,-0.005682,-0.008077,0.03266,0.0
2.9983E+03,-0.004031,-0.008696,0.03266,0.0
2.9984E+03,-0.002568,-0.009245,0.03266,0.0
2.9985E+03,-0.000926,-0.009861,0.03266,0.0
2.9986E+03,0.000712,-0.010475,0.03266,0.0
2.9987E+03,0.002348,-0.011089,0.03266,0.0
2.9988E+03,0.003935,-0.011684,0.03266,0.0
2.9989E+03,0.005559,-0.012293,0.03266,0.0
2.9990E+03,0.006729,-0.012733,0.03266,0.0
