2.1894E+03,-0.012304,0.013774,0.01988,0.0
2.1895E+03,-0.012304,0.013772,0.01988,0.0
2.1896E+03,-0.012304,0.013770,0.01988,0.0
2.1897E+03,-0.012304,0.013768,0.01988,0.0
2.1898E+03,-0.012304,0.013766,0.01988,0.0
2.1899E+03,-0.012304,0.013764,0.01988,0.0
2.1900E+03,-0.012304,0.013762,0.01988,0.0
2.1901E+03,-0.012304,0.013760,0.01988,0.0
2.1902E+03,-0.012304,0.013759,0.01988,0.0
2.1903E+03,-0.012304,0.013757,0.01988,0.0
2.1904E+03,-0.012304,0.013754,0.01988,0.0
2.1905E+03,-0.012304,0.013752,0.01988,0.0
2.1906E+03,-0.012304,0.013750,0.01988,0.0
2.1907E+03,-0.012304,0.013748,0.01988,0.0
2.1908E+03,-0.012304,0.013746,0.01988,0.0
2.1909E+03,-0.012304,0.013745,0.01988,0.0
2.1910E+03,-0.012304,0.013743,0.01988,0.0
2.1911E+03,-0.012304,0.013741,0.01988,0.0
2.1913E+03,-0.012304,0.013739,0.01988,0.0
2.1914E+03,-0.012283,0.013743,0.01988,0.0
2.1915E+03,-0.011990,0.013804,0.01988,0.0
2.1916E+03,-0.011291,0.013950,0.01988,0.0
2.1917E+03,-0.010576,0.014100,0.01988,900.0
2.1918E+03,-0.009836,0.014254,0.01988,900.0
2.1919E+03,-0.009116,0.014405,0.01988,900.0
2.1920E+03,-0.008372,0.014560,0.01988,900.0
2.1921E+03,-0.007647,0.014712,0.01988,900.0
2.1922E+03,-0.006924,0.014863,0.01988,900.0
2.1923E+03,-0.006199,0.015015,0.01988,900.0
2.1924E+03,-0.005538,0.015153,0.01988,900.0
2.1925E+03,-0.005289,0.015205,0.01988,900.0
2.1926E+03,-0.005282,0.015206,0.01988,900.0
2.1927E+03,-0.005333,0.015189,0.01988,900.0
2.1928E+03,-0.005884,0.014968,0.01988,900.0
2.1929E+03,-0.007230,0.014369,0.01988,900.0
2.1930E+03,-0.008528,0.013649,0.01988,900.0
2.1931E+03,-0.009608,0.012924,0.01988,900.0
2.1932E+03,-0.010821,0.011916,0.01988,900.0
2.1933E+03,-0.011854,0.010888,0.01988,900.0
2.1934E+03,-0.012810,0.009755,0.01988,900.0
2.1935E+03,-0.013667,0.008498,0.01988,900.0
2.1936E+03,-0.014422,0.007140,0.01988,900.0
2.1937E+03,-0.015033,0.005755,0.01988,900.0
2.1938E+03,-0.015505,0.004341,0.01988,900.0
2.1939E+03,-0.015845,0.002906,0.01988,900.0
2.1940E+03,-0.016042,0.001438,0.01988,900.0
2.1941E+03,-0.016121,-0.000149,0.01988,900.0
2.1942E+03,-0.016043,-0.001661,0.01988,900.0
2.1943E+03,-0.015840,-0.003073,0.01988,900.0
2.1944E+03,-0.015476,-0.004561,0.01988,900.0
2.1945E+03,-0.014980,-0.006000,0.01988,900.0
2.1946E+03,-0.014359,-0.007359,0.01988,900.0
2.1947E+03,-0.013599,-0.008670,0.01988,900.0
2.1948E+03,-0.012845,-0.009770,0.01988,900.0
2.1949E+03,-0.011897,-0.010903,0.01988,900.0
2.1950E+03,-0.010814,-0.011980,0.01988,900.0
2.1951E+03,-0.009614,-0.012969,0.01988,900.0
2.1952E+03,-0.008351,-0.013826,0.01988,900.0
2.1953E+03,-0.007066,-0.014525,0.01988,900.0
2.1954E+03,-0.005713,-0.015114,0.01988,900.0
2.1955E+03,-0.004267,-0.015594,0.01988,900.0
2.1956E+03,-0.002791,-0.015912,0.01988,900.0
2.1957E+03,-0.001422,-0.016094,0.01988,900.0
2.1958E+03,-0.000235,-0.016157,0.01988,900.0
2.1959E+03,0.001111,-0.016115,0.01988,900.0
2.1960E+03,0.002616,-0.015934,0.01988,900.0
2.1961E+03,0.004135,-0.015608,0.01988,900.0
2.1962E+03,0.005549,-0.015166,0.01988,900.0
2.1963E+03,0.006883,-0.014605,0.01988,900.0
2.1964E+03,0.008218,-0.013897,0.01988,900.0
2.1965E+03,0.009364,-0.013168,0.01988,900.0
2.1966E+03,0.010586,-0.012199,0.01988,900.0
2.1967E+03,0.011662,-0.011171,0.01988,900.0
2.1968E+03,0.012665,-0.010008,0.01988,900.0
2.1969E+03,0.013552,-0.008753,0.01988,900.0
2.1970E+03,0.014299,-0.007472,0.01988,900.0
2.1971E+03,0.014899,-0.006111,0.01988,900.0
2.1972E+03,0.015411,-0.004665,0.01988,900.0
2.1973E+03,0.015797,-0.003220,0.01988,900.0
2.1974E+03,0.016020,-0.001783,0.01988,900.0
2.1975E+03,0.016107,-0.000256,0.01988,900.0
2.1976E+03,0.016067,0.001293,0.01988,900.0
2.1977E+03,0.015890,0.002712,0.01988,900.0
2.1978E+03,0.015551,0.004239,0.01988,900.0
2.1979E+03,0.015071,0.005699,0.01988,900.0
2.1980E+03,0.014467,0.007090,0.01988,900.0
2.1981E+03,0.013747,0.008377,0.01988,900.0
2.1982E+03,0.012929,0.009589,0.01988,900.0
2.1983E+03,0.012069,0.010635,0.01988,900.0
2.1984E+03,0.011014,0.011720,0.01988,900.0
2.1985E+03,0.009871,0.012696,0.01988,900.0
2.1986E+03,0.008646,0.013562,0.01988,900.0
2.1987E+03,0.007350,0.014306,0.01988,900.0
2.1988E+03,0.005958,0.014949,0.01988,900.0
2.1989E+03,0.004523,0.015442,0.01988,0.0
2.1990E+03,0.003097,0.015793,0.01988,0.0
2.1991E+03,0.001552,0.016016,0.01988,0.0
2.1992E+03,0.000044,0.016085,0.01988,0.0
2.1993E+03,-0.001036,0.016052,0.01988,0.0
2.1994E+03,-0.002366,0.015901,0.01988,0.0
2.1995E+03,-0.003815,0.015616,0.01988,900.0
2.1996E+03,-0.004896,0.015331,0.01988,900.0
2.1997E+03,-0.005282,0.015206,0.01988,900.0
2.1998E+03,-0.005306,0.015131,0.01988,900.0
2.1999E+03,-0.006013,0.012910,0.01988,900.0
2.2000E+03,-0.007946,0.006834,0.01988,900.0
2.2001E+03,-0.010199,-0.000250,0.01988,900.0
2.2002E+03,-0.010609,-0.001537,0.01988,900.0
2.2003E+03,-0.010625,-0.001589,0.01988,900.0
2.2004E+03,-0.010640,-0.001486,0.01988,900.0
2.2005E+03,-0.010713,-0.000427,0.01988,900.0
2.2006E+03,-0.010652,0.001047,0.01988,900.0
2.2007E+03,-0.010389,0.002553,0.01988,900.0
2.2008E+03,-0.009932,0.003975,0.01988,900.0
2.2009E+03,-0.009290,0.005304,0.01988,900.0
2.2010E+03,-0.008431,0.006571,0.01988,900.0
2.2011E+03,-0.007421,0.007703,0.01988,900.0
2.2012E+03,-0.006232,0.008692,0.01988,900.0
2.2013E+03,-0.005013,0.009454,0.01988,900.0
2.2014E+03,-0.003611,0.010073,0.01988,900.0
2.2015E+03,-0.002115,0.010475,0.01988,900.0
2.2016E+03,-0.000689,0.010659,0.01988,900.0
2.2017E+03,0.000667,0.010651,0.01988,900.0
2.2018E+03,0.002167,0.010453,0.01988,900.0
2.2019E+03,0.003595,0.010048,0.01988,900.0
2.2020E+03,0.004964,0.009455,0.01988,900.0
2.2021E+03,0.006264,0.008653,0.01988,900.0
2.2022E+03,0.007448,0.007680,0.01988,900.0
2.2023E+03,0.008429,0.006601,0.01988,900.0
2.2024E+03,0.009274,0.005354,0.01988,900.0
2.2025E+03,0.009966,0.003948,0.01988,900.0
2.2026E+03,0.010427,0.002494,0.01988,900.0
2.2027E+03,0.010665,0.001042,0.01988,900.0
2.2028E+03,0.010707,-0.000448,0.01988,900.0
2.2029E+03,0.010540,-0.001946,0.01988,900.0
2.2030E+03,0.010148,-0.003431,0.01988,900.0
2.2031E+03,0.009581,-0.004821,0.01988,900.0
2.2032E+03,0.008834,-0.006098,0.01988,900.0
2.2033E+03,0.007896,-0.007272,0.01988,900.0
2.2034E+03,0.006822,-0.008295,0.01988,900.0
2.2035E+03,0.005759,-0.009103,0.01988,900.0
2.2036E+03,0.004378,-0.009838,0.01988,900.0
2.2037E+03,0.002999,-0.010335,0.01988,900.0
2.2038E+03,0.001488,-0.010657,0.01988,900.0
2.2039E+03,0.000023,-0.010746,0.01988,900.0
2.2040E+03,-0.001496,-0.010642,0.01988,900.0
2.2041E+03,-0.002997,-0.010316,0.01988,900.0
2.2042E+03,-0.004394,-0.009804,0.01988,0.0
2.2043E+03,-0.005698,-0.009098,0.01988,0.0
2.2044E+03,-0.006905,-0.008228,0.01988,0.0
2.2045E+03,-0.007975,-0.007189,0.01988,0.0
2.2046E+03,-0.008915,-0.005977,0.01988,0.0
2.2047E+03,-0.009676,-0.004669,0.01988,900.0
2.2048E+03,-0.010236,-0.003277,0.01988,900.0
2.2049E+03,-0.010581,-0.001819,0.01988,900.0
2.2050E+03,-0.010623,-0.001603,0.01988,900.0
2.2051E+03,-0.010625,-0.001589,0.01988,900.0
2.2052E+03,-0.010050,0.000245,0.01988,900.0
2.2053E+03,-0.008304,0.005810,0.01988,900.0
2.2054E+03,-0.006595,0.011258,0.01988,900.0
2.2056E+03,-0.006021,0.013086,0.01988,900.0
2.2057E+03,-0.006184,0.013005,0.01988,900.0
2.2058E+03,-0.006936,0.012607,0.01988,900.0
2.2059E+03,-0.008229,0.011814,0.01988,900.0
2.2060E+03,-0.009366,0.010945,0.01988,900.0
2.2061E+03,-0.010469,0.009882,0.01988,900.0
2.2062E+03,-0.011442,0.008743,0.01988,900.0
2.2063E+03,-0.012196,0.007654,0.01988,900.0
2.2064E+03,-0.012849,0.006488,0.01988,900.0
2.2065E+03,-0.013447,0.005131,0.01988,900.0
2.2066E+03,-0.013917,0.003692,0.01988,900.0
2.2067E+03,-0.014232,0.002260,0.01988,900.0
2.2068E+03,-0.014387,0.000810,0.01988,900.0
2.2069E+03,-0.014411,-0.000525,0.01988,900.0
2.2070E+03,-0.014277,-0.002088,0.01988,900.0
2.2071E+03,-0.013990,-0.003586,0.01988,900.0
2.2072E+03,-0.013538,-0.005022,0.01988,900.0
2.2073E+03,-0.012935,-0.006412,0.01988,900.0
2.2074E+03,-0.012349,-0.007478,0.01988,900.0
2.2075E+03,-0.011574,-0.008623,0.01988,900.0
2.2076E+03,-0.010617,-0.009785,0.01988,900.0
2.2077E+03,-0.009544,-0.010832,0.01988,900.0
2.2078E+03,-0.008358,-0.011772,0.01988,900.0
2.2079E+03,-0.007073,-0.012593,0.01988,900.0
2.2080E+03,-0.005729,-0.013256,0.01988,900.0
2.2081E+03,-0.004324,-0.013790,0.01988,900.0
2.2082E+03,-0.002860,-0.014173,0.01988,900.0
2.2083E+03,-0.001440,-0.014389,0.01988,900.0
2.2084E+03,0.000105,-0.014466,0.01988,900.0
2.2085E+03,0.001645,-0.014363,0.01988,900.0
2.2086E+03,0.002953,-0.014147,0.01988,900.0
2.2087E+03,0.004399,-0.013757,0.01988,900.0
2.2088E+03,0.005806,-0.013227,0.01988,900.0
2.2089E+03,0.007124,-0.012559,0.01988,900.0
2.2090E+03,0.008376,-0.011757,0.01988,900.0
2.2091E+03,0.009584,-0.010798,0.01988,900.0
2.2092E+03,0.010689,-0.009708,0.01988,900.0
2.2093E+03,0.011609,-0.008589,0.01988,900.0
2.2094E+03,0.012455,-0.007313,0.01988,900.0
2.2095E+03,0.013166,-0.005941,0.01988,900.0
2.2096E+03,0.013688,-0.004593,0.01988,900.0
2.2097E+03,0.014074,-0.003152,0.01988,900.0
2.2098E+03,0.014324,-0.001661,0.01988,900.0
2.2099E+03,0.014412,-0.000576,0.01988,900.0
2.2100E+03,0.014380,0.000748,0.01988,900.0
2.2101E+03,0.014231,0.002240,0.01988,900.0
2.2102E+03,0.013908,0.003722,0.01988,900.0
2.2103E+03,0.013483,0.005050,0.01988,900.0
2.2104E+03,0.012896,0.006415,0.01988,900.0
2.2105E+03,0.012165,0.007715,0.01988,900.0
2.2106E+03,0.011326,0.008911,0.01988,900.0
2.2107E+03,0.010297,0.010063,0.01988,900.0
2.2108E+03,0.009169,0.011089,0.01988,900.0
2.2109E+03,0.007919,0.012007,0.01988,900.0
2.2110E+03,0.006627,0.012764,0.01988,900.0
2.2111E+03,0.005258,0.013380,0.01988,900.0
2.2112E+03,0.003898,0.013858,0.01988,0.0
2.2113E+03,0.002439,0.014176,0.01988,0.0
2.2114E+03,0.000895,0.014347,0.01988,0.0
2.2115E+03,-0.000613,0.014364,0.01988,0.0
2.2116E+03,-0.002125,0.014220,0.01988,0.0
2.2117E+03,-0.003606,0.013922,0.01988,900.0
2.2118E+03,-0.005029,0.013495,0.01988,900.0
2.2119E+03,-0.005983,0.013102,0.01988,900.0
2.2121E+03,-0.006021,0.013086,0.01988,900.0
2.2122E+03,-0.007595,0.009344,0.01988,900.0
2.2123E+03,-0.010281,0.002955,0.01988,900.0
2.2124E+03,-0.012007,-0.001149,0.01988,900.0
2.2125E+03,-0.012304,-0.001855,0.01988,900.0
2.2126E+03,-0.012305,-0.001845,0.01988,900.0
2.2127E+03,-0.012337,-0.001487,0.01988,900.0
2.2128E+03,-0.012426,-0.000116,0.01988,900.0
2.2129E+03,-0.012362,0.001328,0.01988,900.0
2.2130E+03,-0.012100,0.002854,0.01988,900.0
2.2131E+03,-0.011651,0.004290,0.01988,900.0
2.2132E+03,-0.011027,0.005692,0.01988,900.0
2.2133E+03,-0.010261,0.006953,0.01988,900.0
2.2134E+03,-0.009330,0.008151,0.01988,900.0
2.2135E+03,-0.008295,0.009209,0.01988,900.0
2.2136E+03,-0.007113,0.010141,0.01988,900.0
2.2137E+03,-0.005802,0.010936,0.01988,900.0
2.2138E+03,-0.004569,0.011511,0.01988,900.0
2.2139E+03,-0.003141,0.011977,0.01988,900.0
2.2140E+03,-0.001685,0.012277,0.01988,900.0
2.2141E+03,-0.000193,0.012403,0.01988,900.0
2.2142E+03,0.001347,0.012334,0.01988,900.0
2.2143E+03,0.002814,0.012070,0.01988,900.0
2.2144E+03,0.004278,0.011622,0.01988,900.0
2.2145E+03,0.005618,0.011036,0.01988,900.0
2.2146E+03,0.006907,0.010275,0.01988,900.0
2.2147E+03,0.008104,0.009366,0.01988,900.0
2.2148E+03,0.009199,0.008300,0.01988,900.0
2.2149E+03,0.010168,0.007092,0.01988,900.0
2.2150E+03,0.010950,0.005808,0.01988,900.0
2.2151E+03,0.011586,0.004442,0.01988,900.0
2.2152E+03,0.012055,0.003019,0.01988,900.0
2.2153E+03,0.012327,0.001571,0.01988,900.0
2.2154E+03,0.012432,0.000202,0.01988,900.0
2.2155E+03,0.012365,-0.001301,0.01988,900.0
2.2156E+03,0.012114,-0.002770,0.01988,900.0
2.2157E+03,0.011684,-0.004222,0.01988,900.0
2.2158E+03,0.011080,-0.005624,0.01988,900.0
2.2159E+03,0.010324,-0.006932,0.01988,900.0
2.2160E+03,0.009412,-0.008132,0.01988,900.0
2.2161E+03,0.008372,-0.009209,0.01988,900.0
2.2162E+03,0.007232,-0.010136,0.01988,900.0
2.2163E+03,0.005964,-0.010933,0.01988,900.0
2.2164E+03,0.004574,-0.011590,0.01988,900.0
2.2165E+03,0.003116,-0.012070,0.01988,900.0
2.2166E+03,0.001695,-0.012354,0.01988,900.0
2.2167E+03,0.000186,-0.012463,0.01988,900.0
2.2168E+03,-0.001324,-0.012389,0.01988,900.0
2.2169E+03,-0.002842,-0.012114,0.01988,900.0
2.2170E+03,-0.004302,-0.011675,0.01988,900.0
2.2171E+03,-0.005546,-0.011144,0.01988,900.0
2.2172E+03,-0.006822,-0.010414,0.01988,0.0
2.2173E+03,-0.008004,-0.009532,0.01988,0.0
2.2174E+03,-0.009125,-0.008468,0.01988,0.0
2.2175E+03,-0.010040,-0.007356,0.01988,0.0
2.2176E+03,-0.010860,-0.006091,0.01988,0.0
2.2177E+03,-0.011509,-0.004743,0.01988,0.0
2.2178E+03,-0.011993,-0.003302,0.01988,0.0
2.2179E+03,-0.012251,-0.002122,0.01988,0.0
2.2181E+03,-0.012304,-0.001855,0.01988,0.0
2.2182E+03,-0.012304,-0.001854,0.01988,0.0
2.2183E+03,-0.012304,-0.001852,0.01988,0.0
2.2184E+03,-0.012304,-0.001851,0.01988,0.0
2.2185E+03,-0.012304,-0.001850,0.01988,0.0
2.2186E+03,-0.012304,-0.001849,0.01988,0.0
2.2187E+03,-0.012304,-0.001847,0.01988,0.0
2.2188E+03,-0.012304,-0.001846,0.01988,0.0
2.2189E+03,-0.012304,-0.001845,0.01988,0.0
2.2190E+03,-0.012304,-0.001844,0.01988,0.0
2.2191E+03,-0.012304,-0.001843,0.01988,0.0
2.2192E+03,-0.012304,-0.001841,0.01988,0.0
2.2193E+03,-0.012304,-0.001840,0.01988,0.0
2.2194E+03,-0.012304,-0.001839,0.01988,0.0
2.2195E+03,-0.012304,-0.001837,0.01988,0.0
2.2196E+03,-0.012304,-0.001836,0.01988,0.0
2.2197E+03,-0.012304,-0.001834,0.01988,0.0
2.2199E+03,-0.012304,-0.001833,0.01988,0.0
2.2200E+03,-0.012304,-0.001831,0.01988,0.0
2.2201E+03,-0.012304,-0.001830,0.01988,0.0
2.2202E+03,-0.012304,-0.001828,0.01988,0.0
2.2203E+03,-0.012304,-0.001827,0.01988,0.0
2.2204E+03,-0.012304,-0.001826,0.01988,0.0
2.2205E+03,-0.012304,-0.001824,0.01988,0.0
2.2206E+03,-0.012304,-0.001823,0.01988,0.0
2.2207E+03,-0.012304,-0.001822,0.01988,0.0
2.2208E+03,-0.012304,-0.001820,0.01988,0.0
2.2210E+03,-0.012304,-0.001819,0.01988,0.0
2.2212E+03,-0.012304,-0.017412,0.01988,0.0
2.2213E+03,-0.011606,-0.017141,0.01988,0.0
2.2214E+03,-0.009204,-0.016208,0.01988,0.0
2.2215E+03,-0.006544,-0.015174,0.01988,0.0
2.2216E+03,-0.003944,-0.014164,0.01988,0.0
2.2217E+03,-0.001379,-0.013167,0.01988,0.0
2.2218E+03,0.001252,-0.012144,0.01988,0.0
2.2219E+03,0.003929,-0.011104,0.01988,0.0
2.2220E+03,0.006542,-0.010089,0.01988,0.0
2.2221E+03,0.009138,-0.009080,0.01988,0.0
2.2222E+03,0.011747,-0.008067,0.01988,0.0
2.2223E+03,0.013977,-0.007200,0.01988,0.0
2.2224E+03,0.014343,-0.007058,0.01988,0.0
