2.0124E+03,-0.011443,0.011750,0.01775,0.0
2.0125E+03,-0.011443,0.011748,0.01775,0.0
2.0126E+03,-0.011443,0.011746,0.01775,0.0
2.0127E+03,-0.011443,0.011744,0.01775,0.0
2.0128E+03,-0.011443,0.011742,0.01775,0.0
2.0129E+03,-0.011443,0.011740,0.01775,0.0
2.0130E+03,-0.011443,0.011738,0.01775,0.0
2.0131E+03,-0.011443,0.011737,0.01775,0.0
2.0132E+03,-0.011443,0.011734,0.01775,0.0
2.0133E+03,-0.011443,0.011732,0.01775,0.0
2.0134E+03,-0.011443,0.011730,0.01775,0.0
2.0135E+03,-0.011443,0.011728,0.01775,0.0
2.0136E+03,-0.011443,0.011726,0.01775,0.0
2.0137E+03,-0.011443,0.011724,0.01775,0.0
2.0138E+03,-0.011443,0.011722,0.01775,0.0
2.0139E+03,-0.011443,0.011720,0.01775,0.0
2.0140E+03,-0.011443,0.011719,0.01775,0.0
2.0141E+03,-0.011443,0.011717,0.01775,0.0
2.0142E+03,-0.011443,0.011716,0.01775,0.0
2.0143E+03,-0.011430,0.011678,0.01775,0.0
2.0144E+03,-0.011219,0.011039,0.01775,0.0
2.0145E+03,-0.010387,0.008531,0.01775,0.0
2.0146E+03,-0.009474,0.005778,0.01775,0.0
2.0147E+03,-0.008563,0.003030,0.01775,900.0
2.0148E+03,-0.007680,0.000371,0.01775,900.0
2.0149E+03,-0.006765,-0.002389,0.01775,900.0
2.0150E+03,-0.005848,-0.005154,0.01775,900.0
2.0151E+03,-0.004978,-0.007778,0.01775,900.0
2.0152E+03,-0.004179,-0.010188,0.01775,900.0
2.0153E+03,-0.003270,-0.012927,0.01775,900.0
2.0154E+03,-0.002497,-0.015258,0.01775,900.0
2.0156E+03,-0.002114,-0.016413,0.01775,900.0
2.0157E+03,-0.002101,-0.016414,0.01775,900.0
2.0158E+03,-0.001587,-0.016462,0.01775,900.0
2.0159E+03,-0.000011,-0.016535,0.01775,900.0
2.0160E+03,0.001424,-0.016470,0.01775,900.0
2.0161E+03,0.002944,-0.016259,0.01775,900.0
2.0162E+03,0.004455,-0.015912,0.01775,900.0
2.0163E+03,0.005840,-0.015459,0.01775,900.0
2.0164E+03,0.007175,-0.014879,0.01775,900.0
2.0165E+03,0.008536,-0.014138,0.01775,900.0
2.0166E+03,0.009837,-0.013277,0.01775,900.0
2.0167E+03,0.010979,-0.012338,0.01775,900.0
2.0168E+03,0.011981,-0.011381,0.01775,900.0
2.0169E+03,0.012576,-0.010717,0.01775,900.0
2.0170E+03,0.013453,-0.009590,0.01775,900.0
2.0171E+03,0.014251,-0.008346,0.01775,900.0
2.0172E+03,0.014945,-0.007002,0.01775,900.0
2.0173E+03,0.015525,-0.005595,0.01775,900.0
2.0174E+03,0.015963,-0.004160,0.01775,900.0
2.0175E+03,0.016267,-0.002721,0.01775,900.0
2.0176E+03,0.016439,-0.001257,0.01775,900.0
2.0177E+03,0.016485,0.000277,0.01775,900.0
2.0178E+03,0.016383,0.001838,0.01775,900.0
2.0179E+03,0.016157,0.003285,0.01775,900.0
2.0180E+03,0.015805,0.004709,0.01775,900.0
2.0181E+03,0.015297,0.006166,0.01775,900.0
2.0182E+03,0.014652,0.007546,0.01775,900.0
2.0183E+03,0.013901,0.008849,0.01775,900.0
2.0184E+03,0.013036,0.010069,0.01775,900.0
2.0185E+03,0.012299,0.010962,0.01775,900.0
2.0186E+03,0.011504,0.011774,0.01775,900.0
2.0187E+03,0.010451,0.012713,0.01775,900.0
2.0188E+03,0.009280,0.013592,0.01775,900.0
2.0189E+03,0.007953,0.014412,0.01775,900.0
2.0190E+03,0.006588,0.015085,0.01775,900.0
2.0191E+03,0.005246,0.015608,0.01775,900.0
2.0192E+03,0.003761,0.016039,0.01775,900.0
2.0193E+03,0.002246,0.016305,0.01775,900.0
2.0194E+03,0.000799,0.016444,0.01775,900.0
2.0195E+03,-0.000746,0.016441,0.01775,900.0
2.0196E+03,-0.002234,0.016298,0.01775,900.0
2.0197E+03,-0.003698,0.016031,0.01775,900.0
2.0198E+03,-0.004991,0.015686,0.01775,900.0
2.0199E+03,-0.006157,0.015271,0.01775,900.0
2.0200E+03,-0.007389,0.014704,0.01775,900.0
2.0201E+03,-0.008703,0.013967,0.01775,900.0
2.0202E+03,-0.009956,0.013098,0.01775,900.0
2.0203E+03,-0.010969,0.012224,0.01775,900.0
2.0204E+03,-0.012119,0.011166,0.01775,900.0
2.0205E+03,-0.013046,0.010061,0.01775,900.0
2.0206E+03,-0.013894,0.008778,0.01775,900.0
2.0207E+03,-0.014641,0.007517,0.01775,900.0
2.0208E+03,-0.015274,0.006171,0.01775,900.0
2.0209E+03,-0.015789,0.004696,0.01775,900.0
2.0210E+03,-0.016162,0.003226,0.01775,900.0
2.0211E+03,-0.016386,0.001772,0.01775,900.0
2.0212E+03,-0.016488,0.000262,0.01775,900.0
2.0213E+03,-0.016447,-0.001275,0.01775,900.0
2.0214E+03,-0.016267,-0.002748,0.01775,900.0
2.0215E+03,-0.015967,-0.004210,0.01775,900.0
2.0216E+03,-0.015504,-0.005698,0.01775,900.0
2.0217E+03,-0.014922,-0.007073,0.01775,900.0
2.0218E+03,-0.014226,-0.008389,0.01775,900.0
2.0219E+03,-0.013431,-0.009613,0.01775,900.0
2.0220E+03,-0.012598,-0.010667,0.01775,900.0
2.0221E+03,-0.011579,-0.011773,0.01775,900.0
2.0222E+03,-0.010425,-0.012799,0.01775,0.0
2.0223E+03,-0.009197,-0.013725,0.01775,0.0
2.0224E+03,-0.007950,-0.014482,0.01775,0.0
2.0225E+03,-0.006616,-0.015155,0.01775,0.0
2.0226E+03,-0.005434,-0.015620,0.01775,900.0
2.0227E+03,-0.004279,-0.015977,0.01775,900.0
2.0228E+03,-0.002793,-0.016293,0.01775,900.0
2.0229E+03,-0.002163,-0.016405,0.01775,900.0
2.0230E+03,-0.002114,-0.016413,0.01775,900.0
2.0231E+03,-0.002433,-0.015872,0.01775,900.0
2.0232E+03,-0.005194,-0.011197,0.01775,900.0
2.0233E+03,-0.008385,-0.005791,0.01775,900.0
2.0234E+03,-0.009824,-0.003354,0.01775,900.0
2.0235E+03,-0.009825,-0.003353,0.01775,900.0
2.0236E+03,-0.009895,-0.003107,0.01775,900.0
2.0237E+03,-0.010116,-0.002160,0.01775,900.0
2.0238E+03,-0.010324,-0.000804,0.01775,900.0
2.0239E+03,-0.010330,0.000682,0.01775,900.0
2.0240E+03,-0.010121,0.002176,0.01775,900.0
2.0241E+03,-0.009679,0.003603,0.01775,900.0
2.0242E+03,-0.009053,0.004953,0.01775,900.0
2.0243E+03,-0.008213,0.006230,0.01775,900.0
2.0244E+03,-0.007218,0.007354,0.01775,900.0
2.0245E+03,-0.006103,0.008304,0.01775,900.0
2.0246E+03,-0.004853,0.009083,0.01775,900.0
2.0247E+03,-0.003492,0.009690,0.01775,900.0
2.0248E+03,-0.002036,0.010093,0.01775,900.0
2.0249E+03,-0.000505,0.010294,0.01775,900.0
2.0250E+03,0.001045,0.010267,0.01775,900.0
2.0251E+03,0.002466,0.010031,0.01775,900.0
2.0252E+03,0.003903,0.009556,0.01775,900.0
2.0253E+03,0.005238,0.008889,0.01775,900.0
2.0254E+03,0.006456,0.008045,0.01775,900.0
2.0255E+03,0.007471,0.007092,0.01775,900.0
2.0256E+03,0.008445,0.005911,0.01775,900.0
2.0257E+03,0.009210,0.004655,0.01775,900.0
2.0258E+03,0.009781,0.003275,0.01775,900.0
2.0259E+03,0.010181,0.001768,0.01775,900.0
2.0260E+03,0.010336,0.000270,0.01775,900.0
2.0261E+03,0.010287,-0.001186,0.01775,900.0
2.0262E+03,0.010001,-0.002722,0.01775,900.0
2.0263E+03,0.009501,-0.004152,0.01775,900.0
2.0264E+03,0.008842,-0.005424,0.01775,900.0
2.0265E+03,0.007967,-0.006631,0.01775,900.0
2.0266E+03,0.006886,-0.007742,0.01775,900.0
2.0267E+03,0.005702,-0.008651,0.01775,900.0
2.0268E+03,0.004391,-0.009387,0.01775,900.0
2.0269E+03,0.002980,-0.009933,0.01775,900.0
2.0270E+03,0.001540,-0.010252,0.01775,900.0
2.0271E+03,0.000049,-0.010368,0.01775,900.0
2.0272E+03,-0.001346,-0.010302,0.01775,0.0
2.0273E+03,-0.002834,-0.009995,0.01775,0.0
2.0274E+03,-0.004202,-0.009505,0.01775,0.0
2.0275E+03,-0.005546,-0.008775,0.01775,0.0
2.0276E+03,-0.006773,-0.007846,0.01775,0.0
2.0277E+03,-0.007801,-0.006828,0.01775,0.0
2.0278E+03,-0.008708,-0.005597,0.01775,0.0
2.0279E+03,-0.009432,-0.004250,0.01775,900.0
2.0280E+03,-0.009777,-0.003484,0.01775,900.0
2.0281E+03,-0.009825,-0.003353,0.01775,900.0
2.0282E+03,-0.008993,-0.003801,0.01775,900.0
2.0283E+03,-0.005461,-0.005705,0.01775,900.0
2.0284E+03,0.001200,-0.009295,0.01775,900.0
2.0285E+03,0.007100,-0.012474,0.01775,900.0
2.0287E+03,0.007604,-0.012746,0.01775,900.0
2.0288E+03,0.007626,-0.012732,0.01775,900.0
2.0289E+03,0.008461,-0.012165,0.01775,900.0
2.0290E+03,0.009572,-0.011304,0.01775,900.0
2.0291E+03,0.010670,-0.010265,0.01775,900.0
2.0292E+03,0.011669,-0.009111,0.01775,900.0
2.0293E+03,0.012522,-0.007905,0.01775,900.0
2.0294E+03,0.013248,-0.006605,0.01775,900.0
2.0295E+03,0.013844,-0.005270,0.01775,900.0
2.0296E+03,0.014235,-0.004096,0.01775,900.0
2.0297E+03,0.014532,-0.002852,0.01775,900.0
2.0298E+03,0.014749,-0.001340,0.01775,900.0
2.0299E+03,0.014789,0.000227,0.01775,900.0
2.0300E+03,0.014686,0.001729,0.01775,900.0
2.0301E+03,0.014507,0.002915,0.01775,900.0
2.0302E+03,0.014248,0.003966,0.01775,900.0
2.0303E+03,0.013860,0.005129,0.01775,900.0
2.0304E+03,0.013298,0.006432,0.01775,900.0
2.0305E+03,0.012539,0.007788,0.01775,900.0
2.0306E+03,0.011758,0.008936,0.01775,900.0
2.0307E+03,0.010842,0.010035,0.01775,900.0
2.0308E+03,0.009718,0.011122,0.01775,900.0
2.0309E+03,0.008552,0.012049,0.01775,900.0
2.0310E+03,0.007227,0.012865,0.01775,900.0
2.0311E+03,0.005904,0.013535,0.01775,900.0
2.0312E+03,0.004531,0.014044,0.01775,900.0
2.0313E+03,0.003102,0.014437,0.01775,900.0
2.0314E+03,0.001615,0.014669,0.01775,900.0
2.0315E+03,0.000077,0.014749,0.01775,900.0
2.0316E+03,-0.001463,0.014680,0.01775,900.0
2.0317E+03,-0.002951,0.014450,0.01775,900.0
2.0318E+03,-0.004398,0.014085,0.01775,900.0
2.0319E+03,-0.005814,0.013566,0.01775,900.0
2.0320E+03,-0.007180,0.012902,0.01775,900.0
2.0321E+03,-0.008430,0.012132,0.01775,900.0
2.0322E+03,-0.009662,0.011184,0.01775,900.0
2.0323E+03,-0.010605,0.010275,0.01775,900.0
2.0324E+03,-0.011604,0.009131,0.01775,900.0
2.0325E+03,-0.012466,0.007916,0.01775,900.0
2.0326E+03,-0.013199,0.006619,0.01775,900.0
2.0327E+03,-0.013823,0.005203,0.01775,900.0
2.0328E+03,-0.014241,0.003980,0.01775,900.0
2.0329E+03,-0.014488,0.002927,0.01775,900.0
2.0330E+03,-0.014711,0.001475,0.01775,900.0
2.0331E+03,-0.014800,-0.000037,0.01775,900.0
2.0332E+03,-0.014724,-0.001581,0.01775,900.0
2.0333E+03,-0.014499,-0.003038,0.01775,900.0
2.0334E+03,-0.014272,-0.003962,0.01775,900.0
2.0335E+03,-0.013836,-0.005273,0.01775,900.0
2.0336E+03,-0.013210,-0.006670,0.01775,900.0
2.0337E+03,-0.012473,-0.007975,0.01775,900.0
2.0338E+03,-0.011616,-0.009178,0.01775,900.0
2.0339E+03,-0.010621,-0.010321,0.01775,900.0
2.0340E+03,-0.009620,-0.011262,0.01775,900.0
2.0341E+03,-0.008447,-0.012179,0.01775,900.0
2.0342E+03,-0.007183,-0.012964,0.01775,900.0
2.0343E+03,-0.005835,-0.013642,0.01775,900.0
2.0344E+03,-0.004427,-0.014160,0.01775,900.0
2.0345E+03,-0.002960,-0.014542,0.01775,0.0
2.0346E+03,-0.001404,-0.014759,0.01775,0.0
2.0347E+03,0.000114,-0.014823,0.01775,0.0
2.0348E+03,0.001563,-0.014743,0.01775,0.0
2.0349E+03,0.003059,-0.014495,0.01775,0.0
2.0350E+03,0.004503,-0.014119,0.01775,0.0
2.0351E+03,0.005902,-0.013589,0.01775,900.0
2.0352E+03,0.007078,-0.013035,0.01775,900.0
2.0353E+03,0.007604,-0.012746,0.01775,900.0
2.0354E+03,0.007577,-0.012733,0.01775,900.0
2.0355E+03,0.006686,-0.012319,0.01775,900.0
2.0356E+03,0.000609,-0.009489,0.01775,900.0
2.0357E+03,-0.005915,-0.006452,0.01775,900.0
2.0358E+03,-0.010406,-0.004361,0.01775,900.0
2.0360E+03,-0.011443,-0.003878,0.01775,900.0
2.0361E+03,-0.011583,-0.003389,0.01775,900.0
2.0362E+03,-0.011830,-0.002281,0.01775,900.0
2.0363E+03,-0.012015,-0.000787,0.01775,900.0
2.0364E+03,-0.012013,0.000734,0.01775,900.0
2.0365E+03,-0.011838,0.002176,0.01775,900.0
2.0366E+03,-0.011469,0.003643,0.01775,900.0
2.0367E+03,-0.010933,0.005055,0.01775,900.0
2.0368E+03,-0.010235,0.006354,0.01775,900.0
2.0369E+03,-0.009330,0.007600,0.01775,900.0
2.0370E+03,-0.008284,0.008695,0.01775,900.0
2.0371E+03,-0.007152,0.009652,0.01775,900.0
2.0372E+03,-0.005832,0.010492,0.01775,900.0
2.0373E+03,-0.004500,0.011136,0.01775,900.0
2.0374E+03,-0.003258,0.011550,0.01775,900.0
2.0375E+03,-0.001766,0.011874,0.01775,900.0
2.0376E+03,-0.000198,0.012002,0.01775,900.0
2.0377E+03,0.001274,0.011942,0.01775,900.0
2.0378E+03,0.002747,0.011709,0.01775,900.0
2.0379E+03,0.004187,0.011276,0.01775,900.0
2.0380E+03,0.005574,0.010653,0.01775,900.0
2.0381E+03,0.006839,0.009876,0.01775,900.0
2.0382E+03,0.008025,0.008945,0.01775,900.0
2.0383E+03,0.009073,0.007885,0.01775,900.0
2.0384E+03,0.009971,0.006720,0.01775,900.0
2.0385E+03,0.010735,0.005390,0.01775,900.0
2.0386E+03,0.011341,0.003989,0.01775,900.0
2.0387E+03,0.011756,0.002536,0.01775,900.0
2.0388E+03,0.012000,0.001023,0.01775,900.0
2.0389E+03,0.012041,-0.000435,0.01775,900.0
2.0390E+03,0.011896,-0.001969,0.01775,900.0
2.0391E+03,0.011612,-0.003264,0.01775,900.0
2.0392E+03,0.011122,-0.004673,0.01775,900.0
2.0393E+03,0.010460,-0.006007,0.01775,900.0
2.0394E+03,0.009605,-0.007302,0.01775,900.0
2.0395E+03,0.008608,-0.008446,0.01775,900.0
2.0396E+03,0.007497,-0.009448,0.01775,900.0
2.0397E+03,0.006245,-0.010320,0.01775,900.0
2.0398E+03,0.004931,-0.011017,0.01775,900.0
2.0399E+03,0.003590,-0.011537,0.01775,900.0
2.0400E+03,0.002124,-0.011892,0.01775,900.0
2.0401E+03,0.000613,-0.012066,0.01775,900.0
2.0402E+03,-0.000932,-0.012054,0.01775,900.0
2.0403E+03,-0.002369,-0.011862,0.01775,900.0
2.0404E+03,-0.003841,-0.011463,0.01775,0.0
2.0405E+03,-0.005264,-0.010870,0.01775,0.0
2.0406E+03,-0.006568,-0.010127,0.01775,0.0
2.0407E+03,-0.007754,-0.009236,0.01775,0.0
2.0408E+03,-0.008755,-0.008289,0.01775,0.0
2.0409E+03,-0.009744,-0.007124,0.01775,0.0
2.0410E+03,-0.010520,-0.005888,0.01775,0.0
2.0411E+03,-0.011126,-0.004676,0.01775,0.0
2.0414E+03,-0.011443,-0.003878,0.01775,0.0
2.0415E+03,-0.011443,-0.003875,0.01775,0.0
2.0416E+03,-0.011443,-0.003874,0.01775,0.0
2.0417E+03,-0.011443,-0.003873,0.01775,0.0
2.0418E+03,-0.011443,-0.003872,0.01775,0.0
2.0419E+03,-0.011443,-0.003870,0.01775,0.0
2.0420E+03,-0.011443,-0.003869,0.01775,0.0
2.0421E+03,-0.011443,-0.003868,0.01775,0.0
2.0422E+03,-0.011443,-0.003867,0.01775,0.0
2.0423E+03,-0.011443,-0.003866,0.01775,0.0
2.0424E+03,-0.011443,-0.003865,0.01775,0.0
2.0425E+03,-0.011443,-0.003863,0.01775,0.0
2.0426E+03,-0.011443,-0.003862,0.01775,0.0
2.0427E+03,-0.011443,-0.003861,0.01775,0.0
2.0428E+03,-0.011443,-0.003859,0.01775,0.0
2.0429E+03,-0.011443,-0.003857,0.01775,0.0
2.0430E+03,-0.011443,-0.003856,0.01775,0.0
2.0431E+03,-0.011443,-0.003855,0.01775,0.0
2.0432E+03,-0.011443,-0.003854,0.01775,0.0
2.0433E+03,-0.011443,-0.003853,0.01775,0.0
2.0434E+03,-0.011443,-0.003852,0.01775,0.0
2.0435E+03,-0.011443,-0.003851,0.01775,0.0
2.0436E+03,-0.011443,-0.003849,0.01775,0.0
2.0437E+03,-0.011443,-0.003847,0.01775,0.0
2.0438E+03,-0.011443,-0.003846,0.01775,0.0
2.0439E+03,-0.011443,-0.003845,0.01775,0.0
2.0440E+03,-0.011443,-0.003843,0.01775,0.0
2.0442E+03,-0.011443,-0.003842,0.01775,0.0
2.0444E+03,-0.011443,-0.019435,0.01775,0.0
2.0445E+03,-0.011271,-0.018686,0.01775,0.0
2.0446E+03,-0.010717,-0.016269,0.01775,0.0
2.0447E+03,-0.009972,-0.013021,0.01775,0.0
2.0448E+03,-0.009200,-0.009656,0.01775,0.0
2.0449E+03,-0.008410,-0.006208,0.01775,0.0
2.0450E+03,-0.007641,-0.002858,0.01775,0.0
2.0451E+03,-0.006898,0.000382,0.01775,0.0
2.0452E+03,-0.006144,0.003673,0.01775,0.0
2.0453E+03,-0.005350,0.007132,0.01775,0.0
2.0454E+03,-0.004579,0.010496,0.01775,0.0
2.0455E+03,-0.003829,0.013768,0.01775,0.0
2.0456E+03,-0.003386,0.015697,0.01775,0.0
