3.7762E+03,0.000000,0.027604,0.04331,0.0
3.7763E+03,0.000000,0.027602,0.04331,0.0
3.7764E+03,0.000000,0.027601,0.04331,0.0
3.7765E+03,0.000000,0.027599,0.04331,0.0
3.7766E+03,0.000000,0.027597,0.04331,0.0
3.7767E+03,0.000000,0.027596,0.04331,0.0
3.7768E+03,0.000000,0.027594,0.04331,0.0
3.7769E+03,0.000000,0.027592,0.04331,0.0
3.7770E+03,0.000000,0.027591,0.04331,0.0
3.7771E+03,0.000000,0.027589,0.04331,0.0
3.7772E+03,0.000000,0.027586,0.04331,0.0
3.7773E+03,0.000000,0.027585,0.04331,0.0
3.7774E+03,0.000000,0.027584,0.04331,0.0
3.7775E+03,0.000000,0.027582,0.04331,0.0
3.7776E+03,0.000000,0.027580,0.04331,0.0
3.7777E+03,0.000000,0.027579,0.04331,0.0
3.7778E+03,0.000000,0.027577,0.04331,0.0
3.7779E+03,0.000000,0.027575,0.04331,0.0
3.7780E+03,0.000000,0.027574,0.04331,0.0
3.7781E+03,0.000000,0.027572,0.04331,0.0
3.7784E+03,0.000000,0.027570,0.04331,0.0
3.7785E+03,-0.000062,0.027465,0.04331,0.0
3.7786E+03,-0.000999,0.025871,0.04331,0.0
3.7787E+03,-0.002507,0.023307,0.04331,0.0
3.7788E+03,-0.004057,0.020671,0.04331,0.0
3.7789E+03,-0.005638,0.017983,0.04331,900.0
3.7790E+03,-0.007219,0.015296,0.04331,900.0
3.7791E+03,-0.008793,0.012619,0.04331,900.0
3.7792E+03,-0.010424,0.009847,0.04331,900.0
3.7793E+03,-0.011988,0.007187,0.04331,900.0
3.7794E+03,-0.013555,0.004523,0.04331,900.0
3.7795E+03,-0.014956,0.002141,0.04331,900.0
3.7796E+03,-0.016172,0.000073,0.04331,900.0
3.7798E+03,-0.016566,-0.000597,0.04331,900.0
3.7799E+03,-0.016557,-0.000731,0.04331,900.0
3.7800E+03,-0.016484,-0.001498,0.04331,900.0
3.7801E+03,-0.016281,-0.003021,0.04331,900.0
3.7802E+03,-0.015947,-0.004473,0.04331,900.0
3.7803E+03,-0.015466,-0.005951,0.04331,900.0
3.7804E+03,-0.014869,-0.007335,0.04331,900.0
3.7805E+03,-0.014160,-0.008639,0.04331,900.0
3.7806E+03,-0.013313,-0.009888,0.04331,900.0
3.7807E+03,-0.012362,-0.011044,0.04331,900.0
3.7808E+03,-0.011328,-0.012111,0.04331,900.0
3.7809E+03,-0.010218,-0.013055,0.04331,900.0
3.7810E+03,-0.008947,-0.013955,0.04331,900.0
3.7811E+03,-0.007593,-0.014739,0.04331,900.0
3.7812E+03,-0.006477,-0.015279,0.04331,900.0
3.7813E+03,-0.005381,-0.015700,0.04331,900.0
3.7814E+03,-0.004195,-0.016060,0.04331,900.0
3.7815E+03,-0.002687,-0.016375,0.04331,900.0
3.7816E+03,-0.001206,-0.016557,0.04331,900.0
3.7817E+03,-0.000208,-0.016598,0.04331,900.0
3.7818E+03,0.001299,-0.016546,0.04331,900.0
3.7819E+03,0.002805,-0.016348,0.04331,900.0
3.7820E+03,0.004269,-0.016026,0.04331,900.0
3.7821E+03,0.005672,-0.015584,0.04331,900.0
3.7822E+03,0.007066,-0.015000,0.04331,900.0
3.7823E+03,0.008231,-0.014402,0.04331,900.0
3.7824E+03,0.009207,-0.013784,0.04331,900.0
3.7825E+03,0.010412,-0.012911,0.04331,900.0
3.7826E+03,0.011518,-0.011932,0.04331,900.0
3.7827E+03,0.012604,-0.010774,0.04331,900.0
3.7828E+03,0.013538,-0.009580,0.04331,900.0
3.7829E+03,0.014260,-0.008465,0.04331,900.0
3.7830E+03,0.014946,-0.007141,0.04331,900.0
3.7831E+03,0.015522,-0.005783,0.04331,900.0
3.7832E+03,0.015986,-0.004310,0.04331,900.0
3.7833E+03,0.016296,-0.002987,0.04331,900.0
3.7834E+03,0.016465,-0.001767,0.04331,900.0
3.7835E+03,0.016545,-0.000416,0.04331,900.0
3.7836E+03,0.016517,0.001025,0.04331,900.0
3.7837E+03,0.016385,0.002381,0.04331,900.0
3.7838E+03,0.016169,0.003544,0.04331,900.0
3.7839E+03,0.015774,0.005031,0.04331,900.0
3.7840E+03,0.015272,0.006374,0.04331,900.0
3.7841E+03,0.014612,0.007755,0.04331,900.0
3.7842E+03,0.013822,0.009075,0.04331,900.0
3.7843E+03,0.012942,0.010276,0.04331,900.0
3.7844E+03,0.011937,0.011429,0.04331,900.0
3.7845E+03,0.010836,0.012470,0.04331,900.0
3.7846E+03,0.009780,0.013311,0.04331,900.0
3.7847E+03,0.008683,0.014065,0.04331,900.0
3.7848E+03,0.007742,0.014591,0.04331,900.0
3.7849E+03,0.006330,0.015268,0.04331,900.0
3.7850E+03,0.004996,0.015764,0.04331,900.0
3.7851E+03,0.003504,0.016152,0.04331,900.0
3.7852E+03,0.002055,0.016397,0.04331,900.0
3.7853E+03,0.000500,0.016518,0.04331,900.0
3.7854E+03,-0.000691,0.016512,0.04331,900.0
3.7855E+03,-0.001957,0.016400,0.04331,900.0
3.7856E+03,-0.003399,0.016158,0.04331,900.0
3.7857E+03,-0.004786,0.015806,0.04331,900.0
3.7858E+03,-0.005953,0.015417,0.04331,900.0
3.7859E+03,-0.007102,0.014911,0.04331,900.0
3.7860E+03,-0.008434,0.014207,0.04331,900.0
3.7861E+03,-0.009681,0.013394,0.04331,900.0
3.7862E+03,-0.010841,0.012483,0.04331,900.0
3.7863E+03,-0.011831,0.011558,0.04331,900.0
3.7864E+03,-0.012844,0.010407,0.04331,0.0
3.7865E+03,-0.013769,0.009153,0.04331,0.0
3.7866E+03,-0.014523,0.007907,0.04331,0.0
3.7867E+03,-0.015178,0.006550,0.04331,0.0
3.7868E+03,-0.015725,0.005112,0.04331,0.0
3.7869E+03,-0.016131,0.003662,0.04331,0.0
3.7870E+03,-0.016402,0.002176,0.04331,0.0
3.7871E+03,-0.016536,0.000675,0.04331,900.0
3.7872E+03,-0.016566,-0.000433,0.04331,900.0
3.7873E+03,-0.016566,-0.000597,0.04331,900.0
3.7874E+03,-0.016376,-0.000472,0.04331,900.0
3.7875E+03,-0.013734,0.001261,0.04331,900.0
3.7876E+03,-0.007770,0.005176,0.04331,900.0
3.7877E+03,-0.001722,0.009144,0.04331,900.0
3.7878E+03,-0.000079,0.010222,0.04331,900.0
3.7879E+03,0.000000,0.010274,0.04331,900.0
3.7880E+03,0.000231,0.010262,0.04331,900.0
3.7881E+03,0.001037,0.010179,0.04331,900.0
3.7882E+03,0.002521,0.009929,0.04331,900.0
3.7883E+03,0.003909,0.009471,0.04331,900.0
3.7884E+03,0.005287,0.008785,0.04331,900.0
3.7885E+03,0.006505,0.007943,0.04331,900.0
3.7886E+03,0.007608,0.006888,0.04331,900.0
3.7887E+03,0.008546,0.005702,0.04331,900.0
3.7888E+03,0.009283,0.004397,0.04331,900.0
3.7889E+03,0.009813,0.003007,0.04331,900.0
3.7890E+03,0.010148,0.001550,0.04331,900.0
3.7891E+03,0.010266,0.000022,0.04331,900.0
3.7892E+03,0.010159,-0.001519,0.04331,900.0
3.7893E+03,0.009844,-0.002976,0.04331,900.0
3.7894E+03,0.009316,-0.004355,0.04331,900.0
3.7895E+03,0.008572,-0.005703,0.04331,900.0
3.7896E+03,0.007649,-0.006907,0.04331,900.0
3.7897E+03,0.006568,-0.007948,0.04331,900.0
3.7898E+03,0.005489,-0.008745,0.04331,900.0
3.7899E+03,0.004218,-0.009413,0.04331,900.0
3.7900E+03,0.002817,-0.009913,0.04331,900.0
3.7901E+03,0.001339,-0.010228,0.04331,900.0
3.7902E+03,-0.000225,-0.010297,0.04331,900.0
3.7903E+03,-0.001723,-0.010164,0.04331,900.0
3.7904E+03,-0.003162,-0.009801,0.04331,900.0
3.7905E+03,-0.004570,-0.009243,0.04331,900.0
3.7906E+03,-0.005841,-0.008489,0.04331,900.0
3.7907E+03,-0.007006,-0.007554,0.04331,900.0
3.7908E+03,-0.008034,-0.006471,0.04331,900.0
3.7909E+03,-0.008928,-0.005161,0.04331,900.0
3.7910E+03,-0.009557,-0.003859,0.04331,900.0
3.7911E+03,-0.010014,-0.002435,0.04331,900.0
3.7912E+03,-0.010239,-0.000883,0.04331,900.0
3.7913E+03,-0.010261,0.000594,0.04331,900.0
3.7914E+03,-0.010047,0.002094,0.04331,900.0
3.7915E+03,-0.009669,0.003416,0.04331,900.0
3.7916E+03,-0.009081,0.004772,0.04331,0.0
3.7917E+03,-0.008308,0.006006,0.04331,0.0
3.7918E+03,-0.007319,0.007177,0.04331,0.0
3.7919E+03,-0.006154,0.008210,0.04331,0.0
3.7920E+03,-0.004889,0.009012,0.04331,900.0
3.7921E+03,-0.003542,0.009641,0.04331,900.0
3.7922E+03,-0.002160,0.010027,0.04331,900.0
3.7923E+03,-0.000611,0.010222,0.04331,900.0
3.7924E+03,-0.000059,0.010271,0.04331,900.0
3.7925E+03,0.000000,0.010274,0.04331,900.0
3.7926E+03,0.001326,0.010338,0.04331,900.0
3.7927E+03,0.006197,0.010570,0.04331,900.0
3.7928E+03,0.010066,0.010755,0.04331,900.0
3.7929E+03,0.010228,0.010763,0.04331,900.0
3.7930E+03,0.010227,0.010764,0.04331,900.0
3.7931E+03,0.010108,0.010868,0.04331,900.0
3.7932E+03,0.009550,0.011353,0.04331,900.0
3.7933E+03,0.008273,0.012303,0.04331,900.0
3.7934E+03,0.007010,0.013064,0.04331,900.0
3.7935E+03,0.005631,0.013705,0.04331,900.0
3.7936E+03,0.004255,0.014192,0.04331,900.0
3.7937E+03,0.002813,0.014546,0.04331,900.0
3.7938E+03,0.001262,0.014754,0.04331,900.0
3.7939E+03,-0.000277,0.014810,0.04331,900.0
3.7940E+03,-0.001545,0.014738,0.04331,900.0
3.7941E+03,-0.002649,0.014579,0.04331,900.0
3.7942E+03,-0.004085,0.014239,0.04331,900.0
3.7943E+03,-0.005500,0.013766,0.04331,900.0
3.7944E+03,-0.006879,0.013140,0.04331,900.0
3.7945E+03,-0.008183,0.012371,0.04331,900.0
3.7946E+03,-0.009411,0.011464,0.04331,900.0
3.7947E+03,-0.010553,0.010422,0.04331,900.0
3.7948E+03,-0.011537,0.009307,0.04331,900.0
3.7949E+03,-0.012287,0.008318,0.04331,900.0
3.7950E+03,-0.012907,0.007333,0.04331,900.0
3.7951E+03,-0.013471,0.006207,0.04331,900.0
3.7952E+03,-0.014036,0.004776,0.04331,900.0
3.7953E+03,-0.014445,0.003339,0.04331,900.0
3.7954E+03,-0.014727,0.001910,0.04331,900.0
3.7955E+03,-0.014856,0.000419,0.04331,900.0
3.7956E+03,-0.014830,-0.001053,0.04331,900.0
3.7957E+03,-0.014643,-0.002605,0.04331,900.0
3.7958E+03,-0.014305,-0.004046,0.04331,900.0
3.7959E+03,-0.013825,-0.005464,0.04331,900.0
3.7960E+03,-0.013209,-0.006820,0.04331,900.0
3.7961E+03,-0.012659,-0.007809,0.04331,900.0
3.7962E+03,-0.011952,-0.008843,0.04331,900.0
3.7963E+03,-0.011002,-0.009996,0.04331,900.0
3.7964E+03,-0.009943,-0.011067,0.04331,900.0
3.7965E+03,-0.008772,-0.012023,0.04331,900.0
3.7966E+03,-0.007691,-0.012750,0.04331,900.0
3.7967E+03,-0.006315,-0.013492,0.04331,900.0
3.7968E+03,-0.004915,-0.014058,0.04331,900.0
3.7969E+03,-0.003466,-0.014479,0.04331,900.0
3.7970E+03,-0.002259,-0.014724,0.04331,900.0
3.7971E+03,-0.001006,-0.014858,0.04331,900.0
3.7972E+03,0.000419,-0.014878,0.04331,900.0
3.7973E+03,0.001917,-0.014757,0.04331,900.0
3.7974E+03,0.003420,-0.014481,0.04331,900.0
3.7975E+03,0.004886,-0.014050,0.04331,900.0
3.7976E+03,0.006270,-0.013501,0.04331,900.0
3.7977E+03,0.007542,-0.012830,0.04331,900.0
3.7978E+03,0.008816,-0.011997,0.04331,900.0
3.7979E+03,0.009992,-0.011031,0.04331,900.0
3.7980E+03,0.011051,-0.009983,0.04331,900.0
3.7981E+03,0.011998,-0.008797,0.04331,900.0
3.7982E+03,0.012843,-0.007499,0.04331,900.0
3.7983E+03,0.013455,-0.006315,0.04331,900.0
3.7984E+03,0.014007,-0.004903,0.04331,900.0
3.7985E+03,0.014433,-0.003438,0.04331,900.0
3.7986E+03,0.014719,-0.001995,0.04331,900.0
3.7987E+03,0.014843,-0.000545,0.04331,900.0
3.7988E+03,0.014811,0.000975,0.04331,0.0
3.7989E+03,0.014636,0.002531,0.04331,0.0
3.7990E+03,0.014295,0.004011,0.04331,0.0
3.7991E+03,0.013820,0.005454,0.04331,0.0
3.7992E+03,0.013192,0.006792,0.04331,900.0
3.7993E+03,0.012453,0.008076,0.04331,900.0
3.7994E+03,0.011603,0.009239,0.04331,900.0
3.7995E+03,0.010627,0.010338,0.04331,900.0
3.7996E+03,0.010243,0.010748,0.04331,900.0
3.7997E+03,0.010228,0.010763,0.04331,900.0
3.7998E+03,0.008470,0.010972,0.04331,900.0
3.7999E+03,0.003962,0.011506,0.04331,900.0
3.8000E+03,0.000002,0.011976,0.04331,900.0
3.8001E+03,0.000000,0.011976,0.04331,900.0
3.8002E+03,0.000042,0.011974,0.04331,900.0
3.8003E+03,0.000748,0.011937,0.04331,900.0
3.8004E+03,0.002190,0.011750,0.04331,900.0
3.8005E+03,0.003639,0.011387,0.04331,900.0
3.8006E+03,0.005037,0.010832,0.04331,900.0
3.8007E+03,0.006355,0.010108,0.04331,900.0
3.8008E+03,0.007596,0.009209,0.04331,900.0
3.8009E+03,0.008709,0.008195,0.04331,900.0
3.8010E+03,0.009656,0.007053,0.04331,900.0
3.8011E+03,0.010485,0.005753,0.04331,900.0
3.8012E+03,0.011132,0.004386,0.04331,900.0
3.8013E+03,0.011611,0.002946,0.04331,900.0
3.8014E+03,0.011896,0.001524,0.04331,900.0
3.8015E+03,0.012007,-0.000036,0.04331,900.0
3.8016E+03,0.011905,-0.001518,0.04331,900.0
3.8017E+03,0.011621,-0.002946,0.04331,900.0
3.8018E+03,0.011214,-0.004235,0.04331,900.0
3.8019E+03,0.010572,-0.005646,0.04331,900.0
3.8020E+03,0.009795,-0.006937,0.04331,900.0
3.8021E+03,0.008853,-0.008096,0.04331,900.0
3.8022E+03,0.007752,-0.009168,0.04331,900.0
3.8023E+03,0.006567,-0.010048,0.04331,900.0
3.8024E+03,0.005274,-0.010798,0.04331,900.0
3.8025E+03,0.003865,-0.011394,0.04331,900.0
3.8026E+03,0.002374,-0.011798,0.04331,900.0
3.8027E+03,0.000933,-0.011982,0.04331,900.0
3.8028E+03,-0.000517,-0.012009,0.04331,900.0
3.8029E+03,-0.002035,-0.011842,0.04331,900.0
3.8030E+03,-0.003504,-0.011490,0.04331,900.0
3.8031E+03,-0.004929,-0.010947,0.04331,900.0
3.8032E+03,-0.006275,-0.010227,0.04331,900.0
3.8033E+03,-0.007512,-0.009358,0.04331,900.0
3.8034E+03,-0.008626,-0.008344,0.04331,900.0
3.8035E+03,-0.009522,-0.007328,0.04331,900.0
3.8036E+03,-0.010346,-0.006098,0.04331,900.0
3.8037E+03,-0.011002,-0.004807,0.04331,900.0
3.8038E+03,-0.011541,-0.003294,0.04331,900.0
3.8039E+03,-0.011853,-0.001831,0.04331,900.0
3.8040E+03,-0.011978,-0.000366,0.04331,900.0
3.8041E+03,-0.011923,0.001137,0.04331,900.0
3.8042E+03,-0.011676,0.002625,0.04331,900.0
3.8043E+03,-0.011230,0.004088,0.04331,900.0
3.8044E+03,-0.010638,0.005482,0.04331,900.0
3.8045E+03,-0.009880,0.006745,0.04331,900.0
3.8046E+03,-0.008962,0.007916,0.04331,0.0
3.8047E+03,-0.007903,0.008968,0.04331,0.0
3.8048E+03,-0.006708,0.009887,0.04331,0.0
3.8049E+03,-0.005368,0.010694,0.04331,0.0
3.8050E+03,-0.003991,0.011285,0.04331,0.0
3.8051E+03,-0.002565,0.011678,0.04331,0.0
3.8052E+03,-0.001203,0.011877,0.04331,0.0
3.8053E+03,-0.000270,0.011962,0.04331,0.0
3.8055E+03,0.000000,0.011976,0.04331,0.0
3.8056E+03,0.000000,0.011977,0.04331,0.0
3.8057E+03,0.000000,0.011978,0.04331,0.0
3.8058E+03,0.000000,0.011979,0.04331,0.0
3.8059E+03,0.000000,0.011980,0.04331,0.0
3.8060E+03,0.000000,0.011982,0.04331,0.0
3.8061E+03,0.000000,0.011983,0.04331,0.0
3.8062E+03,0.000000,0.011984,0.04331,0.0
3.8063E+03,0.000000,0.011985,0.04331,0.0
3.8064E+03,0.000000,0.011986,0.04331,0.0
3.8065E+03,0.000000,0.011987,0.04331,0.0
3.8066E+03,0.000000,0.011988,0.04331,0.0
3.8067E+03,0.000000,0.011989,0.04331,0.0
3.8068E+03,0.000000,0.011990,0.04331,0.0
3.8069E+03,0.000000,0.011992,0.04331,0.0
3.8070E+03,0.000000,0.011993,0.04331,0.0
3.8071E+03,0.000000,0.011994,0.04331,0.0
3.8072E+03,0.000000,0.011995,0.04331,0.0
3.8074E+03,0.000000,0.011997,0.04331,0.0
3.8075E+03,0.000000,0.011998,0.04331,0.0
3.8076E+03,0.000000,0.012000,0.04331,0.0
3.8077E+03,0.000000,0.012075,0.04331,0.0
3.8078E+03,0.000000,0.012052,0.04331,0.0
3.8079E+03,0.000000,0.012003,0.04331,0.0
3.8080E+03,0.000000,0.012004,0.04331,0.0
3.8081E+03,0.000000,0.012005,0.04331,0.0
3.8082E+03,0.000000,0.012007,0.04331,0.0
3.8083E+03,0.000000,0.012008,0.04331,0.0
3.8084E+03,0.000000,0.012009,0.04331,0.0
3.8085E+03,0.000000,0.012010,0.04331,0.0
3.8086E+03,0.000000,0.012011,0.04331,0.0
3.8087E+03,0.000000,0.012012,0.04331,0.0
3.8088E+03,0.000000,-0.003581,0.04331,0.0
3.8089E+03,-0.000001,-0.003581,0.04331,0.0
3.8090E+03,-0.000728,-0.003612,0.04331,0.0
3.8091E+03,-0.002163,-0.003672,0.04331,0.0
3.8092E+03,-0.003808,-0.003741,0.04331,0.0
3.8093E+03,-0.005528,-0.003813,0.04331,0.0
3.8094E+03,-0.007186,-0.003883,0.04331,0.0
3.8095E+03,-0.008812,-0.003951,0.04331,0.0
3.8096E+03,-0.010482,-0.004021,0.04331,0.0
3.8097E+03,-0.012102,-0.004089,0.04331,0.0
3.8098E+03,-0.013811,-0.004161,0.04331,0.0
3.8099E+03,-0.015454,-0.004230,0.04331,0.0
3.8100E+03,-0.016068,-0.004256,0.04331,0.0
