3.9672E+03,0.011092,0.022990,0.04544,0.0
3.9673E+03,0.011092,0.022988,0.04544,0.0
3.9674E+03,0.011092,0.022987,0.04544,0.0
3.9675E+03,0.011092,0.022985,0.04544,0.0
3.9676E+03,0.011092,0.022983,0.04544,0.0
3.9677E+03,0.011092,0.022981,0.04544,0.0
3.9678E+03,0.011092,0.022980,0.04544,0.0
3.9679E+03,0.011092,0.022978,0.04544,0.0
3.9680E+03,0.011092,0.022977,0.04544,0.0
3.9681E+03,0.011092,0.022975,0.04544,0.0
3.9682E+03,0.011092,0.022973,0.04544,0.0
3.9683E+03,0.011092,0.022971,0.04544,0.0
3.9684E+03,0.011092,0.022970,0.04544,0.0
3.9685E+03,0.011092,0.022968,0.04544,0.0
3.9686E+03,0.011092,0.022967,0.04544,0.0
3.9687E+03,0.011092,0.022965,0.04544,0.0
3.9688E+03,0.011092,0.022963,0.04544,0.0
3.9689E+03,0.011092,0.022961,0.04544,0.0
3.9690E+03,0.011092,0.022960,0.04544,0.0
3.9691E+03,0.011092,0.022958,0.04544,0.0
3.9692E+03,0.011092,0.022956,0.04544,0.0
3.9695E+03,0.011092,0.022955,0.04544,0.0
3.9696E+03,0.010857,0.022767,0.04544,0.0
3.9697E+03,0.008669,0.021020,0.04544,0.0
3.9698E+03,0.005996,0.018887,0.04544,0.0
3.9699E+03,0.003335,0.016762,0.04544,0.0
3.9700E+03,0.000754,0.014703,0.04544,900.0
3.9701E+03,-0.001908,0.012577,0.04544,900.0
3.9702E+03,-0.004573,0.010450,0.04544,900.0
3.9703E+03,-0.007142,0.008399,0.04544,900.0
3.9704E+03,-0.009788,0.006287,0.04544,900.0
3.9705E+03,-0.012436,0.004173,0.04544,900.0
3.9706E+03,-0.014944,0.002171,0.04544,900.0
3.9707E+03,-0.016925,0.000589,0.04544,900.0
3.9708E+03,-0.016932,0.000585,0.04544,900.0
3.9709E+03,-0.016932,0.000584,0.04544,900.0
3.9710E+03,-0.016932,0.000094,0.04544,900.0
3.9711E+03,-0.016882,-0.001160,0.04544,900.0
3.9712E+03,-0.016714,-0.002648,0.04544,900.0
3.9713E+03,-0.016458,-0.003953,0.04544,900.0
3.9714E+03,-0.016035,-0.005409,0.04544,900.0
3.9715E+03,-0.015477,-0.006880,0.04544,900.0
3.9716E+03,-0.014820,-0.008212,0.04544,900.0
3.9717E+03,-0.014076,-0.009439,0.04544,900.0
3.9718E+03,-0.013190,-0.010651,0.04544,900.0
3.9719E+03,-0.012152,-0.011836,0.04544,900.0
3.9720E+03,-0.011039,-0.012857,0.04544,900.0
3.9721E+03,-0.009913,-0.013748,0.04544,900.0
3.9722E+03,-0.008600,-0.014607,0.04544,900.0
3.9723E+03,-0.007268,-0.015311,0.04544,900.0
3.9724E+03,-0.005935,-0.015876,0.04544,900.0
3.9725E+03,-0.004500,-0.016341,0.04544,900.0
3.9726E+03,-0.002991,-0.016687,0.04544,900.0
3.9727E+03,-0.001499,-0.016888,0.04544,900.0
3.9728E+03,0.000020,-0.016957,0.04544,900.0
3.9729E+03,0.001536,-0.016891,0.04544,900.0
3.9730E+03,0.002862,-0.016727,0.04544,900.0
3.9731E+03,0.004292,-0.016409,0.04544,900.0
3.9732E+03,0.005723,-0.015958,0.04544,900.0
3.9733E+03,0.007114,-0.015394,0.04544,900.0
3.9734E+03,0.008475,-0.014673,0.04544,900.0
3.9735E+03,0.009746,-0.013861,0.04544,900.0
3.9736E+03,0.010936,-0.012942,0.04544,900.0
3.9737E+03,0.012053,-0.011914,0.04544,900.0
3.9738E+03,0.013042,-0.010809,0.04544,900.0
3.9739E+03,0.013940,-0.009624,0.04544,900.0
3.9740E+03,0.014771,-0.008308,0.04544,900.0
3.9741E+03,0.015460,-0.006938,0.04544,900.0
3.9742E+03,0.016009,-0.005545,0.04544,900.0
3.9743E+03,0.016419,-0.004153,0.04544,900.0
3.9744E+03,0.016729,-0.002645,0.04544,900.0
3.9745E+03,0.016882,-0.001154,0.04544,900.0
3.9746E+03,0.016911,0.000391,0.04544,900.0
3.9747E+03,0.016805,0.001904,0.04544,900.0
3.9748E+03,0.016606,0.003207,0.04544,900.0
3.9749E+03,0.016260,0.004628,0.04544,900.0
3.9750E+03,0.015777,0.006081,0.04544,900.0
3.9751E+03,0.015153,0.007515,0.04544,900.0
3.9752E+03,0.014433,0.008804,0.04544,900.0
3.9753E+03,0.013610,0.010036,0.04544,900.0
3.9754E+03,0.012663,0.011209,0.04544,900.0
3.9755E+03,0.011557,0.012324,0.04544,900.0
3.9756E+03,0.010406,0.013306,0.04544,900.0
3.9757E+03,0.009192,0.014168,0.04544,900.0
3.9758E+03,0.007895,0.014932,0.04544,900.0
3.9759E+03,0.006550,0.015559,0.04544,900.0
3.9760E+03,0.005173,0.016069,0.04544,900.0
3.9761E+03,0.003713,0.016469,0.04544,900.0
3.9762E+03,0.002204,0.016740,0.04544,900.0
3.9763E+03,0.000735,0.016869,0.04544,900.0
3.9764E+03,-0.000762,0.016870,0.04544,900.0
3.9765E+03,-0.002111,0.016771,0.04544,900.0
3.9766E+03,-0.003695,0.016483,0.04544,900.0
3.9767E+03,-0.005120,0.016091,0.04544,900.0
3.9768E+03,-0.006547,0.015569,0.04544,900.0
3.9769E+03,-0.007879,0.014938,0.04544,900.0
3.9770E+03,-0.009171,0.014174,0.04544,900.0
3.9771E+03,-0.010424,0.013287,0.04544,900.0
3.9772E+03,-0.011588,0.012297,0.04544,900.0
3.9773E+03,-0.012632,0.011215,0.04544,900.0
3.9774E+03,-0.013569,0.010070,0.04544,0.0
3.9775E+03,-0.014410,0.008838,0.04544,0.0
3.9776E+03,-0.015135,0.007559,0.04544,0.0
3.9777E+03,-0.015745,0.006186,0.04544,0.0
3.9778E+03,-0.016250,0.004703,0.04544,0.0
3.9779E+03,-0.016602,0.003277,0.04544,0.0
3.9780E+03,-0.016824,0.001795,0.04544,0.0
3.9781E+03,-0.016913,0.000840,0.04544,900.0
3.9782E+03,-0.016932,0.000584,0.04544,900.0
3.9783E+03,-0.016654,0.000637,0.04544,900.0
3.9784E+03,-0.013535,0.001225,0.04544,900.0
3.9785E+03,-0.006146,0.002620,0.04544,900.0
3.9786E+03,0.001161,0.004000,0.04544,900.0
3.9787E+03,0.007583,0.005212,0.04544,900.0
3.9789E+03,0.008346,0.005356,0.04544,900.0
3.9790E+03,0.008488,0.005125,0.04544,900.0
3.9791E+03,0.009076,0.003930,0.04544,900.0
3.9792E+03,0.009563,0.002560,0.04544,900.0
3.9793E+03,0.009834,0.001082,0.04544,900.0
3.9794E+03,0.009889,-0.000450,0.04544,900.0
3.9795E+03,0.009713,-0.001961,0.04544,900.0
3.9796E+03,0.009307,-0.003409,0.04544,900.0
3.9797E+03,0.008698,-0.004780,0.04544,900.0
3.9798E+03,0.007877,-0.006046,0.04544,900.0
3.9799E+03,0.007059,-0.007021,0.04544,900.0
3.9800E+03,0.005836,-0.008065,0.04544,900.0
3.9801E+03,0.004582,-0.008835,0.04544,900.0
3.9802E+03,0.003260,-0.009395,0.04544,900.0
3.9803E+03,0.001782,-0.009778,0.04544,900.0
3.9804E+03,0.000282,-0.009929,0.04544,900.0
3.9805E+03,-0.001192,-0.009863,0.04544,900.0
3.9806E+03,-0.002672,-0.009564,0.04544,900.0
3.9807E+03,-0.004102,-0.009046,0.04544,900.0
3.9808E+03,-0.005398,-0.008333,0.04544,900.0
3.9809E+03,-0.006586,-0.007442,0.04544,900.0
3.9810E+03,-0.007633,-0.006346,0.04544,900.0
3.9811E+03,-0.008548,-0.005082,0.04544,900.0
3.9812E+03,-0.009227,-0.003696,0.04544,900.0
3.9813E+03,-0.009672,-0.002289,0.04544,900.0
3.9814E+03,-0.009877,-0.000830,0.04544,900.0
3.9815E+03,-0.009885,0.000713,0.04544,900.0
3.9816E+03,-0.009698,0.002003,0.04544,900.0
3.9817E+03,-0.009260,0.003449,0.04544,900.0
3.9818E+03,-0.008638,0.004813,0.04544,900.0
3.9819E+03,-0.007823,0.006030,0.04544,900.0
3.9820E+03,-0.006798,0.007171,0.04544,900.0
3.9821E+03,-0.005665,0.008102,0.04544,900.0
3.9822E+03,-0.004313,0.008892,0.04544,900.0
3.9823E+03,-0.002956,0.009442,0.04544,900.0
3.9824E+03,-0.001450,0.009781,0.04544,0.0
3.9825E+03,0.000039,0.009885,0.04544,0.0
3.9826E+03,0.001507,0.009755,0.04544,0.0
3.9827E+03,0.003004,0.009399,0.04544,0.0
3.9828E+03,0.004424,0.008817,0.04544,0.0
3.9829E+03,0.005687,0.008071,0.04544,0.0
3.9830E+03,0.006836,0.007121,0.04544,0.0
3.9831E+03,0.007810,0.006059,0.04544,900.0
3.9832E+03,0.008342,0.005362,0.04544,900.0
3.9833E+03,0.008346,0.005356,0.04544,900.0
3.9834E+03,0.007941,0.005273,0.04544,900.0
3.9835E+03,0.003408,0.004345,0.04544,900.0
3.9836E+03,-0.003725,0.002884,0.04544,900.0
3.9837E+03,-0.011496,0.001292,0.04544,900.0
3.9838E+03,-0.014726,0.000631,0.04544,900.0
3.9839E+03,-0.015232,0.000527,0.04544,900.0
3.9840E+03,-0.015232,0.000484,0.04544,900.0
3.9841E+03,-0.015218,-0.000242,0.04544,900.0
3.9842E+03,-0.015124,-0.001674,0.04544,900.0
3.9843E+03,-0.014879,-0.003212,0.04544,900.0
3.9844E+03,-0.014491,-0.004677,0.04544,900.0
3.9845E+03,-0.013966,-0.006098,0.04544,900.0
3.9846E+03,-0.013299,-0.007448,0.04544,900.0
3.9847E+03,-0.012533,-0.008691,0.04544,900.0
3.9848E+03,-0.011636,-0.009869,0.04544,900.0
3.9849E+03,-0.010548,-0.011012,0.04544,900.0
3.9850E+03,-0.009425,-0.011988,0.04544,900.0
3.9851E+03,-0.008337,-0.012764,0.04544,900.0
3.9852E+03,-0.007056,-0.013513,0.04544,900.0
3.9853E+03,-0.005707,-0.014142,0.04544,900.0
3.9854E+03,-0.004257,-0.014639,0.04544,900.0
3.9855E+03,-0.002749,-0.015006,0.04544,900.0
3.9856E+03,-0.001283,-0.015204,0.04544,900.0
3.9857E+03,0.000176,-0.015255,0.04544,900.0
3.9858E+03,0.001754,-0.015167,0.04544,900.0
3.9859E+03,0.003235,-0.014916,0.04544,900.0
3.9860E+03,0.004656,-0.014532,0.04544,900.0
3.9861E+03,0.006059,-0.013998,0.04544,900.0
3.9862E+03,0.007422,-0.013324,0.04544,900.0
3.9863E+03,0.008667,-0.012544,0.04544,900.0
3.9864E+03,0.009840,-0.011638,0.04544,900.0
3.9865E+03,0.010961,-0.010585,0.04544,900.0
3.9866E+03,0.011957,-0.009444,0.04544,900.0
3.9867E+03,0.012821,-0.008220,0.04544,900.0
3.9868E+03,0.013538,-0.006998,0.04544,900.0
3.9869E+03,0.014153,-0.005655,0.04544,900.0
3.9870E+03,0.014634,-0.004255,0.04544,900.0
3.9871E+03,0.014984,-0.002733,0.04544,900.0
3.9872E+03,0.015165,-0.001230,0.04544,900.0
3.9873E+03,0.015215,0.000234,0.04544,900.0
3.9874E+03,0.015120,0.001716,0.04544,900.0
3.9875E+03,0.014870,0.003181,0.04544,900.0
3.9876E+03,0.014478,0.004639,0.04544,900.0
3.9877E+03,0.013940,0.006069,0.04544,900.0
3.9878E+03,0.013267,0.007408,0.04544,900.0
3.9879E+03,0.012473,0.008682,0.04544,900.0
3.9880E+03,0.011524,0.009912,0.04544,900.0
3.9881E+03,0.010525,0.010965,0.04544,900.0
3.9882E+03,0.009389,0.011960,0.04544,900.0
3.9883E+03,0.008158,0.012820,0.04544,900.0
3.9884E+03,0.006865,0.013557,0.04544,900.0
3.9885E+03,0.005652,0.014121,0.04544,900.0
3.9886E+03,0.004153,0.014613,0.04544,900.0
3.9887E+03,0.002643,0.014945,0.04544,900.0
3.9888E+03,0.001191,0.015134,0.04544,900.0
3.9889E+03,-0.000303,0.015176,0.04544,900.0
3.9890E+03,-0.001858,0.015070,0.04544,900.0
3.9891E+03,-0.003297,0.014821,0.04544,900.0
3.9892E+03,-0.004792,0.014416,0.04544,900.0
3.9893E+03,-0.006175,0.013889,0.04544,900.0
3.9894E+03,-0.007522,0.013203,0.04544,900.0
3.9895E+03,-0.008813,0.012377,0.04544,900.0
3.9896E+03,-0.009975,0.011462,0.04544,900.0
3.9897E+03,-0.011058,0.010414,0.04544,900.0
3.9898E+03,-0.012024,0.009293,0.04544,0.0
3.9899E+03,-0.012897,0.008032,0.04544,0.0
3.9900E+03,-0.013633,0.006723,0.04544,0.0
3.9901E+03,-0.014227,0.005351,0.04544,0.0
3.9902E+03,-0.014665,0.004040,0.04544,0.0
3.9903E+03,-0.014994,0.002641,0.04544,0.0
3.9904E+03,-0.015182,0.001215,0.04544,900.0
3.9905E+03,-0.015230,0.000550,0.04544,900.0
3.9906E+03,-0.015232,0.000527,0.04544,900.0
3.9907E+03,-0.014368,0.000728,0.04544,900.0
3.9908E+03,-0.008347,0.002131,0.04544,900.0
3.9909E+03,-0.000660,0.003921,0.04544,900.0
3.9910E+03,0.006423,0.005570,0.04544,900.0
3.9911E+03,0.009614,0.006314,0.04544,900.0
3.9912E+03,0.009732,0.006341,0.04544,900.0
3.9913E+03,0.009813,0.006212,0.04544,900.0
3.9914E+03,0.010135,0.005637,0.04544,900.0
3.9915E+03,0.010765,0.004316,0.04544,900.0
3.9916E+03,0.011252,0.002870,0.04544,900.0
3.9917E+03,0.011561,0.001355,0.04544,900.0
3.9918E+03,0.011634,-0.000139,0.04544,900.0
3.9919E+03,0.011519,-0.001467,0.04544,900.0
3.9920E+03,0.011230,-0.002952,0.04544,900.0
3.9921E+03,0.010762,-0.004394,0.04544,900.0
3.9922E+03,0.010113,-0.005732,0.04544,900.0
3.9923E+03,0.009287,-0.006989,0.04544,900.0
3.9924E+03,0.008281,-0.008159,0.04544,900.0
3.9925E+03,0.007147,-0.009189,0.04544,900.0
3.9926E+03,0.005936,-0.010033,0.04544,900.0
3.9927E+03,0.004648,-0.010703,0.04544,900.0
3.9928E+03,0.003148,-0.011225,0.04544,900.0
3.9929E+03,0.001753,-0.011529,0.04544,900.0
3.9930E+03,0.000230,-0.011659,0.04544,900.0
3.9931E+03,-0.001229,-0.011589,0.04544,900.0
3.9932E+03,-0.002761,-0.011309,0.04544,900.0
3.9933E+03,-0.004202,-0.010851,0.04544,900.0
3.9934E+03,-0.005556,-0.010237,0.04544,900.0
3.9935E+03,-0.006837,-0.009413,0.04544,900.0
3.9936E+03,-0.007900,-0.008540,0.04544,900.0
3.9937E+03,-0.008916,-0.007470,0.04544,900.0
3.9938E+03,-0.009792,-0.006283,0.04544,900.0
3.9939E+03,-0.010527,-0.004987,0.04544,900.0
3.9940E+03,-0.011085,-0.003549,0.04544,900.0
3.9941E+03,-0.011438,-0.002091,0.04544,900.0
3.9942E+03,-0.011601,-0.000612,0.04544,900.0
3.9943E+03,-0.011584,0.000907,0.04544,900.0
3.9944E+03,-0.011344,0.002431,0.04544,900.0
3.9945E+03,-0.010937,0.003835,0.04544,900.0
3.9946E+03,-0.010360,0.005184,0.04544,900.0
3.9947E+03,-0.009601,0.006498,0.04544,900.0
3.9948E+03,-0.008674,0.007682,0.04544,900.0
3.9949E+03,-0.007603,0.008734,0.04544,900.0
3.9950E+03,-0.006386,0.009664,0.04544,900.0
3.9951E+03,-0.005091,0.010409,0.04544,900.0
3.9952E+03,-0.003744,0.010985,0.04544,900.0
3.9953E+03,-0.002450,0.011323,0.04544,900.0
3.9954E+03,-0.000909,0.011538,0.04544,900.0
3.9955E+03,0.000584,0.011557,0.04544,900.0
3.9956E+03,0.002068,0.011398,0.04544,0.0
3.9957E+03,0.003559,0.011007,0.04544,0.0
3.9958E+03,0.004977,0.010443,0.04544,0.0
3.9959E+03,0.006274,0.009724,0.04544,0.0
3.9960E+03,0.007480,0.008847,0.04544,0.0
3.9961E+03,0.008573,0.007803,0.04544,900.0
3.9962E+03,0.009436,0.006758,0.04544,900.0
3.9964E+03,0.009732,0.006341,0.04544,900.0
3.9965E+03,0.008384,0.006001,0.04544,900.0
3.9966E+03,0.002048,0.004402,0.04544,900.0
3.9967E+03,-0.005568,0.002481,0.04544,900.0
3.9968E+03,-0.011505,0.000983,0.04544,900.0
3.9969E+03,-0.013531,0.000472,0.04544,900.0
3.9970E+03,-0.013532,0.000471,0.04544,900.0
3.9971E+03,-0.013532,0.000169,0.04544,900.0
3.9972E+03,-0.013496,-0.000820,0.04544,900.0
3.9973E+03,-0.013325,-0.002335,0.04544,900.0
3.9974E+03,-0.013000,-0.003780,0.04544,900.0
3.9975E+03,-0.012505,-0.005216,0.04544,900.0
3.9976E+03,-0.011822,-0.006602,0.04544,900.0
3.9977E+03,-0.011005,-0.007889,0.04544,900.0
3.9978E+03,-0.010060,-0.009066,0.04544,900.0
3.9979E+03,-0.009023,-0.010090,0.04544,900.0
3.9980E+03,-0.007826,-0.011047,0.04544,900.0
3.9981E+03,-0.006514,-0.011871,0.04544,900.0
3.9982E+03,-0.005184,-0.012514,0.04544,900.0
3.9983E+03,-0.003788,-0.013007,0.04544,900.0
3.9984E+03,-0.002288,-0.013361,0.04544,900.0
3.9985E+03,-0.000817,-0.013526,0.04544,900.0
3.9986E+03,0.000656,-0.013546,0.04544,900.0
3.9987E+03,0.002192,-0.013394,0.04544,900.0
3.9988E+03,0.003520,-0.013087,0.04544,900.0
3.9989E+03,0.004982,-0.012605,0.04544,900.0
3.9990E+03,0.006319,-0.011981,0.04544,900.0
3.9991E+03,0.007582,-0.011221,0.04544,900.0
3.9992E+03,0.008765,-0.010316,0.04544,900.0
3.9993E+03,0.009867,-0.009267,0.04544,900.0
3.9994E+03,0.010840,-0.008105,0.04544,900.0
3.9995E+03,0.011654,-0.006877,0.04544,900.0
3.9996E+03,0.012349,-0.005548,0.04544,900.0
3.9997E+03,0.012880,-0.004135,0.04544,900.0
3.9998E+03,0.013284,-0.002595,0.04544,900.0
3.9999E+03,0.013491,-0.001100,0.04544,900.0
4.0000E+03,0.013516,0.000338,0.04544,900.0
4.0001E+03,0.013381,0.001865,0.04544,900.0
4.0002E+03,0.013097,0.003310,0.04544,900.0
4.0003E+03,0.012623,0.004777,0.04544,900.0
4.0004E+03,0.011990,0.006185,0.04544,900.0
4.0005E+03,0.011314,0.007353,0.04544,900.0
4.0006E+03,0.010438,0.008542,0.04544,900.0
4.0007E+03,0.009433,0.009643,0.04544,900.0
4.0008E+03,0.008281,0.010658,0.04544,900.0
4.0009E+03,0.007048,0.011505,0.04544,900.0
4.0010E+03,0.005767,0.012204,0.04544,900.0
4.0011E+03,0.004387,0.012759,0.04544,900.0
4.0012E+03,0.002896,0.013172,0.04544,900.0
4.0013E+03,0.001408,0.013405,0.04544,900.0
4.0014E+03,-0.000097,0.013479,0.04544,900.0
4.0015E+03,-0.001571,0.013380,0.04544,900.0
4.0016E+03,-0.003062,0.013120,0.04544,900.0
4.0017E+03,-0.004534,0.012690,0.04544,900.0
4.0018E+03,-0.005910,0.012117,0.04544,900.0
4.0019E+03,-0.007207,0.011394,0.04544,900.0
4.0020E+03,-0.008463,0.010510,0.04544,900.0
4.0021E+03,-0.009598,0.009496,0.04544,0.0
4.0022E+03,-0.010518,0.008476,0.04544,0.0
4.0023E+03,-0.011362,0.007301,0.04544,0.0
4.0024E+03,-0.012123,0.005943,0.04544,0.0
4.0025E+03,-0.012695,0.004601,0.04544,0.0
4.0026E+03,-0.013139,0.003121,0.04544,0.0
4.0027E+03,-0.013404,0.001677,0.04544,900.0
4.0028E+03,-0.013512,0.000747,0.04544,900.0
4.0029E+03,-0.013532,0.000471,0.04544,900.0
4.0030E+03,-0.012850,0.000662,0.04544,900.0
4.0031E+03,-0.009664,0.001554,0.04544,900.0
4.0032E+03,-0.002302,0.003613,0.04544,900.0
4.0033E+03,0.004834,0.005610,0.04544,900.0
4.0034E+03,0.010686,0.007248,0.04544,900.0
4.0035E+03,0.011091,0.007361,0.04544,900.0
4.0036E+03,0.011092,0.007361,0.04544,900.0
4.0037E+03,0.011397,0.006871,0.04544,900.0
4.0038E+03,0.011972,0.005779,0.04544,900.0
4.0039E+03,0.012487,0.004559,0.04544,900.0
4.0040E+03,0.012923,0.003102,0.04544,900.0
4.0041E+03,0.013207,0.001602,0.04544,900.0
4.0042E+03,0.013309,0.000116,0.04544,900.0
4.0043E+03,0.013243,-0.001448,0.04544,900.0
4.0044E+03,0.013018,-0.002908,0.04544,900.0
4.0045E+03,0.012620,-0.004376,0.04544,900.0
4.0046E+03,0.012065,-0.005723,0.04544,900.0
4.0047E+03,0.011329,-0.007048,0.04544,900.0
4.0048E+03,0.010439,-0.008297,0.04544,900.0
4.0049E+03,0.009433,-0.009427,0.04544,900.0
4.0050E+03,0.008314,-0.010421,0.04544,900.0
4.0051E+03,0.007096,-0.011285,0.04544,900.0
4.0052E+03,0.005776,-0.012021,0.04544,900.0
4.0053E+03,0.004388,-0.012614,0.04544,900.0
4.0054E+03,0.002966,-0.013052,0.04544,900.0
4.0055E+03,0.001458,-0.013282,0.04544,900.0
4.0056E+03,0.000162,-0.013372,0.04544,900.0
4.0057E+03,-0.001330,-0.013309,0.04544,900.0
4.0058E+03,-0.002807,-0.013068,0.04544,900.0
4.0059E+03,-0.004274,-0.012651,0.04544,900.0
4.0060E+03,-0.005699,-0.012064,0.04544,900.0
4.0061E+03,-0.007026,-0.011340,0.04544,900.0
4.0062E+03,-0.008239,-0.010480,0.04544,900.0
4.0063E+03,-0.009349,-0.009502,0.04544,900.0
4.0064E+03,-0.010368,-0.008365,0.04544,900.0
4.0065E+03,-0.011282,-0.007100,0.04544,900.0
4.0066E+03,-0.012007,-0.005791,0.04544,900.0
4.0067E+03,-0.012604,-0.004429,0.04544,900.0
4.0068E+03,-0.012988,-0.003048,0.04544,900.0
4.0069E+03,-0.013256,-0.001558,0.04544,900.0
4.0070E+03,-0.013327,-0.000037,0.04544,900.0
4.0071E+03,-0.013253,0.001448,0.04544,900.0
4.0072E+03,-0.012980,0.002932,0.04544,900.0
4.0073E+03,-0.012545,0.004379,0.04544,900.0
4.0074E+03,-0.012045,0.005624,0.04544,900.0
4.0075E+03,-0.011313,0.006961,0.04544,900.0
4.0076E+03,-0.010428,0.008228,0.04544,900.0
4.0077E+03,-0.009447,0.009345,0.04544,900.0
4.0078E+03,-0.008325,0.010370,0.04544,900.0
4.0079E+03,-0.007092,0.011252,0.04544,900.0
4.0080E+03,-0.005806,0.011983,0.04544,900.0
4.0081E+03,-0.004360,0.012563,0.04544,900.0
4.0082E+03,-0.002913,0.012969,0.04544,900.0
4.0083E+03,-0.001464,0.013197,0.04544,900.0
4.0084E+03,0.000017,0.013275,0.04544,900.0
4.0085E+03,0.001551,0.013178,0.04544,900.0
4.0086E+03,0.003041,0.012914,0.04544,0.0
4.0087E+03,0.004465,0.012519,0.04544,0.0
4.0088E+03,0.005823,0.011957,0.04544,0.0
4.0089E+03,0.007118,0.011213,0.04544,0.0
4.0090E+03,0.008371,0.010328,0.04544,0.0
4.0091E+03,0.009416,0.009412,0.04544,0.0
4.0092E+03,0.010377,0.008348,0.04544,0.0
4.0093E+03,0.011019,0.007464,0.04544,0.0
4.0095E+03,0.011092,0.007361,0.04544,0.0
4.0096E+03,0.011092,0.007362,0.04544,0.0
4.0097E+03,0.011092,0.007364,0.04544,0.0
4.0098E+03,0.011092,0.007365,0.04544,0.0
4.0099E+03,0.011092,0.007366,0.04544,0.0
4.0100E+03,0.011092,0.007367,0.04544,0.0
4.0101E+03,0.011092,0.007368,0.04544,0.0
4.0102E+03,0.011092,0.007369,0.04544,0.0
4.0103E+03,0.011092,0.007370,0.04544,0.0
4.0104E+03,0.011092,0.007371,0.04544,0.0
4.0105E+03,0.011092,0.007372,0.04544,0.0
4.0106E+03,0.011092,0.007373,0.04544,0.0
4.0107E+03,0.011092,0.007375,0.04544,0.0
4.0108E+03,0.011092,0.007376,0.04544,0.0
4.0109E+03,0.011092,0.007377,0.04544,0.0
4.0110E+03,0.011092,0.007378,0.04544,0.0
4.0111E+03,0.011092,0.007379,0.04544,0.0
4.0112E+03,0.011092,0.007381,0.04544,0.0
4.0113E+03,0.011092,0.007382,0.04544,0.0
4.0114E+03,0.011092,0.007383,0.04544,0.0
4.0115E+03,0.011092,0.007385,0.04544,0.0
4.0116E+03,0.011092,0.007497,0.04544,0.0
4.0117E+03,0.011092,0.007404,0.04544,0.0
4.0118E+03,0.011092,0.007387,0.04544,0.0
4.0119E+03,0.011092,0.007388,0.04544,0.0
4.0120E+03,0.011092,0.007389,0.04544,0.0
4.0121E+03,0.011092,0.007391,0.04544,0.0
4.0122E+03,0.011092,0.007443,0.04544,0.0
4.0123E+03,0.011092,0.007468,0.04544,0.0
4.0124E+03,0.011092,0.007394,0.04544,0.0
4.0125E+03,0.011092,0.007395,0.04544,0.0
4.0126E+03,0.011092,0.007396,0.04544,0.0
4.0128E+03,0.011092,0.007397,0.04544,0.0
4.0129E+03,0.011092,-0.008196,0.04544,0.0
4.0130E+03,0.010934,-0.007535,0.04544,0.0
4.0131E+03,0.010479,-0.005633,0.04544,0.0
4.0132E+03,0.009910,-0.003254,0.04544,0.0
4.0133E+03,0.009326,-0.000813,0.04544,0.0
4.0134E+03,0.008735,0.001655,0.04544,0.0
4.0135E+03,0.008163,0.004047,0.04544,0.0
4.0136E+03,0.007595,0.006421,0.04544,0.0
4.0137E+03,0.007011,0.008862,0.04544,0.0
4.0138E+03,0.006404,0.011402,0.04544,0.0
4.0139E+03,0.005817,0.013854,0.04544,0.0
4.0140E+03,0.005334,0.015872,0.04544,0.0
4.0141E+03,0.005265,0.016161,0.04544,0.0
