1.0549E+03,-0.008371,0.005906,0.00923,0.0
1.0550E+03,-0.008371,0.005904,0.00923,0.0
1.0551E+03,-0.008371,0.005902,0.00923,0.0
1.0552E+03,-0.008371,0.005900,0.00923,0.0
1.0553E+03,-0.008371,0.005897,0.00923,0.0
1.0554E+03,-0.008371,0.005895,0.00923,0.0
1.0555E+03,-0.008371,0.005894,0.00923,0.0
1.0556E+03,-0.008371,0.005892,0.00923,0.0
1.0557E+03,-0.008371,0.005889,0.00923,0.0
1.0558E+03,-0.008371,0.005887,0.00923,0.0
1.0559E+03,-0.008371,0.005885,0.00923,0.0
1.0560E+03,-0.008371,0.005883,0.00923,0.0
1.0561E+03,-0.008371,0.005880,0.00923,0.0
1.0562E+03,-0.008371,0.005879,0.00923,0.0
1.0563E+03,-0.008371,0.005876,0.00923,0.0
1.0564E+03,-0.008371,0.005875,0.00923,0.0
1.0565E+03,-0.008371,0.005872,0.00923,0.0
1.0567E+03,-0.008371,0.005871,0.00923,0.0
1.0568E+03,-0.008085,0.005981,0.00923,0.0
1.0569E+03,-0.006767,0.006491,0.00923,0.0
1.0570E+03,-0.004765,0.007266,0.00923,0.0
1.0571E+03,-0.002804,0.008025,0.00923,900.0
1.0572E+03,-0.000892,0.008765,0.00923,900.0
1.0573E+03,0.001110,0.009540,0.00923,900.0
1.0574E+03,0.003057,0.010293,0.00923,900.0
1.0575E+03,0.005018,0.011052,0.00923,900.0
1.0576E+03,0.006969,0.011808,0.00923,900.0
1.0577E+03,0.008723,0.012486,0.00923,900.0
1.0578E+03,0.010529,0.013185,0.00923,900.0
1.0579E+03,0.011079,0.013398,0.00923,900.0
1.0580E+03,0.011141,0.013422,0.00923,900.0
1.0581E+03,0.011110,0.013446,0.00923,900.0
1.0582E+03,0.010539,0.013874,0.00923,900.0
1.0583E+03,0.009378,0.014679,0.00923,900.0
1.0584E+03,0.008078,0.015435,0.00923,900.0
1.0585E+03,0.006694,0.016084,0.00923,900.0
1.0586E+03,0.005293,0.016604,0.00923,900.0
1.0587E+03,0.003822,0.017009,0.00923,900.0
1.0588E+03,0.002335,0.017266,0.00923,900.0
1.0589E+03,0.000906,0.017401,0.00923,900.0
1.0590E+03,-0.000653,0.017404,0.00923,900.0
1.0591E+03,-0.002152,0.017284,0.00923,900.0
1.0592E+03,-0.003587,0.017041,0.00923,900.0
1.0593E+03,-0.005072,0.016654,0.00923,900.0
1.0594E+03,-0.006541,0.016143,0.00923,900.0
1.0595E+03,-0.007758,0.015598,0.00923,900.0
1.0596E+03,-0.009044,0.014888,0.00923,900.0
1.0597E+03,-0.010353,0.014023,0.00923,900.0
1.0598E+03,-0.011507,0.013099,0.00923,900.0
1.0599E+03,-0.012587,0.012071,0.00923,900.0
1.0600E+03,-0.013574,0.010943,0.00923,900.0
1.0601E+03,-0.014478,0.009697,0.00923,900.0
1.0602E+03,-0.015260,0.008440,0.00923,900.0
1.0603E+03,-0.015925,0.007101,0.00923,900.0
1.0604E+03,-0.016457,0.005752,0.00923,900.0
1.0605E+03,-0.016839,0.004540,0.00923,900.0
1.0606E+03,-0.017094,0.003516,0.00923,900.0
1.0607E+03,-0.017277,0.002400,0.00923,900.0
1.0608E+03,-0.017420,0.001045,0.00923,900.0
1.0609E+03,-0.017457,-0.000005,0.00923,900.0
1.0610E+03,-0.017415,-0.001256,0.00923,900.0
1.0611E+03,-0.017305,-0.002365,0.00923,900.0
1.0612E+03,-0.017108,-0.003502,0.00923,900.0
1.0613E+03,-0.016861,-0.004559,0.00923,900.0
1.0614E+03,-0.016515,-0.005682,0.00923,900.0
1.0615E+03,-0.016020,-0.006945,0.00923,900.0
1.0616E+03,-0.015359,-0.008303,0.00923,900.0
1.0617E+03,-0.014576,-0.009632,0.00923,900.0
1.0618E+03,-0.013690,-0.010853,0.00923,900.0
1.0619E+03,-0.012702,-0.012000,0.00923,900.0
1.0620E+03,-0.011636,-0.013048,0.00923,900.0
1.0621E+03,-0.010531,-0.013969,0.00923,900.0
1.0622E+03,-0.009261,-0.014845,0.00923,900.0
1.0623E+03,-0.007950,-0.015585,0.00923,900.0
1.0624E+03,-0.006599,-0.016197,0.00923,900.0
1.0625E+03,-0.005140,-0.016715,0.00923,900.0
1.0626E+03,-0.003661,-0.017098,0.00923,900.0
1.0627E+03,-0.002196,-0.017347,0.00923,900.0
1.0628E+03,-0.000671,-0.017470,0.00923,900.0
1.0629E+03,0.000710,-0.017471,0.00923,900.0
1.0630E+03,0.002205,-0.017348,0.00923,900.0
1.0631E+03,0.003688,-0.017097,0.00923,900.0
1.0632E+03,0.005092,-0.016736,0.00923,900.0
1.0633E+03,0.006512,-0.016238,0.00923,900.0
1.0634E+03,0.007936,-0.015599,0.00923,900.0
1.0635E+03,0.009198,-0.014866,0.00923,900.0
1.0636E+03,0.010419,-0.014041,0.00923,900.0
1.0637E+03,0.011621,-0.013055,0.00923,900.0
1.0638E+03,0.012699,-0.012002,0.00923,900.0
1.0639E+03,0.013682,-0.010859,0.00923,900.0
1.0640E+03,0.014574,-0.009623,0.00923,900.0
1.0641E+03,0.015343,-0.008352,0.00923,900.0
1.0642E+03,0.015985,-0.007030,0.00923,900.0
1.0643E+03,0.016537,-0.005595,0.00923,900.0
1.0644E+03,0.016968,-0.004129,0.00923,900.0
1.0645E+03,0.017262,-0.002661,0.00923,900.0
1.0646E+03,0.017414,-0.001361,0.00923,900.0
1.0647E+03,0.017451,0.000204,0.00923,900.0
1.0648E+03,0.017361,0.001692,0.00923,900.0
1.0649E+03,0.017146,0.003209,0.00923,900.0
1.0650E+03,0.016805,0.004668,0.00923,0.0
1.0651E+03,0.016342,0.006064,0.00923,0.0
1.0652E+03,0.015749,0.007467,0.00923,0.0
1.0653E+03,0.015033,0.008829,0.00923,0.0
1.0654E+03,0.014236,0.010059,0.00923,0.0
1.0655E+03,0.013323,0.011240,0.00923,0.0
1.0656E+03,0.012289,0.012366,0.00923,900.0
1.0657E+03,0.011266,0.013313,0.00923,900.0
1.0658E+03,0.011144,0.013419,0.00923,900.0
1.0659E+03,0.011141,0.013422,0.00923,900.0
1.0660E+03,0.009202,0.011111,0.00923,900.0
1.0661E+03,0.004850,0.005925,0.00923,900.0
1.0662E+03,-0.000087,0.000042,0.00923,900.0
1.0663E+03,-0.003883,-0.004482,0.00923,900.0
1.0665E+03,-0.006133,-0.007163,0.00923,900.0
1.0666E+03,-0.006264,-0.007042,0.00923,900.0
1.0667E+03,-0.006871,-0.006431,0.00923,900.0
1.0668E+03,-0.007817,-0.005244,0.00923,900.0
1.0669E+03,-0.008540,-0.003954,0.00923,900.0
1.0670E+03,-0.009065,-0.002479,0.00923,900.0
1.0671E+03,-0.009330,-0.001047,0.00923,900.0
1.0672E+03,-0.009373,0.000440,0.00923,900.0
1.0673E+03,-0.009167,0.001912,0.00923,900.0
1.0674E+03,-0.008732,0.003365,0.00923,900.0
1.0675E+03,-0.008079,0.004716,0.00923,900.0
1.0676E+03,-0.007216,0.005938,0.00923,900.0
1.0677E+03,-0.006163,0.007030,0.00923,900.0
1.0678E+03,-0.004954,0.007926,0.00923,900.0
1.0679E+03,-0.003629,0.008626,0.00923,900.0
1.0680E+03,-0.002336,0.009073,0.00923,900.0
1.0681E+03,-0.000816,0.009326,0.00923,900.0
1.0682E+03,0.000678,0.009330,0.00923,900.0
1.0683E+03,0.002134,0.009090,0.00923,900.0
1.0684E+03,0.003600,0.008624,0.00923,900.0
1.0685E+03,0.004909,0.007951,0.00923,900.0
1.0686E+03,0.006107,0.007068,0.00923,900.0
1.0687E+03,0.007160,0.006007,0.00923,900.0
1.0688E+03,0.008040,0.004778,0.00923,900.0
1.0689E+03,0.008730,0.003384,0.00923,900.0
1.0690E+03,0.009171,0.001975,0.00923,900.0
1.0691E+03,0.009371,0.000488,0.00923,900.0
1.0692E+03,0.009357,-0.000991,0.00923,900.0
1.0693E+03,0.009061,-0.002511,0.00923,900.0
1.0694E+03,0.008550,-0.003926,0.00923,900.0
1.0695E+03,0.007842,-0.005192,0.00923,900.0
1.0696E+03,0.006922,-0.006359,0.00923,900.0
1.0697E+03,0.005906,-0.007307,0.00923,900.0
1.0698E+03,0.004679,-0.008179,0.00923,900.0
1.0699E+03,0.003354,-0.008811,0.00923,0.0
1.0700E+03,0.001886,-0.009214,0.00923,0.0
1.0701E+03,0.000376,-0.009410,0.00923,0.0
1.0702E+03,-0.001088,-0.009357,0.00923,0.0
1.0703E+03,-0.002599,-0.009061,0.00923,900.0
1.0704E+03,-0.004026,-0.008525,0.00923,900.0
1.0705E+03,-0.005360,-0.007748,0.00923,900.0
1.0706E+03,-0.006019,-0.007252,0.00923,900.0
1.0707E+03,-0.006133,-0.007163,0.00923,900.0
1.0708E+03,-0.005890,-0.007298,0.00923,900.0
1.0709E+03,-0.001906,-0.009511,0.00923,900.0
1.0710E+03,0.003840,-0.012703,0.00923,900.0
1.0711E+03,0.006705,-0.014294,0.00923,900.0
1.0712E+03,0.006717,-0.014301,0.00923,900.0
1.0713E+03,0.006782,-0.014269,0.00923,900.0
1.0714E+03,0.007195,-0.014054,0.00923,900.0
1.0715E+03,0.008334,-0.013418,0.00923,900.0
1.0716E+03,0.009600,-0.012533,0.00923,900.0
1.0717E+03,0.010703,-0.011601,0.00923,900.0
1.0718E+03,0.011761,-0.010509,0.00923,900.0
1.0719E+03,0.012730,-0.009304,0.00923,900.0
1.0720E+03,0.013555,-0.008049,0.00923,900.0
1.0721E+03,0.014244,-0.006737,0.00923,900.0
1.0722E+03,0.014829,-0.005322,0.00923,900.0
1.0723E+03,0.015274,-0.003866,0.00923,900.0
1.0724E+03,0.015561,-0.002442,0.00923,900.0
1.0725E+03,0.015728,-0.000928,0.00923,900.0
1.0726E+03,0.015738,0.000631,0.00923,900.0
1.0727E+03,0.015614,0.002142,0.00923,900.0
1.0728E+03,0.015347,0.003565,0.00923,900.0
1.0729E+03,0.015051,0.004637,0.00923,900.0
1.0730E+03,0.014559,0.005975,0.00923,900.0
1.0731E+03,0.013926,0.007319,0.00923,900.0
1.0732E+03,0.013230,0.008499,0.00923,900.0
1.0733E+03,0.012338,0.009744,0.00923,900.0
1.0734E+03,0.011341,0.010893,0.00923,900.0
1.0735E+03,0.010243,0.011923,0.00923,900.0
1.0736E+03,0.009069,0.012842,0.00923,900.0
1.0737E+03,0.007780,0.013668,0.00923,900.0
1.0738E+03,0.006446,0.014345,0.00923,900.0
1.0739E+03,0.005084,0.014888,0.00923,900.0
1.0740E+03,0.003582,0.015310,0.00923,900.0
1.0741E+03,0.002168,0.015569,0.00923,900.0
1.0742E+03,0.000679,0.015702,0.00923,900.0
1.0743E+03,-0.000875,0.015682,0.00923,900.0
1.0744E+03,-0.002406,0.015524,0.00923,900.0
1.0745E+03,-0.003863,0.015231,0.00923,900.0
1.0746E+03,-0.005277,0.014802,0.00923,900.0
1.0747E+03,-0.006657,0.014236,0.00923,900.0
1.0748E+03,-0.007966,0.013556,0.00923,900.0
1.0749E+03,-0.009105,0.012824,0.00923,900.0
1.0750E+03,-0.010303,0.011897,0.00923,900.0
1.0751E+03,-0.011388,0.010857,0.00923,900.0
1.0752E+03,-0.012420,0.009655,0.00923,900.0
1.0753E+03,-0.013281,0.008443,0.00923,900.0
1.0754E+03,-0.014000,0.007168,0.00923,900.0
1.0755E+03,-0.014559,0.005970,0.00923,900.0
1.0756E+03,-0.014973,0.004853,0.00923,900.0
1.0757E+03,-0.015322,0.003578,0.00923,900.0
1.0758E+03,-0.015585,0.002302,0.00923,900.0
1.0759E+03,-0.015704,0.001131,0.00923,900.0
1.0760E+03,-0.015742,-0.000399,0.00923,900.0
1.0761E+03,-0.015661,-0.001834,0.00923,900.0
1.0762E+03,-0.015498,-0.002914,0.00923,900.0
1.0763E+03,-0.015172,-0.004314,0.00923,900.0
1.0764E+03,-0.014802,-0.005442,0.00923,900.0
1.0765E+03,-0.014340,-0.006554,0.00923,900.0
1.0766E+03,-0.013688,-0.007821,0.00923,900.0
1.0767E+03,-0.012943,-0.009006,0.00923,900.0
1.0768E+03,-0.012025,-0.010200,0.00923,900.0
1.0769E+03,-0.010995,-0.011300,0.00923,900.0
1.0770E+03,-0.009832,-0.012339,0.00923,900.0
1.0771E+03,-0.008637,-0.013206,0.00923,900.0
1.0772E+03,-0.007383,-0.013959,0.00923,900.0
1.0773E+03,-0.006032,-0.014597,0.00923,900.0
1.0774E+03,-0.004643,-0.015101,0.00923,0.0
1.0775E+03,-0.003070,-0.015497,0.00923,0.0
1.0776E+03,-0.001573,-0.015711,0.00923,0.0
1.0777E+03,-0.000113,-0.015787,0.00923,0.0
1.0778E+03,0.001346,-0.015729,0.00923,0.0
1.0779E+03,0.002876,-0.015513,0.00923,0.0
1.0780E+03,0.004340,-0.015175,0.00923,900.0
1.0781E+03,0.005705,-0.014714,0.00923,900.0
1.0782E+03,0.006635,-0.014338,0.00923,900.0
1.0783E+03,0.006717,-0.014301,0.00923,900.0
1.0784E+03,0.006364,-0.014153,0.00923,900.0
1.0785E+03,0.003571,-0.012981,0.00923,900.0
1.0786E+03,-0.003627,-0.009963,0.00923,900.0
1.0787E+03,-0.006702,-0.008674,0.00923,900.0
1.0788E+03,-0.007252,-0.008443,0.00923,900.0
1.0789E+03,-0.007255,-0.008440,0.00923,900.0
1.0790E+03,-0.007813,-0.007899,0.00923,900.0
1.0791E+03,-0.008719,-0.006857,0.00923,900.0
1.0792E+03,-0.009572,-0.005609,0.00923,900.0
1.0793E+03,-0.010249,-0.004262,0.00923,900.0
1.0794E+03,-0.010716,-0.002847,0.00923,900.0
1.0795E+03,-0.011004,-0.001397,0.00923,900.0
1.0796E+03,-0.011090,0.000100,0.00923,900.0
1.0797E+03,-0.010971,0.001645,0.00923,900.0
1.0798E+03,-0.010633,0.003165,0.00923,900.0
1.0799E+03,-0.010102,0.004567,0.00923,900.0
1.0800E+03,-0.009403,0.005827,0.00923,900.0
1.0801E+03,-0.008625,0.006911,0.00923,900.0
1.0802E+03,-0.007605,0.008016,0.00923,900.0
1.0803E+03,-0.006429,0.008983,0.00923,900.0
1.0804E+03,-0.005138,0.009779,0.00923,900.0
1.0805E+03,-0.003752,0.010388,0.00923,900.0
1.0806E+03,-0.002290,0.010814,0.00923,900.0
1.0807E+03,-0.000862,0.011020,0.00923,900.0
1.0808E+03,0.000700,0.011034,0.00923,900.0
1.0809E+03,0.002204,0.010849,0.00923,900.0
1.0810E+03,0.003643,0.010443,0.00923,900.0
1.0811E+03,0.004981,0.009867,0.00923,900.0
1.0812E+03,0.006256,0.009113,0.00923,900.0
1.0813E+03,0.007433,0.008177,0.00923,900.0
1.0814E+03,0.008508,0.007055,0.00923,900.0
1.0815E+03,0.009390,0.005842,0.00923,900.0
1.0816E+03,0.010086,0.004538,0.00923,900.0
1.0817E+03,0.010619,0.003120,0.00923,900.0
1.0818E+03,0.010933,0.001791,0.00923,900.0
1.0819E+03,0.011089,0.000295,0.00923,900.0
1.0820E+03,0.011044,-0.001191,0.00923,900.0
1.0821E+03,0.010788,-0.002629,0.00923,900.0
1.0822E+03,0.010291,-0.004167,0.00923,900.0
1.0823E+03,0.009625,-0.005529,0.00923,900.0
1.0824E+03,0.008829,-0.006735,0.00923,900.0
1.0825E+03,0.007858,-0.007846,0.00923,900.0
1.0826E+03,0.006701,-0.008850,0.00923,900.0
1.0827E+03,0.005448,-0.009687,0.00923,900.0
1.0828E+03,0.004125,-0.010313,0.00923,900.0
1.0829E+03,0.002701,-0.010780,0.00923,0.0
1.0830E+03,0.001188,-0.011055,0.00923,0.0
1.0831E+03,-0.000283,-0.011132,0.00923,0.0
1.0832E+03,-0.001811,-0.010988,0.00923,0.0
1.0833E+03,-0.003313,-0.010632,0.00923,0.0
1.0834E+03,-0.004740,-0.010062,0.00923,0.0
1.0835E+03,-0.005886,-0.009424,0.00923,0.0
1.0836E+03,-0.006913,-0.008705,0.00923,900.0
1.0837E+03,-0.007252,-0.008443,0.00923,900.0
1.0838E+03,-0.007234,-0.008410,0.00923,900.0
1.0839E+03,-0.006111,-0.006328,0.00923,900.0
1.0840E+03,-0.002831,-0.000251,0.00923,900.0
1.0841E+03,0.000856,0.006580,0.00923,900.0
1.0842E+03,0.003980,0.012369,0.00923,900.0
1.0845E+03,0.004483,0.013300,0.00923,900.0
1.0846E+03,0.003499,0.013581,0.00923,900.0
1.0847E+03,0.002087,0.013859,0.00923,900.0
1.0848E+03,0.000595,0.013996,0.00923,900.0
1.0849E+03,-0.000886,0.013982,0.00923,900.0
1.0850E+03,-0.002389,0.013801,0.00923,900.0
1.0851E+03,-0.003875,0.013461,0.00923,900.0
1.0852E+03,-0.005158,0.013031,0.00923,900.0
1.0853E+03,-0.006525,0.012412,0.00923,900.0
1.0854E+03,-0.007823,0.011644,0.00923,900.0
1.0855E+03,-0.009048,0.010729,0.00923,900.0
1.0856E+03,-0.010093,0.009748,0.00923,900.0
1.0857E+03,-0.011101,0.008583,0.00923,900.0
1.0858E+03,-0.011947,0.007349,0.00923,900.0
1.0859E+03,-0.012667,0.006035,0.00923,900.0
1.0860E+03,-0.013245,0.004622,0.00923,900.0
1.0861E+03,-0.013667,0.003148,0.00923,900.0
1.0862E+03,-0.013940,0.001651,0.00923,900.0
1.0863E+03,-0.014037,0.000146,0.00923,900.0
1.0864E+03,-0.013982,-0.001357,0.00923,900.0
1.0865E+03,-0.013767,-0.002832,0.00923,900.0
1.0866E+03,-0.013407,-0.004240,0.00923,900.0
1.0867E+03,-0.012900,-0.005638,0.00923,900.0
1.0868E+03,-0.012204,-0.007014,0.00923,900.0
1.0869E+03,-0.011479,-0.008142,0.00923,900.0
1.0870E+03,-0.010522,-0.009342,0.00923,900.0
1.0871E+03,-0.009467,-0.010409,0.00923,900.0
1.0872E+03,-0.008313,-0.011358,0.00923,900.0
1.0873E+03,-0.007038,-0.012186,0.00923,900.0
1.0874E+03,-0.005668,-0.012879,0.00923,900.0
1.0875E+03,-0.004261,-0.013424,0.00923,900.0
1.0876E+03,-0.002833,-0.013796,0.00923,900.0
1.0877E+03,-0.001296,-0.014031,0.00923,900.0
1.0878E+03,0.000211,-0.014091,0.00923,900.0
1.0879E+03,0.001668,-0.014001,0.00923,900.0
1.0880E+03,0.003117,-0.013747,0.00923,900.0
1.0881E+03,0.004627,-0.013300,0.00923,900.0
1.0882E+03,0.006008,-0.012738,0.00923,900.0
1.0883E+03,0.007318,-0.012027,0.00923,900.0
1.0884E+03,0.008572,-0.011159,0.00923,900.0
1.0885E+03,0.009698,-0.010195,0.00923,900.0
1.0886E+03,0.010609,-0.009235,0.00923,900.0
1.0887E+03,0.011547,-0.008032,0.00923,900.0
1.0888E+03,0.012365,-0.006704,0.00923,900.0
1.0889E+03,0.013005,-0.005386,0.00923,900.0
1.0890E+03,0.013504,-0.003964,0.00923,900.0
1.0891E+03,0.013850,-0.002462,0.00923,900.0
1.0892E+03,0.014018,-0.000979,0.00923,900.0
1.0893E+03,0.014036,0.000498,0.00923,900.0
1.0894E+03,0.013900,0.001974,0.00923,900.0
1.0895E+03,0.013609,0.003439,0.00923,900.0
1.0896E+03,0.013130,0.004920,0.00923,900.0
1.0897E+03,0.012536,0.006307,0.00923,900.0
1.0898E+03,0.011891,0.007449,0.00923,0.0
1.0899E+03,0.011143,0.008516,0.00923,0.0
1.0900E+03,0.010175,0.009648,0.00923,0.0
1.0901E+03,0.009084,0.010692,0.00923,0.0
1.0902E+03,0.007907,0.011595,0.00923,0.0
1.0903E+03,0.006750,0.012296,0.00923,0.0
1.0904E+03,0.005355,0.012958,0.00923,0.0
1.0905E+03,0.004637,0.013244,0.00923,900.0
1.0906E+03,0.004483,0.013300,0.00923,900.0
1.0907E+03,0.004233,0.012852,0.00923,900.0
1.0908E+03,0.001983,0.008823,0.00923,900.0
1.0909E+03,-0.001721,0.002188,0.00923,900.0
1.0910E+03,-0.005370,-0.004347,0.00923,900.0
1.0911E+03,-0.008111,-0.009257,0.00923,900.0
1.0912E+03,-0.008371,-0.009723,0.00923,900.0
1.0913E+03,-0.008398,-0.009699,0.00923,900.0
1.0914E+03,-0.008605,-0.009513,0.00923,900.0
1.0915E+03,-0.009673,-0.008412,0.00923,900.0
1.0916E+03,-0.010585,-0.007225,0.00923,900.0
1.0917E+03,-0.011371,-0.005899,0.00923,900.0
1.0918E+03,-0.011972,-0.004514,0.00923,900.0
1.0919E+03,-0.012414,-0.003086,0.00923,900.0
1.0920E+03,-0.012680,-0.001639,0.00923,900.0
1.0921E+03,-0.012777,-0.000292,0.00923,900.0
1.0922E+03,-0.012717,0.001262,0.00923,900.0
1.0923E+03,-0.012481,0.002770,0.00923,900.0
1.0924E+03,-0.012077,0.004227,0.00923,900.0
1.0925E+03,-0.011496,0.005608,0.00923,900.0
1.0926E+03,-0.010742,0.006909,0.00923,900.0
1.0927E+03,-0.009872,0.008106,0.00923,900.0
1.0928E+03,-0.008822,0.009219,0.00923,900.0
1.0929E+03,-0.007703,0.010166,0.00923,900.0
1.0930E+03,-0.006423,0.011007,0.00923,900.0
1.0931E+03,-0.005102,0.011684,0.00923,900.0
1.0932E+03,-0.003708,0.012194,0.00923,900.0
1.0933E+03,-0.002217,0.012554,0.00923,900.0
1.0934E+03,-0.000725,0.012724,0.00923,900.0
1.0935E+03,0.000766,0.012724,0.00923,900.0
1.0936E+03,0.002259,0.012553,0.00923,900.0
1.0937E+03,0.003696,0.012210,0.00923,900.0
1.0938E+03,0.005035,0.011724,0.00923,900.0
1.0939E+03,0.006389,0.011042,0.00923,900.0
1.0940E+03,0.007585,0.010259,0.00923,900.0
1.0941E+03,0.008760,0.009276,0.00923,900.0
1.0942E+03,0.009783,0.008200,0.00923,900.0
1.0943E+03,0.010680,0.006976,0.00923,900.0
1.0944E+03,0.011451,0.005639,0.00923,900.0
1.0945E+03,0.012031,0.004273,0.00923,900.0
1.0946E+03,0.012462,0.002838,0.00923,900.0
1.0947E+03,0.012717,0.001353,0.00923,900.0
1.0948E+03,0.012807,-0.000171,0.00923,900.0
1.0949E+03,0.012718,-0.001594,0.00923,900.0
1.0950E+03,0.012423,-0.003139,0.00923,900.0
1.0951E+03,0.011975,-0.004524,0.00923,900.0
1.0952E+03,0.011327,-0.005963,0.00923,900.0
1.0953E+03,0.010564,-0.007238,0.00923,900.0
1.0954E+03,0.009664,-0.008403,0.00923,900.0
1.0955E+03,0.008718,-0.009384,0.00923,900.0
1.0956E+03,0.007542,-0.010361,0.00923,900.0
1.0957E+03,0.006288,-0.011166,0.00923,900.0
1.0958E+03,0.004961,-0.011819,0.00923,900.0
1.0959E+03,0.003526,-0.012332,0.00923,900.0
1.0960E+03,0.002044,-0.012665,0.00923,0.0
1.0961E+03,0.000502,-0.012827,0.00923,0.0
1.0962E+03,-0.000962,-0.012792,0.00923,0.0
1.0963E+03,-0.002456,-0.012584,0.00923,0.0
1.0964E+03,-0.003942,-0.012191,0.00923,0.0
1.0965E+03,-0.005309,-0.011672,0.00923,0.0
1.0966E+03,-0.006593,-0.010981,0.00923,0.0
1.0967E+03,-0.007777,-0.010181,0.00923,0.0
1.0968E+03,-0.008363,-0.009730,0.00923,0.0
1.0969E+03,-0.008371,-0.009723,0.00923,0.0
1.0970E+03,-0.008371,-0.009722,0.00923,0.0
1.0971E+03,-0.008371,-0.009720,0.00923,0.0
1.0973E+03,-0.008371,-0.009718,0.00923,0.0
1.0974E+03,-0.008371,-0.009717,0.00923,0.0
1.0975E+03,-0.008371,-0.009715,0.00923,0.0
1.0976E+03,-0.008371,-0.009714,0.00923,0.0
1.0977E+03,-0.008371,-0.009713,0.00923,0.0
1.0978E+03,-0.008371,-0.009711,0.00923,0.0
1.0979E+03,-0.008371,-0.009710,0.00923,0.0
1.0980E+03,-0.008371,-0.009709,0.00923,0.0
1.0981E+03,-0.008371,-0.009708,0.00923,0.0
1.0982E+03,-0.008371,-0.009706,0.00923,0.0
1.0983E+03,-0.008371,-0.009705,0.00923,0.0
1.0984E+03,-0.008371,-0.009703,0.00923,0.0
1.0986E+03,-0.008371,-0.009701,0.00923,0.0
1.0987E+03,-0.008371,-0.009699,0.00923,0.0
1.0988E+03,-0.008371,-0.009698,0.00923,0.0
1.0989E+03,-0.008371,-0.009697,0.00923,0.0
1.0990E+03,-0.008371,-0.009696,0.00923,0.0
1.0991E+03,-0.008371,-0.009694,0.00923,0.0
1.0992E+03,-0.008371,-0.009692,0.00923,0.0
1.0994E+03,-0.008371,-0.009691,0.00923,0.0
1.0995E+03,-0.008371,-0.009688,0.00923,0.0
1.0997E+03,-0.008371,-0.009687,0.00923,0.0
1.0999E+03,-0.008371,-0.025280,0.00923,0.0
1.1000E+03,-0.008143,-0.024280,0.00923,0.0
1.1001E+03,-0.007468,-0.021320,0.00923,0.0
1.1002E+03,-0.006587,-0.017455,0.00923,0.0
1.1003E+03,-0.005697,-0.013553,0.00923,0.0
1.1004E+03,-0.004824,-0.009726,0.00923,0.0
1.1005E+03,-0.003952,-0.005903,0.00923,0.0
1.1006E+03,-0.003154,-0.002403,0.00923,0.0
1.1007E+03,-0.002274,0.001459,0.00923,0.0
1.1008E+03,-0.001415,0.005225,0.00923,0.0
1.1009E+03,-0.000534,0.009088,0.00923,0.0
1.1010E+03,0.000319,0.012826,0.00923,0.0
1.1011E+03,0.001088,0.016202,0.00923,0.0
1.1012E+03,0.001347,0.017336,0.00923,0.0
