5.3385E+03,0.012325,0.016113,0.05680,0.0
5.3387E+03,0.012325,0.016112,0.05680,0.0
5.3388E+03,0.012325,0.016111,0.05680,0.0
5.3389E+03,0.012325,0.016109,0.05680,0.0
5.3390E+03,0.012325,0.016108,0.05680,0.0
5.3391E+03,0.012325,0.016106,0.05680,0.0
5.3392E+03,0.012325,0.016104,0.05680,0.0
5.3393E+03,0.012325,0.016103,0.05680,0.0
5.3393E+03,0.012325,0.016102,0.05680,0.0
5.3394E+03,0.012325,0.016100,0.05680,0.0
5.3395E+03,0.012325,0.016098,0.05680,0.0
5.3396E+03,0.012325,0.016097,0.05680,0.0
5.3397E+03,0.012325,0.016095,0.05680,0.0
5.3398E+03,0.012325,0.016094,0.05680,0.0
5.3399E+03,0.012325,0.016092,0.05680,0.0
5.3400E+03,0.012325,0.016091,0.05680,0.0
5.3401E+03,0.012325,0.016089,0.05680,0.0
5.3402E+03,0.012325,0.016087,0.05680,0.0
5.3403E+03,0.012325,0.016086,0.05680,0.0
5.3405E+03,0.012325,0.016084,0.05680,0.0
5.3406E+03,0.012325,0.016083,0.05680,0.0
5.3407E+03,0.012325,0.016081,0.05680,0.0
5.3408E+03,0.012325,0.016080,0.05680,0.0
5.3410E+03,0.012325,0.016078,0.05680,0.0
5.3410E+03,0.012323,0.016077,0.05680,0.0
5.3411E+03,0.012261,0.016059,0.05680,0.0
5.3412E+03,0.011991,0.015978,0.05680,0.0
5.3413E+03,0.011692,0.015889,0.05680,900.0
5.3414E+03,0.011395,0.015801,0.05680,900.0
5.3415E+03,0.011107,0.015715,0.05680,900.0
5.3416E+03,0.010809,0.015626,0.05680,900.0
5.3417E+03,0.010510,0.015537,0.05680,900.0
5.3418E+03,0.010199,0.015444,0.05680,900.0
5.3419E+03,0.009896,0.015354,0.05680,900.0
5.3420E+03,0.009618,0.015271,0.05680,900.0
5.3422E+03,0.009444,0.015219,0.05680,900.0
5.3423E+03,0.009437,0.015217,0.05680,900.0
5.3424E+03,0.009427,0.015223,0.05680,900.0
5.3425E+03,0.009211,0.015344,0.05680,900.0
5.3426E+03,0.007955,0.016029,0.05680,900.0
5.3427E+03,0.006645,0.016612,0.05680,900.0
5.3428E+03,0.005203,0.017116,0.05680,900.0
5.3428E+03,0.003866,0.017459,0.05680,900.0
5.3429E+03,0.002373,0.017722,0.05680,900.0
5.3430E+03,0.000895,0.017851,0.05680,900.0
5.3431E+03,-0.000603,0.017866,0.05680,900.0
5.3432E+03,-0.002092,0.017761,0.05680,900.0
5.3433E+03,-0.003554,0.017524,0.05680,900.0
5.3434E+03,-0.005059,0.017151,0.05680,900.0
5.3435E+03,-0.006479,0.016669,0.05680,900.0
5.3436E+03,-0.007893,0.016067,0.05680,900.0
5.3437E+03,-0.009216,0.015345,0.05680,900.0
5.3439E+03,-0.010488,0.014495,0.05680,900.0
5.3440E+03,-0.011284,0.013892,0.05680,900.0
5.3441E+03,-0.012338,0.012954,0.05680,900.0
5.3442E+03,-0.013366,0.011891,0.05680,900.0
5.3443E+03,-0.014317,0.010731,0.05680,900.0
5.3444E+03,-0.015189,0.009461,0.05680,900.0
5.3445E+03,-0.015936,0.008135,0.05680,900.0
5.3445E+03,-0.016501,0.006943,0.05680,900.0
5.3446E+03,-0.016992,0.005678,0.05680,900.0
5.3447E+03,-0.017311,0.004592,0.05680,900.0
5.3448E+03,-0.017663,0.003065,0.05680,900.0
5.3449E+03,-0.017846,0.001629,0.05680,900.0
5.3450E+03,-0.017916,0.000094,0.05680,900.0
5.3451E+03,-0.017861,-0.001472,0.05680,900.0
5.3452E+03,-0.017684,-0.002932,0.05680,900.0
5.3453E+03,-0.017375,-0.004371,0.05680,900.0
5.3454E+03,-0.017028,-0.005615,0.05680,900.0
5.3455E+03,-0.016576,-0.006820,0.05680,900.0
5.3457E+03,-0.015953,-0.008176,0.05680,900.0
5.3458E+03,-0.015229,-0.009471,0.05680,900.0
5.3459E+03,-0.014380,-0.010735,0.05680,900.0
5.3460E+03,-0.013448,-0.011880,0.05680,900.0
5.3461E+03,-0.012405,-0.012977,0.05680,900.0
5.3462E+03,-0.011376,-0.013896,0.05680,900.0
5.3462E+03,-0.010615,-0.014476,0.05680,900.0
5.3463E+03,-0.009402,-0.015288,0.05680,900.0
5.3464E+03,-0.008074,-0.016027,0.05680,900.0
5.3465E+03,-0.006704,-0.016647,0.05680,900.0
5.3466E+03,-0.005278,-0.017150,0.05680,900.0
5.3467E+03,-0.003803,-0.017541,0.05680,900.0
5.3468E+03,-0.002324,-0.017804,0.05680,900.0
5.3469E+03,-0.000857,-0.017931,0.05680,900.0
5.3470E+03,0.000686,-0.017939,0.05680,900.0
5.3471E+03,0.002072,-0.017832,0.05680,900.0
5.3472E+03,0.003609,-0.017604,0.05680,900.0
5.3474E+03,0.005075,-0.017224,0.05680,900.0
5.3475E+03,0.006525,-0.016722,0.05680,900.0
5.3476E+03,0.007929,-0.016105,0.05680,900.0
5.3477E+03,0.009218,-0.015397,0.05680,900.0
5.3478E+03,0.010458,-0.014578,0.05680,900.0
5.3479E+03,0.011665,-0.013627,0.05680,900.0
5.3479E+03,0.012665,-0.012704,0.05680,900.0
5.3480E+03,0.013681,-0.011611,0.05680,900.0
5.3481E+03,0.014636,-0.010373,0.05680,900.0
5.3482E+03,0.015465,-0.009091,0.05680,900.0
5.3483E+03,0.016171,-0.007783,0.05680,900.0
5.3484E+03,0.016755,-0.006429,0.05680,900.0
5.3485E+03,0.017123,-0.005359,0.05680,900.0
5.3486E+03,0.017362,-0.004495,0.05680,900.0
5.3487E+03,0.017565,-0.003571,0.05680,900.0
5.3488E+03,0.017736,-0.002603,0.05680,900.0
5.3489E+03,0.017860,-0.001362,0.05680,900.0
5.3491E+03,0.017909,0.000075,0.05680,900.0
5.3492E+03,0.017854,0.001447,0.05680,900.0
5.3493E+03,0.017721,0.002642,0.05680,900.0
5.3494E+03,0.017528,0.003698,0.05680,900.0
5.3495E+03,0.017290,0.004690,0.05680,900.0
5.3496E+03,0.017037,0.005540,0.05680,900.0
5.3497E+03,0.016669,0.006561,0.05680,0.0
5.3497E+03,0.016092,0.007829,0.05680,0.0
5.3498E+03,0.015365,0.009180,0.05680,0.0
5.3499E+03,0.014533,0.010448,0.05680,0.0
5.3500E+03,0.013612,0.011609,0.05680,0.0
5.3501E+03,0.012598,0.012693,0.05680,0.0
5.3502E+03,0.011490,0.013708,0.05680,900.0
5.3503E+03,0.010334,0.014604,0.05680,900.0
5.3504E+03,0.009472,0.015195,0.05680,900.0
5.3505E+03,0.009437,0.015217,0.05680,900.0
5.3506E+03,0.009418,0.014662,0.05680,900.0
5.3508E+03,0.009270,0.010290,0.05680,900.0
5.3509E+03,0.009010,0.002605,0.05680,900.0
5.3510E+03,0.008940,0.000538,0.05680,900.0
5.3511E+03,0.008931,0.000283,0.05680,900.0
5.3512E+03,0.008936,0.000191,0.05680,900.0
5.3513E+03,0.008882,-0.000741,0.05680,900.0
5.3514E+03,0.008639,-0.002172,0.05680,900.0
5.3514E+03,0.008223,-0.003463,0.05680,900.0
5.3515E+03,0.007533,-0.004792,0.05680,900.0
5.3516E+03,0.006635,-0.005985,0.05680,900.0
5.3517E+03,0.005563,-0.007030,0.05680,900.0
5.3518E+03,0.004262,-0.007890,0.05680,900.0
5.3519E+03,0.002861,-0.008491,0.05680,900.0
5.3520E+03,0.001446,-0.008836,0.05680,900.0
5.3521E+03,-0.000098,-0.008948,0.05680,900.0
5.3522E+03,-0.001545,-0.008805,0.05680,900.0
5.3523E+03,-0.003030,-0.008415,0.05680,900.0
5.3524E+03,-0.004423,-0.007761,0.05680,900.0
5.3526E+03,-0.005652,-0.006910,0.05680,900.0
5.3527E+03,-0.006726,-0.005869,0.05680,900.0
5.3528E+03,-0.007618,-0.004658,0.05680,900.0
5.3529E+03,-0.008286,-0.003330,0.05680,900.0
5.3530E+03,-0.008709,-0.001950,0.05680,900.0
5.3531E+03,-0.008925,-0.000445,0.05680,900.0
5.3531E+03,-0.008859,0.000939,0.05680,900.0
5.3532E+03,-0.008572,0.002435,0.05680,900.0
5.3533E+03,-0.008049,0.003786,0.05680,900.0
5.3534E+03,-0.007309,0.005062,0.05680,900.0
5.3535E+03,-0.006323,0.006229,0.05680,900.0
5.3536E+03,-0.005172,0.007207,0.05680,900.0
5.3537E+03,-0.003883,0.007971,0.05680,900.0
5.3538E+03,-0.002459,0.008530,0.05680,900.0
5.3539E+03,-0.000977,0.008828,0.05680,900.0
5.3540E+03,0.000458,0.008871,0.05680,900.0
5.3541E+03,0.001933,0.008675,0.05680,0.0
5.3543E+03,0.003447,0.008192,0.05680,0.0
5.3544E+03,0.004771,0.007522,0.05680,0.0
5.3545E+03,0.005920,0.006641,0.05680,0.0
5.3546E+03,0.006988,0.005490,0.05680,0.0
5.3547E+03,0.007812,0.004248,0.05680,0.0
5.3548E+03,0.008404,0.002899,0.05680,0.0
5.3549E+03,0.008777,0.001429,0.05680,900.0
5.3549E+03,0.008918,0.000490,0.05680,900.0
5.3550E+03,0.008931,0.000283,0.05680,900.0
5.3551E+03,0.008526,0.000215,0.05680,900.0
5.3552E+03,0.006076,-0.000201,0.05680,900.0
5.3553E+03,-0.001671,-0.001515,0.05680,900.0
5.3554E+03,-0.009255,-0.002802,0.05680,900.0
5.3555E+03,-0.014867,-0.003754,0.05680,900.0
5.3557E+03,-0.015763,-0.003906,0.05680,900.0
5.3558E+03,-0.015675,-0.004231,0.05680,900.0
5.3560E+03,-0.015358,-0.005220,0.05680,900.0
5.3561E+03,-0.014831,-0.006584,0.05680,900.0
5.3562E+03,-0.014143,-0.007951,0.05680,900.0
5.3563E+03,-0.013334,-0.009260,0.05680,900.0
5.3564E+03,-0.012443,-0.010436,0.05680,900.0
5.3565E+03,-0.011392,-0.011581,0.05680,900.0
5.3566E+03,-0.010272,-0.012598,0.05680,900.0
5.3566E+03,-0.009243,-0.013373,0.05680,900.0
5.3567E+03,-0.007973,-0.014161,0.05680,900.0
5.3568E+03,-0.006550,-0.014868,0.05680,900.0
5.3569E+03,-0.005177,-0.015402,0.05680,900.0
5.3570E+03,-0.003763,-0.015804,0.05680,900.0
5.3571E+03,-0.002279,-0.016085,0.05680,900.0
5.3572E+03,-0.000784,-0.016228,0.05680,900.0
5.3573E+03,0.000717,-0.016231,0.05680,900.0
5.3574E+03,0.002227,-0.016103,0.05680,900.0
5.3575E+03,0.003699,-0.015828,0.05680,900.0
5.3576E+03,0.005158,-0.015416,0.05680,900.0
5.3578E+03,0.006594,-0.014870,0.05680,900.0
5.3579E+03,0.007938,-0.014187,0.05680,900.0
5.3580E+03,0.009230,-0.013372,0.05680,900.0
5.3581E+03,0.010438,-0.012447,0.05680,900.0
5.3582E+03,0.011559,-0.011402,0.05680,900.0
5.3583E+03,0.012531,-0.010327,0.05680,900.0
5.3583E+03,0.013324,-0.009270,0.05680,900.0
5.3584E+03,0.014135,-0.007972,0.05680,900.0
5.3585E+03,0.014829,-0.006599,0.05680,900.0
5.3586E+03,0.015384,-0.005166,0.05680,900.0
5.3587E+03,0.015782,-0.003783,0.05680,900.0
5.3588E+03,0.016070,-0.002314,0.05680,900.0
5.3589E+03,0.016203,-0.000823,0.05680,900.0
5.3590E+03,0.016202,0.000743,0.05680,900.0
5.3591E+03,0.016048,0.002282,0.05680,900.0
5.3592E+03,0.015757,0.003769,0.05680,900.0
5.3593E+03,0.015361,0.005155,0.05680,900.0
5.3595E+03,0.014803,0.006568,0.05680,900.0
5.3596E+03,0.014273,0.007670,0.05680,900.0
5.3597E+03,0.013694,0.008640,0.05680,900.0
5.3598E+03,0.012824,0.009882,0.05680,900.0
5.3599E+03,0.011884,0.011023,0.05680,900.0
5.3600E+03,0.010847,0.012090,0.05680,900.0
5.3600E+03,0.009782,0.012917,0.05680,900.0
5.3601E+03,0.008541,0.013753,0.05680,900.0
5.3602E+03,0.007245,0.014473,0.05680,900.0
5.3603E+03,0.005837,0.015095,0.05680,900.0
5.3604E+03,0.004386,0.015571,0.05680,900.0
5.3605E+03,0.002909,0.015911,0.05680,900.0
5.3606E+03,0.001428,0.016112,0.05680,900.0
5.3607E+03,-0.000064,0.016176,0.05680,900.0
5.3608E+03,-0.001601,0.016098,0.05680,900.0
5.3609E+03,-0.003129,0.015878,0.05680,900.0
5.3610E+03,-0.004579,0.015518,0.05680,900.0
5.3612E+03,-0.005982,0.015057,0.05680,900.0
5.3613E+03,-0.007301,0.014461,0.05680,900.0
5.3614E+03,-0.008629,0.013702,0.05680,900.0
5.3615E+03,-0.009866,0.012847,0.05680,900.0
5.3616E+03,-0.011005,0.011873,0.05680,900.0
5.3617E+03,-0.012059,0.010800,0.05680,900.0
5.3618E+03,-0.013017,0.009624,0.05680,900.0
5.3618E+03,-0.013786,0.008492,0.05680,900.0
5.3619E+03,-0.014517,0.007175,0.05680,900.0
5.3620E+03,-0.015127,0.005805,0.05680,900.0
5.3621E+03,-0.015608,0.004363,0.05680,0.0
5.3622E+03,-0.015939,0.002999,0.05680,0.0
5.3623E+03,-0.016101,0.001993,0.05680,0.0
5.3624E+03,-0.016192,0.001007,0.05680,0.0
5.3625E+03,-0.016215,-0.000504,0.05680,0.0
5.3626E+03,-0.016158,-0.001557,0.05680,0.0
5.3627E+03,-0.016028,-0.002563,0.05680,0.0
5.3629E+03,-0.015847,-0.003508,0.05680,900.0
5.3631E+03,-0.015763,-0.003906,0.05680,900.0
5.3632E+03,-0.013150,-0.003481,0.05680,900.0
5.3633E+03,-0.006847,-0.002457,0.05680,900.0
5.3634E+03,0.000929,-0.001193,0.05680,900.0
5.3635E+03,0.007706,-0.000092,0.05680,900.0
5.3635E+03,0.010562,0.000372,0.05680,900.0
5.3637E+03,0.010628,0.000383,0.05680,900.0
5.3638E+03,0.010608,-0.000560,0.05680,900.0
5.3639E+03,0.010442,-0.001935,0.05680,900.0
5.3640E+03,0.010070,-0.003400,0.05680,900.0
5.3641E+03,0.009480,-0.004792,0.05680,900.0
5.3642E+03,0.008735,-0.006057,0.05680,900.0
5.3643E+03,0.007825,-0.007198,0.05680,900.0
5.3644E+03,0.006735,-0.008245,0.05680,900.0
5.3646E+03,0.005506,-0.009126,0.05680,900.0
5.3647E+03,0.004131,-0.009820,0.05680,900.0
5.3648E+03,0.002726,-0.010314,0.05680,900.0
5.3649E+03,0.001237,-0.010600,0.05680,900.0
5.3650E+03,-0.000226,-0.010654,0.05680,900.0
5.3651E+03,-0.001705,-0.010514,0.05680,900.0
5.3652E+03,-0.003199,-0.010150,0.05680,900.0
5.3652E+03,-0.004479,-0.009650,0.05680,900.0
5.3653E+03,-0.005776,-0.008948,0.05680,900.0
5.3654E+03,-0.006954,-0.008044,0.05680,900.0
5.3655E+03,-0.008040,-0.006962,0.05680,900.0
5.3656E+03,-0.008923,-0.005785,0.05680,900.0
5.3657E+03,-0.009671,-0.004459,0.05680,900.0
5.3658E+03,-0.010193,-0.003070,0.05680,900.0
5.3659E+03,-0.010514,-0.001611,0.05680,900.0
5.3660E+03,-0.010623,-0.000076,0.05680,900.0
5.3661E+03,-0.010516,0.001433,0.05680,900.0
5.3662E+03,-0.010203,0.002925,0.05680,900.0
5.3664E+03,-0.009674,0.004321,0.05680,900.0
5.3665E+03,-0.008952,0.005645,0.05680,900.0
5.3666E+03,-0.008058,0.006868,0.05680,900.0
5.3667E+03,-0.007012,0.007928,0.05680,900.0
5.3668E+03,-0.005815,0.008840,0.05680,900.0
5.3669E+03,-0.004483,0.009586,0.05680,900.0
5.3669E+03,-0.003277,0.010072,0.05680,900.0
5.3670E+03,-0.001751,0.010454,0.05680,900.0
5.3671E+03,-0.000271,0.010595,0.05680,900.0
5.3672E+03,0.001206,0.010517,0.05680,900.0
5.3673E+03,0.002681,0.010231,0.05680,900.0
5.3674E+03,0.004119,0.009746,0.05680,900.0
5.3675E+03,0.005460,0.009069,0.05680,0.0
5.3676E+03,0.006676,0.008205,0.05680,0.0
5.3677E+03,0.007779,0.007172,0.05680,0.0
5.3678E+03,0.008740,0.005980,0.05680,0.0
5.3679E+03,0.009511,0.004692,0.05680,900.0
5.3681E+03,0.010070,0.003350,0.05680,900.0
5.3682E+03,0.010454,0.001871,0.05680,900.0
5.3683E+03,0.010619,0.000522,0.05680,900.0
5.3684E+03,0.010627,0.000395,0.05680,900.0
5.3685E+03,0.010628,0.000383,0.05680,900.0
5.3686E+03,0.011483,0.003100,0.05680,900.0
5.3686E+03,0.012321,0.005764,0.05680,900.0
5.3688E+03,0.012713,0.007012,0.05680,900.0
5.3689E+03,0.012545,0.007291,0.05680,900.0
5.3690E+03,0.011975,0.008163,0.05680,900.0
5.3691E+03,0.011042,0.009385,0.05680,900.0
5.3692E+03,0.010004,0.010495,0.05680,900.0
5.3693E+03,0.008828,0.011502,0.05680,900.0
5.3694E+03,0.007654,0.012310,0.05680,900.0
5.3695E+03,0.006285,0.013053,0.05680,900.0
5.3696E+03,0.004901,0.013622,0.05680,900.0
5.3698E+03,0.003506,0.014051,0.05680,900.0
5.3699E+03,0.001989,0.014332,0.05680,900.0
5.3700E+03,0.000489,0.014467,0.05680,900.0
5.3701E+03,-0.001005,0.014436,0.05680,900.0
5.3702E+03,-0.002510,0.014256,0.05680,900.0
5.3703E+03,-0.003971,0.013920,0.05680,900.0
5.3704E+03,-0.005389,0.013437,0.05680,900.0
5.3704E+03,-0.006622,0.012894,0.05680,900.0
5.3705E+03,-0.007983,0.012101,0.05680,900.0
5.3706E+03,-0.009179,0.011222,0.05680,900.0
5.3707E+03,-0.010280,0.010218,0.05680,900.0
5.3708E+03,-0.011277,0.009095,0.05680,900.0
5.3709E+03,-0.012122,0.007946,0.05680,900.0
5.3710E+03,-0.012773,0.006863,0.05680,900.0
5.3711E+03,-0.013349,0.005646,0.05680,900.0
5.3712E+03,-0.013869,0.004211,0.05680,900.0
5.3713E+03,-0.014243,0.002722,0.05680,900.0
5.3715E+03,-0.014458,0.001216,0.05680,900.0
5.3716E+03,-0.014513,-0.000306,0.05680,900.0
5.3717E+03,-0.014418,-0.001779,0.05680,900.0
5.3718E+03,-0.014160,-0.003274,0.05680,900.0
5.3719E+03,-0.013833,-0.004475,0.05680,900.0
5.3720E+03,-0.013433,-0.005550,0.05680,900.0
5.3721E+03,-0.012797,-0.006884,0.05680,900.0
5.3721E+03,-0.012084,-0.008061,0.05680,900.0
5.3722E+03,-0.011213,-0.009243,0.05680,900.0
5.3723E+03,-0.010221,-0.010329,0.05680,900.0
5.3724E+03,-0.009097,-0.011341,0.05680,900.0
5.3725E+03,-0.007868,-0.012226,0.05680,900.0
5.3726E+03,-0.006570,-0.012978,0.05680,900.0
5.3727E+03,-0.005204,-0.013598,0.05680,900.0
5.3728E+03,-0.003749,-0.014063,0.05680,900.0
5.3729E+03,-0.002212,-0.014393,0.05680,900.0
5.3730E+03,-0.000792,-0.014535,0.05680,900.0
5.3732E+03,0.000779,-0.014530,0.05680,900.0
5.3733E+03,0.002216,-0.014380,0.05680,900.0
5.3734E+03,0.003667,-0.014071,0.05680,900.0
5.3735E+03,0.005109,-0.013617,0.05680,900.0
5.3736E+03,0.006479,-0.013015,0.05680,900.0
5.3737E+03,0.007795,-0.012271,0.05680,900.0
5.3738E+03,0.009046,-0.011382,0.05680,900.0
5.3738E+03,0.010081,-0.010482,0.05680,900.0
5.3739E+03,0.011148,-0.009346,0.05680,900.0
5.3740E+03,0.012025,-0.008191,0.05680,900.0
5.3741E+03,0.012801,-0.006887,0.05680,900.0
5.3742E+03,0.013454,-0.005494,0.05680,900.0
5.3743E+03,0.013926,-0.004118,0.05680,900.0
5.3744E+03,0.014271,-0.002650,0.05680,0.0
5.3745E+03,0.014467,-0.001140,0.05680,0.0
5.3746E+03,0.014498,0.000375,0.05680,0.0
5.3747E+03,0.014378,0.001866,0.05680,0.0
5.3748E+03,0.014115,0.003338,0.05680,900.0
5.3750E+03,0.013680,0.004808,0.05680,900.0
5.3751E+03,0.013150,0.006127,0.05680,900.0
5.3753E+03,0.012713,0.007012,0.05680,900.0
5.3754E+03,0.012712,0.007002,0.05680,900.0
5.3755E+03,0.012402,0.001786,0.05680,900.0
5.3755E+03,0.012333,0.000622,0.05680,900.0
5.3756E+03,0.012325,0.000484,0.05680,900.0
5.3757E+03,0.012335,0.000316,0.05680,900.0
5.3758E+03,0.012307,-0.000593,0.05680,900.0
5.3759E+03,0.012156,-0.002083,0.05680,900.0
5.3760E+03,0.011815,-0.003532,0.05680,900.0
5.3761E+03,0.011301,-0.004951,0.05680,900.0
5.3762E+03,0.010625,-0.006298,0.05680,900.0
5.3763E+03,0.009840,-0.007482,0.05680,900.0
5.3764E+03,0.008820,-0.008658,0.05680,900.0
5.3765E+03,0.007720,-0.009648,0.05680,900.0
5.3767E+03,0.006501,-0.010499,0.05680,900.0
5.3768E+03,0.005183,-0.011207,0.05680,900.0
5.3769E+03,0.003713,-0.011768,0.05680,900.0
5.3770E+03,0.002248,-0.012142,0.05680,900.0
5.3771E+03,0.000788,-0.012323,0.05680,900.0
5.3772E+03,-0.000735,-0.012333,0.05680,900.0
5.3772E+03,-0.002110,-0.012183,0.05680,900.0
5.3773E+03,-0.003525,-0.011850,0.05680,900.0
5.3774E+03,-0.004974,-0.011325,0.05680,900.0
5.3775E+03,-0.006356,-0.010620,0.05680,900.0
5.3776E+03,-0.007532,-0.009794,0.05680,900.0
5.3777E+03,-0.008662,-0.008802,0.05680,900.0
5.3778E+03,-0.009676,-0.007651,0.05680,900.0
5.3779E+03,-0.010508,-0.006453,0.05680,900.0
5.3780E+03,-0.011206,-0.005125,0.05680,900.0
5.3781E+03,-0.011749,-0.003698,0.05680,900.0
5.3782E+03,-0.012111,-0.002256,0.05680,900.0
5.3784E+03,-0.012291,-0.000780,0.05680,900.0
5.3785E+03,-0.012293,0.000767,0.05680,900.0
5.3786E+03,-0.012103,0.002297,0.05680,900.0
5.3787E+03,-0.011732,0.003750,0.05680,900.0
5.3788E+03,-0.011199,0.005155,0.05680,900.0
5.3789E+03,-0.010486,0.006472,0.05680,900.0
5.3790E+03,-0.009587,0.007714,0.05680,900.0
5.3790E+03,-0.008666,0.008711,0.05680,900.0
5.3791E+03,-0.007548,0.009694,0.05680,900.0
5.3792E+03,-0.006303,0.010537,0.05680,900.0
5.3793E+03,-0.004952,0.011235,0.05680,900.0
5.3794E+03,-0.003540,0.011752,0.05680,900.0
5.3795E+03,-0.002117,0.012097,0.05680,900.0
5.3796E+03,-0.000686,0.012264,0.05680,900.0
5.3797E+03,0.000831,0.012255,0.05680,900.0
5.3798E+03,0.002386,0.012067,0.05680,900.0
5.3799E+03,0.003787,0.011706,0.05680,900.0
5.3801E+03,0.005221,0.011142,0.05680,900.0
5.3802E+03,0.006564,0.010398,0.05680,900.0
5.3803E+03,0.007786,0.009519,0.05680,0.0
5.3804E+03,0.008857,0.008523,0.05680,0.0
5.3805E+03,0.009840,0.007368,0.05680,0.0
5.3806E+03,0.010687,0.006088,0.05680,0.0
5.3807E+03,0.011341,0.004752,0.05680,0.0
5.3807E+03,0.011797,0.003497,0.05680,0.0
5.3808E+03,0.012151,0.002015,0.05680,0.0
5.3809E+03,0.012312,0.000696,0.05680,0.0
5.3811E+03,0.012325,0.000484,0.05680,0.0
5.3812E+03,0.012325,0.000485,0.05680,0.0
5.3813E+03,0.012325,0.000487,0.05680,0.0
5.3814E+03,0.012325,0.000488,0.05680,0.0
5.3816E+03,0.012325,0.000489,0.05680,0.0
5.3818E+03,0.012325,0.000491,0.05680,0.0
5.3819E+03,0.012325,0.000492,0.05680,0.0
5.3821E+03,0.012325,0.000493,0.05680,0.0
5.3822E+03,0.012325,0.000495,0.05680,0.0
5.3824E+03,0.012325,0.000496,0.05680,0.0
5.3824E+03,0.012325,0.000498,0.05680,0.0
5.3825E+03,0.012325,0.000499,0.05680,0.0
5.3826E+03,0.012325,0.000500,0.05680,0.0
5.3827E+03,0.012325,0.000501,0.05680,0.0
5.3828E+03,0.012325,0.000502,0.05680,0.0
5.3829E+03,0.012325,0.000503,0.05680,0.0
5.3830E+03,0.012325,0.000504,0.05680,0.0
5.3831E+03,0.012325,0.000506,0.05680,0.0
5.3832E+03,0.012325,0.000507,0.05680,0.0
5.3833E+03,0.012325,0.000508,0.05680,0.0
5.3835E+03,0.012325,0.000509,0.05680,0.0
5.3836E+03,0.012325,0.000510,0.05680,0.0
5.3837E+03,0.012325,0.000511,0.05680,0.0
5.3838E+03,0.012325,0.000512,0.05680,0.0
5.3839E+03,0.012325,0.000514,0.05680,0.0
5.3841E+03,0.012325,0.000515,0.05680,0.0
5.3841E+03,0.012325,0.000516,0.05680,0.0
5.3842E+03,0.012325,0.000518,0.05680,0.0
5.3843E+03,0.012325,0.000519,0.05680,0.0
5.3844E+03,0.012325,0.000520,0.05680,0.0
5.3847E+03,0.012325,-0.015073,0.05680,0.0
5.3848E+03,0.011163,-0.014705,0.05680,0.0
5.3849E+03,0.008687,-0.013922,0.05680,0.0
5.3850E+03,0.005890,-0.013036,0.05680,0.0
5.3851E+03,0.003065,-0.012141,0.05680,0.0
5.3853E+03,0.000225,-0.011242,0.05680,0.0
5.3854E+03,-0.002624,-0.010340,0.05680,0.0
5.3855E+03,-0.005527,-0.009421,0.05680,0.0
5.3856E+03,-0.008388,-0.008515,0.05680,0.0
5.3857E+03,-0.011253,-0.007608,0.05680,0.0
5.3858E+03,-0.014082,-0.006712,0.05680,0.0
5.3858E+03,-0.016427,-0.005970,0.05680,0.0
5.3859E+03,-0.017005,-0.005787,0.05680,0.0
