4.1375E+03,0.008347,0.025840,0.04686,0.0
4.1376E+03,0.008347,0.025839,0.04686,0.0
4.1377E+03,0.008347,0.025745,0.04686,0.0
4.1378E+03,0.008347,0.025813,0.04686,0.0
4.1379E+03,0.008347,0.025834,0.04686,0.0
4.1380E+03,0.008347,0.025833,0.04686,0.0
4.1381E+03,0.008347,0.025831,0.04686,0.0
4.1382E+03,0.008347,0.025830,0.04686,0.0
4.1383E+03,0.008347,0.025828,0.04686,0.0
4.1384E+03,0.008347,0.025826,0.04686,0.0
4.1385E+03,0.008347,0.025824,0.04686,0.0
4.1386E+03,0.008347,0.025822,0.04686,0.0
4.1387E+03,0.008347,0.025821,0.04686,0.0
4.1388E+03,0.008347,0.025820,0.04686,0.0
4.1389E+03,0.008347,0.025818,0.04686,0.0
4.1390E+03,0.008347,0.025816,0.04686,0.0
4.1391E+03,0.008347,0.025815,0.04686,0.0
4.1392E+03,0.008347,0.025813,0.04686,0.0
4.1393E+03,0.008347,0.025811,0.04686,0.0
4.1394E+03,0.008347,0.025810,0.04686,0.0
4.1395E+03,0.008347,0.025808,0.04686,0.0
4.1396E+03,0.008347,0.025806,0.04686,0.0
4.1398E+03,0.008347,0.025805,0.04686,0.0
4.1399E+03,0.008340,0.025798,0.04686,0.0
4.1400E+03,0.007863,0.025326,0.04686,0.0
4.1401E+03,0.005695,0.023180,0.04686,0.0
4.1402E+03,0.003366,0.020876,0.04686,0.0
4.1403E+03,0.000997,0.018532,0.04686,0.0
4.1404E+03,-0.001374,0.016185,0.04686,900.0
4.1405E+03,-0.003802,0.013783,0.04686,900.0
4.1406E+03,-0.006204,0.011406,0.04686,900.0
4.1407E+03,-0.008571,0.009063,0.04686,900.0
4.1408E+03,-0.011001,0.006659,0.04686,900.0
4.1409E+03,-0.013396,0.004289,0.04686,900.0
4.1410E+03,-0.015688,0.002021,0.04686,900.0
4.1411E+03,-0.016984,0.000738,0.04686,900.0
4.1413E+03,-0.017051,0.000672,0.04686,900.0
4.1414E+03,-0.017055,0.000364,0.04686,900.0
4.1415E+03,-0.017021,-0.000806,0.04686,900.0
4.1416E+03,-0.016937,-0.001986,0.04686,900.0
4.1417E+03,-0.016732,-0.003239,0.04686,900.0
4.1418E+03,-0.016389,-0.004724,0.04686,900.0
4.1419E+03,-0.015923,-0.006125,0.04686,900.0
4.1420E+03,-0.015312,-0.007514,0.04686,900.0
4.1421E+03,-0.014577,-0.008884,0.04686,900.0
4.1422E+03,-0.013794,-0.010083,0.04686,900.0
4.1423E+03,-0.012788,-0.011323,0.04686,900.0
4.1424E+03,-0.011808,-0.012408,0.04686,900.0
4.1425E+03,-0.010663,-0.013355,0.04686,900.0
4.1426E+03,-0.009455,-0.014224,0.04686,900.0
4.1427E+03,-0.008108,-0.015022,0.04686,900.0
4.1428E+03,-0.006863,-0.015634,0.04686,900.0
4.1429E+03,-0.005472,-0.016176,0.04686,900.0
4.1430E+03,-0.004051,-0.016593,0.04686,900.0
4.1431E+03,-0.002588,-0.016885,0.04686,900.0
4.1432E+03,-0.001063,-0.017052,0.04686,900.0
4.1433E+03,0.000417,-0.017093,0.04686,900.0
4.1434E+03,0.001939,-0.016982,0.04686,900.0
4.1435E+03,0.003402,-0.016745,0.04686,900.0
4.1436E+03,0.004854,-0.016381,0.04686,900.0
4.1437E+03,0.006297,-0.015882,0.04686,900.0
4.1438E+03,0.007641,-0.015268,0.04686,900.0
4.1439E+03,0.008939,-0.014545,0.04686,900.0
4.1440E+03,0.010209,-0.013675,0.04686,900.0
4.1441E+03,0.011388,-0.012715,0.04686,900.0
4.1442E+03,0.012447,-0.011671,0.04686,900.0
4.1443E+03,0.013443,-0.010517,0.04686,900.0
4.1444E+03,0.014314,-0.009299,0.04686,900.0
4.1445E+03,0.015012,-0.008128,0.04686,900.0
4.1446E+03,0.015650,-0.006815,0.04686,900.0
4.1447E+03,0.016021,-0.005877,0.04686,900.0
4.1448E+03,0.016427,-0.004580,0.04686,900.0
4.1449E+03,0.016775,-0.003072,0.04686,900.0
4.1450E+03,0.016974,-0.001556,0.04686,900.0
4.1451E+03,0.017039,-0.000096,0.04686,900.0
4.1452E+03,0.016979,0.001387,0.04686,900.0
4.1453E+03,0.016788,0.002905,0.04686,900.0
4.1454E+03,0.016466,0.004368,0.04686,900.0
4.1455E+03,0.016070,0.005667,0.04686,900.0
4.1456E+03,0.015680,0.006659,0.04686,900.0
4.1457E+03,0.015047,0.007991,0.04686,900.0
4.1458E+03,0.014299,0.009269,0.04686,900.0
4.1459E+03,0.013424,0.010482,0.04686,900.0
4.1460E+03,0.012460,0.011593,0.04686,900.0
4.1461E+03,0.011350,0.012676,0.04686,900.0
4.1462E+03,0.010304,0.013544,0.04686,900.0
4.1463E+03,0.009092,0.014383,0.04686,900.0
4.1464E+03,0.007802,0.015112,0.04686,900.0
4.1465E+03,0.006448,0.015741,0.04686,900.0
4.1466E+03,0.005023,0.016251,0.04686,900.0
4.1467E+03,0.003538,0.016645,0.04686,900.0
4.1468E+03,0.002073,0.016890,0.04686,900.0
4.1469E+03,0.000559,0.017016,0.04686,900.0
4.1470E+03,-0.000985,0.016992,0.04686,900.0
4.1471E+03,-0.002441,0.016837,0.04686,900.0
4.1472E+03,-0.003898,0.016559,0.04686,900.0
4.1473E+03,-0.005389,0.016133,0.04686,900.0
4.1474E+03,-0.006836,0.015575,0.04686,900.0
4.1475E+03,-0.008147,0.014933,0.04686,900.0
4.1476E+03,-0.009405,0.014171,0.04686,900.0
4.1477E+03,-0.010654,0.013271,0.04686,900.0
4.1478E+03,-0.011784,0.012283,0.04686,900.0
4.1479E+03,-0.012705,0.011329,0.04686,900.0
4.1480E+03,-0.013723,0.010101,0.04686,0.0
4.1481E+03,-0.014559,0.008845,0.04686,0.0
4.1482E+03,-0.015264,0.007557,0.04686,0.0
4.1483E+03,-0.015866,0.006196,0.04686,0.0
4.1484E+03,-0.016363,0.004727,0.04686,0.0
4.1485E+03,-0.016717,0.003283,0.04686,0.0
4.1486E+03,-0.016916,0.002112,0.04686,0.0
4.1487E+03,-0.017012,0.001192,0.04686,900.0
4.1488E+03,-0.017051,0.000672,0.04686,900.0
4.1489E+03,-0.017005,0.000686,0.04686,900.0
4.1490E+03,-0.015481,0.001141,0.04686,900.0
4.1491E+03,-0.008862,0.003115,0.04686,900.0
4.1492E+03,-0.001498,0.005312,0.04686,900.0
4.1493E+03,0.005689,0.007456,0.04686,900.0
4.1494E+03,0.006138,0.007590,0.04686,900.0
4.1495E+03,0.006168,0.007599,0.04686,900.0
4.1496E+03,0.006287,0.007444,0.04686,900.0
4.1497E+03,0.006999,0.006757,0.04686,900.0
4.1498E+03,0.007958,0.005634,0.04686,900.0
4.1499E+03,0.008745,0.004329,0.04686,900.0
4.1500E+03,0.009327,0.002896,0.04686,900.0
4.1501E+03,0.009676,0.001408,0.04686,900.0
4.1502E+03,0.009785,-0.000069,0.04686,900.0
4.1503E+03,0.009679,-0.001552,0.04686,900.0
4.1504E+03,0.009338,-0.003026,0.04686,900.0
4.1505E+03,0.008756,-0.004444,0.04686,900.0
4.1506E+03,0.008014,-0.005662,0.04686,900.0
4.1507E+03,0.007002,-0.006859,0.04686,900.0
4.1508E+03,0.005900,-0.007834,0.04686,900.0
4.1509E+03,0.004664,-0.008632,0.04686,900.0
4.1510E+03,0.003271,-0.009240,0.04686,900.0
4.1511E+03,0.001813,-0.009644,0.04686,900.0
4.1512E+03,0.000332,-0.009806,0.04686,900.0
4.1513E+03,-0.001178,-0.009748,0.04686,900.0
4.1514E+03,-0.002512,-0.009503,0.04686,900.0
4.1515E+03,-0.003915,-0.009023,0.04686,900.0
4.1516E+03,-0.005240,-0.008331,0.04686,900.0
4.1517E+03,-0.006477,-0.007372,0.04686,900.0
4.1518E+03,-0.007489,-0.006339,0.04686,900.0
4.1519E+03,-0.008355,-0.005122,0.04686,900.0
4.1520E+03,-0.009048,-0.003724,0.04686,900.0
4.1521E+03,-0.009517,-0.002259,0.04686,900.0
4.1522E+03,-0.009753,-0.000816,0.04686,900.0
4.1523E+03,-0.009745,0.000672,0.04686,900.0
4.1524E+03,-0.009527,0.002185,0.04686,900.0
4.1525E+03,-0.009105,0.003562,0.04686,900.0
4.1526E+03,-0.008420,0.004959,0.04686,900.0
4.1527E+03,-0.007582,0.006178,0.04686,900.0
4.1528E+03,-0.006573,0.007231,0.04686,900.0
4.1529E+03,-0.005327,0.008193,0.04686,900.0
4.1530E+03,-0.003970,0.008908,0.04686,900.0
4.1531E+03,-0.002752,0.009352,0.04686,0.0
4.1532E+03,-0.001307,0.009650,0.04686,0.0
4.1533E+03,0.000228,0.009734,0.04686,0.0
4.1534E+03,0.001756,0.009585,0.04686,900.0
4.1535E+03,0.003200,0.009200,0.04686,900.0
4.1536E+03,0.004563,0.008622,0.04686,900.0
4.1537E+03,0.005742,0.007910,0.04686,900.0
4.1538E+03,0.006168,0.007599,0.04686,900.0
4.1539E+03,0.006166,0.007608,0.04686,900.0
4.1540E+03,0.005942,0.008705,0.04686,900.0
4.1541E+03,0.004934,0.013651,0.04686,900.0
4.1542E+03,0.004744,0.014580,0.04686,900.0
4.1543E+03,0.004744,0.014581,0.04686,900.0
4.1544E+03,0.004495,0.014652,0.04686,900.0
4.1545E+03,0.003511,0.014896,0.04686,900.0
4.1546E+03,0.001995,0.015167,0.04686,900.0
4.1547E+03,0.000463,0.015297,0.04686,900.0
4.1548E+03,-0.000853,0.015285,0.04686,900.0
4.1549E+03,-0.002337,0.015140,0.04686,900.0
4.1550E+03,-0.003887,0.014820,0.04686,900.0
4.1551E+03,-0.005292,0.014389,0.04686,900.0
4.1552E+03,-0.006658,0.013793,0.04686,900.0
4.1553E+03,-0.007980,0.013078,0.04686,900.0
4.1554E+03,-0.009233,0.012210,0.04686,900.0
4.1555E+03,-0.010395,0.011247,0.04686,900.0
4.1556E+03,-0.011460,0.010158,0.04686,900.0
4.1557E+03,-0.012406,0.008984,0.04686,900.0
4.1558E+03,-0.013219,0.007742,0.04686,900.0
4.1559E+03,-0.013916,0.006419,0.04686,900.0
4.1560E+03,-0.014487,0.005020,0.04686,900.0
4.1561E+03,-0.014922,0.003603,0.04686,900.0
4.1562E+03,-0.015128,0.002624,0.04686,900.0
4.1563E+03,-0.015300,0.001277,0.04686,900.0
4.1564E+03,-0.015349,-0.000284,0.04686,900.0
4.1565E+03,-0.015252,-0.001661,0.04686,900.0
4.1566E+03,-0.015109,-0.002757,0.04686,900.0
4.1567E+03,-0.014819,-0.003980,0.04686,900.0
4.1568E+03,-0.014383,-0.005383,0.04686,900.0
4.1569E+03,-0.013804,-0.006731,0.04686,900.0
4.1570E+03,-0.013065,-0.008068,0.04686,900.0
4.1571E+03,-0.012199,-0.009353,0.04686,900.0
4.1572E+03,-0.011238,-0.010485,0.04686,900.0
4.1573E+03,-0.010202,-0.011506,0.04686,900.0
4.1574E+03,-0.009047,-0.012448,0.04686,900.0
4.1575E+03,-0.007784,-0.013267,0.04686,900.0
4.1576E+03,-0.006400,-0.013987,0.04686,900.0
4.1577E+03,-0.005002,-0.014542,0.04686,900.0
4.1578E+03,-0.003571,-0.014959,0.04686,900.0
4.1579E+03,-0.002066,-0.015232,0.04686,900.0
4.1580E+03,-0.000558,-0.015369,0.04686,900.0
4.1581E+03,0.000920,-0.015346,0.04686,900.0
4.1582E+03,0.002265,-0.015210,0.04686,900.0
4.1583E+03,0.003775,-0.014912,0.04686,900.0
4.1584E+03,0.005232,-0.014469,0.04686,900.0
4.1585E+03,0.006563,-0.013920,0.04686,900.0
4.1586E+03,0.007891,-0.013208,0.04686,900.0
4.1587E+03,0.009202,-0.012320,0.04686,900.0
4.1588E+03,0.010334,-0.011388,0.04686,900.0
4.1589E+03,0.011372,-0.010337,0.04686,900.0
4.1590E+03,0.012355,-0.009127,0.04686,900.0
4.1591E+03,0.013194,-0.007859,0.04686,900.0
4.1592E+03,0.013883,-0.006561,0.04686,900.0
4.1593E+03,0.014457,-0.005163,0.04686,900.0
4.1594E+03,0.014867,-0.003868,0.04686,900.0
4.1595E+03,0.015087,-0.002836,0.04686,900.0
4.1596E+03,0.015284,-0.001430,0.04686,900.0
4.1597E+03,0.015359,0.000119,0.04686,900.0
4.1598E+03,0.015268,0.001602,0.04686,900.0
4.1599E+03,0.015065,0.002908,0.04686,900.0
4.1600E+03,0.014677,0.004417,0.04686,900.0
4.1601E+03,0.014173,0.005839,0.04686,900.0
4.1602E+03,0.013535,0.007178,0.04686,900.0
4.1603E+03,0.012771,0.008460,0.04686,0.0
4.1604E+03,0.011862,0.009687,0.04686,0.0
4.1605E+03,0.010838,0.010819,0.04686,0.0
4.1606E+03,0.009739,0.011821,0.04686,0.0
4.1607E+03,0.008553,0.012710,0.04686,900.0
4.1608E+03,0.007285,0.013476,0.04686,900.0
4.1609E+03,0.005914,0.014145,0.04686,900.0
4.1610E+03,0.004833,0.014548,0.04686,900.0
4.1612E+03,0.004744,0.014581,0.04686,900.0
4.1613E+03,0.006306,0.011054,0.04686,900.0
4.1614E+03,0.007117,0.009222,0.04686,900.0
4.1615E+03,0.007258,0.008905,0.04686,900.0
4.1616E+03,0.007320,0.008850,0.04686,900.0
4.1617E+03,0.007784,0.008403,0.04686,900.0
4.1618E+03,0.008802,0.007344,0.04686,900.0
4.1619E+03,0.009691,0.006138,0.04686,900.0
4.1620E+03,0.010460,0.004765,0.04686,900.0
4.1621E+03,0.010981,0.003365,0.04686,900.0
4.1622E+03,0.011325,0.001920,0.04686,900.0
4.1623E+03,0.011485,0.000414,0.04686,900.0
4.1624E+03,0.011443,-0.001102,0.04686,900.0
4.1625E+03,0.011195,-0.002572,0.04686,900.0
4.1626E+03,0.010760,-0.004024,0.04686,900.0
4.1627E+03,0.010148,-0.005412,0.04686,900.0
4.1628E+03,0.009364,-0.006679,0.04686,900.0
4.1629E+03,0.008421,-0.007838,0.04686,900.0
4.1630E+03,0.007328,-0.008880,0.04686,900.0
4.1631E+03,0.006122,-0.009761,0.04686,900.0
4.1632E+03,0.004805,-0.010491,0.04686,900.0
4.1633E+03,0.003414,-0.011020,0.04686,900.0
4.1634E+03,0.002114,-0.011327,0.04686,900.0
4.1635E+03,0.000618,-0.011506,0.04686,900.0
4.1636E+03,-0.000888,-0.011494,0.04686,900.0
4.1637E+03,-0.002356,-0.011272,0.04686,900.0
4.1638E+03,-0.003798,-0.010864,0.04686,900.0
4.1639E+03,-0.005216,-0.010264,0.04686,900.0
4.1640E+03,-0.006539,-0.009485,0.04686,900.0
4.1641E+03,-0.007709,-0.008541,0.04686,900.0
4.1642E+03,-0.008802,-0.007434,0.04686,900.0
4.1643E+03,-0.009681,-0.006240,0.04686,900.0
4.1644E+03,-0.010428,-0.004918,0.04686,900.0
4.1645E+03,-0.010955,-0.003541,0.04686,900.0
4.1646E+03,-0.011312,-0.002056,0.04686,900.0
4.1647E+03,-0.011481,-0.000576,0.04686,900.0
4.1648E+03,-0.011451,0.000885,0.04686,900.0
4.1649E+03,-0.011222,0.002380,0.04686,900.0
4.1650E+03,-0.010802,0.003845,0.04686,900.0
4.1651E+03,-0.010277,0.005080,0.04686,900.0
4.1652E+03,-0.009538,0.006370,0.04686,900.0
4.1653E+03,-0.008617,0.007582,0.04686,900.0
4.1654E+03,-0.007574,0.008676,0.04686,900.0
4.1655E+03,-0.006352,0.009553,0.04686,900.0
4.1656E+03,-0.005039,0.010312,0.04686,900.0
4.1657E+03,-0.003685,0.010857,0.04686,0.0
4.1658E+03,-0.002152,0.011242,0.04686,0.0
4.1659E+03,-0.000669,0.011432,0.04686,0.0
4.1660E+03,0.000824,0.011425,0.04686,0.0
4.1661E+03,0.002301,0.011211,0.04686,0.0
4.1662E+03,0.003742,0.010810,0.04686,0.0
4.1663E+03,0.005136,0.010230,0.04686,900.0
4.1664E+03,0.006402,0.009513,0.04686,900.0
4.1665E+03,0.007224,0.008932,0.04686,900.0
4.1666E+03,0.007258,0.008905,0.04686,900.0
4.1667E+03,0.006827,0.008866,0.04686,900.0
4.1668E+03,0.002676,0.008484,0.04686,900.0
4.1669E+03,-0.004349,0.007838,0.04686,900.0
4.1670E+03,-0.010039,0.007316,0.04686,900.0
4.1672E+03,-0.011610,0.007171,0.04686,900.0
4.1673E+03,-0.011800,0.006837,0.04686,900.0
4.1674E+03,-0.012275,0.005904,0.04686,900.0
4.1675E+03,-0.012857,0.004507,0.04686,900.0
4.1676E+03,-0.013297,0.003011,0.04686,900.0
4.1677E+03,-0.013549,0.001555,0.04686,900.0
4.1678E+03,-0.013650,0.000011,0.04686,900.0
4.1679E+03,-0.013587,-0.001436,0.04686,900.0
4.1680E+03,-0.013338,-0.002946,0.04686,900.0
4.1681E+03,-0.012951,-0.004356,0.04686,900.0
4.1682E+03,-0.012407,-0.005716,0.04686,900.0
4.1683E+03,-0.011659,-0.007102,0.04686,900.0
4.1684E+03,-0.010799,-0.008370,0.04686,900.0
4.1685E+03,-0.009941,-0.009369,0.04686,900.0
4.1686E+03,-0.008856,-0.010403,0.04686,900.0
4.1687E+03,-0.007608,-0.011355,0.04686,900.0
4.1688E+03,-0.006336,-0.012127,0.04686,900.0
4.1689E+03,-0.005029,-0.012719,0.04686,900.0
4.1690E+03,-0.003524,-0.013231,0.04686,900.0
4.1691E+03,-0.002072,-0.013536,0.04686,900.0
4.1692E+03,-0.000609,-0.013669,0.04686,900.0
4.1693E+03,0.000923,-0.013653,0.04686,900.0
4.1694E+03,0.002424,-0.013463,0.04686,900.0
4.1695E+03,0.003860,-0.013109,0.04686,900.0
4.1696E+03,0.005282,-0.012611,0.04686,900.0
4.1697E+03,0.006655,-0.011940,0.04686,900.0
4.1698E+03,0.007913,-0.011139,0.04686,900.0
4.1699E+03,0.009083,-0.010210,0.04686,900.0
4.1700E+03,0.010171,-0.009122,0.04686,900.0
4.1701E+03,0.011110,-0.007962,0.04686,900.0
4.1702E+03,0.011836,-0.006860,0.04686,900.0
4.1703E+03,0.012500,-0.005527,0.04686,900.0
4.1704E+03,0.013035,-0.004061,0.04686,900.0
4.1705E+03,0.013399,-0.002579,0.04686,900.0
4.1706E+03,0.013599,-0.001125,0.04686,900.0
4.1707E+03,0.013623,0.000413,0.04686,900.0
4.1708E+03,0.013492,0.001944,0.04686,900.0
4.1709E+03,0.013190,0.003409,0.04686,900.0
4.1710E+03,0.012737,0.004838,0.04686,900.0
4.1711E+03,0.012125,0.006222,0.04686,900.0
4.1712E+03,0.011363,0.007519,0.04686,900.0
4.1713E+03,0.010490,0.008698,0.04686,900.0
4.1714E+03,0.009443,0.009834,0.04686,900.0
4.1715E+03,0.008303,0.010806,0.04686,900.0
4.1716E+03,0.007078,0.011636,0.04686,900.0
4.1717E+03,0.005784,0.012318,0.04686,900.0
4.1718E+03,0.004387,0.012879,0.04686,900.0
4.1719E+03,0.003055,0.013255,0.04686,900.0
4.1720E+03,0.001569,0.013514,0.04686,900.0
4.1721E+03,0.000093,0.013598,0.04686,900.0
4.1722E+03,-0.001412,0.013531,0.04686,900.0
4.1723E+03,-0.002938,0.013290,0.04686,0.0
4.1724E+03,-0.004379,0.012886,0.04686,0.0
4.1725E+03,-0.005769,0.012346,0.04686,0.0
4.1726E+03,-0.007066,0.011651,0.04686,0.0
4.1727E+03,-0.008374,0.010739,0.04686,0.0
4.1728E+03,-0.009515,0.009754,0.04686,0.0
4.1729E+03,-0.010495,0.008674,0.04686,900.0
4.1730E+03,-0.011320,0.007584,0.04686,900.0
4.1731E+03,-0.011608,0.007175,0.04686,900.0
4.1732E+03,-0.011610,0.007171,0.04686,900.0
4.1733E+03,-0.009623,0.007514,0.04686,900.0
4.1734E+03,-0.004042,0.008385,0.04686,900.0
4.1735E+03,0.003387,0.009456,0.04686,900.0
4.1736E+03,0.008319,0.010207,0.04686,900.0
4.1737E+03,0.008346,0.010211,0.04686,900.0
4.1738E+03,0.008347,0.010211,0.04686,900.0
4.1739E+03,0.008764,0.009840,0.04686,900.0
4.1740E+03,0.009720,0.008872,0.04686,900.0
4.1741E+03,0.010683,0.007696,0.04686,900.0
4.1742E+03,0.011488,0.006437,0.04686,900.0
4.1743E+03,0.012151,0.005090,0.04686,900.0
4.1744E+03,0.012656,0.003688,0.04686,900.0
4.1745E+03,0.012993,0.002256,0.04686,900.0
4.1746E+03,0.013167,0.000762,0.04686,900.0
4.1747E+03,0.013170,-0.000757,0.04686,900.0
4.1748E+03,0.013012,-0.002222,0.04686,900.0
4.1749E+03,0.012652,-0.003788,0.04686,900.0
4.1750E+03,0.012167,-0.005146,0.04686,900.0
4.1751E+03,0.011477,-0.006548,0.04686,900.0
4.1752E+03,0.010681,-0.007787,0.04686,900.0
4.1753E+03,0.009841,-0.008817,0.04686,900.0
4.1754E+03,0.008750,-0.009903,0.04686,900.0
4.1755E+03,0.007537,-0.010860,0.04686,900.0
4.1756E+03,0.006268,-0.011635,0.04686,900.0
4.1757E+03,0.004945,-0.012261,0.04686,900.0
4.1758E+03,0.003546,-0.012737,0.04686,900.0
4.1759E+03,0.001998,-0.013073,0.04686,900.0
4.1760E+03,0.000519,-0.013225,0.04686,900.0
4.1761E+03,-0.001009,-0.013197,0.04686,900.0
4.1762E+03,-0.002494,-0.013003,0.04686,900.0
4.1763E+03,-0.003852,-0.012658,0.04686,900.0
4.1764E+03,-0.005320,-0.012112,0.04686,900.0
4.1765E+03,-0.006695,-0.011403,0.04686,900.0
4.1766E+03,-0.007932,-0.010569,0.04686,900.0
4.1767E+03,-0.009073,-0.009603,0.04686,900.0
4.1768E+03,-0.010096,-0.008507,0.04686,900.0
4.1769E+03,-0.010986,-0.007323,0.04686,900.0
4.1770E+03,-0.011740,-0.006025,0.04686,900.0
4.1771E+03,-0.012332,-0.004748,0.04686,900.0
4.1772E+03,-0.012788,-0.003333,0.04686,900.0
4.1773E+03,-0.013073,-0.001894,0.04686,900.0
4.1774E+03,-0.013197,-0.000409,0.04686,900.0
4.1775E+03,-0.013146,0.001103,0.04686,900.0
4.1776E+03,-0.012918,0.002627,0.04686,900.0
4.1777E+03,-0.012520,0.004093,0.04686,900.0
4.1778E+03,-0.011959,0.005509,0.04686,900.0
4.1779E+03,-0.011261,0.006815,0.04686,900.0
4.1780E+03,-0.010436,0.008011,0.04686,900.0
4.1781E+03,-0.009442,0.009162,0.04686,900.0
4.1782E+03,-0.008295,0.010219,0.04686,900.0
4.1783E+03,-0.007094,0.011098,0.04686,900.0
4.1784E+03,-0.005766,0.011851,0.04686,900.0
4.1785E+03,-0.004359,0.012438,0.04686,900.0
4.1786E+03,-0.002948,0.012834,0.04686,0.0
4.1787E+03,-0.001437,0.013078,0.04686,0.0
4.1788E+03,-0.000107,0.013150,0.04686,0.0
4.1789E+03,0.001378,0.013071,0.04686,0.0
4.1790E+03,0.002858,0.012831,0.04686,0.0
4.1791E+03,0.004324,0.012412,0.04686,0.0
4.1792E+03,0.005735,0.011834,0.04686,0.0
4.1793E+03,0.007019,0.011137,0.04686,0.0
4.1794E+03,0.008081,0.010417,0.04686,0.0
4.1796E+03,0.008347,0.010211,0.04686,0.0
4.1797E+03,0.008347,0.010212,0.04686,0.0
4.1798E+03,0.008347,0.010213,0.04686,0.0
4.1799E+03,0.008347,0.010214,0.04686,0.0
4.1800E+03,0.008347,0.010215,0.04686,0.0
4.1801E+03,0.008347,0.010216,0.04686,0.0
4.1802E+03,0.008347,0.010217,0.04686,0.0
4.1803E+03,0.008347,0.010219,0.04686,0.0
4.1805E+03,0.008347,0.010220,0.04686,0.0
4.1806E+03,0.008347,0.010222,0.04686,0.0
4.1807E+03,0.008347,0.010223,0.04686,0.0
4.1808E+03,0.008347,0.010224,0.04686,0.0
4.1809E+03,0.008347,0.010225,0.04686,0.0
4.1810E+03,0.008347,0.010226,0.04686,0.0
4.1811E+03,0.008347,0.010227,0.04686,0.0
4.1812E+03,0.008347,0.010228,0.04686,0.0
4.1813E+03,0.008347,0.010230,0.04686,0.0
4.1814E+03,0.008347,0.010231,0.04686,0.0
4.1815E+03,0.008347,0.010232,0.04686,0.0
4.1816E+03,0.008347,0.010233,0.04686,0.0
4.1817E+03,0.008347,0.010234,0.04686,0.0
4.1818E+03,0.008347,0.010235,0.04686,0.0
4.1819E+03,0.008347,0.010236,0.04686,0.0
4.1820E+03,0.008347,0.010238,0.04686,0.0
4.1821E+03,0.008347,0.010239,0.04686,0.0
4.1822E+03,0.008347,0.010240,0.04686,0.0
4.1823E+03,0.008347,0.010241,0.04686,0.0
4.1824E+03,0.008347,0.010242,0.04686,0.0
4.1825E+03,0.008347,0.010243,0.04686,0.0
4.1826E+03,0.008347,0.010244,0.04686,0.0
4.1827E+03,0.008347,0.010246,0.04686,0.0
4.1828E+03,0.008347,0.010247,0.04686,0.0
4.1831E+03,0.008347,-0.005346,0.04686,0.0
4.1832E+03,0.006860,-0.004988,0.04686,0.0
4.1833E+03,0.004300,-0.004372,0.04686,0.0
4.1834E+03,0.001767,-0.003762,0.04686,0.0
4.1835E+03,-0.000750,-0.003156,0.04686,0.0
4.1836E+03,-0.003233,-0.002558,0.04686,0.0
4.1837E+03,-0.005806,-0.001938,0.04686,0.0
4.1838E+03,-0.008327,-0.001331,0.04686,0.0
4.1839E+03,-0.010775,-0.000742,0.04686,0.0
4.1840E+03,-0.013100,-0.000182,0.04686,0.0
4.1841E+03,-0.015483,0.000392,0.04686,0.0
