1.3966E+03,-0.010788,0.008252,0.01207,0.0
1.3967E+03,-0.010788,0.008250,0.01207,0.0
1.3968E+03,-0.010788,0.008248,0.01207,0.0
1.3969E+03,-0.010788,0.008246,0.01207,0.0
1.3970E+03,-0.010788,0.008243,0.01207,0.0
1.3971E+03,-0.010788,0.008241,0.01207,0.0
1.3972E+03,-0.010788,0.008240,0.01207,0.0
1.3973E+03,-0.010788,0.008238,0.01207,0.0
1.3974E+03,-0.010788,0.008235,0.01207,0.0
1.3975E+03,-0.010788,0.008233,0.01207,0.0
1.3976E+03,-0.010788,0.008231,0.01207,0.0
1.3977E+03,-0.010788,0.008229,0.01207,0.0
1.3978E+03,-0.010788,0.008227,0.01207,0.0
1.3979E+03,-0.010788,0.008225,0.01207,0.0
1.3980E+03,-0.010788,0.008223,0.01207,0.0
1.3981E+03,-0.010788,0.008221,0.01207,0.0
1.3982E+03,-0.010788,0.008218,0.01207,0.0
1.3983E+03,-0.010788,0.008208,0.01207,0.0
1.3984E+03,-0.010788,0.008216,0.01207,0.0
1.3985E+03,-0.010786,0.008214,0.01207,0.0
1.3986E+03,-0.009588,0.006901,0.01207,0.0
1.3987E+03,-0.007662,0.004788,0.01207,0.0
1.3988E+03,-0.005648,0.002579,0.01207,0.0
1.3989E+03,-0.003724,0.000468,0.01207,900.0
1.3990E+03,-0.001810,-0.001631,0.01207,900.0
1.3991E+03,0.000154,-0.003785,0.01207,900.0
1.3992E+03,0.001949,-0.005754,0.01207,900.0
1.3993E+03,0.003958,-0.007958,0.01207,900.0
1.3994E+03,0.005928,-0.010119,0.01207,900.0
1.3995E+03,0.007982,-0.012372,0.01207,900.0
1.3996E+03,0.009566,-0.014110,0.01207,900.0
1.3997E+03,0.009701,-0.014258,0.01207,900.0
1.3998E+03,0.009704,-0.014261,0.01207,900.0
1.3999E+03,0.009826,-0.014178,0.01207,900.0
1.4000E+03,0.010657,-0.013535,0.01207,900.0
1.4001E+03,0.011775,-0.012569,0.01207,900.0
1.4002E+03,0.012818,-0.011498,0.01207,900.0
1.4003E+03,0.013784,-0.010324,0.01207,900.0
1.4004E+03,0.014638,-0.009072,0.01207,900.0
1.4005E+03,0.015348,-0.007802,0.01207,900.0
1.4006E+03,0.015978,-0.006416,0.01207,900.0
1.4007E+03,0.016473,-0.004939,0.01207,900.0
1.4008E+03,0.016778,-0.003870,0.01207,900.0
1.4009E+03,0.017011,-0.002599,0.01207,900.0
1.4010E+03,0.017160,-0.001164,0.01207,900.0
1.4011E+03,0.017190,0.000348,0.01207,900.0
1.4012E+03,0.017099,0.001838,0.01207,900.0
1.4013E+03,0.016894,0.003217,0.01207,900.0
1.4014E+03,0.016594,0.004496,0.01207,900.0
1.4015E+03,0.016196,0.005755,0.01207,900.0
1.4016E+03,0.015642,0.007121,0.01207,900.0
1.4017E+03,0.014946,0.008498,0.01207,900.0
1.4018E+03,0.014126,0.009804,0.01207,900.0
1.4019E+03,0.013224,0.010975,0.01207,900.0
1.4020E+03,0.012216,0.012084,0.01207,900.0
1.4021E+03,0.011157,0.013070,0.01207,900.0
1.4022E+03,0.009946,0.013999,0.01207,900.0
1.4023E+03,0.008660,0.014820,0.01207,900.0
1.4024E+03,0.007284,0.015540,0.01207,900.0
1.4025E+03,0.005891,0.016131,0.01207,900.0
1.4026E+03,0.004636,0.016529,0.01207,900.0
1.4027E+03,0.003158,0.016873,0.01207,900.0
1.4028E+03,0.001644,0.017095,0.01207,900.0
1.4029E+03,0.000175,0.017178,0.01207,900.0
1.4030E+03,-0.001408,0.017120,0.01207,900.0
1.4031E+03,-0.002868,0.016931,0.01207,900.0
1.4032E+03,-0.004314,0.016625,0.01207,900.0
1.4033E+03,-0.005736,0.016183,0.01207,900.0
1.4034E+03,-0.007132,0.015616,0.01207,900.0
1.4035E+03,-0.008472,0.014929,0.01207,900.0
1.4036E+03,-0.009763,0.014125,0.01207,900.0
1.4037E+03,-0.010983,0.013196,0.01207,900.0
1.4038E+03,-0.012115,0.012173,0.01207,900.0
1.4039E+03,-0.013141,0.011066,0.01207,900.0
1.4040E+03,-0.014061,0.009880,0.01207,900.0
1.4041E+03,-0.014872,0.008625,0.01207,900.0
1.4042E+03,-0.015565,0.007304,0.01207,900.0
1.4043E+03,-0.016104,0.006017,0.01207,900.0
1.4044E+03,-0.016557,0.004644,0.01207,900.0
1.4045E+03,-0.016897,0.003157,0.01207,900.0
1.4046E+03,-0.017110,0.001678,0.01207,900.0
1.4047E+03,-0.017196,0.000189,0.01207,900.0
1.4048E+03,-0.017155,-0.001315,0.01207,900.0
1.4049E+03,-0.016967,-0.002830,0.01207,900.0
1.4050E+03,-0.016644,-0.004359,0.01207,900.0
1.4051E+03,-0.016213,-0.005796,0.01207,900.0
1.4052E+03,-0.015666,-0.007156,0.01207,900.0
1.4053E+03,-0.015007,-0.008464,0.01207,900.0
1.4054E+03,-0.014218,-0.009738,0.01207,900.0
1.4055E+03,-0.013259,-0.011009,0.01207,900.0
1.4056E+03,-0.012280,-0.012088,0.01207,900.0
1.4057E+03,-0.011185,-0.013099,0.01207,900.0
1.4058E+03,-0.009998,-0.014030,0.01207,900.0
1.4059E+03,-0.008737,-0.014856,0.01207,900.0
1.4060E+03,-0.007388,-0.015565,0.01207,900.0
1.4061E+03,-0.006113,-0.016111,0.01207,900.0
1.4062E+03,-0.004656,-0.016598,0.01207,900.0
1.4063E+03,-0.003197,-0.016950,0.01207,900.0
1.4064E+03,-0.001788,-0.017153,0.01207,900.0
1.4065E+03,-0.000271,-0.017247,0.01207,0.0
1.4066E+03,0.001272,-0.017204,0.01207,0.0
1.4067E+03,0.002777,-0.017019,0.01207,0.0
1.4068E+03,0.004256,-0.016701,0.01207,0.0
1.4069E+03,0.005675,-0.016273,0.01207,0.0
1.4070E+03,0.007072,-0.015715,0.01207,0.0
1.4071E+03,0.008415,-0.015039,0.01207,900.0
1.4072E+03,0.009353,-0.014487,0.01207,900.0
1.4073E+03,0.009704,-0.014261,0.01207,900.0
1.4074E+03,0.009505,-0.014162,0.01207,900.0
1.4075E+03,0.007412,-0.013116,0.01207,900.0
1.4076E+03,0.000669,-0.009746,0.01207,900.0
1.4077E+03,-0.006177,-0.006325,0.01207,900.0
1.4078E+03,-0.007802,-0.005513,0.01207,900.0
1.4079E+03,-0.008018,-0.005405,0.01207,900.0
1.4080E+03,-0.008049,-0.005362,0.01207,900.0
1.4081E+03,-0.008511,-0.004525,0.01207,900.0
1.4082E+03,-0.009078,-0.003220,0.01207,900.0
1.4083E+03,-0.009462,-0.001747,0.01207,900.0
1.4084E+03,-0.009621,-0.000214,0.01207,900.0
1.4085E+03,-0.009548,0.001250,0.01207,900.0
1.4086E+03,-0.009243,0.002670,0.01207,900.0
1.4087E+03,-0.008703,0.004082,0.01207,900.0
1.4088E+03,-0.007919,0.005464,0.01207,900.0
1.4089E+03,-0.006975,0.006629,0.01207,900.0
1.4090E+03,-0.005900,0.007584,0.01207,900.0
1.4091E+03,-0.004630,0.008407,0.01207,900.0
1.4092E+03,-0.003261,0.009023,0.01207,900.0
1.4093E+03,-0.001770,0.009424,0.01207,900.0
1.4094E+03,-0.000251,0.009579,0.01207,900.0
1.4095E+03,0.001074,0.009524,0.01207,900.0
1.4096E+03,0.002503,0.009267,0.01207,900.0
1.4097E+03,0.003930,0.008750,0.01207,900.0
1.4098E+03,0.005308,0.008010,0.01207,900.0
1.4099E+03,0.006468,0.007109,0.01207,900.0
1.4100E+03,0.007496,0.006050,0.01207,900.0
1.4101E+03,0.008329,0.004806,0.01207,900.0
1.4102E+03,0.008997,0.003435,0.01207,900.0
1.4103E+03,0.009410,0.001986,0.01207,900.0
1.4104E+03,0.009613,0.000518,0.01207,900.0
1.4105E+03,0.009570,-0.000991,0.01207,900.0
1.4106E+03,0.009293,-0.002487,0.01207,900.0
1.4107E+03,0.008801,-0.003923,0.01207,900.0
1.4108E+03,0.008082,-0.005267,0.01207,900.0
1.4109E+03,0.007169,-0.006467,0.01207,900.0
1.4110E+03,0.006097,-0.007486,0.01207,900.0
1.4111E+03,0.004867,-0.008360,0.01207,900.0
1.4112E+03,0.003529,-0.009004,0.01207,900.0
1.4113E+03,0.002210,-0.009395,0.01207,0.0
1.4114E+03,0.000749,-0.009636,0.01207,0.0
1.4115E+03,-0.000757,-0.009628,0.01207,0.0
1.4116E+03,-0.002210,-0.009401,0.01207,0.0
1.4117E+03,-0.003646,-0.008927,0.01207,0.0
1.4118E+03,-0.005000,-0.008260,0.01207,0.0
1.4119E+03,-0.006183,-0.007402,0.01207,0.0
1.4120E+03,-0.007254,-0.006365,0.01207,900.0
1.4121E+03,-0.007946,-0.005507,0.01207,900.0
1.4122E+03,-0.008018,-0.005405,0.01207,900.0
1.4123E+03,-0.007880,-0.005103,0.01207,900.0
1.4124E+03,-0.006329,-0.001729,0.01207,900.0
1.4125E+03,-0.003321,0.005306,0.01207,900.0
1.4126E+03,0.000027,0.012223,0.01207,900.0
1.4127E+03,0.001345,0.014976,0.01207,900.0
1.4129E+03,0.001543,0.015408,0.01207,900.0
1.4130E+03,0.001132,0.015435,0.01207,900.0
1.4131E+03,-0.000069,0.015458,0.01207,900.0
1.4132E+03,-0.001631,0.015378,0.01207,900.0
1.4133E+03,-0.003129,0.015155,0.01207,900.0
1.4134E+03,-0.004539,0.014798,0.01207,900.0
1.4135E+03,-0.005971,0.014281,0.01207,900.0
1.4136E+03,-0.007323,0.013642,0.01207,900.0
1.4137E+03,-0.008585,0.012878,0.01207,900.0
1.4138E+03,-0.009793,0.011981,0.01207,900.0
1.4139E+03,-0.010947,0.010934,0.01207,900.0
1.4140E+03,-0.011964,0.009810,0.01207,900.0
1.4141E+03,-0.012860,0.008604,0.01207,900.0
1.4142E+03,-0.013630,0.007336,0.01207,900.0
1.4143E+03,-0.014271,0.006002,0.01207,900.0
1.4144E+03,-0.014802,0.004577,0.01207,900.0
1.4145E+03,-0.015175,0.003110,0.01207,900.0
1.4146E+03,-0.015431,0.001561,0.01207,900.0
1.4147E+03,-0.015510,0.000067,0.01207,900.0
1.4148E+03,-0.015455,-0.001280,0.01207,900.0
1.4149E+03,-0.015270,-0.002713,0.01207,900.0
1.4150E+03,-0.014934,-0.004164,0.01207,900.0
1.4151E+03,-0.014478,-0.005572,0.01207,900.0
1.4152E+03,-0.013865,-0.006956,0.01207,900.0
1.4153E+03,-0.013103,-0.008304,0.01207,900.0
1.4154E+03,-0.012224,-0.009561,0.01207,900.0
1.4155E+03,-0.011229,-0.010717,0.01207,900.0
1.4156E+03,-0.010136,-0.011770,0.01207,900.0
1.4157E+03,-0.008999,-0.012666,0.01207,900.0
1.4158E+03,-0.007693,-0.013506,0.01207,900.0
1.4159E+03,-0.006418,-0.014164,0.01207,900.0
1.4160E+03,-0.005024,-0.014743,0.01207,900.0
1.4161E+03,-0.003495,-0.015149,0.01207,900.0
1.4162E+03,-0.002042,-0.015398,0.01207,900.0
1.4163E+03,-0.000554,-0.015523,0.01207,900.0
1.4164E+03,0.000979,-0.015499,0.01207,900.0
1.4165E+03,0.002340,-0.015355,0.01207,900.0
1.4166E+03,0.003811,-0.015057,0.01207,900.0
1.4167E+03,0.005251,-0.014623,0.01207,900.0
1.4168E+03,0.006646,-0.014042,0.01207,900.0
1.4169E+03,0.007987,-0.013341,0.01207,900.0
1.4170E+03,0.009203,-0.012527,0.01207,900.0
1.4171E+03,0.010028,-0.011868,0.01207,900.0
1.4172E+03,0.011054,-0.010907,0.01207,900.0
1.4173E+03,0.012064,-0.009767,0.01207,900.0
1.4174E+03,0.012722,-0.008912,0.01207,900.0
1.4175E+03,0.013391,-0.007832,0.01207,900.0
1.4176E+03,0.014090,-0.006486,0.01207,900.0
1.4177E+03,0.014651,-0.005077,0.01207,900.0
1.4178E+03,0.015068,-0.003650,0.01207,900.0
1.4179E+03,0.015338,-0.002291,0.01207,900.0
1.4180E+03,0.015474,-0.001033,0.01207,900.0
1.4181E+03,0.015506,0.000277,0.01207,900.0
1.4182E+03,0.015407,0.001740,0.01207,900.0
1.4183E+03,0.015183,0.003136,0.01207,900.0
1.4184E+03,0.014794,0.004584,0.01207,900.0
1.4185E+03,0.014296,0.005945,0.01207,900.0
1.4186E+03,0.013779,0.007079,0.01207,900.0
1.4187E+03,0.013089,0.008255,0.01207,900.0
1.4188E+03,0.012215,0.009498,0.01207,900.0
1.4189E+03,0.011246,0.010623,0.01207,0.0
1.4190E+03,0.010183,0.011651,0.01207,0.0
1.4191E+03,0.008989,0.012588,0.01207,0.0
1.4192E+03,0.007680,0.013441,0.01207,0.0
1.4193E+03,0.006399,0.014093,0.01207,0.0
1.4194E+03,0.004991,0.014657,0.01207,0.0
1.4195E+03,0.003558,0.015059,0.01207,900.0
1.4196E+03,0.002091,0.015324,0.01207,900.0
1.4197E+03,0.001601,0.015401,0.01207,900.0
1.4198E+03,0.001543,0.015408,0.01207,900.0
1.4199E+03,0.000767,0.013864,0.01207,900.0
1.4200E+03,-0.001363,0.009624,0.01207,900.0
1.4201E+03,-0.004923,0.002538,0.01207,900.0
1.4202E+03,-0.008007,-0.003601,0.01207,900.0
1.4204E+03,-0.009406,-0.006387,0.01207,900.0
1.4205E+03,-0.009410,-0.006381,0.01207,900.0
1.4206E+03,-0.010012,-0.005372,0.01207,900.0
1.4207E+03,-0.010620,-0.004016,0.01207,900.0
1.4208E+03,-0.011050,-0.002539,0.01207,900.0
1.4209E+03,-0.011278,-0.001083,0.01207,900.0
1.4210E+03,-0.011317,0.000428,0.01207,900.0
1.4211E+03,-0.011165,0.001898,0.01207,900.0
1.4212E+03,-0.010814,0.003318,0.01207,900.0
1.4213E+03,-0.010258,0.004752,0.01207,900.0
1.4214E+03,-0.009522,0.006126,0.01207,900.0
1.4215E+03,-0.008649,0.007298,0.01207,900.0
1.4216E+03,-0.007570,0.008402,0.01207,900.0
1.4217E+03,-0.006526,0.009242,0.01207,900.0
1.4218E+03,-0.005257,0.010009,0.01207,900.0
1.4219E+03,-0.003859,0.010618,0.01207,900.0
1.4220E+03,-0.002439,0.011026,0.01207,900.0
1.4221E+03,-0.000937,0.011249,0.01207,900.0
1.4222E+03,0.000594,0.011273,0.01207,900.0
1.4223E+03,0.002082,0.011098,0.01207,900.0
1.4224E+03,0.003515,0.010728,0.01207,900.0
1.4225E+03,0.004901,0.010171,0.01207,900.0
1.4226E+03,0.006214,0.009447,0.01207,900.0
1.4227E+03,0.007399,0.008556,0.01207,900.0
1.4228E+03,0.008531,0.007441,0.01207,900.0
1.4229E+03,0.009434,0.006279,0.01207,900.0
1.4230E+03,0.010158,0.005030,0.01207,900.0
1.4231E+03,0.010746,0.003558,0.01207,900.0
1.4232E+03,0.011119,0.002135,0.01207,900.0
1.4233E+03,0.011310,0.000621,0.01207,900.0
1.4234E+03,0.011293,-0.000903,0.01207,900.0
1.4235E+03,0.011111,-0.002233,0.01207,900.0
1.4236E+03,0.010726,-0.003664,0.01207,900.0
1.4237E+03,0.010157,-0.005061,0.01207,900.0
1.4238E+03,0.009388,-0.006400,0.01207,900.0
1.4239E+03,0.008479,-0.007565,0.01207,900.0
1.4240E+03,0.007405,-0.008635,0.01207,900.0
1.4241E+03,0.006208,-0.009525,0.01207,900.0
1.4242E+03,0.004921,-0.010255,0.01207,900.0
1.4243E+03,0.003470,-0.010819,0.01207,900.0
1.4244E+03,0.002043,-0.011175,0.01207,900.0
1.4245E+03,0.000540,-0.011349,0.01207,900.0
1.4246E+03,-0.000990,-0.011316,0.01207,0.0
1.4247E+03,-0.002461,-0.011091,0.01207,0.0
1.4248E+03,-0.003892,-0.010672,0.01207,0.0
1.4249E+03,-0.005286,-0.010063,0.01207,0.0
1.4250E+03,-0.006541,-0.009292,0.01207,0.0
1.4251E+03,-0.007700,-0.008360,0.01207,900.0
1.4252E+03,-0.008652,-0.007375,0.01207,900.0
1.4253E+03,-0.009311,-0.006516,0.01207,900.0
1.4254E+03,-0.009406,-0.006387,0.01207,900.0
1.4255E+03,-0.009402,-0.006379,0.01207,900.0
1.4256E+03,-0.007399,-0.002931,0.01207,900.0
1.4257E+03,-0.003649,0.003527,0.01207,900.0
1.4258E+03,0.000152,0.010075,0.01207,900.0
1.4259E+03,0.002108,0.013442,0.01207,900.0
1.4260E+03,0.002204,0.013608,0.01207,900.0
1.4261E+03,0.002164,0.013613,0.01207,900.0
1.4262E+03,0.001739,0.013658,0.01207,900.0
1.4263E+03,0.000270,0.013777,0.01207,900.0
1.4264E+03,-0.001318,0.013714,0.01207,900.0
1.4265E+03,-0.002714,0.013507,0.01207,900.0
1.4266E+03,-0.004209,0.013108,0.01207,900.0
1.4267E+03,-0.005612,0.012564,0.01207,900.0
1.4268E+03,-0.006964,0.011873,0.01207,900.0
1.4269E+03,-0.008099,0.011133,0.01207,900.0
1.4270E+03,-0.009240,0.010208,0.01207,900.0
1.4271E+03,-0.010284,0.009159,0.01207,900.0
1.4272E+03,-0.011242,0.007972,0.01207,900.0
1.4273E+03,-0.012044,0.006706,0.01207,900.0
1.4274E+03,-0.012732,0.005325,0.01207,900.0
1.4275E+03,-0.013242,0.003889,0.01207,900.0
1.4276E+03,-0.013545,0.002684,0.01207,900.0
1.4277E+03,-0.013702,0.001720,0.01207,900.0
1.4278E+03,-0.013794,0.000464,0.01207,900.0
1.4279E+03,-0.013766,-0.000939,0.01207,900.0
1.4280E+03,-0.013657,-0.002077,0.01207,900.0
1.4281E+03,-0.013458,-0.003123,0.01207,900.0
1.4282E+03,-0.013086,-0.004391,0.01207,900.0
1.4283E+03,-0.012536,-0.005784,0.01207,900.0
1.4284E+03,-0.011844,-0.007114,0.01207,900.0
1.4285E+03,-0.011015,-0.008350,0.01207,900.0
1.4286E+03,-0.010014,-0.009536,0.01207,900.0
1.4287E+03,-0.009050,-0.010469,0.01207,900.0
1.4288E+03,-0.007878,-0.011375,0.01207,900.0
1.4289E+03,-0.006568,-0.012163,0.01207,900.0
1.4290E+03,-0.005203,-0.012817,0.01207,900.0
1.4291E+03,-0.003755,-0.013309,0.01207,900.0
1.4292E+03,-0.002273,-0.013637,0.01207,900.0
1.4293E+03,-0.000774,-0.013808,0.01207,900.0
1.4294E+03,0.000684,-0.013808,0.01207,900.0
1.4295E+03,0.002111,-0.013658,0.01207,900.0
1.4296E+03,0.003639,-0.013351,0.01207,900.0
1.4297E+03,0.005112,-0.012859,0.01207,900.0
1.4298E+03,0.006418,-0.012264,0.01207,900.0
1.4299E+03,0.007742,-0.011480,0.01207,900.0
1.4300E+03,0.008916,-0.010581,0.01207,900.0
1.4301E+03,0.010014,-0.009540,0.01207,900.0
1.4302E+03,0.010992,-0.008375,0.01207,900.0
1.4303E+03,0.011827,-0.007120,0.01207,900.0
1.4304E+03,0.012483,-0.005906,0.01207,900.0
1.4305E+03,0.013058,-0.004483,0.01207,900.0
1.4306E+03,0.013445,-0.003130,0.01207,900.0
1.4307E+03,0.013679,-0.001922,0.01207,900.0
1.4308E+03,0.013785,-0.000730,0.01207,900.0
1.4309E+03,0.013779,0.000776,0.01207,900.0
1.4310E+03,0.013611,0.002314,0.01207,900.0
1.4311E+03,0.013287,0.003721,0.01207,900.0
1.4312E+03,0.012775,0.005191,0.01207,900.0
1.4313E+03,0.012119,0.006566,0.01207,900.0
1.4314E+03,0.011323,0.007844,0.01207,900.0
1.4315E+03,0.010394,0.009026,0.01207,0.0
1.4316E+03,0.009345,0.010111,0.01207,0.0
1.4317E+03,0.008328,0.010973,0.01207,0.0
1.4318E+03,0.007299,0.011673,0.01207,0.0
1.4319E+03,0.006062,0.012360,0.01207,0.0
1.4320E+03,0.004688,0.012944,0.01207,0.0
1.4321E+03,0.003429,0.013351,0.01207,900.0
1.4322E+03,0.002275,0.013593,0.01207,900.0
1.4324E+03,0.002204,0.013608,0.01207,900.0
1.4325E+03,0.000190,0.009993,0.01207,900.0
1.4326E+03,-0.003659,0.003949,0.01207,900.0
1.4327E+03,-0.007722,-0.002424,0.01207,900.0
1.4328E+03,-0.010147,-0.006342,0.01207,900.0
1.4329E+03,-0.010788,-0.007377,0.01207,900.0
1.4330E+03,-0.010794,-0.007368,0.01207,900.0
1.4331E+03,-0.010998,-0.007030,0.01207,900.0
1.4332E+03,-0.011680,-0.005824,0.01207,900.0
1.4333E+03,-0.012290,-0.004444,0.01207,900.0
1.4334E+03,-0.012709,-0.003013,0.01207,900.0
1.4335E+03,-0.012966,-0.001523,0.01207,900.0
1.4336E+03,-0.013042,-0.000007,0.01207,900.0
1.4337E+03,-0.012938,0.001525,0.01207,900.0
1.4338E+03,-0.012661,0.003022,0.01207,900.0
1.4339E+03,-0.012288,0.004286,0.01207,900.0
1.4340E+03,-0.011729,0.005634,0.01207,900.0
1.4341E+03,-0.010984,0.006964,0.01207,900.0
1.4342E+03,-0.010085,0.008232,0.01207,900.0
1.4343E+03,-0.009072,0.009350,0.01207,900.0
1.4344E+03,-0.007980,0.010289,0.01207,900.0
1.4345E+03,-0.006730,0.011153,0.01207,900.0
1.4346E+03,-0.005358,0.011861,0.01207,900.0
1.4347E+03,-0.003946,0.012389,0.01207,900.0
1.4348E+03,-0.002460,0.012761,0.01207,900.0
1.4349E+03,-0.000963,0.012960,0.01207,900.0
1.4350E+03,0.000529,0.012982,0.01207,900.0
1.4351E+03,0.002006,0.012843,0.01207,900.0
1.4352E+03,0.003477,0.012528,0.01207,900.0
1.4353E+03,0.004899,0.012048,0.01207,900.0
1.4354E+03,0.006249,0.011405,0.01207,900.0
1.4355E+03,0.007552,0.010592,0.01207,900.0
1.4356E+03,0.008587,0.009787,0.01207,900.0
1.4357E+03,0.009650,0.008749,0.01207,900.0
1.4358E+03,0.010623,0.007521,0.01207,900.0
1.4359E+03,0.011396,0.006295,0.01207,900.0
1.4360E+03,0.012049,0.004939,0.01207,900.0
1.4361E+03,0.012555,0.003497,0.01207,900.0
1.4362E+03,0.012869,0.001998,0.01207,900.0
1.4363E+03,0.013022,0.000484,0.01207,900.0
1.4364E+03,0.012995,-0.000998,0.01207,900.0
1.4365E+03,0.012801,-0.002453,0.01207,900.0
1.4366E+03,0.012444,-0.003908,0.01207,900.0
1.4367E+03,0.011912,-0.005319,0.01207,900.0
1.4368E+03,0.011206,-0.006734,0.01207,900.0
1.4369E+03,0.010387,-0.007947,0.01207,900.0
1.4370E+03,0.009420,-0.009065,0.01207,900.0
1.4371E+03,0.008271,-0.010118,0.01207,900.0
1.4372E+03,0.007078,-0.010986,0.01207,900.0
1.4373E+03,0.005893,-0.011653,0.01207,900.0
1.4374E+03,0.004518,-0.012253,0.01207,900.0
1.4375E+03,0.003107,-0.012682,0.01207,900.0
1.4376E+03,0.001624,-0.012960,0.01207,900.0
1.4377E+03,0.000092,-0.013070,0.01207,900.0
1.4378E+03,-0.001386,-0.013000,0.01207,0.0
1.4379E+03,-0.002889,-0.012759,0.01207,0.0
1.4380E+03,-0.004406,-0.012322,0.01207,0.0
1.4381E+03,-0.005758,-0.011745,0.01207,0.0
1.4382E+03,-0.007028,-0.011015,0.01207,0.0
1.4383E+03,-0.008237,-0.010136,0.01207,0.0
1.4384E+03,-0.009348,-0.009112,0.01207,0.0
1.4385E+03,-0.010308,-0.007995,0.01207,0.0
1.4386E+03,-0.010741,-0.007444,0.01207,0.0
1.4387E+03,-0.010788,-0.007377,0.01207,0.0
1.4388E+03,-0.010788,-0.007376,0.01207,0.0
1.4389E+03,-0.010788,-0.007375,0.01207,0.0
1.4391E+03,-0.010788,-0.007372,0.01207,0.0
1.4392E+03,-0.010788,-0.007371,0.01207,0.0
1.4393E+03,-0.010788,-0.007369,0.01207,0.0
1.4394E+03,-0.010788,-0.007368,0.01207,0.0
1.4395E+03,-0.010788,-0.007367,0.01207,0.0
1.4396E+03,-0.010788,-0.007365,0.01207,0.0
1.4397E+03,-0.010788,-0.007364,0.01207,0.0
1.4398E+03,-0.010788,-0.007363,0.01207,0.0
1.4399E+03,-0.010788,-0.007362,0.01207,0.0
1.4400E+03,-0.010788,-0.007361,0.01207,0.0
1.4401E+03,-0.010788,-0.007359,0.01207,0.0
1.4402E+03,-0.010788,-0.007358,0.01207,0.0
1.4404E+03,-0.010788,-0.007355,0.01207,0.0
1.4405E+03,-0.010788,-0.007354,0.01207,0.0
1.4406E+03,-0.010788,-0.007352,0.01207,0.0
1.4407E+03,-0.010788,-0.007351,0.01207,0.0
1.4408E+03,-0.010788,-0.007350,0.01207,0.0
1.4409E+03,-0.010788,-0.007349,0.01207,0.0
1.4410E+03,-0.010788,-0.007347,0.01207,0.0
1.4411E+03,-0.010788,-0.007346,0.01207,0.0
1.4412E+03,-0.010788,-0.007345,0.01207,0.0
1.4413E+03,-0.010788,-0.007343,0.01207,0.0
1.4414E+03,-0.010788,-0.007342,0.01207,0.0
1.4416E+03,-0.010788,-0.007341,0.01207,0.0
1.4417E+03,-0.010788,-0.022934,0.01207,0.0
1.4418E+03,-0.010781,-0.022904,0.01207,0.0
1.4419E+03,-0.010176,-0.020413,0.01207,0.0
1.4420E+03,-0.009321,-0.016890,0.01207,0.0
1.4421E+03,-0.008439,-0.013257,0.01207,0.0
1.4422E+03,-0.007544,-0.009573,0.01207,0.0
1.4423E+03,-0.006645,-0.005869,0.01207,0.0
1.4424E+03,-0.005766,-0.002249,0.01207,0.0
1.4425E+03,-0.004977,0.001004,0.01207,0.0
1.4426E+03,-0.004086,0.004672,0.01207,0.0
1.4427E+03,-0.003173,0.008433,0.01207,0.0
1.4428E+03,-0.002289,0.012075,0.01207,0.0
1.4429E+03,-0.001401,0.015731,0.01207,0.0
1.4430E+03,-0.001104,0.016955,0.01207,0.0
