9.6941E+02,-0.007843,0.005536,0.00852,0.0
9.6951E+02,-0.007843,0.005535,0.00852,0.0
9.6961E+02,-0.007843,0.005533,0.00852,0.0
9.6971E+02,-0.007843,0.005530,0.00852,0.0
9.6981E+02,-0.007843,0.005528,0.00852,0.0
9.6991E+02,-0.007843,0.005526,0.00852,0.0
9.7000E+02,-0.007843,0.005524,0.00852,0.0
9.7010E+02,-0.007843,0.005523,0.00852,0.0
9.7020E+02,-0.007843,0.005520,0.00852,0.0
9.7030E+02,-0.007843,0.005518,0.00852,0.0
9.7040E+02,-0.007843,0.005515,0.00852,0.0
9.7050E+02,-0.007843,0.005513,0.00852,0.0
9.7060E+02,-0.007843,0.005511,0.00852,0.0
9.7070E+02,-0.007843,0.005509,0.00852,0.0
9.7080E+02,-0.007843,0.005507,0.00852,0.0
9.7090E+02,-0.007843,0.005505,0.00852,0.0
9.7100E+02,-0.007843,0.005503,0.00852,0.0
9.7110E+02,-0.007843,0.005501,0.00852,0.0
9.7121E+02,-0.007843,0.005500,0.00852,0.0
9.7131E+02,-0.007843,0.005498,0.00852,0.0
9.7141E+02,-0.007939,0.003988,0.00852,0.0
9.7151E+02,-0.008066,0.001989,0.00852,0.0
9.7161E+02,-0.008196,-0.000059,0.00852,0.0
9.7171E+02,-0.008326,-0.002122,0.00852,900.0
9.7180E+02,-0.008446,-0.004007,0.00852,900.0
9.7190E+02,-0.008576,-0.006055,0.00852,900.0
9.7200E+02,-0.008703,-0.008067,0.00852,900.0
9.7210E+02,-0.008835,-0.010150,0.00852,900.0
9.7220E+02,-0.008961,-0.012132,0.00852,900.0
9.7230E+02,-0.009087,-0.014126,0.00852,900.0
9.7240E+02,-0.009137,-0.014914,0.00852,900.0
9.7260E+02,-0.009142,-0.014992,0.00852,900.0
9.7270E+02,-0.008539,-0.015336,0.00852,900.0
9.7280E+02,-0.007376,-0.015919,0.00852,900.0
9.7291E+02,-0.005992,-0.016488,0.00852,900.0
9.7301E+02,-0.004555,-0.016942,0.00852,900.0
9.7311E+02,-0.003065,-0.017278,0.00852,900.0
9.7321E+02,-0.001581,-0.017481,0.00852,900.0
9.7331E+02,-0.000078,-0.017552,0.00852,900.0
9.7341E+02,0.001398,-0.017498,0.00852,900.0
9.7350E+02,0.002758,-0.017345,0.00852,900.0
9.7360E+02,0.004205,-0.017049,0.00852,900.0
9.7370E+02,0.005663,-0.016607,0.00852,900.0
9.7380E+02,0.007110,-0.016038,0.00852,900.0
9.7390E+02,0.008446,-0.015377,0.00852,900.0
9.7400E+02,0.009724,-0.014597,0.00852,900.0
9.7410E+02,0.010957,-0.013692,0.00852,900.0
9.7420E+02,0.012076,-0.012719,0.00852,900.0
9.7430E+02,0.013083,-0.011675,0.00852,900.0
9.7440E+02,0.014043,-0.010504,0.00852,900.0
9.7450E+02,0.014895,-0.009257,0.00852,900.0
9.7461E+02,0.015629,-0.007948,0.00852,900.0
9.7471E+02,0.016269,-0.006552,0.00852,900.0
9.7481E+02,0.016647,-0.005509,0.00852,900.0
9.7491E+02,0.017053,-0.004067,0.00852,900.0
9.7501E+02,0.017251,-0.003109,0.00852,900.0
9.7511E+02,0.017388,-0.002145,0.00852,900.0
9.7520E+02,0.017481,-0.001028,0.00852,900.0
9.7530E+02,0.017501,0.000450,0.00852,900.0
9.7540E+02,0.017433,0.001730,0.00852,900.0
9.7550E+02,0.017317,0.002646,0.00852,900.0
9.7560E+02,0.017113,0.003688,0.00852,900.0
9.7570E+02,0.016763,0.005081,0.00852,900.0
9.7580E+02,0.016400,0.006145,0.00852,900.0
9.7590E+02,0.015804,0.007534,0.00852,900.0
9.7600E+02,0.015109,0.008821,0.00852,900.0
9.7610E+02,0.014284,0.010093,0.00852,900.0
9.7620E+02,0.013320,0.011340,0.00852,900.0
9.7631E+02,0.012282,0.012445,0.00852,900.0
9.7641E+02,0.011189,0.013430,0.00852,900.0
9.7651E+02,0.010007,0.014335,0.00852,900.0
9.7661E+02,0.008737,0.015142,0.00852,900.0
9.7671E+02,0.007426,0.015825,0.00852,900.0
9.7681E+02,0.006033,0.016408,0.00852,900.0
9.7690E+02,0.004670,0.016853,0.00852,900.0
9.7700E+02,0.003210,0.017197,0.00852,900.0
9.7710E+02,0.001709,0.017400,0.00852,900.0
9.7720E+02,0.000187,0.017483,0.00852,900.0
9.7730E+02,-0.001292,0.017429,0.00852,900.0
9.7740E+02,-0.002731,0.017263,0.00852,900.0
9.7750E+02,-0.004185,0.016970,0.00852,900.0
9.7760E+02,-0.005663,0.016529,0.00852,900.0
9.7770E+02,-0.007102,0.015968,0.00852,900.0
9.7780E+02,-0.008468,0.015293,0.00852,900.0
9.7790E+02,-0.009759,0.014515,0.00852,900.0
9.7801E+02,-0.010928,0.013657,0.00852,900.0
9.7811E+02,-0.012097,0.012635,0.00852,900.0
9.7821E+02,-0.013157,0.011540,0.00852,900.0
9.7831E+02,-0.014070,0.010414,0.00852,900.0
9.7841E+02,-0.014927,0.009139,0.00852,900.0
9.7851E+02,-0.015640,0.007841,0.00852,900.0
9.7860E+02,-0.016150,0.006738,0.00852,900.0
9.7870E+02,-0.016570,0.005640,0.00852,900.0
9.7880E+02,-0.016933,0.004405,0.00852,900.0
9.7890E+02,-0.017258,0.002939,0.00852,900.0
9.7900E+02,-0.017446,0.001613,0.00852,900.0
9.7910E+02,-0.017506,0.000490,0.00852,900.0
9.7920E+02,-0.017502,-0.000953,0.00852,900.0
9.7930E+02,-0.017427,-0.001922,0.00852,900.0
9.7940E+02,-0.017194,-0.003406,0.00852,900.0
9.7950E+02,-0.016859,-0.004792,0.00852,900.0
9.7960E+02,-0.016464,-0.006021,0.00852,900.0
9.7970E+02,-0.016016,-0.007129,0.00852,0.0
9.7981E+02,-0.015389,-0.008385,0.00852,0.0
9.7991E+02,-0.014635,-0.009655,0.00852,0.0
9.8001E+02,-0.013747,-0.010880,0.00852,0.0
9.8011E+02,-0.012759,-0.012025,0.00852,900.0
9.8021E+02,-0.011687,-0.013076,0.00852,900.0
9.8031E+02,-0.010488,-0.014065,0.00852,900.0
9.8040E+02,-0.009414,-0.014822,0.00852,900.0
9.8050E+02,-0.009151,-0.014986,0.00852,900.0
9.8060E+02,-0.009142,-0.014992,0.00852,900.0
9.8070E+02,-0.008368,-0.013261,0.00852,900.0
9.8080E+02,-0.006435,-0.008938,0.00852,900.0
9.8090E+02,-0.005751,-0.007410,0.00852,900.0
9.8100E+02,-0.005751,-0.007409,0.00852,900.0
9.8110E+02,-0.006100,-0.007104,0.00852,900.0
9.8120E+02,-0.006893,-0.006294,0.00852,900.0
9.8130E+02,-0.007790,-0.005127,0.00852,900.0
9.8140E+02,-0.008523,-0.003789,0.00852,900.0
9.8151E+02,-0.009025,-0.002368,0.00852,900.0
9.8161E+02,-0.009283,-0.000917,0.00852,900.0
9.8171E+02,-0.009317,0.000660,0.00852,900.0
9.8181E+02,-0.009090,0.002081,0.00852,900.0
9.8191E+02,-0.008631,0.003502,0.00852,900.0
9.8201E+02,-0.007946,0.004824,0.00852,900.0
9.8210E+02,-0.007123,0.005952,0.00852,900.0
9.8220E+02,-0.006045,0.007029,0.00852,900.0
9.8230E+02,-0.004849,0.007918,0.00852,900.0
9.8240E+02,-0.003498,0.008589,0.00852,900.0
9.8250E+02,-0.002051,0.009046,0.00852,900.0
9.8260E+02,-0.000579,0.009267,0.00852,900.0
9.8270E+02,0.000911,0.009239,0.00852,900.0
9.8280E+02,0.002437,0.008977,0.00852,900.0
9.8290E+02,0.003801,0.008489,0.00852,900.0
9.8300E+02,0.005107,0.007772,0.00852,900.0
9.8310E+02,0.006312,0.006813,0.00852,900.0
9.8321E+02,0.007322,0.005723,0.00852,900.0
9.8331E+02,0.008143,0.004484,0.00852,900.0
9.8341E+02,0.008763,0.003095,0.00852,900.0
9.8351E+02,0.009154,0.001663,0.00852,900.0
9.8361E+02,0.009303,0.000206,0.00852,900.0
9.8371E+02,0.009224,-0.001287,0.00852,900.0
9.8381E+02,0.008909,-0.002764,0.00852,900.0
9.8390E+02,0.008424,-0.004063,0.00852,900.0
9.8400E+02,0.007667,-0.005372,0.00852,900.0
9.8410E+02,0.006716,-0.006513,0.00852,900.0
9.8420E+02,0.005554,-0.007519,0.00852,900.0
9.8430E+02,0.004301,-0.008304,0.00852,900.0
9.8440E+02,0.002893,-0.008882,0.00852,0.0
9.8450E+02,0.001394,-0.009228,0.00852,0.0
9.8460E+02,-0.000110,-0.009344,0.00852,0.0
9.8470E+02,-0.001581,-0.009212,0.00852,0.0
9.8480E+02,-0.003030,-0.008838,0.00852,900.0
9.8490E+02,-0.004412,-0.008239,0.00852,900.0
9.8501E+02,-0.005518,-0.007574,0.00852,900.0
9.8511E+02,-0.005751,-0.007409,0.00852,900.0
9.8521E+02,-0.005659,-0.007465,0.00852,900.0
9.8531E+02,-0.003950,-0.008499,0.00852,900.0
9.8541E+02,0.002179,-0.012207,0.00852,900.0
9.8551E+02,0.005407,-0.014160,0.00852,900.0
9.8570E+02,0.006165,-0.014619,0.00852,900.0
9.8580E+02,0.006501,-0.014464,0.00852,900.0
9.8590E+02,0.007363,-0.014033,0.00852,900.0
9.8600E+02,0.008684,-0.013248,0.00852,900.0
9.8610E+02,0.009930,-0.012342,0.00852,900.0
9.8620E+02,0.011068,-0.011340,0.00852,900.0
9.8630E+02,0.012039,-0.010302,0.00852,900.0
9.8640E+02,0.012965,-0.009108,0.00852,900.0
9.8650E+02,0.013540,-0.008223,0.00852,900.0
9.8660E+02,0.014199,-0.007011,0.00852,900.0
9.8671E+02,0.014775,-0.005669,0.00852,900.0
9.8681E+02,0.015222,-0.004287,0.00852,900.0
9.8691E+02,0.015552,-0.002844,0.00852,900.0
9.8701E+02,0.015751,-0.001310,0.00852,900.0
9.8711E+02,0.015803,0.000218,0.00852,900.0
9.8721E+02,0.015719,0.001681,0.00852,900.0
9.8730E+02,0.015522,0.003014,0.00852,900.0
9.8740E+02,0.015270,0.004104,0.00852,900.0
9.8750E+02,0.014849,0.005439,0.00852,900.0
9.8760E+02,0.014230,0.006871,0.00852,900.0
9.8770E+02,0.013631,0.007992,0.00852,900.0
9.8780E+02,0.012996,0.008981,0.00852,900.0
9.8790E+02,0.012147,0.010083,0.00852,900.0
9.8800E+02,0.011155,0.011169,0.00852,900.0
9.8810E+02,0.010022,0.012186,0.00852,900.0
9.8820E+02,0.008820,0.013082,0.00852,900.0
9.8830E+02,0.007558,0.013852,0.00852,900.0
9.8841E+02,0.006152,0.014528,0.00852,900.0
9.8851E+02,0.004721,0.015059,0.00852,900.0
9.8861E+02,0.003281,0.015443,0.00852,900.0
9.8871E+02,0.001815,0.015684,0.00852,900.0
9.8881E+02,0.000359,0.015782,0.00852,900.0
9.8891E+02,-0.001213,0.015729,0.00852,900.0
9.8900E+02,-0.002519,0.015576,0.00852,900.0
9.8910E+02,-0.004024,0.015247,0.00852,900.0
9.8920E+02,-0.005452,0.014806,0.00852,900.0
9.8930E+02,-0.006809,0.014229,0.00852,900.0
9.8940E+02,-0.008147,0.013510,0.00852,900.0
9.8950E+02,-0.009400,0.012676,0.00852,900.0
9.8960E+02,-0.010595,0.011705,0.00852,900.0
9.8970E+02,-0.011689,0.010624,0.00852,900.0
9.8980E+02,-0.012631,0.009493,0.00852,900.0
9.8990E+02,-0.013477,0.008263,0.00852,900.0
9.9000E+02,-0.014199,0.006929,0.00852,900.0
9.9011E+02,-0.014770,0.005608,0.00852,900.0
9.9021E+02,-0.015235,0.004178,0.00852,900.0
9.9031E+02,-0.015531,0.002944,0.00852,900.0
9.9041E+02,-0.015714,0.001657,0.00852,900.0
9.9051E+02,-0.015802,0.000187,0.00852,900.0
9.9061E+02,-0.015755,-0.001336,0.00852,900.0
9.9070E+02,-0.015584,-0.002690,0.00852,900.0
9.9080E+02,-0.015258,-0.004195,0.00852,900.0
9.9090E+02,-0.014807,-0.005605,0.00852,900.0
9.9100E+02,-0.014222,-0.006975,0.00852,900.0
9.9110E+02,-0.013475,-0.008332,0.00852,900.0
9.9120E+02,-0.012636,-0.009543,0.00852,900.0
9.9130E+02,-0.011670,-0.010706,0.00852,900.0
9.9140E+02,-0.010626,-0.011795,0.00852,900.0
9.9150E+02,-0.009473,-0.012723,0.00852,900.0
9.9160E+02,-0.008185,-0.013553,0.00852,900.0
9.9171E+02,-0.006833,-0.014292,0.00852,900.0
9.9181E+02,-0.005444,-0.014877,0.00852,900.0
9.9191E+02,-0.003998,-0.015333,0.00852,0.0
9.9201E+02,-0.002517,-0.015655,0.00852,0.0
9.9211E+02,-0.001039,-0.015820,0.00852,0.0
9.9221E+02,0.000498,-0.015852,0.00852,0.0
9.9230E+02,0.001797,-0.015754,0.00852,900.0
9.9240E+02,0.003268,-0.015509,0.00852,900.0
9.9250E+02,0.004758,-0.015107,0.00852,900.0
9.9260E+02,0.005825,-0.014749,0.00852,900.0
9.9270E+02,0.006165,-0.014619,0.00852,900.0
9.9280E+02,0.006139,-0.014607,0.00852,900.0
9.9290E+02,0.003757,-0.013529,0.00852,900.0
9.9300E+02,-0.001857,-0.010988,0.00852,900.0
9.9310E+02,-0.006765,-0.008765,0.00852,900.0
9.9320E+02,-0.006797,-0.008751,0.00852,900.0
9.9330E+02,-0.006823,-0.008728,0.00852,900.0
9.9340E+02,-0.007131,-0.008464,0.00852,900.0
9.9351E+02,-0.008161,-0.007448,0.00852,900.0
9.9361E+02,-0.009117,-0.006238,0.00852,900.0
9.9371E+02,-0.009886,-0.004918,0.00852,900.0
9.9381E+02,-0.010444,-0.003535,0.00852,900.0
9.9391E+02,-0.010818,-0.002115,0.00852,900.0
9.9401E+02,-0.010998,-0.000607,0.00852,900.0
9.9410E+02,-0.010985,0.000780,0.00852,900.0
9.9420E+02,-0.010780,0.002264,0.00852,900.0
9.9430E+02,-0.010387,0.003669,0.00852,900.0
9.9440E+02,-0.009816,0.005012,0.00852,900.0
9.9450E+02,-0.008977,0.006383,0.00852,900.0
9.9460E+02,-0.008037,0.007520,0.00852,900.0
9.9470E+02,-0.006962,0.008524,0.00852,900.0
9.9480E+02,-0.005719,0.009383,0.00852,900.0
9.9490E+02,-0.004366,0.010076,0.00852,900.0
9.9500E+02,-0.002938,0.010583,0.00852,900.0
9.9510E+02,-0.001442,0.010880,0.00852,900.0
9.9521E+02,0.000071,0.010974,0.00852,900.0
9.9531E+02,0.001556,0.010885,0.00852,900.0
9.9541E+02,0.003014,0.010562,0.00852,900.0
9.9551E+02,0.004464,0.010036,0.00852,900.0
9.9561E+02,0.005772,0.009364,0.00852,900.0
9.9571E+02,0.007021,0.008496,0.00852,900.0
9.9580E+02,0.007965,0.007583,0.00852,900.0
9.9590E+02,0.008940,0.006415,0.00852,900.0
9.9600E+02,0.009749,0.005095,0.00852,900.0
9.9610E+02,0.010345,0.003750,0.00852,900.0
9.9620E+02,0.010755,0.002339,0.00852,900.0
9.9630E+02,0.010975,0.000819,0.00852,900.0
9.9640E+02,0.010999,-0.000723,0.00852,900.0
9.9650E+02,0.010796,-0.002212,0.00852,900.0
9.9660E+02,0.010408,-0.003657,0.00852,900.0
9.9670E+02,0.009830,-0.005045,0.00852,900.0
9.9680E+02,0.009073,-0.006318,0.00852,900.0
9.9691E+02,0.008135,-0.007500,0.00852,900.0
9.9701E+02,0.007011,-0.008553,0.00852,900.0
9.9711E+02,0.005819,-0.009391,0.00852,900.0
9.9721E+02,0.004456,-0.010111,0.00852,900.0
9.9731E+02,0.003038,-0.010626,0.00852,0.0
9.9741E+02,0.001621,-0.010936,0.00852,0.0
9.9750E+02,0.000292,-0.011045,0.00852,0.0
9.9760E+02,-0.001235,-0.010985,0.00852,0.0
9.9770E+02,-0.002724,-0.010713,0.00852,0.0
9.9780E+02,-0.004178,-0.010239,0.00852,0.0
9.9790E+02,-0.005482,-0.009615,0.00852,900.0
9.9800E+02,-0.006676,-0.008837,0.00852,900.0
9.9810E+02,-0.006791,-0.008755,0.00852,900.0
9.9820E+02,-0.006797,-0.008751,0.00852,900.0
9.9830E+02,-0.004787,-0.006168,0.00852,900.0
9.9840E+02,-0.000641,-0.000841,0.00852,900.0
9.9850E+02,0.003983,0.005102,0.00852,900.0
9.9861E+02,0.007386,0.009473,0.00852,900.0
9.9881E+02,0.008669,0.011122,0.00852,900.0
9.9891E+02,0.008455,0.011277,0.00852,900.0
9.9901E+02,0.007636,0.011843,0.00852,900.0
9.9911E+02,0.006330,0.012635,0.00852,900.0
9.9920E+02,0.005048,0.013157,0.00852,900.0
9.9930E+02,0.003578,0.013620,0.00852,900.0
9.9940E+02,0.002085,0.013920,0.00852,900.0
9.9950E+02,0.000620,0.014060,0.00852,900.0
9.9960E+02,-0.000892,0.014041,0.00852,900.0
9.9970E+02,-0.002398,0.013868,0.00852,900.0
9.9980E+02,-0.003822,0.013545,0.00852,900.0
9.9990E+02,-0.005234,0.013058,0.00852,900.0
1.0000E+03,-0.006635,0.012414,0.00852,900.0
1.0001E+03,-0.007916,0.011652,0.00852,900.0
1.0002E+03,-0.009151,0.010711,0.00852,900.0
1.0003E+03,-0.010211,0.009718,0.00852,900.0
1.0004E+03,-0.011178,0.008589,0.00852,900.0
1.0005E+03,-0.012077,0.007283,0.00852,900.0
1.0006E+03,-0.012788,0.005936,0.00852,900.0
1.0007E+03,-0.013344,0.004539,0.00852,900.0
1.0008E+03,-0.013756,0.003098,0.00852,900.0
1.0009E+03,-0.013983,0.001810,0.00852,900.0
1.0010E+03,-0.014096,0.000325,0.00852,900.0
1.0011E+03,-0.014056,-0.001207,0.00852,900.0
1.0012E+03,-0.013858,-0.002678,0.00852,900.0
1.0013E+03,-0.013523,-0.004082,0.00852,900.0
1.0014E+03,-0.013062,-0.005399,0.00852,900.0
1.0015E+03,-0.012422,-0.006758,0.00852,900.0
1.0016E+03,-0.011671,-0.007989,0.00852,900.0
1.0017E+03,-0.010767,-0.009162,0.00852,900.0
1.0018E+03,-0.009714,-0.010273,0.00852,900.0
1.0019E+03,-0.008574,-0.011243,0.00852,900.0
1.0020E+03,-0.007328,-0.012087,0.00852,900.0
1.0021E+03,-0.005983,-0.012803,0.00852,900.0
1.0022E+03,-0.004596,-0.013377,0.00852,900.0
1.0023E+03,-0.003163,-0.013782,0.00852,900.0
1.0024E+03,-0.001668,-0.014045,0.00852,900.0
1.0025E+03,-0.000168,-0.014147,0.00852,900.0
1.0026E+03,0.001236,-0.014106,0.00852,900.0
1.0027E+03,0.002695,-0.013902,0.00852,900.0
1.0028E+03,0.004209,-0.013514,0.00852,900.0
1.0029E+03,0.005558,-0.013011,0.00852,900.0
1.0030E+03,0.006922,-0.012331,0.00852,900.0
1.0031E+03,0.008185,-0.011524,0.00852,900.0
1.0032E+03,0.009349,-0.010602,0.00852,900.0
1.0033E+03,0.010421,-0.009540,0.00852,900.0
1.0034E+03,0.011375,-0.008372,0.00852,900.0
1.0035E+03,0.012147,-0.007223,0.00852,900.0
1.0036E+03,0.012707,-0.006183,0.00852,900.0
1.0037E+03,0.013209,-0.005007,0.00852,900.0
1.0038E+03,0.013670,-0.003561,0.00852,900.0
1.0039E+03,0.013972,-0.002107,0.00852,900.0
1.0040E+03,0.014087,-0.001040,0.00852,900.0
1.0041E+03,0.014105,0.000345,0.00852,900.0
1.0042E+03,0.014035,0.001459,0.00852,900.0
1.0043E+03,0.013810,0.002821,0.00852,0.0
1.0044E+03,0.013467,0.004152,0.00852,0.0
1.0045E+03,0.013078,0.005299,0.00852,0.0
1.0046E+03,0.012626,0.006250,0.00852,0.0
1.0047E+03,0.011902,0.007541,0.00852,0.0
1.0048E+03,0.011022,0.008786,0.00852,0.0
1.0049E+03,0.009960,0.009970,0.00852,900.0
1.0050E+03,0.008939,0.010908,0.00852,900.0
1.0051E+03,0.008695,0.011101,0.00852,900.0
1.0052E+03,0.008669,0.011122,0.00852,900.0
1.0053E+03,0.007441,0.009545,0.00852,900.0
1.0054E+03,0.003463,0.004433,0.00852,900.0
1.0055E+03,-0.001409,-0.001826,0.00852,900.0
1.0056E+03,-0.005835,-0.007512,0.00852,900.0
1.0057E+03,-0.007799,-0.010036,0.00852,900.0
1.0058E+03,-0.007843,-0.010093,0.00852,900.0
1.0059E+03,-0.007978,-0.009978,0.00852,900.0
1.0060E+03,-0.008544,-0.009459,0.00852,900.0
1.0061E+03,-0.009501,-0.008515,0.00852,900.0
1.0062E+03,-0.010441,-0.007322,0.00852,900.0
1.0063E+03,-0.011224,-0.006045,0.00852,900.0
1.0064E+03,-0.011852,-0.004671,0.00852,900.0
1.0065E+03,-0.012317,-0.003229,0.00852,900.0
1.0066E+03,-0.012608,-0.001768,0.00852,900.0
1.0067E+03,-0.012711,-0.000247,0.00852,900.0
1.0068E+03,-0.012652,0.001263,0.00852,900.0
1.0069E+03,-0.012416,0.002724,0.00852,900.0
1.0070E+03,-0.011997,0.004185,0.00852,900.0
1.0071E+03,-0.011417,0.005588,0.00852,900.0
1.0072E+03,-0.010719,0.006856,0.00852,900.0
1.0073E+03,-0.009820,0.008086,0.00852,900.0
1.0074E+03,-0.008726,0.009246,0.00852,900.0
1.0075E+03,-0.007572,0.010205,0.00852,900.0
1.0076E+03,-0.006380,0.010980,0.00852,900.0
1.0077E+03,-0.004986,0.011667,0.00852,900.0
1.0078E+03,-0.003677,0.012146,0.00852,900.0
1.0079E+03,-0.002218,0.012488,0.00852,900.0
1.0080E+03,-0.000731,0.012660,0.00852,900.0
1.0081E+03,0.000791,0.012659,0.00852,900.0
1.0082E+03,0.002282,0.012474,0.00852,900.0
1.0083E+03,0.003708,0.012135,0.00852,900.0
1.0084E+03,0.005060,0.011644,0.00852,900.0
1.0085E+03,0.006413,0.010970,0.00852,900.0
1.0086E+03,0.007675,0.010130,0.00852,900.0
1.0087E+03,0.008856,0.009113,0.00852,900.0
1.0088E+03,0.009881,0.007987,0.00852,900.0
1.0089E+03,0.010737,0.006798,0.00852,900.0
1.0090E+03,0.011464,0.005471,0.00852,900.0
1.0091E+03,0.012027,0.004087,0.00852,900.0
1.0092E+03,0.012429,0.002662,0.00852,900.0
1.0093E+03,0.012662,0.001141,0.00852,900.0
1.0094E+03,0.012730,-0.000398,0.00852,900.0
1.0095E+03,0.012639,-0.001683,0.00852,900.0
1.0096E+03,0.012356,-0.003159,0.00852,900.0
1.0097E+03,0.011891,-0.004613,0.00852,900.0
1.0098E+03,0.011230,-0.006038,0.00852,900.0
1.0099E+03,0.010437,-0.007318,0.00852,900.0
1.0100E+03,0.009519,-0.008480,0.00852,900.0
1.0101E+03,0.008490,-0.009517,0.00852,900.0
1.0102E+03,0.007320,-0.010445,0.00852,900.0
1.0103E+03,0.006014,-0.011242,0.00852,900.0
1.0104E+03,0.004655,-0.011867,0.00852,900.0
1.0105E+03,0.003243,-0.012330,0.00852,900.0
1.0106E+03,0.001723,-0.012639,0.00852,0.0
1.0107E+03,0.000200,-0.012763,0.00852,0.0
1.0108E+03,-0.001258,-0.012708,0.00852,0.0
1.0109E+03,-0.002760,-0.012476,0.00852,0.0
1.0110E+03,-0.004183,-0.012066,0.00852,0.0
1.0111E+03,-0.005614,-0.011455,0.00852,0.0
1.0112E+03,-0.006767,-0.010813,0.00852,0.0
1.0113E+03,-0.007564,-0.010291,0.00852,0.0
1.0115E+03,-0.007843,-0.010093,0.00852,0.0
1.0116E+03,-0.007843,-0.010091,0.00852,0.0
1.0117E+03,-0.007843,-0.010089,0.00852,0.0
1.0119E+03,-0.007843,-0.010088,0.00852,0.0
1.0120E+03,-0.007843,-0.010086,0.00852,0.0
1.0121E+03,-0.007843,-0.010084,0.00852,0.0
1.0122E+03,-0.007843,-0.010083,0.00852,0.0
1.0123E+03,-0.007843,-0.010082,0.00852,0.0
1.0124E+03,-0.007843,-0.010081,0.00852,0.0
1.0125E+03,-0.007843,-0.010079,0.00852,0.0
1.0126E+03,-0.007843,-0.010078,0.00852,0.0
1.0127E+03,-0.007843,-0.010077,0.00852,0.0
1.0128E+03,-0.007843,-0.010076,0.00852,0.0
1.0129E+03,-0.007843,-0.010074,0.00852,0.0
1.0130E+03,-0.007843,-0.010071,0.00852,0.0
1.0131E+03,-0.007843,-0.010070,0.00852,0.0
1.0132E+03,-0.007843,-0.010071,0.00852,0.0
1.0133E+03,-0.007843,-0.010068,0.00852,0.0
1.0134E+03,-0.007843,-0.010067,0.00852,0.0
1.0135E+03,-0.007843,-0.010066,0.00852,0.0
1.0136E+03,-0.007843,-0.010065,0.00852,0.0
1.0137E+03,-0.007843,-0.010063,0.00852,0.0
1.0138E+03,-0.007843,-0.010061,0.00852,0.0
1.0139E+03,-0.007843,-0.010060,0.00852,0.0
1.0140E+03,-0.007843,-0.010059,0.00852,0.0
1.0142E+03,-0.007843,-0.010057,0.00852,0.0
1.0143E+03,-0.007843,-0.025650,0.00852,0.0
1.0144E+03,-0.007842,-0.025649,0.00852,0.0
1.0145E+03,-0.007827,-0.025617,0.00852,0.0
1.0146E+03,-0.006678,-0.023250,0.00852,0.0
1.0147E+03,-0.004995,-0.019783,0.00852,0.0
1.0148E+03,-0.003272,-0.016234,0.00852,0.0
1.0149E+03,-0.001579,-0.012746,0.00852,0.0
1.0150E+03,0.000143,-0.009199,0.00852,0.0
1.0151E+03,0.001891,-0.005598,0.00852,0.0
1.0152E+03,0.003619,-0.002038,0.00852,0.0
1.0153E+03,0.005344,0.001517,0.00852,0.0
1.0154E+03,0.007038,0.005006,0.00852,0.0
1.0155E+03,0.008783,0.008611,0.00852,0.0
1.0156E+03,0.010424,0.012225,0.00852,0.0
1.0157E+03,0.011064,0.013340,0.00852,0.0
