3.1834E+03,-0.006539,0.027122,0.03621,0.0
3.1835E+03,-0.006539,0.027120,0.03621,0.0
3.1836E+03,-0.006539,0.027118,0.03621,0.0
3.1837E+03,-0.006539,0.027117,0.03621,0.0
3.1838E+03,-0.006539,0.027115,0.03621,0.0
3.1839E+03,-0.006539,0.027114,0.03621,0.0
3.1840E+03,-0.006539,0.027112,0.03621,0.0
3.1841E+03,-0.006539,0.027110,0.03621,0.0
3.1842E+03,-0.006539,0.027108,0.03621,0.0
3.1843E+03,-0.006539,0.027106,0.03621,0.0
3.1844E+03,-0.006539,0.027104,0.03621,0.0
3.1845E+03,-0.006539,0.027103,0.03621,0.0
3.1846E+03,-0.006539,0.027101,0.03621,0.0
3.1847E+03,-0.006539,0.027099,0.03621,0.0
3.1848E+03,-0.006539,0.027097,0.03621,0.0
3.1849E+03,-0.006539,0.027095,0.03621,0.0
3.1850E+03,-0.006539,0.027093,0.03621,0.0
3.1851E+03,-0.006539,0.027092,0.03621,0.0
3.1852E+03,-0.006539,0.027089,0.03621,0.0
3.1855E+03,-0.006539,0.027088,0.03621,0.0
3.1856E+03,-0.006527,0.027072,0.03621,0.0
3.1857E+03,-0.005488,0.025760,0.03621,0.0
3.1858E+03,-0.003575,0.023344,0.03621,0.0
3.1859E+03,-0.001529,0.020758,0.03621,0.0
3.1860E+03,0.000537,0.018148,0.03621,0.0
3.1861E+03,0.002574,0.015575,0.03621,900.0
3.1862E+03,0.004553,0.013075,0.03621,900.0
3.1863E+03,0.006703,0.010359,0.03621,900.0
3.1864E+03,0.008725,0.007804,0.03621,900.0
3.1865E+03,0.010712,0.005295,0.03621,900.0
3.1866E+03,0.012787,0.002673,0.03621,900.0
3.1867E+03,0.014691,0.000268,0.03621,900.0
3.1868E+03,0.015289,-0.000487,0.03621,900.0
3.1869E+03,0.015306,-0.000509,0.03621,900.0
3.1870E+03,0.015310,-0.000407,0.03621,900.0
3.1871E+03,0.015295,0.000332,0.03621,900.0
3.1872E+03,0.015205,0.001676,0.03621,900.0
3.1873E+03,0.014969,0.003147,0.03621,900.0
3.1874E+03,0.014583,0.004637,0.03621,900.0
3.1875E+03,0.014052,0.006059,0.03621,900.0
3.1876E+03,0.013405,0.007361,0.03621,900.0
3.1877E+03,0.012608,0.008648,0.03621,900.0
3.1878E+03,0.011700,0.009830,0.03621,900.0
3.1879E+03,0.010627,0.010966,0.03621,900.0
3.1880E+03,0.009475,0.011964,0.03621,900.0
3.1881E+03,0.008521,0.012682,0.03621,900.0
3.1882E+03,0.007550,0.013270,0.03621,900.0
3.1883E+03,0.006195,0.013953,0.03621,900.0
3.1884E+03,0.004792,0.014497,0.03621,900.0
3.1885E+03,0.003345,0.014896,0.03621,900.0
3.1886E+03,0.001858,0.015162,0.03621,900.0
3.1887E+03,0.000369,0.015274,0.03621,900.0
3.1888E+03,-0.001213,0.015227,0.03621,900.0
3.1889E+03,-0.002543,0.015055,0.03621,900.0
3.1890E+03,-0.003999,0.014730,0.03621,900.0
3.1891E+03,-0.005421,0.014269,0.03621,900.0
3.1892E+03,-0.006774,0.013677,0.03621,900.0
3.1893E+03,-0.008087,0.012949,0.03621,900.0
3.1894E+03,-0.009317,0.012099,0.03621,900.0
3.1895E+03,-0.010431,0.011152,0.03621,900.0
3.1896E+03,-0.011511,0.010049,0.03621,900.0
3.1897E+03,-0.012458,0.008866,0.03621,900.0
3.1898E+03,-0.013278,0.007580,0.03621,900.0
3.1899E+03,-0.013961,0.006256,0.03621,900.0
3.1900E+03,-0.014372,0.005248,0.03621,900.0
3.1901E+03,-0.014818,0.003785,0.03621,900.0
3.1902E+03,-0.015119,0.002299,0.03621,900.0
3.1903E+03,-0.015275,0.000792,0.03621,900.0
3.1904E+03,-0.015290,-0.000691,0.03621,900.0
3.1905E+03,-0.015148,-0.002155,0.03621,900.0
3.1906E+03,-0.014903,-0.003486,0.03621,900.0
3.1907E+03,-0.014522,-0.004876,0.03621,900.0
3.1908E+03,-0.014095,-0.006007,0.03621,900.0
3.1909E+03,-0.013492,-0.007283,0.03621,900.0
3.1910E+03,-0.012726,-0.008551,0.03621,900.0
3.1911E+03,-0.011769,-0.009828,0.03621,900.0
3.1912E+03,-0.010749,-0.010939,0.03621,900.0
3.1913E+03,-0.009621,-0.011928,0.03621,900.0
3.1914E+03,-0.008403,-0.012822,0.03621,900.0
3.1915E+03,-0.007105,-0.013587,0.03621,900.0
3.1916E+03,-0.005753,-0.014207,0.03621,900.0
3.1917E+03,-0.004331,-0.014702,0.03621,900.0
3.1918E+03,-0.002858,-0.015062,0.03621,900.0
3.1919E+03,-0.001400,-0.015276,0.03621,900.0
3.1920E+03,0.000065,-0.015340,0.03621,900.0
3.1921E+03,0.001603,-0.015257,0.03621,900.0
3.1922E+03,0.003082,-0.015038,0.03621,900.0
3.1923E+03,0.004460,-0.014682,0.03621,900.0
3.1924E+03,0.005852,-0.014174,0.03621,900.0
3.1925E+03,0.007184,-0.013547,0.03621,900.0
3.1926E+03,0.008166,-0.012986,0.03621,900.0
3.1927E+03,0.009237,-0.012225,0.03621,900.0
3.1928E+03,0.010352,-0.011256,0.03621,900.0
3.1929E+03,0.011389,-0.010190,0.03621,0.0
3.1930E+03,0.012366,-0.009047,0.03621,0.0
3.1931E+03,0.013174,-0.007818,0.03621,0.0
3.1932E+03,0.013857,-0.006538,0.03621,0.0
3.1933E+03,0.014395,-0.005247,0.03621,0.0
3.1934E+03,0.014842,-0.003822,0.03621,0.0
3.1935E+03,0.015128,-0.002365,0.03621,900.0
3.1936E+03,0.015274,-0.000929,0.03621,900.0
3.1937E+03,0.015305,-0.000531,0.03621,900.0
3.1938E+03,0.015306,-0.000509,0.03621,900.0
3.1939E+03,0.013446,0.000424,0.03621,900.0
3.1940E+03,0.009067,0.002620,0.03621,900.0
3.1941E+03,0.002027,0.006150,0.03621,900.0
3.1942E+03,-0.003581,0.008962,0.03621,900.0
3.1943E+03,-0.005691,0.010020,0.03621,900.0
3.1944E+03,-0.005690,0.010021,0.03621,900.0
3.1945E+03,-0.005643,0.010045,0.03621,900.0
3.1946E+03,-0.004481,0.010614,0.03621,900.0
3.1947E+03,-0.003004,0.011100,0.03621,900.0
3.1948E+03,-0.001556,0.011399,0.03621,900.0
3.1949E+03,-0.000022,0.011491,0.03621,900.0
3.1950E+03,0.001506,0.011385,0.03621,900.0
3.1951E+03,0.002983,0.011100,0.03621,900.0
3.1952E+03,0.004378,0.010628,0.03621,900.0
3.1953E+03,0.005711,0.009975,0.03621,900.0
3.1954E+03,0.006991,0.009130,0.03621,900.0
3.1955E+03,0.008125,0.008155,0.03621,900.0
3.1956E+03,0.009077,0.007084,0.03621,900.0
3.1957E+03,0.009892,0.005914,0.03621,900.0
3.1958E+03,0.010595,0.004537,0.03621,900.0
3.1959E+03,0.011082,0.003163,0.03621,900.0
3.1960E+03,0.011406,0.001667,0.03621,900.0
3.1961E+03,0.011523,0.000143,0.03621,900.0
3.1962E+03,0.011444,-0.001369,0.03621,900.0
3.1963E+03,0.011185,-0.002829,0.03621,900.0
3.1964E+03,0.010736,-0.004236,0.03621,900.0
3.1965E+03,0.010096,-0.005594,0.03621,900.0
3.1966E+03,0.009297,-0.006856,0.03621,900.0
3.1967E+03,0.008329,-0.008018,0.03621,900.0
3.1968E+03,0.007226,-0.009039,0.03621,900.0
3.1969E+03,0.005955,-0.009930,0.03621,900.0
3.1970E+03,0.004637,-0.010608,0.03621,900.0
3.1971E+03,0.003190,-0.011121,0.03621,900.0
3.1972E+03,0.001719,-0.011443,0.03621,900.0
3.1973E+03,0.000275,-0.011558,0.03621,900.0
3.1974E+03,-0.001050,-0.011509,0.03621,900.0
3.1975E+03,-0.002563,-0.011276,0.03621,900.0
3.1976E+03,-0.004024,-0.010838,0.03621,900.0
3.1977E+03,-0.005386,-0.010230,0.03621,900.0
3.1978E+03,-0.006711,-0.009421,0.03621,900.0
3.1979E+03,-0.007865,-0.008474,0.03621,900.0
3.1980E+03,-0.008883,-0.007426,0.03621,900.0
3.1981E+03,-0.009718,-0.006175,0.03621,900.0
3.1982E+03,-0.010494,-0.004834,0.03621,900.0
3.1983E+03,-0.011018,-0.003445,0.03621,900.0
3.1984E+03,-0.011357,-0.002005,0.03621,900.0
3.1985E+03,-0.011521,-0.000501,0.03621,900.0
3.1986E+03,-0.011476,0.001002,0.03621,900.0
3.1987E+03,-0.011241,0.002500,0.03621,0.0
3.1988E+03,-0.010812,0.003968,0.03621,0.0
3.1989E+03,-0.010205,0.005324,0.03621,0.0
3.1990E+03,-0.009452,0.006583,0.03621,0.0
3.1991E+03,-0.008509,0.007750,0.03621,900.0
3.1992E+03,-0.007538,0.008713,0.03621,900.0
3.1993E+03,-0.006310,0.009627,0.03621,900.0
3.1994E+03,-0.005768,0.009974,0.03621,900.0
3.1995E+03,-0.005691,0.010020,0.03621,900.0
3.1996E+03,-0.006267,0.009417,0.03621,900.0
3.1997E+03,-0.009910,0.005601,0.03621,900.0
3.1998E+03,-0.012938,0.002429,0.03621,900.0
3.2000E+03,-0.013487,0.001854,0.03621,900.0
3.2001E+03,-0.013514,0.001575,0.03621,900.0
3.2002E+03,-0.013595,0.000427,0.03621,900.0
3.2003E+03,-0.013577,-0.001061,0.03621,900.0
3.2004E+03,-0.013370,-0.002605,0.03621,900.0
3.2005E+03,-0.013020,-0.003998,0.03621,900.0
3.2006E+03,-0.012480,-0.005437,0.03621,900.0
3.2007E+03,-0.011782,-0.006826,0.03621,900.0
3.2008E+03,-0.010964,-0.008081,0.03621,900.0
3.2009E+03,-0.010116,-0.009115,0.03621,900.0
3.2010E+03,-0.009047,-0.010183,0.03621,900.0
3.2011E+03,-0.007879,-0.011140,0.03621,900.0
3.2012E+03,-0.006645,-0.011947,0.03621,900.0
3.2013E+03,-0.005256,-0.012581,0.03621,900.0
3.2014E+03,-0.003867,-0.013078,0.03621,900.0
3.2015E+03,-0.002407,-0.013434,0.03621,900.0
3.2016E+03,-0.001297,-0.013586,0.03621,900.0
3.2017E+03,0.000097,-0.013640,0.03621,900.0
3.2018E+03,0.001560,-0.013554,0.03621,900.0
3.2019E+03,0.003015,-0.013295,0.03621,900.0
3.2020E+03,0.004448,-0.012882,0.03621,900.0
3.2021E+03,0.005822,-0.012322,0.03621,900.0
3.2022E+03,0.007172,-0.011579,0.03621,900.0
3.2023E+03,0.008438,-0.010690,0.03621,900.0
3.2024E+03,0.009555,-0.009706,0.03621,900.0
3.2025E+03,0.010583,-0.008580,0.03621,900.0
3.2026E+03,0.011371,-0.007519,0.03621,900.0
3.2027E+03,0.012129,-0.006220,0.03621,900.0
3.2028E+03,0.012744,-0.004808,0.03621,900.0
3.2029E+03,0.013198,-0.003351,0.03621,900.0
3.2030E+03,0.013470,-0.001884,0.03621,900.0
3.2031E+03,0.013586,-0.000387,0.03621,900.0
3.2032E+03,0.013546,0.001095,0.03621,900.0
3.2033E+03,0.013346,0.002552,0.03621,900.0
3.2034E+03,0.012969,0.004027,0.03621,900.0
3.2035E+03,0.012438,0.005465,0.03621,900.0
3.2036E+03,0.011782,0.006763,0.03621,900.0
3.2037E+03,0.010967,0.008009,0.03621,900.0
3.2038E+03,0.009997,0.009201,0.03621,900.0
3.2039E+03,0.008937,0.010231,0.03621,900.0
3.2040E+03,0.007689,0.011194,0.03621,900.0
3.2041E+03,0.006445,0.011946,0.03621,900.0
3.2042E+03,0.005079,0.012579,0.03621,900.0
3.2043E+03,0.003656,0.013063,0.03621,900.0
3.2044E+03,0.002291,0.013359,0.03621,900.0
3.2045E+03,0.000791,0.013538,0.03621,900.0
3.2046E+03,-0.000531,0.013557,0.03621,900.0
3.2047E+03,-0.001736,0.013454,0.03621,900.0
3.2048E+03,-0.003116,0.013207,0.03621,900.0
3.2049E+03,-0.004501,0.012803,0.03621,900.0
3.2050E+03,-0.005914,0.012231,0.03621,900.0
3.2051E+03,-0.007195,0.011520,0.03621,0.0
3.2052E+03,-0.008431,0.010644,0.03621,0.0
3.2053E+03,-0.009613,0.009585,0.03621,0.0
3.2054E+03,-0.010603,0.008483,0.03621,0.0
3.2055E+03,-0.011476,0.007248,0.03621,0.0
3.2056E+03,-0.012198,0.005968,0.03621,0.0
3.2057E+03,-0.012782,0.004575,0.03621,900.0
3.2058E+03,-0.013232,0.003090,0.03621,900.0
3.2059E+03,-0.013456,0.002064,0.03621,900.0
3.2060E+03,-0.013487,0.001854,0.03621,900.0
3.2061E+03,-0.013396,0.001980,0.03621,900.0
3.2062E+03,-0.011989,0.003933,0.03621,900.0
3.2063E+03,-0.007637,0.009971,0.03621,900.0
3.2064E+03,-0.006629,0.011369,0.03621,900.0
3.2065E+03,-0.006539,0.011494,0.03621,900.0
3.2066E+03,-0.006414,0.011563,0.03621,900.0
3.2067E+03,-0.005427,0.012025,0.03621,900.0
3.2068E+03,-0.004042,0.012562,0.03621,900.0
3.2069E+03,-0.002625,0.012930,0.03621,900.0
3.2070E+03,-0.001120,0.013147,0.03621,900.0
3.2071E+03,0.000399,0.013197,0.03621,900.0
3.2072E+03,0.001881,0.013069,0.03621,900.0
3.2073E+03,0.003419,0.012758,0.03621,900.0
3.2074E+03,0.004856,0.012298,0.03621,900.0
3.2075E+03,0.006149,0.011697,0.03621,900.0
3.2076E+03,0.007431,0.010924,0.03621,900.0
3.2077E+03,0.008685,0.009941,0.03621,900.0
3.2078E+03,0.009653,0.009005,0.03621,900.0
3.2079E+03,0.010615,0.007869,0.03621,900.0
3.2080E+03,0.011441,0.006616,0.03621,900.0
3.2081E+03,0.012119,0.005259,0.03621,900.0
3.2082E+03,0.012663,0.003824,0.03621,900.0
3.2083E+03,0.013012,0.002427,0.03621,900.0
3.2084E+03,0.013217,0.000879,0.03621,900.0
3.2085E+03,0.013230,-0.000629,0.03621,900.0
3.2086E+03,0.013083,-0.002105,0.03621,900.0
3.2087E+03,0.012770,-0.003553,0.03621,900.0
3.2088E+03,0.012254,-0.005036,0.03621,900.0
3.2089E+03,0.011628,-0.006353,0.03621,900.0
3.2090E+03,0.010880,-0.007619,0.03621,900.0
3.2091E+03,0.009912,-0.008837,0.03621,900.0
3.2092E+03,0.008827,-0.009898,0.03621,900.0
3.2093E+03,0.007669,-0.010814,0.03621,900.0
3.2094E+03,0.006384,-0.011627,0.03621,900.0
3.2095E+03,0.005204,-0.012213,0.03621,900.0
3.2096E+03,0.003714,-0.012752,0.03621,900.0
3.2097E+03,0.002262,-0.013090,0.03621,900.0
3.2098E+03,0.000833,-0.013249,0.03621,900.0
3.2099E+03,-0.000685,-0.013253,0.03621,900.0
3.2100E+03,-0.002204,-0.013088,0.03621,900.0
3.2101E+03,-0.003718,-0.012734,0.03621,900.0
3.2102E+03,-0.005117,-0.012236,0.03621,900.0
3.2103E+03,-0.006430,-0.011599,0.03621,900.0
3.2104E+03,-0.007710,-0.010780,0.03621,900.0
3.2105E+03,-0.008907,-0.009821,0.03621,900.0
3.2106E+03,-0.009946,-0.008758,0.03621,900.0
3.2107E+03,-0.010885,-0.007570,0.03621,900.0
3.2108E+03,-0.011676,-0.006285,0.03621,900.0
3.2109E+03,-0.012312,-0.004943,0.03621,900.0
3.2110E+03,-0.012783,-0.003525,0.03621,900.0
3.2111E+03,-0.013092,-0.001991,0.03621,900.0
3.2112E+03,-0.013221,-0.000678,0.03621,900.0
3.2113E+03,-0.013212,0.000795,0.03621,900.0
3.2114E+03,-0.013013,0.002323,0.03621,900.0
3.2115E+03,-0.012657,0.003813,0.03621,0.0
3.2116E+03,-0.012151,0.005197,0.03621,0.0
3.2117E+03,-0.011486,0.006534,0.03621,0.0
3.2118E+03,-0.010636,0.007852,0.03621,0.0
3.2119E+03,-0.009670,0.009000,0.03621,0.0
3.2120E+03,-0.008626,0.010020,0.03621,0.0
3.2121E+03,-0.007449,0.010925,0.03621,0.0
3.2122E+03,-0.006665,0.011416,0.03621,0.0
3.2124E+03,-0.006539,0.011494,0.03621,0.0
3.2125E+03,-0.006539,0.011495,0.03621,0.0
3.2126E+03,-0.006539,0.011496,0.03621,0.0
3.2127E+03,-0.006539,0.011498,0.03621,0.0
3.2128E+03,-0.006539,0.011499,0.03621,0.0
3.2129E+03,-0.006539,0.011500,0.03621,0.0
3.2130E+03,-0.006539,0.011501,0.03621,0.0
3.2131E+03,-0.006539,0.011502,0.03621,0.0
3.2132E+03,-0.006539,0.011503,0.03621,0.0
3.2133E+03,-0.006539,0.011504,0.03621,0.0
3.2134E+03,-0.006539,0.011505,0.03621,0.0
3.2135E+03,-0.006539,0.011590,0.03621,0.0
3.2136E+03,-0.006539,0.011549,0.03621,0.0
3.2137E+03,-0.006539,0.011509,0.03621,0.0
3.2138E+03,-0.006539,0.011510,0.03621,0.0
3.2139E+03,-0.006539,0.011511,0.03621,0.0
3.2140E+03,-0.006539,0.011513,0.03621,0.0
3.2141E+03,-0.006539,0.011514,0.03621,0.0
3.2142E+03,-0.006539,0.011515,0.03621,0.0
3.2143E+03,-0.006539,0.011516,0.03621,0.0
3.2144E+03,-0.006539,0.011518,0.03621,0.0
3.2145E+03,-0.006539,0.011519,0.03621,0.0
3.2146E+03,-0.006539,0.011520,0.03621,0.0
3.2147E+03,-0.006539,0.011521,0.03621,0.0
3.2148E+03,-0.006539,0.011522,0.03621,0.0
3.2149E+03,-0.006539,0.011523,0.03621,0.0
3.2150E+03,-0.006539,0.011525,0.03621,0.0
3.2151E+03,-0.006539,0.011526,0.03621,0.0
3.2152E+03,-0.006539,0.011527,0.03621,0.0
3.2153E+03,-0.006539,0.011528,0.03621,0.0
3.2154E+03,-0.006539,0.011529,0.03621,0.0
3.2157E+03,-0.006539,-0.004063,0.03621,0.0
3.2158E+03,-0.006858,-0.003562,0.03621,0.0
3.2159E+03,-0.007516,-0.002529,0.03621,0.0
3.2160E+03,-0.008275,-0.001337,0.03621,0.0
3.2161E+03,-0.009009,-0.000185,0.03621,0.0
3.2162E+03,-0.009741,0.000965,0.03621,0.0
3.2163E+03,-0.010484,0.002132,0.03621,0.0
3.2164E+03,-0.011152,0.003181,0.03621,0.0
3.2165E+03,-0.011910,0.004372,0.03621,0.0
3.2166E+03,-0.012653,0.005539,0.03621,0.0
3.2167E+03,-0.013353,0.006638,0.03621,0.0
3.2168E+03,-0.013654,0.007111,0.03621,0.0
