1.6530E+03,0.012910,0.018589,0.01420,0.0
1.6531E+03,0.012910,0.018587,0.01420,0.0
1.6532E+03,0.012910,0.018585,0.01420,0.0
1.6533E+03,0.012910,0.018584,0.01420,0.0
1.6534E+03,0.012910,0.018582,0.01420,0.0
1.6535E+03,0.012910,0.018579,0.01420,0.0
1.6536E+03,0.012910,0.018577,0.01420,0.0
1.6537E+03,0.012910,0.018575,0.01420,0.0
1.6538E+03,0.012910,0.018573,0.01420,0.0
1.6539E+03,0.012910,0.018571,0.01420,0.0
1.6540E+03,0.012910,0.018569,0.01420,0.0
1.6541E+03,0.012910,0.018567,0.01420,0.0
1.6542E+03,0.012910,0.018565,0.01420,0.0
1.6543E+03,0.012910,0.018563,0.01420,0.0
1.6544E+03,0.012910,0.018561,0.01420,0.0
1.6545E+03,0.012910,0.018559,0.01420,0.0
1.6546E+03,0.012910,0.018557,0.01420,0.0
1.6547E+03,0.012910,0.018555,0.01420,0.0
1.6549E+03,0.012910,0.018554,0.01420,0.0
1.6550E+03,0.012784,0.018538,0.01420,0.0
1.6551E+03,0.012091,0.018453,0.01420,0.0
1.6552E+03,0.010865,0.018195,0.01420,0.0
1.6553E+03,0.009543,0.018111,0.01420,0.0
1.6554E+03,0.008225,0.017976,0.01420,900.0
1.6555E+03,0.006939,0.017818,0.01420,900.0
1.6556E+03,0.005618,0.017655,0.01420,900.0
1.6557E+03,0.004324,0.017495,0.01420,900.0
1.6558E+03,0.003069,0.017341,0.01420,900.0
1.6559E+03,0.001797,0.017184,0.01420,900.0
1.6560E+03,0.000732,0.017052,0.01420,900.0
1.6563E+03,0.000292,0.016998,0.01420,900.0
1.6564E+03,-0.000673,0.016980,0.01420,900.0
1.6565E+03,-0.002178,0.016846,0.01420,900.0
1.6566E+03,-0.003651,0.016580,0.01420,900.0
1.6567E+03,-0.005127,0.016185,0.01420,900.0
1.6568E+03,-0.006412,0.015725,0.01420,900.0
1.6569E+03,-0.007764,0.015099,0.01420,900.0
1.6570E+03,-0.009045,0.014370,0.01420,900.0
1.6571E+03,-0.010261,0.013534,0.01420,900.0
1.6572E+03,-0.011430,0.012581,0.01420,900.0
1.6573E+03,-0.012498,0.011515,0.01420,900.0
1.6574E+03,-0.013501,0.010339,0.01420,900.0
1.6575E+03,-0.014354,0.009126,0.01420,900.0
1.6576E+03,-0.015093,0.007828,0.01420,900.0
1.6577E+03,-0.015736,0.006439,0.01420,900.0
1.6578E+03,-0.016101,0.005486,0.01420,900.0
1.6579E+03,-0.016462,0.004248,0.01420,900.0
1.6580E+03,-0.016777,0.002747,0.01420,900.0
1.6581E+03,-0.016965,0.001255,0.01420,900.0
1.6582E+03,-0.017011,-0.000208,0.01420,900.0
1.6583E+03,-0.016921,-0.001742,0.01420,900.0
1.6584E+03,-0.016701,-0.003297,0.01420,900.0
1.6585E+03,-0.016401,-0.004621,0.01420,900.0
1.6586E+03,-0.016082,-0.005654,0.01420,900.0
1.6587E+03,-0.015649,-0.006749,0.01420,900.0
1.6588E+03,-0.014982,-0.008099,0.01420,900.0
1.6589E+03,-0.014199,-0.009405,0.01420,900.0
1.6590E+03,-0.013322,-0.010626,0.01420,900.0
1.6591E+03,-0.012300,-0.011782,0.01420,900.0
1.6592E+03,-0.011211,-0.012827,0.01420,900.0
1.6593E+03,-0.010046,-0.013764,0.01420,900.0
1.6594E+03,-0.008782,-0.014611,0.01420,900.0
1.6595E+03,-0.007494,-0.015320,0.01420,900.0
1.6596E+03,-0.006147,-0.015953,0.01420,900.0
1.6597E+03,-0.004627,-0.016424,0.01420,900.0
1.6598E+03,-0.003194,-0.016763,0.01420,900.0
1.6599E+03,-0.001724,-0.016968,0.01420,900.0
1.6600E+03,-0.000226,-0.017054,0.01420,900.0
1.6601E+03,0.001259,-0.017008,0.01420,900.0
1.6602E+03,0.002773,-0.016820,0.01420,900.0
1.6603E+03,0.004106,-0.016540,0.01420,900.0
1.6604E+03,0.005536,-0.016125,0.01420,900.0
1.6605E+03,0.006931,-0.015576,0.01420,900.0
1.6606E+03,0.008291,-0.014893,0.01420,900.0
1.6607E+03,0.009562,-0.014109,0.01420,900.0
1.6608E+03,0.010778,-0.013213,0.01420,900.0
1.6609E+03,0.011912,-0.012206,0.01420,900.0
1.6610E+03,0.012919,-0.011121,0.01420,900.0
1.6611E+03,0.013893,-0.009867,0.01420,900.0
1.6612E+03,0.014719,-0.008585,0.01420,900.0
1.6613E+03,0.015406,-0.007249,0.01420,900.0
1.6614E+03,0.015829,-0.006300,0.01420,900.0
1.6615E+03,0.016225,-0.005136,0.01420,900.0
1.6616E+03,0.016614,-0.003681,0.01420,900.0
1.6617E+03,0.016870,-0.002183,0.01420,900.0
1.6618E+03,0.017003,-0.000653,0.01420,900.0
1.6619E+03,0.016990,0.000834,0.01420,900.0
1.6620E+03,0.016879,0.002196,0.01420,900.0
1.6621E+03,0.016612,0.003718,0.01420,900.0
1.6622E+03,0.016215,0.005122,0.01420,900.0
1.6623E+03,0.015875,0.006118,0.01420,900.0
1.6624E+03,0.015343,0.007322,0.01420,900.0
1.6625E+03,0.014644,0.008616,0.01420,900.0
1.6626E+03,0.013836,0.009866,0.01420,900.0
1.6627E+03,0.012881,0.011069,0.01420,900.0
1.6628E+03,0.011852,0.012166,0.01420,900.0
1.6629E+03,0.010750,0.013148,0.01420,0.0
1.6630E+03,0.009512,0.014078,0.01420,0.0
1.6631E+03,0.008280,0.014834,0.01420,0.0
1.6632E+03,0.006903,0.015522,0.01420,0.0
1.6633E+03,0.005494,0.016084,0.01420,0.0
1.6634E+03,0.004052,0.016508,0.01420,0.0
1.6635E+03,0.002512,0.016793,0.01420,0.0
1.6636E+03,0.001070,0.016945,0.01420,900.0
1.6637E+03,0.000452,0.016990,0.01420,900.0
1.6638E+03,0.000292,0.016998,0.01420,900.0
1.6639E+03,-0.000163,0.016025,0.01420,900.0
1.6640E+03,-0.001984,0.012128,0.01420,900.0
1.6641E+03,-0.005322,0.004985,0.01420,900.0
1.6642E+03,-0.008083,-0.000921,0.01420,900.0
1.6643E+03,-0.009246,-0.003411,0.01420,900.0
1.6644E+03,-0.009247,-0.003409,0.01420,900.0
1.6645E+03,-0.009257,-0.003383,0.01420,900.0
1.6646E+03,-0.009594,-0.002160,0.01420,900.0
1.6647E+03,-0.009796,-0.000645,0.01420,900.0
1.6648E+03,-0.009778,0.000801,0.01420,900.0
1.6649E+03,-0.009528,0.002275,0.01420,900.0
1.6650E+03,-0.009058,0.003711,0.01420,900.0
1.6651E+03,-0.008374,0.005066,0.01420,900.0
1.6652E+03,-0.007469,0.006312,0.01420,900.0
1.6653E+03,-0.006410,0.007387,0.01420,900.0
1.6654E+03,-0.005364,0.008194,0.01420,900.0
1.6655E+03,-0.004099,0.008907,0.01420,900.0
1.6656E+03,-0.002699,0.009419,0.01420,900.0
1.6657E+03,-0.001129,0.009725,0.01420,900.0
1.6658E+03,0.000321,0.009775,0.01420,900.0
1.6659E+03,0.001799,0.009620,0.01420,900.0
1.6660E+03,0.002932,0.009348,0.01420,900.0
1.6661E+03,0.004131,0.008861,0.01420,900.0
1.6662E+03,0.005416,0.008136,0.01420,900.0
1.6663E+03,0.006603,0.007215,0.01420,900.0
1.6664E+03,0.007632,0.006130,0.01420,900.0
1.6665E+03,0.008482,0.004905,0.01420,900.0
1.6666E+03,0.009149,0.003525,0.01420,900.0
1.6667E+03,0.009591,0.002085,0.01420,900.0
1.6668E+03,0.009816,0.000538,0.01420,900.0
1.6669E+03,0.009795,-0.000899,0.01420,900.0
1.6670E+03,0.009540,-0.002381,0.01420,900.0
1.6671E+03,0.009120,-0.003644,0.01420,900.0
1.6672E+03,0.008459,-0.004989,0.01420,900.0
1.6673E+03,0.007599,-0.006234,0.01420,900.0
1.6674E+03,0.006560,-0.007319,0.01420,900.0
1.6675E+03,0.005375,-0.008236,0.01420,900.0
1.6676E+03,0.004042,-0.008975,0.01420,900.0
1.6677E+03,0.002704,-0.009484,0.01420,900.0
1.6678E+03,0.001701,-0.009706,0.01420,900.0
1.6679E+03,0.000212,-0.009871,0.01420,900.0
1.6680E+03,-0.001252,-0.009796,0.01420,0.0
1.6681E+03,-0.002707,-0.009477,0.01420,0.0
1.6682E+03,-0.004119,-0.008945,0.01420,0.0
1.6683E+03,-0.005434,-0.008200,0.01420,0.0
1.6684E+03,-0.006620,-0.007266,0.01420,0.0
1.6685E+03,-0.007672,-0.006142,0.01420,0.0
1.6686E+03,-0.008521,-0.004879,0.01420,900.0
1.6687E+03,-0.009065,-0.003847,0.01420,900.0
1.6688E+03,-0.009246,-0.003411,0.01420,900.0
1.6689E+03,-0.009182,-0.003429,0.01420,900.0
1.6690E+03,-0.008454,-0.003638,0.01420,900.0
1.6691E+03,-0.001425,-0.005649,0.01420,900.0
1.6692E+03,0.005736,-0.007699,0.01420,900.0
1.6693E+03,0.011032,-0.009215,0.01420,900.0
1.6695E+03,0.012060,-0.009509,0.01420,900.0
1.6696E+03,0.012338,-0.009126,0.01420,900.0
1.6697E+03,0.013007,-0.008094,0.01420,900.0
1.6698E+03,0.013762,-0.006740,0.01420,900.0
1.6699E+03,0.014344,-0.005379,0.01420,900.0
1.6700E+03,0.014801,-0.003962,0.01420,900.0
1.6701E+03,0.015125,-0.002449,0.01420,900.0
1.6702E+03,0.015295,-0.001015,0.01420,900.0
1.6703E+03,0.015314,0.000519,0.01420,900.0
1.6704E+03,0.015190,0.002024,0.01420,900.0
1.6705E+03,0.014888,0.003541,0.01420,900.0
1.6706E+03,0.014516,0.004833,0.01420,900.0
1.6707E+03,0.013958,0.006234,0.01420,900.0
1.6708E+03,0.013280,0.007582,0.01420,900.0
1.6709E+03,0.012471,0.008837,0.01420,900.0
1.6710E+03,0.011567,0.009995,0.01420,900.0
1.6711E+03,0.010540,0.011068,0.01420,900.0
1.6712E+03,0.009352,0.012093,0.01420,900.0
1.6713E+03,0.008145,0.012945,0.01420,900.0
1.6714E+03,0.006825,0.013696,0.01420,900.0
1.6715E+03,0.005420,0.014302,0.01420,900.0
1.6716E+03,0.004017,0.014749,0.01420,900.0
1.6717E+03,0.002573,0.015065,0.01420,900.0
1.6718E+03,0.001028,0.015238,0.01420,900.0
1.6719E+03,-0.000410,0.015268,0.01420,900.0
1.6720E+03,-0.001926,0.015141,0.01420,900.0
1.6721E+03,-0.003461,0.014879,0.01420,900.0
1.6722E+03,-0.004887,0.014473,0.01420,900.0
1.6723E+03,-0.006140,0.013992,0.01420,900.0
1.6724E+03,-0.007538,0.013306,0.01420,900.0
1.6725E+03,-0.008792,0.012508,0.01420,900.0
1.6726E+03,-0.009965,0.011611,0.01420,900.0
1.6727E+03,-0.011073,0.010539,0.01420,900.0
1.6728E+03,-0.012084,0.009376,0.01420,900.0
1.6729E+03,-0.012911,0.008211,0.01420,900.0
1.6730E+03,-0.013659,0.006871,0.01420,900.0
1.6731E+03,-0.014280,0.005489,0.01420,900.0
1.6732E+03,-0.014747,0.004066,0.01420,900.0
1.6733E+03,-0.015083,0.002578,0.01420,900.0
1.6734E+03,-0.015273,0.001080,0.01420,900.0
1.6735E+03,-0.015305,-0.000396,0.01420,900.0
1.6736E+03,-0.015206,-0.001899,0.01420,900.0
1.6737E+03,-0.014953,-0.003360,0.01420,900.0
1.6738E+03,-0.014554,-0.004836,0.01420,900.0
1.6739E+03,-0.014008,-0.006248,0.01420,900.0
1.6740E+03,-0.013335,-0.007575,0.01420,900.0
1.6741E+03,-0.012619,-0.008708,0.01420,900.0
1.6742E+03,-0.011673,-0.009938,0.01420,900.0
1.6743E+03,-0.010639,-0.011041,0.01420,900.0
1.6744E+03,-0.009538,-0.012010,0.01420,900.0
1.6745E+03,-0.008325,-0.012885,0.01420,900.0
1.6746E+03,-0.006997,-0.013656,0.01420,900.0
1.6747E+03,-0.005626,-0.014280,0.01420,900.0
1.6748E+03,-0.004195,-0.014767,0.01420,900.0
1.6749E+03,-0.002686,-0.015125,0.01420,900.0
1.6750E+03,-0.001237,-0.015309,0.01420,900.0
1.6751E+03,0.000267,-0.015359,0.01420,900.0
1.6752E+03,0.001749,-0.015249,0.01420,900.0
1.6753E+03,0.003263,-0.014998,0.01420,0.0
1.6754E+03,0.004726,-0.014600,0.01420,0.0
1.6755E+03,0.006105,-0.014074,0.01420,0.0
1.6756E+03,0.007448,-0.013410,0.01420,0.0
1.6757E+03,0.008745,-0.012602,0.01420,0.0
1.6758E+03,0.009823,-0.011782,0.01420,0.0
1.6759E+03,0.010916,-0.010782,0.01420,900.0
1.6760E+03,0.011891,-0.009708,0.01420,900.0
1.6761E+03,0.012055,-0.009514,0.01420,900.0
1.6762E+03,0.012060,-0.009509,0.01420,900.0
1.6763E+03,0.009859,-0.008984,0.01420,900.0
1.6764E+03,0.003533,-0.007474,0.01420,900.0
1.6765E+03,-0.004335,-0.005597,0.01420,900.0
1.6766E+03,-0.009234,-0.004428,0.01420,900.0
1.6768E+03,-0.010822,-0.004049,0.01420,900.0
1.6769E+03,-0.010944,-0.003655,0.01420,900.0
1.6770E+03,-0.011241,-0.002544,0.01420,900.0
1.6771E+03,-0.011485,-0.001052,0.01420,900.0
1.6772E+03,-0.011524,0.000426,0.01420,900.0
1.6773E+03,-0.011364,0.001908,0.01420,900.0
1.6774E+03,-0.011022,0.003356,0.01420,900.0
1.6775E+03,-0.010519,0.004671,0.01420,900.0
1.6776E+03,-0.009811,0.005986,0.01420,900.0
1.6777E+03,-0.008927,0.007223,0.01420,900.0
1.6778E+03,-0.007920,0.008318,0.01420,900.0
1.6779E+03,-0.006773,0.009273,0.01420,900.0
1.6780E+03,-0.005465,0.010097,0.01420,900.0
1.6781E+03,-0.004082,0.010729,0.01420,900.0
1.6782E+03,-0.002662,0.011168,0.01420,900.0
1.6783E+03,-0.001176,0.011436,0.01420,900.0
1.6784E+03,0.000354,0.011493,0.01420,900.0
1.6785E+03,0.001783,0.011356,0.01420,900.0
1.6786E+03,0.003222,0.011031,0.01420,900.0
1.6787E+03,0.004204,0.010694,0.01420,900.0
1.6788E+03,0.005430,0.010118,0.01420,900.0
1.6789E+03,0.006681,0.009347,0.01420,900.0
1.6790E+03,0.007867,0.008360,0.01420,900.0
1.6791E+03,0.008923,0.007233,0.01420,900.0
1.6792E+03,0.009704,0.006154,0.01420,900.0
1.6793E+03,0.010426,0.004867,0.01420,900.0
1.6794E+03,0.011000,0.003418,0.01420,900.0
1.6795E+03,0.011341,0.002040,0.01420,900.0
1.6796E+03,0.011523,0.000479,0.01420,900.0
1.6797E+03,0.011496,-0.000948,0.01420,900.0
1.6798E+03,0.011260,-0.002521,0.01420,900.0
1.6799E+03,0.010833,-0.003938,0.01420,900.0
1.6800E+03,0.010230,-0.005306,0.01420,900.0
1.6801E+03,0.009448,-0.006622,0.01420,900.0
1.6802E+03,0.008509,-0.007792,0.01420,900.0
1.6803E+03,0.007429,-0.008825,0.01420,900.0
1.6804E+03,0.006207,-0.009730,0.01420,900.0
1.6805E+03,0.004964,-0.010431,0.01420,900.0
1.6806E+03,0.003830,-0.010910,0.01420,900.0
1.6807E+03,0.002686,-0.011249,0.01420,900.0
1.6808E+03,0.001197,-0.011518,0.01420,900.0
1.6809E+03,-0.000096,-0.011568,0.01420,900.0
1.6810E+03,-0.001631,-0.011431,0.01420,900.0
1.6811E+03,-0.003129,-0.011119,0.01420,900.0
1.6812E+03,-0.004538,-0.010618,0.01420,0.0
1.6813E+03,-0.005862,-0.009946,0.01420,0.0
1.6814E+03,-0.007116,-0.009072,0.01420,0.0
1.6815E+03,-0.008268,-0.008050,0.01420,0.0
1.6816E+03,-0.009230,-0.006931,0.01420,0.0
1.6817E+03,-0.010031,-0.005694,0.01420,900.0
1.6818E+03,-0.010669,-0.004417,0.01420,900.0
1.6819E+03,-0.010822,-0.004049,0.01420,900.0
1.6820E+03,-0.010809,-0.004048,0.01420,900.0
1.6821E+03,-0.009850,-0.003969,0.01420,900.0
1.6822E+03,-0.002710,-0.003383,0.01420,900.0
1.6823E+03,0.005137,-0.002740,0.01420,900.0
1.6824E+03,0.011480,-0.002219,0.01420,900.0
1.6825E+03,0.013476,-0.002055,0.01420,900.0
1.6826E+03,0.013484,-0.002055,0.01420,900.0
1.6827E+03,0.013511,-0.001812,0.01420,900.0
1.6828E+03,0.013582,-0.000926,0.01420,900.0
1.6829E+03,0.013601,0.000560,0.01420,900.0
1.6830E+03,0.013461,0.002029,0.01420,900.0
1.6831E+03,0.013154,0.003497,0.01420,900.0
1.6832E+03,0.012653,0.004991,0.01420,900.0
1.6833E+03,0.012033,0.006337,0.01420,900.0
1.6834E+03,0.011270,0.007596,0.01420,900.0
1.6835E+03,0.010363,0.008782,0.01420,900.0
1.6836E+03,0.009287,0.009907,0.01420,900.0
1.6837E+03,0.008122,0.010880,0.01420,900.0
1.6838E+03,0.006897,0.011692,0.01420,900.0
1.6839E+03,0.005551,0.012389,0.01420,900.0
1.6840E+03,0.004093,0.012941,0.01420,900.0
1.6841E+03,0.002635,0.013320,0.01420,900.0
1.6842E+03,0.001146,0.013542,0.01420,900.0
1.6843E+03,-0.000328,0.013582,0.01420,900.0
1.6844E+03,-0.001653,0.013487,0.01420,900.0
1.6845E+03,-0.003162,0.013206,0.01420,900.0
1.6846E+03,-0.004562,0.012781,0.01420,900.0
1.6847E+03,-0.005932,0.012207,0.01420,900.0
1.6848E+03,-0.007282,0.011458,0.01420,900.0
1.6849E+03,-0.008525,0.010561,0.01420,900.0
1.6850E+03,-0.009648,0.009557,0.01420,900.0
1.6851E+03,-0.010661,0.008428,0.01420,900.0
1.6852E+03,-0.011518,0.007206,0.01420,900.0
1.6853E+03,-0.012250,0.005925,0.01420,900.0
1.6854E+03,-0.012826,0.004549,0.01420,900.0
1.6855E+03,-0.013271,0.003052,0.01420,900.0
1.6856E+03,-0.013522,0.001643,0.01420,900.0
1.6857E+03,-0.013612,0.000125,0.01420,900.0
1.6858E+03,-0.013531,-0.001434,0.01420,900.0
1.6859E+03,-0.013309,-0.002884,0.01420,900.0
1.6860E+03,-0.012907,-0.004335,0.01420,900.0
1.6861E+03,-0.012419,-0.005596,0.01420,900.0
1.6862E+03,-0.011738,-0.006920,0.01420,900.0
1.6863E+03,-0.010864,-0.008230,0.01420,900.0
1.6864E+03,-0.009919,-0.009371,0.01420,900.0
1.6865E+03,-0.008886,-0.010367,0.01420,900.0
1.6866E+03,-0.007602,-0.011341,0.01420,900.0
1.6867E+03,-0.006326,-0.012095,0.01420,900.0
1.6868E+03,-0.004948,-0.012722,0.01420,900.0
1.6869E+03,-0.003570,-0.013171,0.01420,900.0
1.6870E+03,-0.002080,-0.013480,0.01420,900.0
1.6871E+03,-0.000557,-0.013631,0.01420,900.0
1.6872E+03,0.000948,-0.013604,0.01420,900.0
1.6873E+03,0.002437,-0.013420,0.01420,900.0
1.6874E+03,0.003896,-0.013076,0.01420,900.0
1.6875E+03,0.005301,-0.012568,0.01420,900.0
1.6876E+03,0.006648,-0.011916,0.01420,900.0
1.6877E+03,0.007943,-0.011108,0.01420,0.0
1.6878E+03,0.009067,-0.010204,0.01420,0.0
1.6879E+03,0.010029,-0.009255,0.01420,0.0
1.6880E+03,0.010999,-0.008052,0.01420,0.0
1.6881E+03,0.011808,-0.006800,0.01420,900.0
1.6882E+03,0.012479,-0.005454,0.01420,900.0
1.6883E+03,0.013005,-0.004038,0.01420,900.0
1.6884E+03,0.013342,-0.002742,0.01420,900.0
1.6885E+03,0.013484,-0.002056,0.01420,900.0
1.6886E+03,0.013484,-0.002051,0.01420,900.0
1.6887E+03,0.013360,-0.000973,0.01420,900.0
1.6888E+03,0.012923,0.002848,0.01420,900.0
1.6890E+03,0.012910,0.002960,0.01420,900.0
1.6891E+03,0.013011,0.002387,0.01420,900.0
1.6892E+03,0.013180,0.001006,0.01420,900.0
1.6893E+03,0.013211,-0.000448,0.01420,900.0
1.6894E+03,0.013074,-0.001940,0.01420,900.0
1.6895E+03,0.012764,-0.003451,0.01420,900.0
1.6896E+03,0.012344,-0.004756,0.01420,900.0
1.6897E+03,0.011745,-0.006112,0.01420,900.0
1.6898E+03,0.010997,-0.007382,0.01420,900.0
1.6899E+03,0.010094,-0.008588,0.01420,900.0
1.6900E+03,0.009032,-0.009708,0.01420,900.0
1.6901E+03,0.007863,-0.010681,0.01420,900.0
1.6902E+03,0.006657,-0.011465,0.01420,900.0
1.6903E+03,0.005874,-0.012045,0.01420,900.0
1.6904E+03,0.004742,-0.012437,0.01420,900.0
1.6905E+03,0.003411,-0.012821,0.01420,900.0
1.6906E+03,0.001909,-0.013119,0.01420,900.0
1.6907E+03,0.000377,-0.013245,0.01420,900.0
1.6908E+03,-0.001090,-0.013206,0.01420,900.0
1.6909E+03,-0.002531,-0.013005,0.01420,900.0
1.6910E+03,-0.004007,-0.012623,0.01420,900.0
1.6911E+03,-0.005460,-0.012077,0.01420,900.0
1.6912E+03,-0.006744,-0.011414,0.01420,900.0
1.6913E+03,-0.007907,-0.010647,0.01420,900.0
1.6914E+03,-0.009058,-0.009684,0.01420,900.0
1.6915E+03,-0.010114,-0.008571,0.01420,900.0
1.6916E+03,-0.011006,-0.007370,0.01420,900.0
1.6917E+03,-0.011743,-0.006114,0.01420,900.0
1.6918E+03,-0.012356,-0.004721,0.01420,900.0
1.6919E+03,-0.012811,-0.003263,0.01420,900.0
1.6920E+03,-0.013094,-0.001785,0.01420,900.0
1.6921E+03,-0.013213,-0.000259,0.01420,900.0
1.6922E+03,-0.013155,0.001238,0.01420,900.0
1.6923E+03,-0.012949,0.002675,0.01420,900.0
1.6924E+03,-0.012560,0.004131,0.01420,900.0
1.6925E+03,-0.011986,0.005598,0.01420,900.0
1.6926E+03,-0.011283,0.006891,0.01420,900.0
1.6927E+03,-0.010437,0.008104,0.01420,900.0
1.6928E+03,-0.009393,0.009262,0.01420,900.0
1.6929E+03,-0.008309,0.010249,0.01420,900.0
1.6930E+03,-0.007199,0.011035,0.01420,900.0
1.6931E+03,-0.005894,0.011789,0.01420,900.0
1.6932E+03,-0.004555,0.012368,0.01420,900.0
1.6933E+03,-0.003088,0.012809,0.01420,900.0
1.6934E+03,-0.001565,0.013101,0.01420,900.0
1.6935E+03,-0.000145,0.013208,0.01420,900.0
1.6936E+03,0.001378,0.013133,0.01420,900.0
1.6937E+03,0.002952,0.012871,0.01420,900.0
1.6938E+03,0.004413,0.012461,0.01420,900.0
1.6939E+03,0.005504,0.012101,0.01420,900.0
1.6940E+03,0.006383,0.011591,0.01420,900.0
1.6941E+03,0.007480,0.010861,0.01420,0.0
1.6942E+03,0.008670,0.009939,0.01420,0.0
1.6943E+03,0.009765,0.008875,0.01420,0.0
1.6944E+03,0.010722,0.007705,0.01420,0.0
1.6945E+03,0.011516,0.006457,0.01420,0.0
1.6946E+03,0.012172,0.005129,0.01420,0.0
1.6947E+03,0.012681,0.003756,0.01420,0.0
1.6948E+03,0.012906,0.002974,0.01420,0.0
1.6950E+03,0.012910,0.002960,0.01420,0.0
1.6951E+03,0.012910,0.002962,0.01420,0.0
1.6952E+03,0.012910,0.002963,0.01420,0.0
1.6953E+03,0.012910,0.002964,0.01420,0.0
1.6954E+03,0.012910,0.002966,0.01420,0.0
1.6955E+03,0.012910,0.002967,0.01420,0.0
1.6956E+03,0.012910,0.002968,0.01420,0.0
1.6957E+03,0.012910,0.002969,0.01420,0.0
1.6958E+03,0.012910,0.002971,0.01420,0.0
1.6959E+03,0.012910,0.002972,0.01420,0.0
1.6960E+03,0.012910,0.002973,0.01420,0.0
1.6961E+03,0.012910,0.002974,0.01420,0.0
1.6962E+03,0.012910,0.003073,0.01420,0.0
1.6963E+03,0.012910,0.003005,0.01420,0.0
1.6964E+03,0.012910,0.002979,0.01420,0.0
1.6965E+03,0.012910,0.002980,0.01420,0.0
1.6967E+03,0.012910,0.002982,0.01420,0.0
1.6968E+03,0.012910,0.002984,0.01420,0.0
1.6969E+03,0.012910,0.002985,0.01420,0.0
1.6970E+03,0.012910,0.002986,0.01420,0.0
1.6971E+03,0.012910,0.002988,0.01420,0.0
1.6972E+03,0.012910,0.002989,0.01420,0.0
1.6973E+03,0.012910,0.002991,0.01420,0.0
1.6974E+03,0.012910,0.002992,0.01420,0.0
1.6975E+03,0.012910,0.002993,0.01420,0.0
1.6977E+03,0.012910,0.002995,0.01420,0.0
1.6978E+03,0.012910,0.002996,0.01420,0.0
1.6979E+03,0.012910,-0.012597,0.01420,0.0
1.6980E+03,0.012931,-0.012551,0.01420,0.0
1.6981E+03,0.013044,-0.012300,0.01420,0.0
1.6982E+03,0.013316,-0.011698,0.01420,0.0
1.6983E+03,0.013610,-0.011048,0.01420,0.0
1.6984E+03,0.013915,-0.010372,0.01420,0.0
1.6985E+03,0.014228,-0.009679,0.01420,0.0
1.6986E+03,0.014524,-0.009024,0.01420,0.0
1.6987E+03,0.014834,-0.008336,0.01420,0.0
1.6988E+03,0.015143,-0.007651,0.01420,0.0
1.6989E+03,0.015438,-0.006999,0.01420,0.0
1.6990E+03,0.015692,-0.006438,0.01420,0.0
