2.4257E+03,-0.012916,0.016295,0.02272,0.0
2.4258E+03,-0.012916,0.016294,0.02272,0.0
2.4259E+03,-0.012916,0.016292,0.02272,0.0
2.4260E+03,-0.012916,0.016290,0.02272,0.0
2.4261E+03,-0.012916,0.016288,0.02272,0.0
2.4262E+03,-0.012916,0.016286,0.02272,0.0
2.4263E+03,-0.012916,0.016284,0.02272,0.0
2.4264E+03,-0.012916,0.016282,0.02272,0.0
2.4265E+03,-0.012916,0.016280,0.02272,0.0
2.4266E+03,-0.012916,0.016278,0.02272,0.0
2.4267E+03,-0.012916,0.016276,0.02272,0.0
2.4268E+03,-0.012916,0.016275,0.02272,0.0
2.4269E+03,-0.012916,0.016273,0.02272,0.0
2.4270E+03,-0.012916,0.016271,0.02272,0.0
2.4271E+03,-0.012916,0.016269,0.02272,0.0
2.4272E+03,-0.012916,0.016267,0.02272,0.0
2.4273E+03,-0.012916,0.016265,0.02272,0.0
2.4274E+03,-0.012916,0.016263,0.02272,0.0
2.4275E+03,-0.012916,0.016261,0.02272,0.0
2.4278E+03,-0.012916,0.016260,0.02272,0.0
2.4279E+03,-0.011424,0.014834,0.02272,0.0
2.4280E+03,-0.009092,0.012605,0.02272,0.0
2.4281E+03,-0.006714,0.010333,0.02272,0.0
2.4282E+03,-0.004303,0.008028,0.02272,0.0
2.4283E+03,-0.001811,0.005647,0.02272,900.0
2.4284E+03,0.000668,0.003279,0.02272,900.0
2.4285E+03,0.003054,0.000998,0.02272,900.0
2.4286E+03,0.005436,-0.001278,0.02272,900.0
2.4287E+03,0.007956,-0.003686,0.02272,900.0
2.4288E+03,0.010439,-0.006060,0.02272,900.0
2.4289E+03,0.012656,-0.008178,0.02272,900.0
2.4290E+03,0.013030,-0.008535,0.02272,900.0
2.4292E+03,0.013088,-0.008591,0.02272,900.0
2.4293E+03,0.013481,-0.007936,0.02272,900.0
2.4294E+03,0.014110,-0.006710,0.02272,900.0
2.4295E+03,0.014694,-0.005317,0.02272,900.0
2.4296E+03,0.015126,-0.003892,0.02272,900.0
2.4297E+03,0.015436,-0.002379,0.02272,900.0
2.4298E+03,0.015599,-0.000868,0.02272,900.0
2.4299E+03,0.015604,0.000600,0.02272,900.0
2.4300E+03,0.015469,0.002159,0.02272,900.0
2.4301E+03,0.015195,0.003632,0.02272,900.0
2.4302E+03,0.014775,0.005039,0.02272,900.0
2.4303E+03,0.014234,0.006407,0.02272,900.0
2.4304E+03,0.013524,0.007775,0.02272,900.0
2.4305E+03,0.012683,0.009074,0.02272,900.0
2.4306E+03,0.011739,0.010254,0.02272,900.0
2.4307E+03,0.010824,0.011211,0.02272,900.0
2.4308E+03,0.009711,0.012185,0.02272,900.0
2.4309E+03,0.008467,0.013085,0.02272,900.0
2.4310E+03,0.007125,0.013860,0.02272,900.0
2.4311E+03,0.005750,0.014492,0.02272,900.0
2.4312E+03,0.004341,0.014980,0.02272,900.0
2.4313E+03,0.002935,0.015315,0.02272,900.0
2.4314E+03,0.001431,0.015523,0.02272,900.0
2.4315E+03,-0.000045,0.015579,0.02272,900.0
2.4316E+03,-0.001561,0.015499,0.02272,900.0
2.4317E+03,-0.002685,0.015358,0.02272,900.0
2.4318E+03,-0.003937,0.015064,0.02272,900.0
2.4319E+03,-0.005389,0.014614,0.02272,900.0
2.4320E+03,-0.006790,0.014018,0.02272,900.0
2.4321E+03,-0.008147,0.013292,0.02272,900.0
2.4322E+03,-0.009381,0.012447,0.02272,900.0
2.4323E+03,-0.010553,0.011481,0.02272,900.0
2.4324E+03,-0.011564,0.010472,0.02272,900.0
2.4325E+03,-0.012425,0.009439,0.02272,900.0
2.4326E+03,-0.013136,0.008429,0.02272,900.0
2.4327E+03,-0.013823,0.007224,0.02272,900.0
2.4328E+03,-0.014464,0.005830,0.02272,900.0
2.4329E+03,-0.014973,0.004377,0.02272,900.0
2.4330E+03,-0.015326,0.002933,0.02272,900.0
2.4331E+03,-0.015542,0.001466,0.02272,900.0
2.4332E+03,-0.015612,-0.000057,0.02272,900.0
2.4333E+03,-0.015543,-0.001571,0.02272,900.0
2.4334E+03,-0.015328,-0.003047,0.02272,900.0
2.4335E+03,-0.014963,-0.004524,0.02272,900.0
2.4336E+03,-0.014478,-0.005921,0.02272,900.0
2.4337E+03,-0.013803,-0.007357,0.02272,900.0
2.4338E+03,-0.013120,-0.008512,0.02272,900.0
2.4339E+03,-0.012396,-0.009538,0.02272,900.0
2.4340E+03,-0.011460,-0.010642,0.02272,900.0
2.4341E+03,-0.010352,-0.011716,0.02272,900.0
2.4342E+03,-0.009279,-0.012593,0.02272,900.0
2.4343E+03,-0.008012,-0.013435,0.02272,900.0
2.4344E+03,-0.006705,-0.014138,0.02272,900.0
2.4345E+03,-0.005364,-0.014701,0.02272,900.0
2.4346E+03,-0.003895,-0.015167,0.02272,900.0
2.4347E+03,-0.002585,-0.015445,0.02272,900.0
2.4348E+03,-0.001455,-0.015593,0.02272,900.0
2.4349E+03,0.000028,-0.015660,0.02272,900.0
2.4350E+03,0.001516,-0.015580,0.02272,900.0
2.4351E+03,0.002987,-0.015365,0.02272,900.0
2.4352E+03,0.004452,-0.014999,0.02272,900.0
2.4353E+03,0.005835,-0.014517,0.02272,0.0
2.4354E+03,0.007186,-0.013895,0.02272,0.0
2.4355E+03,0.008502,-0.013128,0.02272,0.0
2.4356E+03,0.009731,-0.012240,0.02272,0.0
2.4357E+03,0.010888,-0.011231,0.02272,0.0
2.4358E+03,0.011927,-0.010125,0.02272,0.0
2.4359E+03,0.012774,-0.009035,0.02272,900.0
2.4360E+03,0.013043,-0.008656,0.02272,900.0
2.4361E+03,0.013088,-0.008591,0.02272,900.0
2.4362E+03,0.012301,-0.008294,0.02272,900.0
2.4363E+03,0.007041,-0.006310,0.02272,900.0
2.4364E+03,-0.000135,-0.003603,0.02272,900.0
2.4365E+03,-0.007165,-0.000952,0.02272,900.0
2.4366E+03,-0.011024,0.000504,0.02272,900.0
2.4367E+03,-0.011218,0.000577,0.02272,900.0
2.4368E+03,-0.011214,0.000643,0.02272,900.0
2.4369E+03,-0.011161,0.001142,0.02272,900.0
2.4370E+03,-0.010906,0.002648,0.02272,900.0
2.4371E+03,-0.010438,0.004130,0.02272,900.0
2.4372E+03,-0.009773,0.005490,0.02272,900.0
2.4373E+03,-0.009001,0.006677,0.02272,900.0
2.4374E+03,-0.007974,0.007843,0.02272,900.0
2.4375E+03,-0.006879,0.008818,0.02272,900.0
2.4376E+03,-0.005633,0.009655,0.02272,900.0
2.4377E+03,-0.004389,0.010282,0.02272,900.0
2.4378E+03,-0.002937,0.010787,0.02272,900.0
2.4379E+03,-0.001482,0.011085,0.02272,900.0
2.4380E+03,-0.000060,0.011180,0.02272,900.0
2.4381E+03,0.001459,0.011099,0.02272,900.0
2.4382E+03,0.002943,0.010809,0.02272,900.0
2.4383E+03,0.004373,0.010310,0.02272,900.0
2.4384E+03,0.005732,0.009608,0.02272,900.0
2.4385E+03,0.006943,0.008782,0.02272,900.0
2.4386E+03,0.008044,0.007776,0.02272,900.0
2.4387E+03,0.009048,0.006576,0.02272,900.0
2.4388E+03,0.009854,0.005319,0.02272,900.0
2.4389E+03,0.010457,0.004009,0.02272,900.0
2.4390E+03,0.010895,0.002582,0.02272,900.0
2.4391E+03,0.011164,0.001073,0.02272,900.0
2.4392E+03,0.011213,-0.000449,0.02272,900.0
2.4393E+03,0.011058,-0.001991,0.02272,900.0
2.4394E+03,0.010752,-0.003294,0.02272,900.0
2.4395E+03,0.010206,-0.004725,0.02272,900.0
2.4396E+03,0.009468,-0.006063,0.02272,900.0
2.4397E+03,0.008566,-0.007261,0.02272,900.0
2.4398E+03,0.007579,-0.008306,0.02272,900.0
2.4399E+03,0.006381,-0.009252,0.02272,900.0
2.4400E+03,0.005080,-0.010031,0.02272,900.0
2.4401E+03,0.003723,-0.010604,0.02272,900.0
2.4402E+03,0.002279,-0.011021,0.02272,900.0
2.4403E+03,0.000794,-0.011230,0.02272,900.0
2.4404E+03,-0.000731,-0.011234,0.02272,900.0
2.4405E+03,-0.002216,-0.011042,0.02272,900.0
2.4406E+03,-0.003719,-0.010640,0.02272,900.0
2.4407E+03,-0.005042,-0.010080,0.02272,900.0
2.4408E+03,-0.006375,-0.009266,0.02272,900.0
2.4409E+03,-0.007546,-0.008340,0.02272,0.0
2.4410E+03,-0.008598,-0.007232,0.02272,0.0
2.4411E+03,-0.009461,-0.006054,0.02272,0.0
2.4412E+03,-0.010099,-0.004900,0.02272,0.0
2.4413E+03,-0.010670,-0.003489,0.02272,900.0
2.4414E+03,-0.011045,-0.002021,0.02272,900.0
2.4415E+03,-0.011208,-0.000618,0.02272,900.0
2.4416E+03,-0.011219,0.000563,0.02272,900.0
2.4418E+03,-0.011218,0.000577,0.02272,900.0
2.4419E+03,-0.009364,0.005095,0.02272,900.0
2.4420E+03,-0.006959,0.010954,0.02272,900.0
2.4421E+03,-0.006393,0.012331,0.02272,900.0
2.4422E+03,-0.006388,0.012344,0.02272,900.0
2.4423E+03,-0.006423,0.012326,0.02272,900.0
2.4424E+03,-0.007054,0.011954,0.02272,900.0
2.4425E+03,-0.008252,0.011167,0.02272,900.0
2.4426E+03,-0.009393,0.010226,0.02272,900.0
2.4427E+03,-0.010444,0.009163,0.02272,900.0
2.4428E+03,-0.011341,0.008042,0.02272,900.0
2.4429E+03,-0.012018,0.006997,0.02272,900.0
2.4430E+03,-0.012620,0.005838,0.02272,900.0
2.4431E+03,-0.013166,0.004480,0.02272,900.0
2.4432E+03,-0.013470,0.003492,0.02272,900.0
2.4433E+03,-0.013731,0.002212,0.02272,900.0
2.4434E+03,-0.013887,0.000732,0.02272,900.0
2.4435E+03,-0.013885,-0.000810,0.02272,900.0
2.4436E+03,-0.013725,-0.002295,0.02272,900.0
2.4437E+03,-0.013479,-0.003517,0.02272,900.0
2.4438E+03,-0.013152,-0.004568,0.02272,900.0
2.4439E+03,-0.012606,-0.005944,0.02272,900.0
2.4440E+03,-0.011995,-0.007100,0.02272,900.0
2.4441E+03,-0.011279,-0.008210,0.02272,900.0
2.4442E+03,-0.010389,-0.009394,0.02272,900.0
2.4443E+03,-0.009251,-0.010448,0.02272,900.0
2.4444E+03,-0.008105,-0.011351,0.02272,900.0
2.4445E+03,-0.006830,-0.012153,0.02272,900.0
2.4446E+03,-0.005586,-0.012772,0.02272,900.0
2.4447E+03,-0.004388,-0.013250,0.02272,900.0
2.4448E+03,-0.003247,-0.013561,0.02272,900.0
2.4449E+03,-0.001795,-0.013836,0.02272,900.0
2.4450E+03,-0.000343,-0.013947,0.02272,900.0
2.4451E+03,0.001224,-0.013905,0.02272,900.0
2.4452E+03,0.002742,-0.013695,0.02272,900.0
2.4453E+03,0.004170,-0.013326,0.02272,900.0
2.4454E+03,0.005541,-0.012809,0.02272,900.0
2.4455E+03,0.006859,-0.012142,0.02272,900.0
2.4456E+03,0.008139,-0.011313,0.02272,900.0
2.4457E+03,0.009317,-0.010365,0.02272,900.0
2.4458E+03,0.010391,-0.009278,0.02272,900.0
2.4459E+03,0.011345,-0.008078,0.02272,900.0
2.4460E+03,0.012141,-0.006820,0.02272,900.0
2.4461E+03,0.012791,-0.005517,0.02272,900.0
2.4462E+03,0.013306,-0.004107,0.02272,900.0
2.4463E+03,0.013660,-0.002738,0.02272,900.0
2.4464E+03,0.013879,-0.001225,0.02272,900.0
2.4465E+03,0.013917,0.000225,0.02272,900.0
2.4466E+03,0.013805,0.001730,0.02272,900.0
2.4467E+03,0.013520,0.003243,0.02272,900.0
2.4468E+03,0.013089,0.004688,0.02272,900.0
2.4469E+03,0.012519,0.006035,0.02272,900.0
2.4470E+03,0.011799,0.007326,0.02272,900.0
2.4471E+03,0.010921,0.008576,0.02272,900.0
2.4472E+03,0.009894,0.009740,0.02272,900.0
2.4473E+03,0.008776,0.010758,0.02272,900.0
2.4474E+03,0.007622,0.011610,0.02272,900.0
2.4475E+03,0.006323,0.012368,0.02272,900.0
2.4476E+03,0.004897,0.013007,0.02272,900.0
2.4477E+03,0.003444,0.013455,0.02272,0.0
2.4478E+03,0.001986,0.013739,0.02272,0.0
2.4479E+03,0.000504,0.013870,0.02272,0.0
2.4480E+03,-0.001003,0.013840,0.02272,0.0
2.4481E+03,-0.002372,0.013659,0.02272,0.0
2.4482E+03,-0.003716,0.013372,0.02272,900.0
2.4483E+03,-0.004855,0.013005,0.02272,900.0
2.4484E+03,-0.005892,0.012585,0.02272,900.0
2.4485E+03,-0.006388,0.012344,0.02272,900.0
2.4486E+03,-0.006423,0.012279,0.02272,900.0
2.4487E+03,-0.006806,0.011584,0.02272,900.0
2.4488E+03,-0.010561,0.004879,0.02272,900.0
2.4489E+03,-0.012662,0.001120,0.02272,900.0
2.4491E+03,-0.012916,0.000666,0.02272,900.0
2.4492E+03,-0.012844,0.001398,0.02272,900.0
2.4493E+03,-0.012615,0.002711,0.02272,900.0
2.4494E+03,-0.012218,0.004151,0.02272,900.0
2.4495E+03,-0.011648,0.005532,0.02272,900.0
2.4496E+03,-0.010912,0.006884,0.02272,900.0
2.4497E+03,-0.010055,0.008084,0.02272,900.0
2.4498E+03,-0.009192,0.009070,0.02272,900.0
2.4499E+03,-0.008019,0.010123,0.02272,900.0
2.4500E+03,-0.006759,0.010987,0.02272,900.0
2.4501E+03,-0.005428,0.011692,0.02272,900.0
2.4502E+03,-0.004052,0.012234,0.02272,900.0
2.4503E+03,-0.002602,0.012612,0.02272,900.0
2.4504E+03,-0.001145,0.012826,0.02272,900.0
2.4505E+03,0.000346,0.012872,0.02272,900.0
2.4506E+03,0.001869,0.012741,0.02272,900.0
2.4507E+03,0.003374,0.012437,0.02272,900.0
2.4508E+03,0.004817,0.011956,0.02272,900.0
2.4509E+03,0.006131,0.011347,0.02272,900.0
2.4510E+03,0.007388,0.010581,0.02272,900.0
2.4511E+03,0.008597,0.009622,0.02272,900.0
2.4512E+03,0.009706,0.008510,0.02272,900.0
2.4513E+03,0.010606,0.007354,0.02272,900.0
2.4514E+03,0.011372,0.006110,0.02272,900.0
2.4515E+03,0.012019,0.004700,0.02272,900.0
2.4516E+03,0.012446,0.003427,0.02272,900.0
2.4517E+03,0.012758,0.001976,0.02272,900.0
2.4518E+03,0.012904,0.000447,0.02272,900.0
2.4519E+03,0.012870,-0.001085,0.02272,900.0
2.4520E+03,0.012678,-0.002540,0.02272,900.0
2.4521E+03,0.012317,-0.003961,0.02272,900.0
2.4522E+03,0.011749,-0.005458,0.02272,900.0
2.4523E+03,0.011084,-0.006710,0.02272,900.0
2.4524E+03,0.010216,-0.007970,0.02272,900.0
2.4525E+03,0.009214,-0.009099,0.02272,900.0
2.4526E+03,0.008120,-0.010086,0.02272,900.0
2.4527E+03,0.006889,-0.010960,0.02272,900.0
2.4528E+03,0.005560,-0.011686,0.02272,900.0
2.4529E+03,0.004162,-0.012264,0.02272,900.0
2.4530E+03,0.002689,-0.012666,0.02272,900.0
2.4531E+03,0.001178,-0.012903,0.02272,900.0
2.4532E+03,-0.000311,-0.012959,0.02272,900.0
2.4533E+03,-0.001595,-0.012873,0.02272,900.0
2.4534E+03,-0.003093,-0.012598,0.02272,900.0
2.4535E+03,-0.004598,-0.012125,0.02272,900.0
2.4536E+03,-0.005965,-0.011501,0.02272,900.0
2.4537E+03,-0.007228,-0.010746,0.02272,900.0
2.4538E+03,-0.008399,-0.009843,0.02272,900.0
2.4539E+03,-0.009487,-0.008794,0.02272,0.0
2.4540E+03,-0.010460,-0.007630,0.02272,0.0
2.4541E+03,-0.011273,-0.006337,0.02272,0.0
2.4542E+03,-0.011929,-0.004997,0.02272,0.0
2.4543E+03,-0.012412,-0.003625,0.02272,0.0
2.4544E+03,-0.012750,-0.002121,0.02272,0.0
2.4545E+03,-0.012920,-0.000626,0.02272,0.0
2.4546E+03,-0.012917,0.000649,0.02272,0.0
2.4547E+03,-0.012916,0.000665,0.02272,0.0
2.4548E+03,-0.012916,0.000666,0.02272,0.0
2.4549E+03,-0.012916,0.000667,0.02272,0.0
2.4550E+03,-0.012916,0.000669,0.02272,0.0
2.4551E+03,-0.012916,0.000670,0.02272,0.0
2.4552E+03,-0.012916,0.000671,0.02272,0.0
2.4553E+03,-0.012916,0.000672,0.02272,0.0
2.4554E+03,-0.012916,0.000674,0.02272,0.0
2.4555E+03,-0.012916,0.000675,0.02272,0.0
2.4556E+03,-0.012916,0.000676,0.02272,0.0
2.4557E+03,-0.012916,0.000677,0.02272,0.0
2.4558E+03,-0.012916,0.000678,0.02272,0.0
2.4559E+03,-0.012916,0.000680,0.02272,0.0
2.4560E+03,-0.012916,0.000681,0.02272,0.0
2.4561E+03,-0.012916,0.000682,0.02272,0.0
2.4562E+03,-0.012916,0.000754,0.02272,0.0
2.4563E+03,-0.012916,0.000738,0.02272,0.0
2.4564E+03,-0.012916,0.000687,0.02272,0.0
2.4565E+03,-0.012916,0.000688,0.02272,0.0
2.4566E+03,-0.012916,0.000689,0.02272,0.0
2.4567E+03,-0.012916,0.000690,0.02272,0.0
2.4568E+03,-0.012916,0.000691,0.02272,0.0
2.4569E+03,-0.012916,0.000692,0.02272,0.0
2.4570E+03,-0.012916,0.000693,0.02272,0.0
2.4571E+03,-0.012916,0.000695,0.02272,0.0
2.4572E+03,-0.012916,0.000697,0.02272,0.0
2.4573E+03,-0.012916,0.000698,0.02272,0.0
2.4574E+03,-0.012916,0.000699,0.02272,0.0
2.4575E+03,-0.012916,0.000700,0.02272,0.0
2.4576E+03,-0.012916,0.000701,0.02272,0.0
2.4577E+03,-0.012916,0.000702,0.02272,0.0
2.4578E+03,-0.012916,-0.014891,0.02272,0.0
2.4579E+03,-0.012915,-0.014876,0.02272,0.0
2.4580E+03,-0.012889,-0.014594,0.02272,0.0
2.4581E+03,-0.012686,-0.012385,0.02272,0.0
2.4582E+03,-0.012437,-0.009669,0.02272,0.0
2.4583E+03,-0.012202,-0.007101,0.02272,0.0
2.4584E+03,-0.011962,-0.004487,0.02272,0.0
2.4585E+03,-0.011744,-0.002104,0.02272,0.0
2.4586E+03,-0.011511,0.000433,0.02272,0.0
2.4587E+03,-0.011277,0.002985,0.02272,0.0
2.4588E+03,-0.011037,0.005611,0.02272,0.0
2.4589E+03,-0.010795,0.008245,0.02272,0.0
2.4590E+03,-0.010584,0.010550,0.02272,0.0
