3.7390E+02,-0.003130,0.003684,0.00355,0.0
3.7400E+02,-0.003130,0.003683,0.00355,0.0
3.7410E+02,-0.003130,0.003680,0.00355,0.0
3.7420E+02,-0.003130,0.003678,0.00355,0.0
3.7430E+02,-0.003130,0.003676,0.00355,0.0
3.7440E+02,-0.003130,0.003675,0.00355,0.0
3.7451E+02,-0.003130,0.003672,0.00355,0.0
3.7461E+02,-0.003130,0.003669,0.00355,0.0
3.7471E+02,-0.003130,0.003667,0.00355,0.0
3.7481E+02,-0.003130,0.003664,0.00355,0.0
3.7491E+02,-0.003130,0.003662,0.00355,0.0
3.7501E+02,-0.003130,0.003574,0.00355,0.0
3.7510E+02,-0.003130,0.003624,0.00355,0.0
3.7520E+02,-0.003130,0.003656,0.00355,0.0
3.7530E+02,-0.003130,0.003654,0.00355,0.0
3.7540E+02,-0.003130,0.003652,0.00355,0.0
3.7550E+02,-0.003130,0.003650,0.00355,0.0
3.7560E+02,-0.003130,0.003649,0.00355,0.0
3.7570E+02,-0.003102,0.003500,0.00355,0.0
3.7580E+02,-0.002913,0.002663,0.00355,0.0
3.7590E+02,-0.002360,0.000647,0.00355,0.0
3.7600E+02,-0.001801,-0.001529,0.00355,900.0
3.7610E+02,-0.001238,-0.003722,0.00355,900.0
3.7621E+02,-0.000681,-0.005894,0.00355,900.0
3.7631E+02,-0.000152,-0.007952,0.00355,900.0
3.7641E+02,0.000394,-0.010080,0.00355,900.0
3.7651E+02,0.000958,-0.012279,0.00355,900.0
3.7661E+02,0.001518,-0.014458,0.00355,900.0
3.7671E+02,0.002050,-0.016530,0.00355,900.0
3.7680E+02,0.002370,-0.017780,0.00355,900.0
3.7690E+02,0.002387,-0.017845,0.00355,900.0
3.7700E+02,0.002392,-0.017844,0.00355,900.0
3.7710E+02,0.002456,-0.017834,0.00355,900.0
3.7720E+02,0.003843,-0.017575,0.00355,900.0
3.7730E+02,0.005217,-0.017211,0.00355,900.0
3.7740E+02,0.006640,-0.016710,0.00355,900.0
3.7750E+02,0.008034,-0.016084,0.00355,900.0
3.7760E+02,0.009358,-0.015350,0.00355,900.0
3.7770E+02,0.010595,-0.014514,0.00355,900.0
3.7780E+02,0.011755,-0.013596,0.00355,900.0
3.7791E+02,0.012851,-0.012563,0.00355,900.0
3.7801E+02,0.013883,-0.011410,0.00355,900.0
3.7811E+02,0.014790,-0.010202,0.00355,900.0
3.7821E+02,0.015568,-0.008986,0.00355,900.0
3.7831E+02,0.016274,-0.007645,0.00355,900.0
3.7841E+02,0.016860,-0.006216,0.00355,900.0
3.7851E+02,0.017308,-0.004785,0.00355,900.0
3.7860E+02,0.017545,-0.003839,0.00355,900.0
3.7870E+02,0.017758,-0.002592,0.00355,900.0
3.7880E+02,0.017908,-0.001096,0.00355,900.0
3.7890E+02,0.017942,0.000415,0.00355,900.0
3.7900E+02,0.017843,0.001885,0.00355,900.0
3.7910E+02,0.017655,0.003233,0.00355,900.0
3.7920E+02,0.017427,0.004301,0.00355,900.0
3.7930E+02,0.017029,0.005758,0.00355,900.0
3.7940E+02,0.016497,0.007164,0.00355,900.0
3.7950E+02,0.015839,0.008435,0.00355,900.0
3.7960E+02,0.015061,0.009746,0.00355,900.0
3.7971E+02,0.014161,0.010993,0.00355,900.0
3.7981E+02,0.013208,0.012115,0.00355,900.0
3.7991E+02,0.012105,0.013210,0.00355,900.0
3.8001E+02,0.010965,0.014175,0.00355,900.0
3.8011E+02,0.009754,0.015023,0.00355,900.0
3.8021E+02,0.008441,0.015796,0.00355,900.0
3.8030E+02,0.007220,0.016409,0.00355,900.0
3.8040E+02,0.005837,0.016946,0.00355,900.0
3.8050E+02,0.004365,0.017383,0.00355,900.0
3.8060E+02,0.002862,0.017693,0.00355,900.0
3.8070E+02,0.001371,0.017868,0.00355,900.0
3.8080E+02,-0.000072,0.017923,0.00355,900.0
3.8090E+02,-0.001587,0.017843,0.00355,900.0
3.8100E+02,-0.003078,0.017642,0.00355,900.0
3.8110E+02,-0.004538,0.017325,0.00355,900.0
3.8120E+02,-0.005969,0.016892,0.00355,900.0
3.8130E+02,-0.007384,0.016319,0.00355,900.0
3.8141E+02,-0.008765,0.015619,0.00355,900.0
3.8151E+02,-0.010055,0.014830,0.00355,900.0
3.8161E+02,-0.011251,0.013952,0.00355,900.0
3.8171E+02,-0.012392,0.012958,0.00355,900.0
3.8181E+02,-0.013402,0.011916,0.00355,900.0
3.8191E+02,-0.014358,0.010747,0.00355,900.0
3.8200E+02,-0.015131,0.009623,0.00355,900.0
3.8210E+02,-0.015912,0.008265,0.00355,900.0
3.8220E+02,-0.016540,0.006920,0.00355,900.0
3.8230E+02,-0.017056,0.005525,0.00355,900.0
3.8240E+02,-0.017476,0.004036,0.00355,900.0
3.8250E+02,-0.017763,0.002519,0.00355,900.0
3.8260E+02,-0.017912,0.001052,0.00355,900.0
3.8270E+02,-0.017942,-0.000393,0.00355,900.0
3.8280E+02,-0.017852,-0.001947,0.00355,900.0
3.8290E+02,-0.017639,-0.003435,0.00355,900.0
3.8300E+02,-0.017291,-0.004887,0.00355,900.0
3.8311E+02,-0.016798,-0.006368,0.00355,900.0
3.8321E+02,-0.016217,-0.007732,0.00355,900.0
3.8331E+02,-0.015498,-0.009086,0.00355,900.0
3.8341E+02,-0.014675,-0.010357,0.00355,900.0
3.8351E+02,-0.013786,-0.011523,0.00355,900.0
3.8361E+02,-0.012771,-0.012636,0.00355,900.0
3.8371E+02,-0.011653,-0.013688,0.00355,900.0
3.8380E+02,-0.010601,-0.014520,0.00355,900.0
3.8390E+02,-0.009384,-0.015335,0.00355,900.0
3.8400E+02,-0.008048,-0.016086,0.00355,0.0
3.8410E+02,-0.006637,-0.016731,0.00355,0.0
3.8420E+02,-0.005281,-0.017202,0.00355,0.0
3.8430E+02,-0.003841,-0.017570,0.00355,0.0
3.8440E+02,-0.002324,-0.017833,0.00355,0.0
3.8450E+02,-0.000776,-0.017968,0.00355,900.0
3.8460E+02,0.000689,-0.017970,0.00355,900.0
3.8470E+02,0.001859,-0.017897,0.00355,900.0
3.8480E+02,0.002387,-0.017845,0.00355,900.0
3.8491E+02,0.002349,-0.017771,0.00355,900.0
3.8501E+02,0.001457,-0.016019,0.00355,900.0
3.8511E+02,-0.001208,-0.010791,0.00355,900.0
3.8521E+02,-0.002300,-0.008647,0.00355,900.0
3.8531E+02,-0.002307,-0.008645,0.00355,900.0
3.8541E+02,-0.002416,-0.008614,0.00355,900.0
3.8550E+02,-0.003437,-0.008237,0.00355,900.0
3.8560E+02,-0.004781,-0.007508,0.00355,900.0
3.8570E+02,-0.005972,-0.006591,0.00355,900.0
3.8580E+02,-0.006982,-0.005510,0.00355,900.0
3.8590E+02,-0.007807,-0.004255,0.00355,900.0
3.8600E+02,-0.008408,-0.002853,0.00355,900.0
3.8610E+02,-0.008782,-0.001392,0.00355,900.0
3.8620E+02,-0.008886,0.000040,0.00355,900.0
3.8630E+02,-0.008750,0.001529,0.00355,900.0
3.8640E+02,-0.008370,0.002993,0.00355,900.0
3.8650E+02,-0.007745,0.004343,0.00355,900.0
3.8661E+02,-0.006851,0.005621,0.00355,900.0
3.8671E+02,-0.005833,0.006664,0.00355,900.0
3.8681E+02,-0.004628,0.007548,0.00355,900.0
3.8691E+02,-0.003277,0.008210,0.00355,900.0
3.8701E+02,-0.001844,0.008640,0.00355,900.0
3.8711E+02,-0.000311,0.008827,0.00355,900.0
3.8720E+02,0.001087,0.008769,0.00355,900.0
3.8730E+02,0.002541,0.008474,0.00355,900.0
3.8740E+02,0.003899,0.007948,0.00355,900.0
3.8750E+02,0.005207,0.007181,0.00355,900.0
3.8760E+02,0.006359,0.006195,0.00355,900.0
3.8770E+02,0.007333,0.005013,0.00355,900.0
3.8780E+02,0.008068,0.003692,0.00355,900.0
3.8790E+02,0.008568,0.002323,0.00355,900.0
3.8800E+02,0.008829,0.000845,0.00355,900.0
3.8810E+02,0.008848,-0.000695,0.00355,900.0
3.8820E+02,0.008630,-0.002156,0.00355,900.0
3.8831E+02,0.008147,-0.003540,0.00355,900.0
3.8841E+02,0.007439,-0.004874,0.00355,0.0
3.8851E+02,0.006530,-0.006052,0.00355,0.0
3.8861E+02,0.005447,-0.007065,0.00355,0.0
3.8871E+02,0.004133,-0.007904,0.00355,0.0
3.8881E+02,0.002766,-0.008502,0.00355,900.0
3.8890E+02,0.001413,-0.008807,0.00355,900.0
3.8900E+02,-0.000034,-0.008911,0.00355,900.0
3.8910E+02,-0.001505,-0.008788,0.00355,900.0
3.8920E+02,-0.002174,-0.008675,0.00355,900.0
3.8930E+02,-0.002300,-0.008647,0.00355,900.0
3.8940E+02,-0.003510,-0.008981,0.00355,900.0
3.8950E+02,-0.007418,-0.010061,0.00355,900.0
3.8960E+02,-0.011740,-0.011255,0.00355,900.0
3.8970E+02,-0.011771,-0.011264,0.00355,900.0
3.8980E+02,-0.011754,-0.011280,0.00355,900.0
3.8990E+02,-0.011520,-0.011504,0.00355,900.0
3.9001E+02,-0.010410,-0.012525,0.00355,900.0
3.9011E+02,-0.009197,-0.013441,0.00355,900.0
3.9021E+02,-0.007961,-0.014248,0.00355,900.0
3.9031E+02,-0.006603,-0.014895,0.00355,900.0
3.9041E+02,-0.005156,-0.015439,0.00355,900.0
3.9051E+02,-0.003688,-0.015851,0.00355,900.0
3.9060E+02,-0.002345,-0.016108,0.00355,900.0
3.9070E+02,-0.000852,-0.016261,0.00355,900.0
3.9080E+02,0.000605,-0.016270,0.00355,900.0
3.9090E+02,0.002115,-0.016154,0.00355,900.0
3.9100E+02,0.003619,-0.015882,0.00355,900.0
3.9110E+02,0.005054,-0.015485,0.00355,900.0
3.9120E+02,0.006453,-0.014965,0.00355,900.0
3.9130E+02,0.007799,-0.014292,0.00355,900.0
3.9140E+02,0.009106,-0.013491,0.00355,900.0
3.9150E+02,0.010287,-0.012613,0.00355,900.0
3.9160E+02,0.011399,-0.011604,0.00355,900.0
3.9170E+02,0.012447,-0.010470,0.00355,900.0
3.9181E+02,0.013349,-0.009294,0.00355,900.0
3.9191E+02,0.014136,-0.008027,0.00355,900.0
3.9201E+02,0.014849,-0.006629,0.00355,900.0
3.9211E+02,0.015367,-0.005339,0.00355,900.0
3.9221E+02,0.015683,-0.004312,0.00355,900.0
3.9231E+02,0.015996,-0.002937,0.00355,900.0
3.9240E+02,0.016180,-0.001576,0.00355,900.0
3.9250E+02,0.016250,-0.000140,0.00355,900.0
3.9260E+02,0.016176,0.001376,0.00355,900.0
3.9270E+02,0.015977,0.002911,0.00355,900.0
3.9280E+02,0.015633,0.004365,0.00355,900.0
3.9290E+02,0.015178,0.005743,0.00355,900.0
3.9300E+02,0.014661,0.006974,0.00355,900.0
3.9310E+02,0.014068,0.008091,0.00355,900.0
3.9320E+02,0.013271,0.009333,0.00355,900.0
3.9330E+02,0.012307,0.010580,0.00355,900.0
3.9340E+02,0.011277,0.011684,0.00355,900.0
3.9351E+02,0.010216,0.012614,0.00355,900.0
3.9361E+02,0.008961,0.013527,0.00355,900.0
3.9371E+02,0.007645,0.014305,0.00355,900.0
3.9381E+02,0.006259,0.014954,0.00355,900.0
3.9391E+02,0.004834,0.015474,0.00355,900.0
3.9401E+02,0.003422,0.015846,0.00355,900.0
3.9410E+02,0.002123,0.016067,0.00355,900.0
3.9420E+02,0.000607,0.016199,0.00355,900.0
3.9430E+02,-0.000945,0.016185,0.00355,900.0
3.9440E+02,-0.002445,0.016028,0.00355,900.0
3.9450E+02,-0.003907,0.015749,0.00355,900.0
3.9460E+02,-0.005320,0.015328,0.00355,900.0
3.9470E+02,-0.006751,0.014753,0.00355,900.0
3.9480E+02,-0.008085,0.014060,0.00355,900.0
3.9490E+02,-0.009387,0.013222,0.00355,900.0
3.9500E+02,-0.010542,0.012328,0.00355,900.0
3.9510E+02,-0.011637,0.011289,0.00355,900.0
3.9521E+02,-0.012642,0.010163,0.00355,900.0
3.9531E+02,-0.013528,0.008950,0.00355,900.0
3.9541E+02,-0.014303,0.007660,0.00355,900.0
3.9551E+02,-0.014944,0.006336,0.00355,900.0
3.9561E+02,-0.015466,0.004962,0.00355,900.0
3.9571E+02,-0.015814,0.003729,0.00355,900.0
3.9580E+02,-0.016040,0.002602,0.00355,900.0
3.9590E+02,-0.016175,0.001560,0.00355,900.0
3.9600E+02,-0.016245,0.000197,0.00355,900.0
3.9610E+02,-0.016209,-0.001151,0.00355,900.0
3.9620E+02,-0.016092,-0.002303,0.00355,0.0
3.9630E+02,-0.015891,-0.003432,0.00355,0.0
3.9640E+02,-0.015568,-0.004677,0.00355,0.0
3.9650E+02,-0.015093,-0.006031,0.00355,0.0
3.9660E+02,-0.014483,-0.007397,0.00355,900.0
3.9670E+02,-0.013737,-0.008716,0.00355,900.0
3.9680E+02,-0.012864,-0.009963,0.00355,900.0
3.9690E+02,-0.011939,-0.011078,0.00355,900.0
3.9701E+02,-0.011775,-0.011260,0.00355,900.0
3.9711E+02,-0.011771,-0.011264,0.00355,900.0
3.9721E+02,-0.009552,-0.011027,0.00355,900.0
3.9731E+02,-0.004365,-0.010472,0.00355,900.0
3.9741E+02,-0.002729,-0.010297,0.00355,900.0
3.9750E+02,-0.002715,-0.010296,0.00355,900.0
3.9760E+02,-0.002980,-0.010214,0.00355,900.0
3.9770E+02,-0.003784,-0.009918,0.00355,900.0
3.9780E+02,-0.005105,-0.009306,0.00355,900.0
3.9790E+02,-0.006426,-0.008459,0.00355,900.0
3.9800E+02,-0.007517,-0.007519,0.00355,900.0
3.9810E+02,-0.008532,-0.006330,0.00355,900.0
3.9820E+02,-0.009341,-0.005035,0.00355,900.0
3.9830E+02,-0.009933,-0.003723,0.00355,900.0
3.9840E+02,-0.010351,-0.002261,0.00355,900.0
3.9850E+02,-0.010554,-0.000759,0.00355,900.0
3.9860E+02,-0.010550,0.000728,0.00355,900.0
3.9871E+02,-0.010335,0.002198,0.00355,900.0
3.9881E+02,-0.009932,0.003625,0.00355,900.0
3.9891E+02,-0.009313,0.004990,0.00355,900.0
3.9901E+02,-0.008477,0.006288,0.00355,900.0
3.9911E+02,-0.007491,0.007443,0.00355,900.0
3.9921E+02,-0.006416,0.008395,0.00355,900.0
3.9930E+02,-0.005276,0.009164,0.00355,900.0
3.9940E+02,-0.003890,0.009816,0.00355,900.0
3.9950E+02,-0.002408,0.010266,0.00355,900.0
3.9960E+02,-0.000932,0.010508,0.00355,900.0
3.9970E+02,0.000582,0.010534,0.00355,900.0
3.9980E+02,0.002054,0.010337,0.00355,900.0
3.9990E+02,0.003477,0.009950,0.00355,900.0
4.0000E+02,0.004859,0.009358,0.00355,900.0
4.0010E+02,0.006155,0.008576,0.00355,900.0
4.0020E+02,0.007321,0.007613,0.00355,900.0
4.0030E+02,0.008340,0.006494,0.00355,900.0
4.0041E+02,0.009189,0.005241,0.00355,900.0
4.0051E+02,0.009841,0.003922,0.00355,900.0
4.0061E+02,0.010304,0.002481,0.00355,900.0
4.0071E+02,0.010537,0.000990,0.00355,900.0
4.0081E+02,0.010568,-0.000548,0.00355,900.0
4.0091E+02,0.010390,-0.002046,0.00355,900.0
4.0100E+02,0.010057,-0.003336,0.00355,900.0
4.0110E+02,0.009483,-0.004717,0.00355,900.0
4.0120E+02,0.008718,-0.006025,0.00355,900.0
4.0130E+02,0.007806,-0.007191,0.00355,900.0
4.0140E+02,0.006763,-0.008194,0.00355,0.0
4.0150E+02,0.005532,-0.009074,0.00355,0.0
4.0160E+02,0.004138,-0.009795,0.00355,0.0
4.0170E+02,0.002765,-0.010265,0.00355,0.0
4.0180E+02,0.001221,-0.010563,0.00355,0.0
4.0190E+02,-0.000285,-0.010617,0.00355,0.0
4.0200E+02,-0.001777,-0.010467,0.00355,900.0
4.0211E+02,-0.002520,-0.010339,0.00355,900.0
4.0221E+02,-0.002715,-0.010296,0.00355,900.0
4.0231E+02,-0.002390,-0.009514,0.00355,900.0
4.0241E+02,-0.000705,-0.005456,0.00355,900.0
4.0251E+02,0.002254,0.001672,0.00355,900.0
4.0261E+02,0.004940,0.008139,0.00355,900.0
4.0270E+02,0.006876,0.012803,0.00355,900.0
4.0290E+02,0.006877,0.012805,0.00355,900.0
4.0300E+02,0.006420,0.013030,0.00355,900.0
4.0310E+02,0.005242,0.013535,0.00355,900.0
4.0320E+02,0.003866,0.013984,0.00355,900.0
4.0330E+02,0.002410,0.014301,0.00355,900.0
4.0340E+02,0.000880,0.014476,0.00355,900.0
4.0350E+02,-0.000610,0.014493,0.00355,900.0
4.0360E+02,-0.002059,0.014360,0.00355,900.0
4.0370E+02,-0.003565,0.014064,0.00355,900.0
4.0380E+02,-0.005055,0.013611,0.00355,900.0
4.0391E+02,-0.006437,0.013023,0.00355,900.0
4.0401E+02,-0.007653,0.012283,0.00355,900.0
4.0411E+02,-0.008922,0.011468,0.00355,900.0
4.0421E+02,-0.010096,0.010434,0.00355,900.0
4.0431E+02,-0.011128,0.009333,0.00355,900.0
4.0441E+02,-0.012037,0.008121,0.00355,900.0
4.0450E+02,-0.012741,0.006961,0.00355,900.0
4.0460E+02,-0.013403,0.005595,0.00355,900.0
4.0470E+02,-0.013927,0.004160,0.00355,900.0
4.0480E+02,-0.014280,0.002708,0.00355,900.0
4.0490E+02,-0.014496,0.001242,0.00355,900.0
4.0500E+02,-0.014546,-0.000254,0.00355,900.0
4.0510E+02,-0.014459,-0.001760,0.00355,900.0
4.0520E+02,-0.014193,-0.003246,0.00355,900.0
4.0530E+02,-0.013783,-0.004703,0.00355,900.0
4.0540E+02,-0.013227,-0.006085,0.00355,900.0
4.0550E+02,-0.012545,-0.007393,0.00355,900.0
4.0561E+02,-0.011720,-0.008641,0.00355,900.0
4.0571E+02,-0.010761,-0.009810,0.00355,900.0
4.0581E+02,-0.009673,-0.010889,0.00355,900.0
4.0591E+02,-0.008498,-0.011839,0.00355,900.0
4.0601E+02,-0.007252,-0.012638,0.00355,900.0
4.0611E+02,-0.005885,-0.013340,0.00355,900.0
4.0620E+02,-0.004648,-0.013836,0.00355,900.0
4.0630E+02,-0.003201,-0.014239,0.00355,900.0
4.0640E+02,-0.001721,-0.014486,0.00355,900.0
4.0650E+02,-0.000209,-0.014577,0.00355,900.0
4.0660E+02,0.001313,-0.014523,0.00355,900.0
4.0670E+02,0.002800,-0.014303,0.00355,900.0
4.0680E+02,0.004245,-0.013947,0.00355,900.0
4.0690E+02,0.005663,-0.013428,0.00355,900.0
4.0700E+02,0.006966,-0.012805,0.00355,900.0
4.0710E+02,0.008080,-0.012139,0.00355,900.0
4.0720E+02,0.009103,-0.011382,0.00355,900.0
4.0730E+02,0.010180,-0.010430,0.00355,900.0
4.0741E+02,0.011246,-0.009270,0.00355,900.0
4.0751E+02,0.012167,-0.008043,0.00355,900.0
4.0761E+02,0.012888,-0.006795,0.00355,900.0
4.0771E+02,0.013493,-0.005486,0.00355,900.0
4.0781E+02,0.013871,-0.004458,0.00355,900.0
4.0791E+02,0.014196,-0.003188,0.00355,900.0
4.0800E+02,0.014420,-0.001872,0.00355,900.0
4.0810E+02,0.014537,-0.000363,0.00355,900.0
4.0820E+02,0.014489,0.001141,0.00355,900.0
4.0830E+02,0.014292,0.002651,0.00355,900.0
4.0840E+02,0.013930,0.004146,0.00355,900.0
4.0850E+02,0.013414,0.005602,0.00355,0.0
4.0860E+02,0.012783,0.006942,0.00355,0.0
4.0870E+02,0.011996,0.008205,0.00355,0.0
4.0880E+02,0.011082,0.009398,0.00355,0.0
4.0890E+02,0.010076,0.010458,0.00355,0.0
4.0900E+02,0.008926,0.011446,0.00355,0.0
4.0911E+02,0.007920,0.012168,0.00355,0.0
4.0921E+02,0.007162,0.012641,0.00355,900.0
4.0931E+02,0.006877,0.012805,0.00355,900.0
4.0941E+02,0.006806,0.012630,0.00355,900.0
4.0951E+02,0.005863,0.010297,0.00355,900.0
4.0961E+02,0.003179,0.003658,0.00355,900.0
4.0970E+02,0.000511,-0.002940,0.00355,900.0
4.0980E+02,-0.002478,-0.010333,0.00355,900.0
4.0990E+02,-0.003062,-0.011777,0.00355,900.0
4.1000E+02,-0.003130,-0.011945,0.00355,900.0
4.1010E+02,-0.003180,-0.011931,0.00355,900.0
4.1020E+02,-0.004172,-0.011596,0.00355,900.0
4.1030E+02,-0.005547,-0.010997,0.00355,900.0
4.1040E+02,-0.006828,-0.010255,0.00355,900.0
4.1050E+02,-0.008018,-0.009340,0.00355,900.0
4.1060E+02,-0.009126,-0.008264,0.00355,900.0
4.1070E+02,-0.010032,-0.007129,0.00355,900.0
4.1081E+02,-0.010831,-0.005848,0.00355,900.0
4.1091E+02,-0.011489,-0.004419,0.00355,900.0
4.1101E+02,-0.011920,-0.003075,0.00355,900.0
4.1111E+02,-0.012203,-0.001541,0.00355,900.0
4.1121E+02,-0.012291,-0.000016,0.00355,900.0
4.1131E+02,-0.012189,0.001513,0.00355,900.0
4.1140E+02,-0.011962,0.002852,0.00355,900.0
4.1150E+02,-0.011528,0.004254,0.00355,900.0
4.1160E+02,-0.010918,0.005599,0.00355,900.0
4.1170E+02,-0.010141,0.006908,0.00355,900.0
4.1180E+02,-0.009213,0.008103,0.00355,900.0
4.1190E+02,-0.008198,0.009126,0.00355,900.0
4.1200E+02,-0.007006,0.010073,0.00355,900.0
4.1210E+02,-0.005708,0.010867,0.00355,900.0
4.1220E+02,-0.004359,0.011467,0.00355,900.0
4.1230E+02,-0.002867,0.011917,0.00355,900.0
4.1240E+02,-0.001391,0.012169,0.00355,900.0
4.1250E+02,0.000084,0.012247,0.00355,900.0
4.1261E+02,0.001587,0.012139,0.00355,900.0
4.1271E+02,0.003069,0.011855,0.00355,900.0
4.1281E+02,0.004491,0.011402,0.00355,900.0
4.1291E+02,0.005864,0.010763,0.00355,900.0
4.1301E+02,0.007172,0.009946,0.00355,900.0
4.1311E+02,0.008348,0.008987,0.00355,900.0
4.1320E+02,0.009303,0.008025,0.00355,900.0
4.1330E+02,0.010183,0.006878,0.00355,900.0
4.1340E+02,0.010956,0.005545,0.00355,900.0
4.1350E+02,0.011541,0.004173,0.00355,900.0
4.1360E+02,0.011973,0.002712,0.00355,900.0
4.1370E+02,0.012213,0.001215,0.00355,900.0
4.1380E+02,0.012273,-0.000306,0.00355,900.0
4.1390E+02,0.012155,-0.001776,0.00355,900.0
4.1400E+02,0.011874,-0.003200,0.00355,900.0
4.1410E+02,0.011394,-0.004641,0.00355,900.0
4.1420E+02,0.010727,-0.006042,0.00355,900.0
4.1431E+02,0.009899,-0.007334,0.00355,900.0
4.1441E+02,0.008949,-0.008492,0.00355,900.0
4.1451E+02,0.007894,-0.009484,0.00355,0.0
4.1461E+02,0.006665,-0.010380,0.00355,0.0
4.1471E+02,0.005296,-0.011121,0.00355,0.0
4.1481E+02,0.003956,-0.011672,0.00355,0.0
4.1490E+02,0.002609,-0.012027,0.00355,0.0
4.1500E+02,0.001133,-0.012261,0.00355,0.0
4.1510E+02,-0.000332,-0.012308,0.00355,0.0
4.1520E+02,-0.001841,-0.012179,0.00355,0.0
4.1530E+02,-0.002992,-0.011975,0.00355,0.0
4.1550E+02,-0.003130,-0.011945,0.00355,0.0
4.1560E+02,-0.003130,-0.011943,0.00355,0.0
4.1570E+02,-0.003130,-0.011941,0.00355,0.0
4.1580E+02,-0.003130,-0.011940,0.00355,0.0
4.1590E+02,-0.003130,-0.011939,0.00355,0.0
4.1601E+02,-0.003130,-0.011937,0.00355,0.0
4.1611E+02,-0.003130,-0.011936,0.00355,0.0
4.1621E+02,-0.003130,-0.011935,0.00355,0.0
4.1631E+02,-0.003130,-0.011933,0.00355,0.0
4.1641E+02,-0.003130,-0.011932,0.00355,0.0
4.1651E+02,-0.003130,-0.011931,0.00355,0.0
4.1660E+02,-0.003130,-0.011930,0.00355,0.0
4.1670E+02,-0.003130,-0.011929,0.00355,0.0
4.1680E+02,-0.003130,-0.011928,0.00355,0.0
4.1690E+02,-0.003130,-0.011925,0.00355,0.0
4.1710E+02,-0.003130,-0.011923,0.00355,0.0
4.1720E+02,-0.003130,-0.011921,0.00355,0.0
4.1730E+02,-0.003130,-0.011920,0.00355,0.0
4.1740E+02,-0.003130,-0.011918,0.00355,0.0
4.1750E+02,-0.003130,-0.011917,0.00355,0.0
4.1760E+02,-0.003130,-0.011916,0.00355,0.0
4.1770E+02,-0.003130,-0.011914,0.00355,0.0
4.1781E+02,-0.003130,-0.011913,0.00355,0.0
4.1791E+02,-0.003130,-0.011912,0.00355,0.0
4.1821E+02,-0.003130,-0.011909,0.00355,0.0
4.1831E+02,-0.003130,-0.027502,0.00355,0.0
4.1840E+02,-0.003129,-0.027502,0.00355,0.0
4.1850E+02,-0.002836,-0.027056,0.00355,0.0
4.1860E+02,-0.002251,-0.026166,0.00355,0.0
4.1870E+02,-0.001598,-0.025173,0.00355,0.0
4.1880E+02,-0.000921,-0.024143,0.00355,0.0
4.1890E+02,-0.000236,-0.023103,0.00355,0.0
4.1900E+02,0.000441,-0.022073,0.00355,0.0
4.1910E+02,0.001149,-0.020996,0.00355,0.0
4.1920E+02,0.001793,-0.020017,0.00355,0.0
4.1930E+02,0.002458,-0.019006,0.00355,0.0
4.1940E+02,0.003137,-0.017974,0.00355,0.0
