3.8950E+03,0.001290,0.027283,0.04473,0.0
3.8951E+03,0.001290,0.027281,0.04473,0.0
3.8952E+03,0.001290,0.027280,0.04473,0.0
3.8953E+03,0.001290,0.027278,0.04473,0.0
3.8954E+03,0.001290,0.027276,0.04473,0.0
3.8955E+03,0.001290,0.027275,0.04473,0.0
3.8956E+03,0.001290,0.027273,0.04473,0.0
3.8957E+03,0.001290,0.027271,0.04473,0.0
3.8958E+03,0.001290,0.027270,0.04473,0.0
3.8959E+03,0.001290,0.027268,0.04473,0.0
3.8960E+03,0.001290,0.027266,0.04473,0.0
3.8961E+03,0.001290,0.027264,0.04473,0.0
3.8962E+03,0.001290,0.027263,0.04473,0.0
3.8963E+03,0.001290,0.027261,0.04473,0.0
3.8964E+03,0.001290,0.027260,0.04473,0.0
3.8965E+03,0.001290,0.027258,0.04473,0.0
3.8966E+03,0.001290,0.027256,0.04473,0.0
3.8967E+03,0.001290,0.027254,0.04473,0.0
3.8968E+03,0.001290,0.027253,0.04473,0.0
3.8969E+03,0.001290,0.027251,0.04473,0.0
3.8973E+03,0.001290,0.027249,0.04473,0.0
3.8974E+03,0.001798,0.026428,0.04473,0.0
3.8975E+03,0.002507,0.025281,0.04473,0.0
3.8976E+03,0.003387,0.023858,0.04473,0.0
3.8977E+03,0.004248,0.022467,0.04473,900.0
3.8978E+03,0.005082,0.021118,0.04473,900.0
3.8979E+03,0.005941,0.019729,0.04473,900.0
3.8980E+03,0.006807,0.018328,0.04473,900.0
3.8981E+03,0.007635,0.016990,0.04473,900.0
3.8982E+03,0.008465,0.015648,0.04473,900.0
3.8983E+03,0.009328,0.014252,0.04473,900.0
3.8984E+03,0.009609,0.013799,0.04473,900.0
3.8985E+03,0.009634,0.013758,0.04473,900.0
3.8986E+03,0.009630,0.013761,0.04473,900.0
3.8987E+03,0.008877,0.014245,0.04473,900.0
3.8988E+03,0.007642,0.014925,0.04473,900.0
3.8989E+03,0.006257,0.015551,0.04473,900.0
3.8990E+03,0.004843,0.016066,0.04473,900.0
3.8991E+03,0.003372,0.016438,0.04473,900.0
3.8992E+03,0.002108,0.016645,0.04473,900.0
3.8993E+03,0.001258,0.016732,0.04473,900.0
3.8994E+03,-0.000172,0.016774,0.04473,900.0
3.8995E+03,-0.001742,0.016685,0.04473,900.0
3.8996E+03,-0.003261,0.016463,0.04473,900.0
3.8997E+03,-0.004729,0.016089,0.04473,900.0
3.8998E+03,-0.006081,0.015625,0.04473,900.0
3.8999E+03,-0.007407,0.015010,0.04473,900.0
3.9000E+03,-0.008757,0.014264,0.04473,900.0
3.9001E+03,-0.010056,0.013419,0.04473,900.0
3.9002E+03,-0.011232,0.012459,0.04473,900.0
3.9003E+03,-0.012310,0.011400,0.04473,900.0
3.9004E+03,-0.013282,0.010256,0.04473,900.0
3.9005E+03,-0.014127,0.009063,0.04473,900.0
3.9006E+03,-0.014882,0.007797,0.04473,900.0
3.9007E+03,-0.015527,0.006428,0.04473,900.0
3.9008E+03,-0.016043,0.004954,0.04473,900.0
3.9009E+03,-0.016393,0.003668,0.04473,900.0
3.9010E+03,-0.016654,0.002175,0.04473,900.0
3.9011E+03,-0.016782,0.000656,0.04473,900.0
3.9012E+03,-0.016780,-0.000828,0.04473,900.0
3.9013E+03,-0.016643,-0.002324,0.04473,900.0
3.9014E+03,-0.016370,-0.003823,0.04473,900.0
3.9015E+03,-0.015969,-0.005250,0.04473,900.0
3.9016E+03,-0.015433,-0.006686,0.04473,900.0
3.9017E+03,-0.014777,-0.008060,0.04473,900.0
3.9018E+03,-0.014034,-0.009297,0.04473,900.0
3.9019E+03,-0.013139,-0.010523,0.04473,900.0
3.9020E+03,-0.012175,-0.011691,0.04473,900.0
3.9021E+03,-0.011018,-0.012741,0.04473,900.0
3.9022E+03,-0.009817,-0.013670,0.04473,900.0
3.9023E+03,-0.008570,-0.014487,0.04473,900.0
3.9024E+03,-0.007224,-0.015202,0.04473,900.0
3.9025E+03,-0.005840,-0.015785,0.04473,900.0
3.9026E+03,-0.004586,-0.016198,0.04473,900.0
3.9027E+03,-0.003134,-0.016552,0.04473,900.0
3.9028E+03,-0.001627,-0.016767,0.04473,900.0
3.9029E+03,-0.000115,-0.016846,0.04473,900.0
3.9030E+03,0.001317,-0.016801,0.04473,900.0
3.9031E+03,0.002219,-0.016702,0.04473,900.0
3.9032E+03,0.003648,-0.016445,0.04473,900.0
3.9033E+03,0.005077,-0.016056,0.04473,900.0
3.9034E+03,0.006446,-0.015549,0.04473,900.0
3.9035E+03,0.007842,-0.014890,0.04473,900.0
3.9036E+03,0.009149,-0.014127,0.04473,900.0
3.9037E+03,0.010329,-0.013287,0.04473,900.0
3.9038E+03,0.011482,-0.012294,0.04473,900.0
3.9039E+03,0.012578,-0.011189,0.04473,900.0
3.9040E+03,0.013484,-0.010067,0.04473,900.0
3.9041E+03,0.014370,-0.008757,0.04473,900.0
3.9042E+03,0.015066,-0.007508,0.04473,900.0
3.9043E+03,0.015639,-0.006200,0.04473,900.0
3.9044E+03,0.016098,-0.004848,0.04473,900.0
3.9045E+03,0.016457,-0.003386,0.04473,900.0
3.9046E+03,0.016704,-0.001855,0.04473,900.0
3.9047E+03,0.016797,-0.000329,0.04473,900.0
3.9048E+03,0.016758,0.001147,0.04473,900.0
3.9049E+03,0.016591,0.002604,0.04473,900.0
3.9050E+03,0.016288,0.004105,0.04473,900.0
3.9051E+03,0.015839,0.005580,0.04473,0.0
3.9052E+03,0.015277,0.006972,0.04473,0.0
3.9053E+03,0.014600,0.008323,0.04473,0.0
3.9054E+03,0.013785,0.009585,0.04473,0.0
3.9055E+03,0.012838,0.010807,0.04473,0.0
3.9056E+03,0.011819,0.011919,0.04473,900.0
3.9057E+03,0.010713,0.012906,0.04473,900.0
3.9058E+03,0.009904,0.013554,0.04473,900.0
3.9059E+03,0.009634,0.013758,0.04473,900.0
3.9060E+03,0.009502,0.013699,0.04473,900.0
3.9061E+03,0.007362,0.012746,0.04473,900.0
3.9062E+03,0.001941,0.010332,0.04473,900.0
3.9064E+03,0.001110,0.009962,0.04473,900.0
3.9065E+03,0.001232,0.009943,0.04473,900.0
3.9066E+03,0.002560,0.009669,0.04473,900.0
3.9067E+03,0.003957,0.009182,0.04473,900.0
3.9068E+03,0.005276,0.008490,0.04473,900.0
3.9069E+03,0.006507,0.007576,0.04473,900.0
3.9070E+03,0.007569,0.006531,0.04473,900.0
3.9071E+03,0.008447,0.005341,0.04473,900.0
3.9072E+03,0.009170,0.004008,0.04473,900.0
3.9073E+03,0.009671,0.002579,0.04473,900.0
3.9074E+03,0.009957,0.001112,0.04473,900.0
3.9075E+03,0.010031,-0.000396,0.04473,900.0
3.9076E+03,0.009877,-0.001825,0.04473,900.0
3.9077E+03,0.009532,-0.003199,0.04473,900.0
3.9078E+03,0.008957,-0.004553,0.04473,900.0
3.9079E+03,0.008188,-0.005819,0.04473,900.0
3.9080E+03,0.007180,-0.007011,0.04473,900.0
3.9081E+03,0.006068,-0.008011,0.04473,900.0
3.9082E+03,0.004847,-0.008799,0.04473,900.0
3.9083E+03,0.003475,-0.009428,0.04473,900.0
3.9084E+03,0.002017,-0.009849,0.04473,900.0
3.9085E+03,0.000566,-0.010049,0.04473,900.0
3.9086E+03,-0.000950,-0.010018,0.04473,900.0
3.9087E+03,-0.002505,-0.009759,0.04473,900.0
3.9088E+03,-0.003923,-0.009282,0.04473,900.0
3.9089E+03,-0.005267,-0.008599,0.04473,900.0
3.9090E+03,-0.006479,-0.007683,0.04473,900.0
3.9091E+03,-0.007561,-0.006630,0.04473,900.0
3.9092E+03,-0.008442,-0.005430,0.04473,900.0
3.9093E+03,-0.009144,-0.004131,0.04473,900.0
3.9094E+03,-0.009605,-0.002893,0.04473,900.0
3.9095E+03,-0.009920,-0.001419,0.04473,900.0
3.9096E+03,-0.010017,0.000114,0.04473,900.0
3.9097E+03,-0.009892,0.001600,0.04473,900.0
3.9098E+03,-0.009542,0.003098,0.04473,900.0
3.9099E+03,-0.008965,0.004505,0.04473,900.0
3.9100E+03,-0.008206,0.005750,0.04473,0.0
3.9101E+03,-0.007232,0.006931,0.04473,0.0
3.9102E+03,-0.006100,0.007927,0.04473,0.0
3.9103E+03,-0.004849,0.008738,0.04473,0.0
3.9104E+03,-0.003522,0.009348,0.04473,0.0
3.9105E+03,-0.002096,0.009756,0.04473,0.0
3.9106E+03,-0.000579,0.009955,0.04473,900.0
3.9107E+03,0.000670,0.009987,0.04473,900.0
3.9108E+03,0.001110,0.009962,0.04473,900.0
3.9109E+03,0.001016,0.009914,0.04473,900.0
3.9110E+03,-0.000604,0.009077,0.04473,900.0
3.9111E+03,-0.006946,0.005803,0.04473,900.0
3.9112E+03,-0.012857,0.002751,0.04473,900.0
3.9113E+03,-0.014793,0.001751,0.04473,900.0
3.9114E+03,-0.015033,0.001627,0.04473,900.0
3.9115E+03,-0.015040,0.001535,0.04473,900.0
3.9116E+03,-0.015085,0.000560,0.04473,900.0
3.9117E+03,-0.015068,-0.000952,0.04473,900.0
3.9118E+03,-0.014903,-0.002461,0.04473,900.0
3.9119E+03,-0.014587,-0.003924,0.04473,900.0
3.9120E+03,-0.014138,-0.005355,0.04473,900.0
3.9121E+03,-0.013533,-0.006731,0.04473,900.0
3.9122E+03,-0.012787,-0.008097,0.04473,900.0
3.9123E+03,-0.011904,-0.009342,0.04473,900.0
3.9124E+03,-0.010934,-0.010474,0.04473,900.0
3.9125E+03,-0.009852,-0.011484,0.04473,900.0
3.9126E+03,-0.008704,-0.012378,0.04473,900.0
3.9127E+03,-0.007425,-0.013187,0.04473,900.0
3.9128E+03,-0.006062,-0.013861,0.04473,900.0
3.9129E+03,-0.004782,-0.014348,0.04473,900.0
3.9130E+03,-0.003309,-0.014767,0.04473,900.0
3.9131E+03,-0.001802,-0.015025,0.04473,900.0
3.9132E+03,-0.000303,-0.015137,0.04473,900.0
3.9133E+03,0.001190,-0.015093,0.04473,900.0
3.9134E+03,0.002641,-0.014923,0.04473,900.0
3.9135E+03,0.004077,-0.014588,0.04473,900.0
3.9136E+03,0.005515,-0.014107,0.04473,900.0
3.9137E+03,0.006897,-0.013469,0.04473,900.0
3.9138E+03,0.008242,-0.012690,0.04473,900.0
3.9139E+03,0.009470,-0.011791,0.04473,900.0
3.9140E+03,0.010584,-0.010802,0.04473,900.0
3.9141E+03,0.011603,-0.009691,0.04473,900.0
3.9142E+03,0.012497,-0.008506,0.04473,900.0
3.9143E+03,0.013260,-0.007254,0.04473,900.0
3.9144E+03,0.013934,-0.005858,0.04473,900.0
3.9145E+03,0.014444,-0.004445,0.04473,900.0
3.9146E+03,0.014799,-0.003126,0.04473,900.0
3.9147E+03,0.015019,-0.001641,0.04473,900.0
3.9148E+03,0.015106,-0.000100,0.04473,900.0
3.9149E+03,0.015032,0.001404,0.04473,900.0
3.9150E+03,0.014830,0.002837,0.04473,900.0
3.9151E+03,0.014450,0.004314,0.04473,900.0
3.9152E+03,0.013952,0.005749,0.04473,900.0
3.9153E+03,0.013322,0.007075,0.04473,900.0
3.9154E+03,0.012536,0.008371,0.04473,900.0
3.9155E+03,0.011624,0.009612,0.04473,900.0
3.9156E+03,0.010638,0.010684,0.04473,900.0
3.9157E+03,0.009537,0.011679,0.04473,900.0
3.9158E+03,0.008350,0.012562,0.04473,900.0
3.9159E+03,0.007024,0.013346,0.04473,900.0
3.9160E+03,0.005613,0.013981,0.04473,900.0
3.9161E+03,0.004165,0.014482,0.04473,900.0
3.9162E+03,0.002696,0.014825,0.04473,900.0
3.9163E+03,0.001213,0.015012,0.04473,900.0
3.9164E+03,-0.000145,0.015058,0.04473,900.0
3.9165E+03,-0.001661,0.014967,0.04473,900.0
3.9166E+03,-0.003146,0.014741,0.04473,900.0
3.9167E+03,-0.004575,0.014359,0.04473,900.0
3.9168E+03,-0.006020,0.013818,0.04473,900.0
3.9169E+03,-0.007385,0.013155,0.04473,900.0
3.9170E+03,-0.008662,0.012351,0.04473,900.0
3.9171E+03,-0.009836,0.011440,0.04473,0.0
3.9172E+03,-0.010893,0.010428,0.04473,0.0
3.9173E+03,-0.011866,0.009303,0.04473,0.0
3.9174E+03,-0.012739,0.008070,0.04473,0.0
3.9175E+03,-0.013480,0.006757,0.04473,0.0
3.9176E+03,-0.014083,0.005405,0.04473,0.0
3.9177E+03,-0.014556,0.003950,0.04473,900.0
3.9178E+03,-0.014892,0.002503,0.04473,900.0
3.9179E+03,-0.015031,0.001640,0.04473,900.0
3.9181E+03,-0.015033,0.001627,0.04473,900.0
3.9182E+03,-0.010720,0.004277,0.04473,900.0
3.9183E+03,-0.004361,0.008183,0.04473,900.0
3.9184E+03,0.000157,0.010959,0.04473,900.0
3.9186E+03,0.001290,0.011655,0.04473,900.0
3.9187E+03,0.001888,0.011555,0.04473,900.0
3.9188E+03,0.003113,0.011268,0.04473,900.0
3.9189E+03,0.004521,0.010787,0.04473,900.0
3.9190E+03,0.005835,0.010130,0.04473,900.0
3.9191E+03,0.007118,0.009296,0.04473,900.0
3.9192E+03,0.008222,0.008340,0.04473,900.0
3.9193E+03,0.009261,0.007199,0.04473,900.0
3.9194E+03,0.010100,0.005951,0.04473,900.0
3.9195E+03,0.010756,0.004638,0.04473,900.0
3.9196E+03,0.011271,0.003215,0.04473,900.0
3.9197E+03,0.011597,0.001760,0.04473,900.0
3.9198E+03,0.011710,0.000375,0.04473,900.0
3.9199E+03,0.011669,-0.001131,0.04473,900.0
3.9200E+03,0.011433,-0.002606,0.04473,900.0
3.9201E+03,0.011009,-0.004083,0.04473,900.0
3.9202E+03,0.010422,-0.005426,0.04473,900.0
3.9203E+03,0.009643,-0.006723,0.04473,900.0
3.9204E+03,0.008705,-0.007912,0.04473,900.0
3.9205E+03,0.007602,-0.008990,0.04473,900.0
3.9206E+03,0.006394,-0.009895,0.04473,900.0
3.9207E+03,0.005178,-0.010611,0.04473,900.0
3.9208E+03,0.003729,-0.011159,0.04473,900.0
3.9209E+03,0.002242,-0.011543,0.04473,900.0
3.9210E+03,0.000761,-0.011738,0.04473,900.0
3.9211E+03,-0.000734,-0.011739,0.04473,900.0
3.9212E+03,-0.002239,-0.011543,0.04473,900.0
3.9213E+03,-0.003694,-0.011157,0.04473,900.0
3.9214E+03,-0.005072,-0.010613,0.04473,900.0
3.9215E+03,-0.006274,-0.009961,0.04473,900.0
3.9216E+03,-0.007501,-0.009082,0.04473,900.0
3.9217E+03,-0.008579,-0.008044,0.04473,900.0
3.9218E+03,-0.009512,-0.006904,0.04473,900.0
3.9219E+03,-0.010306,-0.005638,0.04473,900.0
3.9220E+03,-0.010934,-0.004274,0.04473,900.0
3.9221E+03,-0.011388,-0.002803,0.04473,900.0
3.9222E+03,-0.011648,-0.001329,0.04473,900.0
3.9223E+03,-0.011719,0.000156,0.04473,900.0
3.9224E+03,-0.011594,0.001698,0.04473,900.0
3.9225E+03,-0.011282,0.003190,0.04473,900.0
3.9226E+03,-0.010794,0.004549,0.04473,900.0
3.9227E+03,-0.010084,0.005962,0.04473,900.0
3.9228E+03,-0.009259,0.007202,0.04473,900.0
3.9229E+03,-0.008309,0.008274,0.04473,0.0
3.9230E+03,-0.007161,0.009258,0.04473,0.0
3.9231E+03,-0.005840,0.010133,0.04473,0.0
3.9232E+03,-0.004613,0.010742,0.04473,0.0
3.9233E+03,-0.003229,0.011242,0.04473,0.0
3.9234E+03,-0.001764,0.011554,0.04473,0.0
3.9235E+03,-0.000266,0.011682,0.04473,0.0
3.9236E+03,0.000873,0.011678,0.04473,0.0
3.9238E+03,0.001290,0.011655,0.04473,0.0
3.9239E+03,0.001290,0.011656,0.04473,0.0
3.9240E+03,0.001290,0.011657,0.04473,0.0
3.9241E+03,0.001290,0.011658,0.04473,0.0
3.9242E+03,0.001290,0.011659,0.04473,0.0
3.9243E+03,0.001290,0.011660,0.04473,0.0
3.9244E+03,0.001290,0.011661,0.04473,0.0
3.9245E+03,0.001290,0.011663,0.04473,0.0
3.9246E+03,0.001290,0.011664,0.04473,0.0
3.9247E+03,0.001290,0.011665,0.04473,0.0
3.9248E+03,0.001290,0.011666,0.04473,0.0
3.9249E+03,0.001290,0.011667,0.04473,0.0
3.9250E+03,0.001290,0.011668,0.04473,0.0
3.9251E+03,0.001290,0.011669,0.04473,0.0
3.9252E+03,0.001290,0.011670,0.04473,0.0
3.9254E+03,0.001290,0.011672,0.04473,0.0
3.9255E+03,0.001290,0.011674,0.04473,0.0
3.9256E+03,0.001290,0.011675,0.04473,0.0
3.9257E+03,0.001290,0.011676,0.04473,0.0
3.9258E+03,0.001290,0.011677,0.04473,0.0
3.9259E+03,0.001290,0.011678,0.04473,0.0
3.9260E+03,0.001290,0.011680,0.04473,0.0
3.9261E+03,0.001290,0.011681,0.04473,0.0
3.9262E+03,0.001290,0.011682,0.04473,0.0
3.9263E+03,0.001290,0.011683,0.04473,0.0
3.9264E+03,0.001290,0.011684,0.04473,0.0
3.9265E+03,0.001290,0.011685,0.04473,0.0
3.9266E+03,0.001290,0.011686,0.04473,0.0
3.9267E+03,0.001290,0.011688,0.04473,0.0
3.9268E+03,0.001290,0.011689,0.04473,0.0
3.9270E+03,0.001290,0.011690,0.04473,0.0
3.9271E+03,0.001290,-0.003902,0.04473,0.0
3.9272E+03,0.001289,-0.003902,0.04473,0.0
3.9273E+03,0.001058,-0.003845,0.04473,0.0
3.9274E+03,-0.000409,-0.003481,0.04473,0.0
3.9275E+03,-0.002344,-0.003001,0.04473,0.0
3.9276E+03,-0.004041,-0.002579,0.04473,0.0
3.9277E+03,-0.006010,-0.002091,0.04473,0.0
3.9278E+03,-0.007885,-0.001625,0.04473,0.0
3.9279E+03,-0.009691,-0.001177,0.04473,0.0
3.9280E+03,-0.011514,-0.000725,0.04473,0.0
3.9281E+03,-0.013417,-0.000252,0.04473,0.0
3.9282E+03,-0.015311,0.000218,0.04473,0.0
3.9283E+03,-0.016590,0.000535,0.04473,0.0
