2.8135E+03,-0.010861,0.021515,0.02911,0.0
2.8136E+03,-0.010861,0.021513,0.02911,0.0
2.8137E+03,-0.010861,0.021511,0.02911,0.0
2.8138E+03,-0.010861,0.021510,0.02911,0.0
2.8139E+03,-0.010861,0.021508,0.02911,0.0
2.8140E+03,-0.010861,0.021506,0.02911,0.0
2.8141E+03,-0.010861,0.021504,0.02911,0.0
2.8142E+03,-0.010861,0.021502,0.02911,0.0
2.8143E+03,-0.010861,0.021499,0.02911,0.0
2.8144E+03,-0.010861,0.021498,0.02911,0.0
2.8145E+03,-0.010861,0.021496,0.02911,0.0
2.8146E+03,-0.010861,0.021495,0.02911,0.0
2.8147E+03,-0.010861,0.021493,0.02911,0.0
2.8148E+03,-0.010861,0.021491,0.02911,0.0
2.8149E+03,-0.010861,0.021489,0.02911,0.0
2.8150E+03,-0.010861,0.021487,0.02911,0.0
2.8151E+03,-0.010861,0.021485,0.02911,0.0
2.8152E+03,-0.010861,0.021483,0.02911,0.0
2.8153E+03,-0.010861,0.021481,0.02911,0.0
2.8156E+03,-0.010861,0.021480,0.02911,0.0
2.8157E+03,-0.010966,0.020859,0.02911,0.0
2.8158E+03,-0.011245,0.019214,0.02911,0.0
2.8159E+03,-0.011611,0.017057,0.02911,0.0
2.8160E+03,-0.011984,0.014862,0.02911,900.0
2.8161E+03,-0.012311,0.012934,0.02911,900.0
2.8162E+03,-0.012678,0.010771,0.02911,900.0
2.8163E+03,-0.013041,0.008628,0.02911,900.0
2.8164E+03,-0.013404,0.006488,0.02911,900.0
2.8165E+03,-0.013750,0.004450,0.02911,900.0
2.8166E+03,-0.014125,0.002241,0.02911,900.0
2.8167E+03,-0.014422,0.000490,0.02911,900.0
2.8168E+03,-0.014511,-0.000034,0.02911,900.0
2.8169E+03,-0.014511,-0.000036,0.02911,900.0
2.8170E+03,-0.014503,-0.000236,0.02911,900.0
2.8171E+03,-0.014442,-0.001104,0.02911,900.0
2.8172E+03,-0.014255,-0.002588,0.02911,900.0
2.8173E+03,-0.013914,-0.004067,0.02911,900.0
2.8174E+03,-0.013405,-0.005534,0.02911,900.0
2.8175E+03,-0.012802,-0.006838,0.02911,900.0
2.8176E+03,-0.012023,-0.008141,0.02911,900.0
2.8177E+03,-0.011106,-0.009352,0.02911,900.0
2.8178E+03,-0.010134,-0.010387,0.02911,900.0
2.8179E+03,-0.009029,-0.011360,0.02911,900.0
2.8180E+03,-0.007835,-0.012216,0.02911,900.0
2.8181E+03,-0.006495,-0.012978,0.02911,900.0
2.8182E+03,-0.005092,-0.013590,0.02911,900.0
2.8183E+03,-0.003697,-0.014036,0.02911,900.0
2.8184E+03,-0.002226,-0.014348,0.02911,900.0
2.8185E+03,-0.000660,-0.014507,0.02911,900.0
2.8186E+03,0.000830,-0.014512,0.02911,900.0
2.8187E+03,0.002332,-0.014342,0.02911,900.0
2.8188E+03,0.003764,-0.014037,0.02911,900.0
2.8189E+03,0.005201,-0.013559,0.02911,900.0
2.8190E+03,0.006590,-0.012933,0.02911,900.0
2.8191E+03,0.007916,-0.012170,0.02911,900.0
2.8192E+03,0.008900,-0.011477,0.02911,900.0
2.8193E+03,0.009859,-0.010643,0.02911,900.0
2.8194E+03,0.010667,-0.009852,0.02911,900.0
2.8195E+03,0.011362,-0.009016,0.02911,900.0
2.8196E+03,0.012134,-0.007944,0.02911,900.0
2.8197E+03,0.012933,-0.006595,0.02911,900.0
2.8198E+03,0.013511,-0.005298,0.02911,900.0
2.8199E+03,0.014002,-0.003801,0.02911,900.0
2.8200E+03,0.014312,-0.002350,0.02911,900.0
2.8201E+03,0.014462,-0.000854,0.02911,900.0
2.8202E+03,0.014473,0.000638,0.02911,900.0
2.8203E+03,0.014316,0.002136,0.02911,900.0
2.8204E+03,0.014018,0.003592,0.02911,900.0
2.8205E+03,0.013563,0.005035,0.02911,900.0
2.8206E+03,0.012956,0.006431,0.02911,900.0
2.8207E+03,0.012219,0.007738,0.02911,900.0
2.8208E+03,0.011423,0.008898,0.02911,900.0
2.8209E+03,0.010681,0.009768,0.02911,900.0
2.8210E+03,0.009834,0.010619,0.02911,900.0
2.8211E+03,0.009016,0.011324,0.02911,900.0
2.8212E+03,0.007866,0.012134,0.02911,900.0
2.8213E+03,0.006715,0.012802,0.02911,900.0
2.8214E+03,0.005285,0.013447,0.02911,900.0
2.8215E+03,0.003911,0.013924,0.02911,900.0
2.8216E+03,0.002477,0.014245,0.02911,900.0
2.8217E+03,0.000965,0.014416,0.02911,900.0
2.8218E+03,-0.000571,0.014431,0.02911,900.0
2.8219E+03,-0.002125,0.014298,0.02911,900.0
2.8220E+03,-0.003582,0.013998,0.02911,900.0
2.8221E+03,-0.005005,0.013566,0.02911,900.0
2.8222E+03,-0.006358,0.012999,0.02911,900.0
2.8223E+03,-0.007729,0.012231,0.02911,900.0
2.8224E+03,-0.008945,0.011373,0.02911,900.0
2.8225E+03,-0.010066,0.010389,0.02911,900.0
2.8226E+03,-0.011112,0.009248,0.02911,0.0
2.8227E+03,-0.011997,0.008079,0.02911,0.0
2.8228E+03,-0.012762,0.006799,0.02911,0.0
2.8229E+03,-0.013419,0.005410,0.02911,0.0
2.8230E+03,-0.013877,0.004112,0.02911,900.0
2.8231E+03,-0.014236,0.002634,0.02911,900.0
2.8232E+03,-0.014445,0.001207,0.02911,900.0
2.8233E+03,-0.014511,-0.000027,0.02911,900.0
2.8234E+03,-0.014511,-0.000035,0.02911,900.0
2.8235E+03,-0.014511,-0.000036,0.02911,900.0
2.8236E+03,-0.012269,0.003601,0.02911,900.0
2.8237E+03,-0.011083,0.005525,0.02911,900.0
2.8238E+03,-0.010861,0.005886,0.02911,900.0
2.8239E+03,-0.010819,0.005956,0.02911,900.0
2.8240E+03,-0.010368,0.006697,0.02911,900.0
2.8241E+03,-0.009509,0.007921,0.02911,900.0
2.8242E+03,-0.008475,0.008991,0.02911,900.0
2.8243E+03,-0.007271,0.009936,0.02911,900.0
2.8244E+03,-0.005995,0.010757,0.02911,900.0
2.8245E+03,-0.004636,0.011425,0.02911,900.0
2.8246E+03,-0.003232,0.011894,0.02911,900.0
2.8247E+03,-0.001897,0.012165,0.02911,900.0
2.8248E+03,-0.000387,0.012308,0.02911,900.0
2.8249E+03,0.001096,0.012261,0.02911,900.0
2.8250E+03,0.002564,0.012030,0.02911,900.0
2.8251E+03,0.004027,0.011627,0.02911,900.0
2.8252E+03,0.005454,0.011033,0.02911,900.0
2.8253E+03,0.006769,0.010280,0.02911,900.0
2.8254E+03,0.007954,0.009400,0.02911,900.0
2.8255E+03,0.009065,0.008349,0.02911,900.0
2.8256E+03,0.010022,0.007182,0.02911,900.0
2.8257E+03,0.010851,0.005900,0.02911,900.0
2.8258E+03,0.011455,0.004634,0.02911,900.0
2.8259E+03,0.011938,0.003116,0.02911,900.0
2.8260E+03,0.012225,0.001710,0.02911,900.0
2.8261E+03,0.012338,0.000225,0.02911,900.0
2.8262E+03,0.012266,-0.001339,0.02911,900.0
2.8263E+03,0.012017,-0.002849,0.02911,900.0
2.8264E+03,0.011637,-0.004140,0.02911,900.0
2.8265E+03,0.011062,-0.005509,0.02911,900.0
2.8266E+03,0.010330,-0.006791,0.02911,900.0
2.8267E+03,0.009414,-0.008035,0.02911,900.0
2.8268E+03,0.008379,-0.009116,0.02911,900.0
2.8269E+03,0.007234,-0.010057,0.02911,900.0
2.8270E+03,0.005992,-0.010845,0.02911,900.0
2.8271E+03,0.004621,-0.011483,0.02911,900.0
2.8272E+03,0.003145,-0.011965,0.02911,900.0
2.8273E+03,0.001648,-0.012277,0.02911,900.0
2.8274E+03,0.000157,-0.012372,0.02911,900.0
2.8275E+03,-0.001304,-0.012304,0.02911,900.0
2.8276E+03,-0.002781,-0.012056,0.02911,900.0
2.8277E+03,-0.004268,-0.011612,0.02911,900.0
2.8278E+03,-0.005671,-0.011002,0.02911,900.0
2.8279E+03,-0.006947,-0.010252,0.02911,900.0
2.8280E+03,-0.008087,-0.009380,0.02911,900.0
2.8281E+03,-0.009067,-0.008421,0.02911,900.0
2.8282E+03,-0.010037,-0.007241,0.02911,900.0
2.8283E+03,-0.010822,-0.005961,0.02911,900.0
2.8284E+03,-0.011474,-0.004576,0.02911,900.0
2.8285E+03,-0.011948,-0.003126,0.02911,0.0
2.8286E+03,-0.012233,-0.001688,0.02911,0.0
2.8287E+03,-0.012334,-0.000186,0.02911,0.0
2.8288E+03,-0.012260,0.001360,0.02911,0.0
2.8289E+03,-0.012014,0.002829,0.02911,0.0
2.8290E+03,-0.011574,0.004253,0.02911,0.0
2.8291E+03,-0.011048,0.005511,0.02911,0.0
2.8293E+03,-0.010861,0.005886,0.02911,0.0
2.8294E+03,-0.010861,0.005887,0.02911,0.0
2.8295E+03,-0.010861,0.005888,0.02911,0.0
2.8297E+03,-0.010861,0.005890,0.02911,0.0
2.8298E+03,-0.010861,0.005892,0.02911,0.0
2.8299E+03,-0.010861,0.005893,0.02911,0.0
2.8300E+03,-0.010861,0.005894,0.02911,0.0
2.8301E+03,-0.010861,0.005895,0.02911,0.0
2.8302E+03,-0.010861,0.005896,0.02911,0.0
2.8303E+03,-0.010861,0.005898,0.02911,0.0
2.8304E+03,-0.010861,0.005899,0.02911,0.0
2.8305E+03,-0.010861,0.005900,0.02911,0.0
2.8306E+03,-0.010861,0.005901,0.02911,0.0
2.8307E+03,-0.010861,0.005902,0.02911,0.0
2.8308E+03,-0.010861,0.005904,0.02911,0.0
2.8309E+03,-0.010861,0.005905,0.02911,0.0
2.8311E+03,-0.010861,0.005907,0.02911,0.0
2.8312E+03,-0.010861,0.005908,0.02911,0.0
2.8313E+03,-0.010861,0.005910,0.02911,0.0
2.8314E+03,-0.010861,0.005911,0.02911,0.0
2.8315E+03,-0.010861,0.005912,0.02911,0.0
2.8316E+03,-0.010861,0.005913,0.02911,0.0
2.8317E+03,-0.010861,0.005914,0.02911,0.0
2.8318E+03,-0.010861,0.005916,0.02911,0.0
2.8319E+03,-0.010861,0.005917,0.02911,0.0
2.8320E+03,-0.010861,0.005918,0.02911,0.0
2.8321E+03,-0.010861,0.005920,0.02911,0.0
2.8323E+03,-0.010861,0.005921,0.02911,0.0
2.8325E+03,-0.010861,-0.009671,0.02911,0.0
2.8326E+03,-0.010761,-0.009727,0.02911,0.0
2.8327E+03,-0.010152,-0.010065,0.02911,0.0
2.8328E+03,-0.009302,-0.010535,0.02911,0.0
2.8329E+03,-0.008472,-0.010995,0.02911,0.0
2.8330E+03,-0.007681,-0.011433,0.02911,0.0
2.8331E+03,-0.006817,-0.011912,0.02911,0.0
2.8332E+03,-0.006052,-0.012337,0.02911,0.0
2.8333E+03,-0.005229,-0.012792,0.02911,0.0
2.8334E+03,-0.004409,-0.013247,0.02911,0.0
2.8335E+03,-0.003585,-0.013703,0.02911,0.0
2.8336E+03,-0.002977,-0.014040,0.02911,0.0
