4.2400E+03,0.010419,0.011333,0.04757,0.0
4.3300E+03,0.009885,0.011854,0.04828,900.0
4.3300E+03,0.009761,0.011955,0.04828,900.0
4.3301E+03,0.008516,0.012870,0.04828,900.0
4.3302E+03,0.007228,0.013636,0.04828,900.0
4.3303E+03,0.005864,0.014280,0.04828,900.0
4.3304E+03,0.004458,0.014783,0.04828,900.0
4.3305E+03,0.003012,0.015145,0.04828,900.0
4.3306E+03,0.001479,0.015384,0.04828,900.0
4.3307E+03,-0.000013,0.015444,0.04828,900.0
4.3308E+03,-0.001502,0.015365,0.04828,900.0
4.3309E+03,-0.002947,0.015154,0.04828,900.0
4.3310E+03,-0.004396,0.014791,0.04828,900.0
4.3312E+03,-0.005836,0.014286,0.04828,900.0
4.3313E+03,-0.007205,0.013650,0.04828,900.0
4.3314E+03,-0.008489,0.012888,0.04828,900.0
4.3315E+03,-0.009711,0.012002,0.04828,900.0
4.3316E+03,-0.010850,0.010987,0.04828,0.0
4.3317E+03,-0.011876,0.009876,0.04828,0.0
4.3317E+03,-0.012700,0.008819,0.04828,0.0
4.3318E+03,-0.013502,0.007531,0.04828,0.0
4.3319E+03,-0.014197,0.006124,0.04828,0.0
4.3320E+03,-0.014705,0.004765,0.04828,0.0
4.3321E+03,-0.015078,0.003423,0.04828,0.0
4.3322E+03,-0.015292,0.002341,0.04828,900.0
4.3323E+03,-0.015364,0.001894,0.04828,900.0
4.3324E+03,-0.015375,0.001820,0.04828,900.0
4.3325E+03,-0.013814,0.002225,0.04828,900.0
4.3326E+03,-0.009184,0.003426,0.04828,900.0
4.3327E+03,-0.001811,0.005338,0.04828,900.0
4.3329E+03,0.005202,0.007156,0.04828,900.0
4.3331E+03,0.008151,0.007921,0.04828,900.0
4.3332E+03,0.008155,0.007916,0.04828,900.0
4.3333E+03,0.008891,0.007059,0.04828,900.0
4.3334E+03,0.009713,0.005861,0.04828,900.0
4.3334E+03,0.010336,0.004652,0.04828,900.0
4.3335E+03,0.010879,0.003242,0.04828,900.0
4.3336E+03,0.011213,0.001785,0.04828,900.0
4.3337E+03,0.011348,0.000303,0.04828,900.0
4.3338E+03,0.011302,-0.001186,0.04828,900.0
4.3339E+03,0.011067,-0.002632,0.04828,900.0
4.3340E+03,0.010631,-0.004091,0.04828,900.0
4.3341E+03,0.009963,-0.005528,0.04828,900.0
4.3342E+03,0.009173,-0.006761,0.04828,900.0
4.3343E+03,0.008229,-0.007889,0.04828,900.0
4.3344E+03,0.007066,-0.008937,0.04828,900.0
4.3346E+03,0.005821,-0.009785,0.04828,900.0
4.3347E+03,0.004492,-0.010469,0.04828,900.0
4.3348E+03,0.003116,-0.010957,0.04828,900.0
4.3349E+03,0.001645,-0.011271,0.04828,900.0
4.3350E+03,0.000088,-0.011389,0.04828,900.0
4.3351E+03,-0.001422,-0.011311,0.04828,900.0
4.3352E+03,-0.002896,-0.011026,0.04828,900.0
4.3352E+03,-0.004179,-0.010620,0.04828,900.0
4.3353E+03,-0.005525,-0.009985,0.04828,900.0
4.3354E+03,-0.006774,-0.009174,0.04828,900.0
4.3355E+03,-0.007900,-0.008220,0.04828,900.0
4.3356E+03,-0.008928,-0.007049,0.04828,900.0
4.3357E+03,-0.009764,-0.005833,0.04828,900.0
4.3358E+03,-0.010436,-0.004513,0.04828,900.0
4.3359E+03,-0.010945,-0.003065,0.04828,900.0
4.3360E+03,-0.011251,-0.001586,0.04828,900.0
4.3361E+03,-0.011359,-0.000125,0.04828,900.0
4.3363E+03,-0.011269,0.001389,0.04828,900.0
4.3364E+03,-0.010984,0.002917,0.04828,900.0
4.3365E+03,-0.010500,0.004325,0.04828,900.0
4.3366E+03,-0.009857,0.005649,0.04828,900.0
4.3367E+03,-0.008997,0.006937,0.04828,900.0
4.3368E+03,-0.007992,0.008043,0.04828,900.0
4.3369E+03,-0.006894,0.008999,0.04828,900.0
4.3369E+03,-0.005737,0.009758,0.04828,900.0
4.3370E+03,-0.004395,0.010442,0.04828,900.0
4.3371E+03,-0.003005,0.010916,0.04828,900.0
4.3372E+03,-0.001515,0.011219,0.04828,0.0
4.3373E+03,0.000038,0.011331,0.04828,0.0
4.3374E+03,0.001524,0.011233,0.04828,0.0
4.3375E+03,0.002968,0.010945,0.04828,0.0
4.3376E+03,0.004439,0.010442,0.04828,900.0
4.3377E+03,0.005763,0.009777,0.04828,900.0
4.3378E+03,0.007018,0.008919,0.04828,900.0
4.3380E+03,0.007961,0.008096,0.04828,900.0
4.3381E+03,0.008149,0.007923,0.04828,900.0
4.3382E+03,0.008151,0.007921,0.04828,900.0
4.3383E+03,0.010100,0.005504,0.04828,900.0
4.3384E+03,0.012643,0.002350,0.04828,900.0
4.3386E+03,0.013751,0.000976,0.04828,900.0
4.3386E+03,0.013743,0.001050,0.04828,900.0
4.3387E+03,0.013641,0.001928,0.04828,900.0
4.3388E+03,0.013327,0.003454,0.04828,900.0
4.3389E+03,0.012854,0.004910,0.04828,900.0
4.3390E+03,0.012231,0.006293,0.04828,900.0
4.3391E+03,0.011486,0.007545,0.04828,900.0
4.3392E+03,0.010566,0.008784,0.04828,900.0
4.3393E+03,0.009561,0.009866,0.04828,900.0
4.3394E+03,0.008459,0.010822,0.04828,900.0
4.3395E+03,0.007181,0.011701,0.04828,900.0
4.3397E+03,0.005812,0.012443,0.04828,900.0
4.3398E+03,0.004441,0.012993,0.04828,900.0
4.3399E+03,0.003033,0.013403,0.04828,900.0
4.3400E+03,0.001580,0.013656,0.04828,900.0
4.3401E+03,-0.000007,0.013746,0.04828,900.0
4.3402E+03,-0.001484,0.013664,0.04828,900.0
4.3403E+03,-0.002910,0.013425,0.04828,900.0
4.3403E+03,-0.004289,0.013037,0.04828,900.0
4.3404E+03,-0.005731,0.012478,0.04828,900.0
4.3405E+03,-0.007060,0.011773,0.04828,900.0
4.3406E+03,-0.008276,0.010961,0.04828,900.0
4.3407E+03,-0.009384,0.010035,0.04828,900.0
4.3408E+03,-0.010434,0.008934,0.04828,900.0
4.3409E+03,-0.011386,0.007711,0.04828,900.0
4.3410E+03,-0.012155,0.006457,0.04828,900.0
4.3411E+03,-0.012793,0.005090,0.04828,900.0
4.3412E+03,-0.013271,0.003683,0.04828,900.0
4.3414E+03,-0.013591,0.002161,0.04828,900.0
4.3415E+03,-0.013713,0.001313,0.04828,900.0
4.3416E+03,-0.013767,0.000318,0.04828,900.0
4.3417E+03,-0.013722,-0.001064,0.04828,900.0
4.3418E+03,-0.013525,-0.002562,0.04828,900.0
4.3419E+03,-0.013169,-0.004031,0.04828,900.0
4.3420E+03,-0.012659,-0.005432,0.04828,900.0
4.3420E+03,-0.012081,-0.006646,0.04828,900.0
4.3421E+03,-0.011276,-0.007941,0.04828,900.0
4.3422E+03,-0.010323,-0.009166,0.04828,900.0
4.3423E+03,-0.009301,-0.010203,0.04828,900.0
4.3424E+03,-0.008093,-0.011184,0.04828,900.0
4.3425E+03,-0.006813,-0.012006,0.04828,900.0
4.3426E+03,-0.005453,-0.012674,0.04828,900.0
4.3427E+03,-0.004051,-0.013191,0.04828,900.0
4.3428E+03,-0.002607,-0.013548,0.04828,900.0
4.3429E+03,-0.001108,-0.013750,0.04828,900.0
4.3430E+03,0.000389,-0.013794,0.04828,900.0
4.3432E+03,0.001860,-0.013675,0.04828,900.0
4.3433E+03,0.003366,-0.013383,0.04828,900.0
4.3434E+03,0.004847,-0.012926,0.04828,900.0
4.3435E+03,0.006211,-0.012334,0.04828,900.0
4.3436E+03,0.007443,-0.011633,0.04828,900.0
4.3437E+03,0.008727,-0.010696,0.04828,900.0
4.3437E+03,0.009732,-0.009777,0.04828,900.0
4.3438E+03,0.010690,-0.008699,0.04828,0.0
4.3439E+03,0.011591,-0.007455,0.04828,0.0
4.3440E+03,0.012335,-0.006143,0.04828,0.0
4.3441E+03,0.012913,-0.004769,0.04828,0.0
4.3442E+03,0.013375,-0.003286,0.04828,900.0
4.3443E+03,0.013652,-0.001810,0.04828,900.0
4.3444E+03,0.013763,-0.000339,0.04828,900.0
4.3445E+03,0.013754,0.000901,0.04828,900.0
4.3447E+03,0.013751,0.000976,0.04828,900.0
4.3449E+03,0.011963,0.004298,0.04828,900.0
4.3450E+03,0.009908,0.008117,0.04828,900.0
4.3452E+03,0.009380,0.009097,0.04828,900.0
4.3453E+03,0.009804,0.008619,0.04828,900.0
4.3454E+03,0.010562,0.007655,0.04828,900.0
4.3455E+03,0.011365,0.006404,0.04828,900.0
4.3455E+03,0.011982,0.005191,0.04828,900.0
4.3456E+03,0.012496,0.003798,0.04828,900.0
4.3457E+03,0.012860,0.002341,0.04828,900.0
4.3458E+03,0.013048,0.000812,0.04828,900.0
4.3459E+03,0.013050,-0.000715,0.04828,900.0
4.3460E+03,0.012894,-0.002148,0.04828,900.0
4.3461E+03,0.012553,-0.003654,0.04828,900.0
4.3462E+03,0.012040,-0.005106,0.04828,900.0
4.3463E+03,0.011396,-0.006427,0.04828,900.0
4.3464E+03,0.010608,-0.007663,0.04828,900.0
4.3466E+03,0.009632,-0.008850,0.04828,900.0
4.3467E+03,0.008516,-0.009936,0.04828,900.0
4.3468E+03,0.007321,-0.010854,0.04828,900.0
4.3469E+03,0.006048,-0.011623,0.04828,900.0
4.3470E+03,0.004680,-0.012244,0.04828,900.0
4.3471E+03,0.003238,-0.012707,0.04828,900.0
4.3472E+03,0.001778,-0.012995,0.04828,900.0
4.3472E+03,0.000404,-0.013102,0.04828,900.0
4.3473E+03,-0.001100,-0.013049,0.04828,900.0
4.3474E+03,-0.002572,-0.012848,0.04828,900.0
4.3475E+03,-0.004001,-0.012471,0.04828,900.0
4.3476E+03,-0.005382,-0.011932,0.04828,900.0
4.3477E+03,-0.006708,-0.011238,0.04828,900.0
4.3478E+03,-0.007960,-0.010392,0.04828,900.0
4.3479E+03,-0.009106,-0.009413,0.04828,900.0
4.3480E+03,-0.010126,-0.008308,0.04828,900.0
4.3481E+03,-0.011026,-0.007093,0.04828,900.0
4.3483E+03,-0.011772,-0.005764,0.04828,900.0
4.3484E+03,-0.012337,-0.004382,0.04828,900.0
4.3485E+03,-0.012753,-0.002862,0.04828,900.0
4.3486E+03,-0.012992,-0.001386,0.04828,900.0
4.3487E+03,-0.013059,0.000098,0.04828,900.0
4.3488E+03,-0.012950,0.001617,0.04828,900.0
4.3489E+03,-0.012675,0.003088,0.04828,900.0
4.3489E+03,-0.012306,0.004377,0.04828,900.0
4.3490E+03,-0.011701,0.005805,0.04828,900.0
4.3491E+03,-0.010973,0.007089,0.04828,900.0
4.3492E+03,-0.010090,0.008299,0.04828,900.0
4.3493E+03,-0.009045,0.009413,0.04828,900.0
4.3494E+03,-0.007941,0.010351,0.04828,900.0
4.3495E+03,-0.006666,0.011200,0.04828,900.0
4.3496E+03,-0.005307,0.011897,0.04828,900.0
4.3497E+03,-0.003923,0.012423,0.04828,900.0
4.3498E+03,-0.002467,0.012787,0.04828,900.0
4.3500E+03,-0.000960,0.013000,0.04828,900.0
4.3501E+03,0.000530,0.013026,0.04828,0.0
4.3502E+03,0.002011,0.012876,0.04828,0.0
4.3503E+03,0.003529,0.012542,0.04828,0.0
4.3504E+03,0.004970,0.012056,0.04828,0.0
4.3505E+03,0.006260,0.011442,0.04828,0.0
4.3506E+03,0.007541,0.010647,0.04828,0.0
4.3506E+03,0.008632,0.009778,0.04828,0.0
4.3507E+03,0.009246,0.009223,0.04828,0.0
4.3509E+03,0.009380,0.009097,0.04828,0.0
4.3510E+03,0.009380,0.009098,0.04828,0.0
4.3511E+03,0.009380,0.009099,0.04828,0.0
4.3513E+03,0.009380,0.009101,0.04828,0.0
4.3514E+03,0.009380,0.009102,0.04828,0.0
4.3515E+03,0.009380,0.009104,0.04828,0.0
4.3517E+03,0.009380,0.009105,0.04828,0.0
4.3518E+03,0.009380,0.009106,0.04828,0.0
4.3519E+03,0.009380,0.009107,0.04828,0.0
4.3520E+03,0.009380,0.009201,0.04828,0.0
4.3521E+03,0.009380,0.009142,0.04828,0.0
4.3522E+03,0.009380,0.009110,0.04828,0.0
4.3523E+03,0.009380,0.009111,0.04828,0.0
4.3523E+03,0.009380,0.009113,0.04828,0.0
4.3524E+03,0.009380,0.009114,0.04828,0.0
4.3525E+03,0.009380,0.009115,0.04828,0.0
4.3526E+03,0.009380,0.009116,0.04828,0.0
4.3527E+03,0.009380,0.009117,0.04828,0.0
4.3529E+03,0.009380,0.009119,0.04828,0.0
4.3530E+03,0.009380,0.009121,0.04828,0.0
4.3531E+03,0.009380,0.009122,0.04828,0.0
4.3532E+03,0.009380,0.009123,0.04828,0.0
4.3534E+03,0.009380,0.009190,0.04828,0.0
4.3535E+03,0.009380,0.009182,0.04828,0.0
4.3536E+03,0.009380,0.009126,0.04828,0.0
4.3537E+03,0.009380,0.009127,0.04828,0.0
4.3538E+03,0.009380,0.009128,0.04828,0.0
4.3539E+03,0.009380,0.009129,0.04828,0.0
4.3540E+03,0.009380,0.009146,0.04828,0.0
4.3540E+03,0.009380,0.009238,0.04828,0.0
4.3541E+03,0.009380,0.009150,0.04828,0.0
4.3542E+03,0.009380,0.009133,0.04828,0.0
4.3543E+03,0.009380,-0.006460,0.04828,0.0
4.3544E+03,0.009410,-0.006208,0.04828,0.0
4.3545E+03,0.009565,-0.004925,0.04828,0.0
4.3546E+03,0.009799,-0.002920,0.04828,0.0
4.3547E+03,0.010028,-0.000994,0.04828,0.0
4.3548E+03,0.010267,0.000885,0.04828,0.0
4.3549E+03,0.010511,0.002907,0.04828,0.0
4.3550E+03,0.010742,0.004824,0.04828,0.0
4.3552E+03,0.010973,0.006734,0.04828,0.0
4.3553E+03,0.011206,0.008665,0.04828,0.0
4.3554E+03,0.011450,0.010684,0.04828,0.0
4.3555E+03,0.011646,0.012309,0.04828,0.0
4.3556E+03,0.011690,0.012679,0.04828,0.0
