3.4194E+03,-0.003950,0.027724,0.03905,0.0
3.4195E+03,-0.003950,0.027723,0.03905,0.0
3.4196E+03,-0.003950,0.027721,0.03905,0.0
3.4197E+03,-0.003950,0.027720,0.03905,0.0
3.4198E+03,-0.003950,0.027717,0.03905,0.0
3.4199E+03,-0.003950,0.027716,0.03905,0.0
3.4200E+03,-0.003950,0.027714,0.03905,0.0
3.4201E+03,-0.003950,0.027713,0.03905,0.0
3.4202E+03,-0.003950,0.027711,0.03905,0.0
3.4203E+03,-0.003950,0.027708,0.03905,0.0
3.4204E+03,-0.003950,0.027706,0.03905,0.0
3.4205E+03,-0.003950,0.027657,0.03905,0.0
3.4206E+03,-0.003950,0.027632,0.03905,0.0
3.4207E+03,-0.003950,0.027701,0.03905,0.0
3.4208E+03,-0.003950,0.027700,0.03905,0.0
3.4209E+03,-0.003950,0.027698,0.03905,0.0
3.4210E+03,-0.003950,0.027697,0.03905,0.0
3.4211E+03,-0.003950,0.027694,0.03905,0.0
3.4212E+03,-0.003950,0.027693,0.03905,0.0
3.4213E+03,-0.003950,0.027691,0.03905,0.0
3.4216E+03,-0.003950,0.027689,0.03905,0.0
3.4217E+03,-0.003994,0.027596,0.03905,0.0
3.4218E+03,-0.004407,0.026719,0.03905,0.0
3.4219E+03,-0.005507,0.024382,0.03905,0.0
3.4220E+03,-0.006651,0.021953,0.03905,0.0
3.4221E+03,-0.007718,0.019687,0.03905,900.0
3.4222E+03,-0.008853,0.017276,0.03905,900.0
3.4223E+03,-0.009998,0.014843,0.03905,900.0
3.4224E+03,-0.011128,0.012443,0.03905,900.0
3.4225E+03,-0.012272,0.010013,0.03905,900.0
3.4226E+03,-0.013405,0.007606,0.03905,900.0
3.4227E+03,-0.014556,0.005162,0.03905,900.0
3.4228E+03,-0.015305,0.003572,0.03905,900.0
3.4230E+03,-0.015488,0.003183,0.03905,900.0
3.4231E+03,-0.015510,0.003056,0.03905,900.0
3.4232E+03,-0.015656,0.002187,0.03905,900.0
3.4233E+03,-0.015800,0.000747,0.03905,900.0
3.4234E+03,-0.015795,-0.000783,0.03905,900.0
3.4235E+03,-0.015640,-0.002328,0.03905,900.0
3.4236E+03,-0.015353,-0.003768,0.03905,900.0
3.4237E+03,-0.014936,-0.005181,0.03905,900.0
3.4238E+03,-0.014352,-0.006634,0.03905,900.0
3.4239E+03,-0.013660,-0.007976,0.03905,900.0
3.4240E+03,-0.012870,-0.009196,0.03905,900.0
3.4241E+03,-0.011949,-0.010374,0.03905,900.0
3.4242E+03,-0.010905,-0.011479,0.03905,900.0
3.4243E+03,-0.009760,-0.012468,0.03905,900.0
3.4244E+03,-0.008498,-0.013370,0.03905,900.0
3.4245E+03,-0.007180,-0.014127,0.03905,900.0
3.4246E+03,-0.005960,-0.014675,0.03905,900.0
3.4247E+03,-0.004587,-0.015160,0.03905,900.0
3.4248E+03,-0.003132,-0.015521,0.03905,900.0
3.4249E+03,-0.002008,-0.015715,0.03905,900.0
3.4250E+03,-0.000708,-0.015812,0.03905,900.0
3.4251E+03,0.000828,-0.015815,0.03905,900.0
3.4252E+03,0.002342,-0.015661,0.03905,900.0
3.4253E+03,0.003827,-0.015369,0.03905,900.0
3.4254E+03,0.005250,-0.014942,0.03905,900.0
3.4255E+03,0.006657,-0.014373,0.03905,900.0
3.4256E+03,0.007953,-0.013714,0.03905,900.0
3.4257E+03,0.009208,-0.012891,0.03905,900.0
3.4258E+03,0.010411,-0.011927,0.03905,900.0
3.4259E+03,0.011469,-0.010914,0.03905,900.0
3.4260E+03,0.012456,-0.009749,0.03905,900.0
3.4261E+03,0.013337,-0.008500,0.03905,900.0
3.4262E+03,0.014090,-0.007185,0.03905,900.0
3.4263E+03,0.014711,-0.005796,0.03905,900.0
3.4264E+03,0.015155,-0.004521,0.03905,900.0
3.4265E+03,0.015504,-0.003105,0.03905,900.0
3.4266E+03,0.015729,-0.001608,0.03905,900.0
3.4267E+03,0.015821,-0.000119,0.03905,900.0
3.4268E+03,0.015744,0.001469,0.03905,900.0
3.4269E+03,0.015523,0.002969,0.03905,900.0
3.4270E+03,0.015164,0.004433,0.03905,900.0
3.4271E+03,0.014686,0.005804,0.03905,900.0
3.4272E+03,0.014050,0.007190,0.03905,900.0
3.4273E+03,0.013279,0.008521,0.03905,900.0
3.4274E+03,0.012422,0.009724,0.03905,900.0
3.4275E+03,0.011456,0.010840,0.03905,900.0
3.4276E+03,0.010351,0.011898,0.03905,900.0
3.4277E+03,0.009147,0.012847,0.03905,900.0
3.4278E+03,0.007887,0.013670,0.03905,900.0
3.4279E+03,0.006616,0.014323,0.03905,900.0
3.4280E+03,0.005203,0.014899,0.03905,900.0
3.4281E+03,0.003857,0.015291,0.03905,900.0
3.4282E+03,0.002372,0.015590,0.03905,900.0
3.4283E+03,0.000900,0.015745,0.03905,900.0
3.4284E+03,-0.000617,0.015750,0.03905,900.0
3.4285E+03,-0.001916,0.015650,0.03905,900.0
3.4286E+03,-0.003121,0.015450,0.03905,900.0
3.4287E+03,-0.004457,0.015122,0.03905,900.0
3.4288E+03,-0.005890,0.014627,0.03905,900.0
3.4289E+03,-0.007271,0.013995,0.03905,900.0
3.4290E+03,-0.008560,0.013261,0.03905,900.0
3.4291E+03,-0.009791,0.012387,0.03905,0.0
3.4292E+03,-0.010904,0.011410,0.03905,0.0
3.4293E+03,-0.011971,0.010290,0.03905,0.0
3.4294E+03,-0.012864,0.009067,0.03905,0.0
3.4295E+03,-0.013669,0.007864,0.03905,0.0
3.4296E+03,-0.014380,0.006493,0.03905,900.0
3.4297E+03,-0.014946,0.005080,0.03905,900.0
3.4298E+03,-0.015326,0.003822,0.03905,900.0
3.4299E+03,-0.015488,0.003183,0.03905,900.0
3.4300E+03,-0.015486,0.003184,0.03905,900.0
3.4301E+03,-0.014869,0.003557,0.03905,900.0
3.4302E+03,-0.010053,0.006470,0.03905,900.0
3.4303E+03,-0.004029,0.010113,0.03905,900.0
3.4304E+03,-0.003448,0.010464,0.03905,900.0
3.4305E+03,-0.003429,0.010476,0.03905,900.0
3.4306E+03,-0.003048,0.010586,0.03905,900.0
3.4307E+03,-0.001858,0.010832,0.03905,900.0
3.4308E+03,-0.000390,0.010983,0.03905,900.0
3.4309E+03,0.001089,0.010929,0.03905,900.0
3.4310E+03,0.002562,0.010689,0.03905,900.0
3.4311E+03,0.003996,0.010242,0.03905,900.0
3.4312E+03,0.005387,0.009592,0.03905,900.0
3.4313E+03,0.006608,0.008796,0.03905,900.0
3.4314E+03,0.007759,0.007820,0.03905,900.0
3.4315E+03,0.008784,0.006668,0.03905,900.0
3.4316E+03,0.009527,0.005528,0.03905,900.0
3.4317E+03,0.010201,0.004175,0.03905,900.0
3.4318E+03,0.010664,0.002749,0.03905,900.0
3.4319E+03,0.010946,0.001268,0.03905,900.0
3.4320E+03,0.011021,-0.000199,0.03905,900.0
3.4321E+03,0.010893,-0.001706,0.03905,900.0
3.4322E+03,0.010556,-0.003210,0.03905,900.0
3.4323E+03,0.010049,-0.004584,0.03905,900.0
3.4324E+03,0.009339,-0.005910,0.03905,900.0
3.4325E+03,0.008453,-0.007148,0.03905,900.0
3.4326E+03,0.007452,-0.008188,0.03905,900.0
3.4327E+03,0.006259,-0.009140,0.03905,900.0
3.4328E+03,0.004949,-0.009894,0.03905,900.0
3.4329E+03,0.003499,-0.010500,0.03905,900.0
3.4330E+03,0.002057,-0.010866,0.03905,900.0
3.4331E+03,0.000590,-0.011051,0.03905,900.0
3.4332E+03,-0.000891,-0.011028,0.03905,900.0
3.4333E+03,-0.002398,-0.010787,0.03905,900.0
3.4334E+03,-0.003721,-0.010421,0.03905,900.0
3.4335E+03,-0.005075,-0.009831,0.03905,900.0
3.4336E+03,-0.006407,-0.009023,0.03905,900.0
3.4337E+03,-0.007526,-0.008113,0.03905,900.0
3.4338E+03,-0.008610,-0.006976,0.03905,900.0
3.4339E+03,-0.009463,-0.005729,0.03905,900.0
3.4340E+03,-0.010121,-0.004425,0.03905,900.0
3.4341E+03,-0.010622,-0.003014,0.03905,900.0
3.4342E+03,-0.010923,-0.001522,0.03905,900.0
3.4343E+03,-0.011019,-0.000003,0.03905,900.0
3.4344E+03,-0.010922,0.001473,0.03905,900.0
3.4345E+03,-0.010619,0.002934,0.03905,0.0
3.4346E+03,-0.010102,0.004383,0.03905,0.0
3.4347E+03,-0.009415,0.005710,0.03905,0.0
3.4348E+03,-0.008591,0.006908,0.03905,0.0
3.4349E+03,-0.007579,0.007993,0.03905,0.0
3.4350E+03,-0.006381,0.008979,0.03905,900.0
3.4351E+03,-0.005212,0.009697,0.03905,900.0
3.4352E+03,-0.003905,0.010287,0.03905,900.0
3.4353E+03,-0.003483,0.010457,0.03905,900.0
3.4354E+03,-0.003429,0.010476,0.03905,900.0
3.4355E+03,-0.004895,0.009269,0.03905,900.0
3.4356E+03,-0.009097,0.005811,0.03905,900.0
3.4357E+03,-0.013240,0.002401,0.03905,900.0
3.4358E+03,-0.014004,0.001772,0.03905,900.0
3.4359E+03,-0.014005,0.001765,0.03905,900.0
3.4360E+03,-0.014019,0.001602,0.03905,900.0
3.4361E+03,-0.014110,0.000273,0.03905,900.0
3.4362E+03,-0.014066,-0.001222,0.03905,900.0
3.4363E+03,-0.013861,-0.002679,0.03905,900.0
3.4364E+03,-0.013484,-0.004175,0.03905,900.0
3.4365E+03,-0.012953,-0.005593,0.03905,900.0
3.4366E+03,-0.012308,-0.006908,0.03905,900.0
3.4367E+03,-0.011510,-0.008168,0.03905,900.0
3.4368E+03,-0.010570,-0.009359,0.03905,900.0
3.4369E+03,-0.009615,-0.010348,0.03905,900.0
3.4370E+03,-0.008432,-0.011349,0.03905,900.0
3.4371E+03,-0.007186,-0.012180,0.03905,900.0
3.4372E+03,-0.005916,-0.012855,0.03905,900.0
3.4373E+03,-0.004513,-0.013410,0.03905,900.0
3.4374E+03,-0.003054,-0.013814,0.03905,900.0
3.4375E+03,-0.001514,-0.014056,0.03905,900.0
3.4376E+03,-0.000047,-0.014135,0.03905,900.0
3.4377E+03,0.001452,-0.014062,0.03905,900.0
3.4378E+03,0.002897,-0.013816,0.03905,900.0
3.4379E+03,0.004360,-0.013422,0.03905,900.0
3.4380E+03,0.005818,-0.012879,0.03905,900.0
3.4381E+03,0.007149,-0.012179,0.03905,900.0
3.4382E+03,0.008392,-0.011372,0.03905,900.0
3.4383E+03,0.009561,-0.010404,0.03905,900.0
3.4384E+03,0.010625,-0.009322,0.03905,900.0
3.4385E+03,0.011576,-0.008110,0.03905,900.0
3.4386E+03,0.012285,-0.006954,0.03905,900.0
3.4387E+03,0.012953,-0.005624,0.03905,900.0
3.4388E+03,0.013469,-0.004197,0.03905,900.0
3.4389E+03,0.013831,-0.002779,0.03905,900.0
3.4390E+03,0.014035,-0.001317,0.03905,900.0
3.4391E+03,0.014089,0.000201,0.03905,900.0
3.4392E+03,0.013986,0.001724,0.03905,900.0
3.4393E+03,0.013716,0.003226,0.03905,900.0
3.4394E+03,0.013292,0.004690,0.03905,900.0
3.4395E+03,0.012742,0.006031,0.03905,900.0
3.4396E+03,0.012024,0.007350,0.03905,900.0
3.4397E+03,0.011191,0.008573,0.03905,900.0
3.4398E+03,0.010153,0.009758,0.03905,900.0
3.4399E+03,0.009076,0.010765,0.03905,900.0
3.4400E+03,0.007951,0.011605,0.03905,900.0
3.4401E+03,0.006903,0.012261,0.03905,900.0
3.4402E+03,0.005720,0.012852,0.03905,900.0
3.4403E+03,0.004297,0.013388,0.03905,900.0
3.4404E+03,0.002973,0.013745,0.03905,900.0
3.4405E+03,0.001504,0.013986,0.03905,900.0
3.4406E+03,-0.000011,0.014073,0.03905,900.0
3.4407E+03,-0.001526,0.013988,0.03905,900.0
3.4408E+03,-0.002974,0.013761,0.03905,900.0
3.4409E+03,-0.004414,0.013360,0.03905,900.0
3.4410E+03,-0.005863,0.012795,0.03905,900.0
3.4411E+03,-0.007220,0.012077,0.03905,900.0
3.4412E+03,-0.008442,0.011253,0.03905,900.0
3.4413E+03,-0.009577,0.010310,0.03905,0.0
3.4414E+03,-0.010638,0.009209,0.03905,0.0
3.4415E+03,-0.011564,0.008025,0.03905,0.0
3.4416E+03,-0.012341,0.006771,0.03905,0.0
3.4417E+03,-0.013004,0.005403,0.03905,900.0
3.4418E+03,-0.013518,0.003984,0.03905,900.0
3.4419E+03,-0.013878,0.002556,0.03905,900.0
3.4420E+03,-0.014004,0.001775,0.03905,900.0
3.4421E+03,-0.014004,0.001772,0.03905,900.0
3.4422E+03,-0.013754,0.002029,0.03905,900.0
3.4423E+03,-0.010022,0.005861,0.03905,900.0
3.4424E+03,-0.005617,0.010384,0.03905,900.0
3.4425E+03,-0.003951,0.012095,0.03905,900.0
3.4426E+03,-0.003950,0.012095,0.03905,900.0
3.4427E+03,-0.003624,0.012187,0.03905,900.0
3.4428E+03,-0.002626,0.012424,0.03905,900.0
3.4429E+03,-0.001165,0.012647,0.03905,900.0
3.4430E+03,0.000356,0.012703,0.03905,900.0
3.4431E+03,0.001916,0.012563,0.03905,900.0
3.4432E+03,0.003385,0.012254,0.03905,900.0
3.4433E+03,0.004744,0.011790,0.03905,900.0
3.4434E+03,0.006131,0.011127,0.03905,900.0
3.4435E+03,0.007386,0.010337,0.03905,900.0
3.4436E+03,0.008562,0.009388,0.03905,900.0
3.4437E+03,0.009633,0.008276,0.03905,900.0
3.4438E+03,0.010546,0.007097,0.03905,900.0
3.4439E+03,0.011226,0.005963,0.03905,900.0
3.4440E+03,0.011870,0.004568,0.03905,900.0
3.4441E+03,0.012340,0.003116,0.03905,900.0
3.4442E+03,0.012635,0.001623,0.03905,900.0
3.4443E+03,0.012753,0.000136,0.03905,900.0
3.4444E+03,0.012684,-0.001324,0.03905,900.0
3.4445E+03,0.012431,-0.002809,0.03905,900.0
3.4446E+03,0.012001,-0.004286,0.03905,900.0
3.4447E+03,0.011427,-0.005646,0.03905,900.0
3.4448E+03,0.010695,-0.006982,0.03905,900.0
3.4449E+03,0.009804,-0.008199,0.03905,900.0
3.4450E+03,0.008756,-0.009271,0.03905,900.0
3.4451E+03,0.007614,-0.010246,0.03905,900.0
3.4452E+03,0.006359,-0.011065,0.03905,900.0
3.4453E+03,0.004953,-0.011774,0.03905,900.0
3.4454E+03,0.003580,-0.012263,0.03905,900.0
3.4455E+03,0.002075,-0.012612,0.03905,900.0
3.4456E+03,0.000761,-0.012748,0.03905,900.0
3.4457E+03,-0.000756,-0.012750,0.03905,900.0
3.4458E+03,-0.002271,-0.012565,0.03905,900.0
3.4459E+03,-0.003730,-0.012202,0.03905,900.0
3.4460E+03,-0.005136,-0.011691,0.03905,900.0
3.4461E+03,-0.006464,-0.011000,0.03905,900.0
3.4462E+03,-0.007689,-0.010179,0.03905,900.0
3.4463E+03,-0.008815,-0.009211,0.03905,900.0
3.4464E+03,-0.009876,-0.008083,0.03905,900.0
3.4465E+03,-0.010742,-0.006900,0.03905,900.0
3.4466E+03,-0.011499,-0.005547,0.03905,900.0
3.4467E+03,-0.012061,-0.004179,0.03905,900.0
3.4468E+03,-0.012461,-0.002671,0.03905,900.0
3.4469E+03,-0.012674,-0.001244,0.03905,900.0
3.4470E+03,-0.012721,0.000305,0.03905,900.0
3.4471E+03,-0.012598,0.001826,0.03905,900.0
3.4472E+03,-0.012302,0.003243,0.03905,900.0
3.4473E+03,-0.011829,0.004660,0.03905,900.0
3.4474E+03,-0.011257,0.005912,0.03905,0.0
3.4475E+03,-0.010495,0.007213,0.03905,0.0
3.4476E+03,-0.009591,0.008423,0.03905,0.0
3.4477E+03,-0.008513,0.009443,0.03905,0.0
3.4478E+03,-0.007338,0.010388,0.03905,0.0
3.4479E+03,-0.006059,0.011174,0.03905,0.0
3.4480E+03,-0.004665,0.011822,0.03905,0.0
3.4481E+03,-0.004068,0.012053,0.03905,0.0
3.4483E+03,-0.003950,0.012095,0.03905,0.0
3.4484E+03,-0.003950,0.012152,0.03905,0.0
3.4485E+03,-0.003950,0.012166,0.03905,0.0
3.4486E+03,-0.003950,0.012098,0.03905,0.0
3.4487E+03,-0.003950,0.012100,0.03905,0.0
3.4488E+03,-0.003950,0.012101,0.03905,0.0
3.4489E+03,-0.003950,0.012102,0.03905,0.0
3.4490E+03,-0.003950,0.012103,0.03905,0.0
3.4491E+03,-0.003950,0.012104,0.03905,0.0
3.4492E+03,-0.003950,0.012105,0.03905,0.0
3.4493E+03,-0.003950,0.012106,0.03905,0.0
3.4494E+03,-0.003950,0.012108,0.03905,0.0
3.4495E+03,-0.003950,0.012109,0.03905,0.0
3.4496E+03,-0.003950,0.012110,0.03905,0.0
3.4497E+03,-0.003950,0.012111,0.03905,0.0
3.4498E+03,-0.003950,0.012113,0.03905,0.0
3.4499E+03,-0.003950,0.012114,0.03905,0.0
3.4500E+03,-0.003950,0.012115,0.03905,0.0
3.4501E+03,-0.003950,0.012116,0.03905,0.0
3.4502E+03,-0.003950,0.012117,0.03905,0.0
3.4503E+03,-0.003950,0.012118,0.03905,0.0
3.4504E+03,-0.003950,0.012119,0.03905,0.0
3.4505E+03,-0.003950,0.012120,0.03905,0.0
3.4506E+03,-0.003950,0.012122,0.03905,0.0
3.4507E+03,-0.003950,0.012123,0.03905,0.0
3.4508E+03,-0.003950,0.012124,0.03905,0.0
3.4509E+03,-0.003950,0.012125,0.03905,0.0
3.4510E+03,-0.003950,0.012126,0.03905,0.0
3.4511E+03,-0.003950,0.012128,0.03905,0.0
3.4512E+03,-0.003950,0.012129,0.03905,0.0
3.4513E+03,-0.003950,0.012130,0.03905,0.0
3.4514E+03,-0.003950,0.012131,0.03905,0.0
3.4516E+03,-0.003950,-0.003462,0.03905,0.0
3.4517E+03,-0.003334,-0.003279,0.03905,0.0
3.4518E+03,-0.001783,-0.002816,0.03905,0.0
3.4519E+03,0.000218,-0.002219,0.03905,0.0
3.4520E+03,0.002249,-0.001613,0.03905,0.0
3.4521E+03,0.004273,-0.001009,0.03905,0.0
3.4522E+03,0.006281,-0.000410,0.03905,0.0
3.4523E+03,0.008297,0.000192,0.03905,0.0
3.4524E+03,0.010312,0.000793,0.03905,0.0
3.4525E+03,0.012221,0.001362,0.03905,0.0
3.4526E+03,0.014050,0.001908,0.03905,0.0
3.4527E+03,0.015404,0.002312,0.03905,0.0
