3.0454E+03,-0.007546,0.024840,0.03408,0.0
3.0455E+03,-0.007546,0.024838,0.03408,0.0
3.0456E+03,-0.007546,0.024836,0.03408,0.0
3.0457E+03,-0.007546,0.024834,0.03408,0.0
3.0458E+03,-0.007546,0.024832,0.03408,0.0
3.0459E+03,-0.007546,0.024831,0.03408,0.0
3.0460E+03,-0.007546,0.024829,0.03408,0.0
3.0461E+03,-0.007546,0.024826,0.03408,0.0
3.0462E+03,-0.007546,0.024825,0.03408,0.0
3.0463E+03,-0.007546,0.024823,0.03408,0.0
3.0464E+03,-0.007546,0.024822,0.03408,0.0
3.0465E+03,-0.007546,0.024820,0.03408,0.0
3.0466E+03,-0.007546,0.024818,0.03408,0.0
3.0467E+03,-0.007546,0.024817,0.03408,0.0
3.0468E+03,-0.007546,0.024814,0.03408,0.0
3.0469E+03,-0.007546,0.024812,0.03408,0.0
3.0470E+03,-0.007546,0.024811,0.03408,0.0
3.0471E+03,-0.007546,0.024809,0.03408,0.0
3.0472E+03,-0.007546,0.024807,0.03408,0.0
3.0475E+03,-0.007546,0.024806,0.03408,0.0
3.0476E+03,-0.007634,0.024530,0.03408,0.0
3.0477E+03,-0.008184,0.022798,0.03408,0.0
3.0478E+03,-0.008752,0.021012,0.03408,0.0
3.0479E+03,-0.009324,0.019215,0.03408,0.0
3.0480E+03,-0.009836,0.017606,0.03408,900.0
3.0481E+03,-0.010414,0.015788,0.03408,900.0
3.0482E+03,-0.010979,0.013956,0.03408,900.0
3.0483E+03,-0.011525,0.012191,0.03408,900.0
3.0484E+03,-0.012124,0.010408,0.03408,900.0
3.0485E+03,-0.012694,0.008617,0.03408,900.0
3.0486E+03,-0.013205,0.007009,0.03408,900.0
3.0487E+03,-0.013236,0.006913,0.03408,900.0
3.0488E+03,-0.013238,0.006906,0.03408,900.0
3.0489E+03,-0.013265,0.006850,0.03408,900.0
3.0490E+03,-0.013716,0.005844,0.03408,900.0
3.0491E+03,-0.014221,0.004477,0.03408,900.0
3.0492E+03,-0.014603,0.003021,0.03408,900.0
3.0493E+03,-0.014839,0.001545,0.03408,900.0
3.0494E+03,-0.014918,0.000029,0.03408,900.0
3.0495E+03,-0.014844,-0.001520,0.03408,900.0
3.0496E+03,-0.014623,-0.003036,0.03408,900.0
3.0497E+03,-0.014321,-0.004277,0.03408,900.0
3.0498E+03,-0.013821,-0.005715,0.03408,900.0
3.0499E+03,-0.013147,-0.007122,0.03408,900.0
3.0500E+03,-0.012379,-0.008372,0.03408,900.0
3.0501E+03,-0.011484,-0.009577,0.03408,900.0
3.0502E+03,-0.010470,-0.010667,0.03408,900.0
3.0503E+03,-0.009312,-0.011690,0.03408,900.0
3.0504E+03,-0.008070,-0.012585,0.03408,900.0
3.0505E+03,-0.006771,-0.013332,0.03408,900.0
3.0506E+03,-0.005390,-0.013950,0.03408,900.0
3.0507E+03,-0.004076,-0.014400,0.03408,900.0
3.0508E+03,-0.002966,-0.014669,0.03408,900.0
3.0509E+03,-0.001663,-0.014882,0.03408,900.0
3.0510E+03,-0.000129,-0.014975,0.03408,900.0
3.0511E+03,0.001350,-0.014912,0.03408,900.0
3.0512E+03,0.002858,-0.014694,0.03408,900.0
3.0513E+03,0.004331,-0.014317,0.03408,900.0
3.0514E+03,0.005599,-0.013867,0.03408,900.0
3.0515E+03,0.006972,-0.013220,0.03408,900.0
3.0516E+03,0.008281,-0.012446,0.03408,900.0
3.0517E+03,0.009493,-0.011546,0.03408,900.0
3.0518E+03,0.010626,-0.010519,0.03408,900.0
3.0519E+03,0.011640,-0.009381,0.03408,900.0
3.0520E+03,0.012522,-0.008149,0.03408,900.0
3.0521E+03,0.013242,-0.006854,0.03408,900.0
3.0522E+03,0.013875,-0.005565,0.03408,900.0
3.0523E+03,0.014369,-0.004097,0.03408,900.0
3.0524E+03,0.014698,-0.002641,0.03408,900.0
3.0525E+03,0.014878,-0.001173,0.03408,900.0
3.0526E+03,0.014912,0.000375,0.03408,900.0
3.0527E+03,0.014793,0.001888,0.03408,900.0
3.0528E+03,0.014533,0.003340,0.03408,900.0
3.0529E+03,0.014120,0.004782,0.03408,900.0
3.0530E+03,0.013558,0.006202,0.03408,900.0
3.0531E+03,0.012938,0.007415,0.03408,900.0
3.0532E+03,0.012108,0.008712,0.03408,900.0
3.0533E+03,0.011164,0.009899,0.03408,900.0
3.0534E+03,0.010127,0.010934,0.03408,900.0
3.0535E+03,0.008978,0.011891,0.03408,900.0
3.0536E+03,0.007703,0.012749,0.03408,900.0
3.0537E+03,0.006391,0.013445,0.03408,900.0
3.0538E+03,0.005006,0.014021,0.03408,900.0
3.0539E+03,0.003581,0.014448,0.03408,900.0
3.0540E+03,0.002123,0.014732,0.03408,900.0
3.0541E+03,0.000609,0.014875,0.03408,900.0
3.0542E+03,-0.000907,0.014860,0.03408,900.0
3.0543E+03,-0.002326,0.014714,0.03408,900.0
3.0544E+03,-0.003479,0.014484,0.03408,900.0
3.0545E+03,-0.004767,0.014115,0.03408,0.0
3.0546E+03,-0.006146,0.013580,0.03408,0.0
3.0547E+03,-0.007475,0.012887,0.03408,0.0
3.0548E+03,-0.008649,0.012122,0.03408,0.0
3.0549E+03,-0.009814,0.011206,0.03408,0.0
3.0550E+03,-0.010877,0.010175,0.03408,900.0
3.0551E+03,-0.011854,0.009024,0.03408,900.0
3.0552E+03,-0.012679,0.007831,0.03408,900.0
3.0553E+03,-0.013224,0.006931,0.03408,900.0
3.0554E+03,-0.013238,0.006906,0.03408,900.0
3.0555E+03,-0.012638,0.007149,0.03408,900.0
3.0556E+03,-0.009359,0.008478,0.03408,900.0
3.0557E+03,-0.007626,0.009180,0.03408,900.0
3.0558E+03,-0.007546,0.009212,0.03408,900.0
3.0559E+03,-0.007499,0.009247,0.03408,900.0
3.0560E+03,-0.006621,0.009866,0.03408,900.0
3.0561E+03,-0.005352,0.010594,0.03408,900.0
3.0562E+03,-0.004004,0.011170,0.03408,900.0
3.0563E+03,-0.002602,0.011582,0.03408,900.0
3.0564E+03,-0.001129,0.011808,0.03408,900.0
3.0565E+03,0.000230,0.011869,0.03408,900.0
3.0566E+03,0.001741,0.011749,0.03408,900.0
3.0567E+03,0.003200,0.011450,0.03408,900.0
3.0568E+03,0.004672,0.010938,0.03408,900.0
3.0569E+03,0.005981,0.010271,0.03408,900.0
3.0570E+03,0.007294,0.009389,0.03408,900.0
3.0571E+03,0.008405,0.008393,0.03408,900.0
3.0572E+03,0.009399,0.007269,0.03408,900.0
3.0573E+03,0.010242,0.006028,0.03408,900.0
3.0574E+03,0.010917,0.004692,0.03408,900.0
3.0575E+03,0.011439,0.003266,0.03408,900.0
3.0576E+03,0.011769,0.001809,0.03408,900.0
3.0577E+03,0.011895,0.000371,0.03408,900.0
3.0578E+03,0.011849,-0.001175,0.03408,900.0
3.0579E+03,0.011615,-0.002718,0.03408,900.0
3.0580E+03,0.011187,-0.004167,0.03408,900.0
3.0581E+03,0.010621,-0.005468,0.03408,900.0
3.0582E+03,0.009902,-0.006653,0.03408,900.0
3.0583E+03,0.008953,-0.007878,0.03408,900.0
3.0584E+03,0.007934,-0.008916,0.03408,900.0
3.0585E+03,0.006761,-0.009829,0.03408,900.0
3.0586E+03,0.005454,-0.010611,0.03408,900.0
3.0587E+03,0.004093,-0.011217,0.03408,900.0
3.0588E+03,0.002652,-0.011636,0.03408,900.0
3.0589E+03,0.001116,-0.011897,0.03408,900.0
3.0590E+03,-0.000324,-0.011951,0.03408,900.0
3.0591E+03,-0.001811,-0.011814,0.03408,900.0
3.0592E+03,-0.003372,-0.011475,0.03408,900.0
3.0593E+03,-0.004775,-0.010948,0.03408,900.0
3.0594E+03,-0.006050,-0.010298,0.03408,900.0
3.0595E+03,-0.007296,-0.009446,0.03408,900.0
3.0596E+03,-0.008423,-0.008440,0.03408,900.0
3.0597E+03,-0.009425,-0.007300,0.03408,900.0
3.0598E+03,-0.010276,-0.006047,0.03408,900.0
3.0599E+03,-0.010883,-0.004855,0.03408,900.0
3.0600E+03,-0.011403,-0.003470,0.03408,900.0
3.0601E+03,-0.011758,-0.001974,0.03408,900.0
3.0602E+03,-0.011912,-0.000445,0.03408,0.0
3.0603E+03,-0.011879,0.001062,0.03408,0.0
3.0604E+03,-0.011651,0.002505,0.03408,0.0
3.0605E+03,-0.011220,0.003971,0.03408,0.0
3.0606E+03,-0.010610,0.005376,0.03408,0.0
3.0607E+03,-0.009845,0.006649,0.03408,0.0
3.0608E+03,-0.008933,0.007832,0.03408,0.0
3.0609E+03,-0.008010,0.008785,0.03408,0.0
3.0610E+03,-0.007547,0.009212,0.03408,0.0
3.0611E+03,-0.007546,0.009212,0.03408,0.0
3.0612E+03,-0.007546,0.009213,0.03408,0.0
3.0613E+03,-0.007546,0.009214,0.03408,0.0
3.0614E+03,-0.007546,0.009215,0.03408,0.0
3.0615E+03,-0.007546,0.009216,0.03408,0.0
3.0616E+03,-0.007546,0.009217,0.03408,0.0
3.0617E+03,-0.007546,0.009219,0.03408,0.0
3.0618E+03,-0.007546,0.009220,0.03408,0.0
3.0619E+03,-0.007546,0.009221,0.03408,0.0
3.0620E+03,-0.007546,0.009222,0.03408,0.0
3.0621E+03,-0.007546,0.009223,0.03408,0.0
3.0622E+03,-0.007546,0.009224,0.03408,0.0
3.0623E+03,-0.007546,0.009225,0.03408,0.0
3.0624E+03,-0.007546,0.009227,0.03408,0.0
3.0625E+03,-0.007546,0.009228,0.03408,0.0
3.0626E+03,-0.007546,0.009229,0.03408,0.0
3.0627E+03,-0.007546,0.009230,0.03408,0.0
3.0628E+03,-0.007546,0.009232,0.03408,0.0
3.0629E+03,-0.007546,0.009233,0.03408,0.0
3.0630E+03,-0.007546,0.009234,0.03408,0.0
3.0631E+03,-0.007546,0.009235,0.03408,0.0
3.0632E+03,-0.007546,0.009236,0.03408,0.0
3.0633E+03,-0.007546,0.009237,0.03408,0.0
3.0634E+03,-0.007546,0.009273,0.03408,0.0
3.0635E+03,-0.007546,0.009327,0.03408,0.0
3.0636E+03,-0.007546,0.009241,0.03408,0.0
3.0637E+03,-0.007546,0.009242,0.03408,0.0
3.0638E+03,-0.007546,0.009243,0.03408,0.0
3.0639E+03,-0.007546,0.009244,0.03408,0.0
3.0640E+03,-0.007546,0.009246,0.03408,0.0
3.0642E+03,-0.007546,0.009247,0.03408,0.0
3.0644E+03,-0.007546,-0.006345,0.03408,0.0
3.0645E+03,-0.006928,-0.006035,0.03408,0.0
3.0646E+03,-0.005360,-0.005247,0.03408,0.0
3.0647E+03,-0.003177,-0.004149,0.03408,0.0
3.0648E+03,-0.000977,-0.003044,0.03408,0.0
3.0649E+03,0.001243,-0.001928,0.03408,0.0
3.0650E+03,0.003194,-0.000947,0.03408,0.0
3.0651E+03,0.005399,0.000162,0.03408,0.0
3.0652E+03,0.007598,0.001267,0.03408,0.0
3.0653E+03,0.009763,0.002355,0.03408,0.0
3.0654E+03,0.011922,0.003441,0.03408,0.0
3.0655E+03,0.013643,0.004306,0.03408,0.0
