1.1403E+03,-0.009060,0.006439,0.00994,0.0
1.1404E+03,-0.009060,0.006437,0.00994,0.0
1.1405E+03,-0.009060,0.006435,0.00994,0.0
1.1406E+03,-0.009060,0.006433,0.00994,0.0
1.1407E+03,-0.009060,0.006431,0.00994,0.0
1.1408E+03,-0.009060,0.006429,0.00994,0.0
1.1409E+03,-0.009060,0.006427,0.00994,0.0
1.1410E+03,-0.009060,0.006425,0.00994,0.0
1.1411E+03,-0.009060,0.006423,0.00994,0.0
1.1412E+03,-0.009060,0.006420,0.00994,0.0
1.1413E+03,-0.009060,0.006418,0.00994,0.0
1.1414E+03,-0.009060,0.006416,0.00994,0.0
1.1415E+03,-0.009060,0.006413,0.00994,0.0
1.1416E+03,-0.009060,0.006412,0.00994,0.0
1.1417E+03,-0.009060,0.006409,0.00994,0.0
1.1418E+03,-0.009060,0.006408,0.00994,0.0
1.1419E+03,-0.009060,0.006406,0.00994,0.0
1.1421E+03,-0.009060,0.006404,0.00994,0.0
1.1422E+03,-0.008932,0.006538,0.00994,0.0
1.1423E+03,-0.008372,0.007125,0.00994,0.0
1.1424E+03,-0.007310,0.008238,0.00994,0.0
1.1425E+03,-0.006279,0.009319,0.00994,900.0
1.1426E+03,-0.005185,0.010466,0.00994,900.0
1.1427E+03,-0.004112,0.011591,0.00994,900.0
1.1428E+03,-0.003072,0.012682,0.00994,900.0
1.1429E+03,-0.001985,0.013820,0.00994,900.0
1.1430E+03,-0.000906,0.014952,0.00994,900.0
1.1431E+03,0.000153,0.016062,0.00994,900.0
1.1432E+03,0.001029,0.016980,0.00994,900.0
1.1433E+03,0.001349,0.017316,0.00994,900.0
1.1434E+03,0.001351,0.017318,0.00994,900.0
1.1435E+03,0.001144,0.017330,0.00994,900.0
1.1436E+03,0.000350,0.017348,0.00994,900.0
1.1437E+03,-0.001187,0.017319,0.00994,900.0
1.1438E+03,-0.002667,0.017156,0.00994,900.0
1.1439E+03,-0.004087,0.016875,0.00994,900.0
1.1440E+03,-0.005374,0.016509,0.00994,900.0
1.1441E+03,-0.006806,0.015970,0.00994,900.0
1.1442E+03,-0.008209,0.015294,0.00994,900.0
1.1443E+03,-0.009522,0.014506,0.00994,900.0
1.1444E+03,-0.010712,0.013662,0.00994,900.0
1.1445E+03,-0.011840,0.012696,0.00994,900.0
1.1446E+03,-0.012912,0.011612,0.00994,900.0
1.1447E+03,-0.013856,0.010464,0.00994,900.0
1.1448E+03,-0.014726,0.009210,0.00994,900.0
1.1449E+03,-0.015482,0.007899,0.00994,900.0
1.1450E+03,-0.016095,0.006578,0.00994,900.0
1.1451E+03,-0.016480,0.005547,0.00994,900.0
1.1452E+03,-0.016895,0.004100,0.00994,900.0
1.1453E+03,-0.017190,0.002581,0.00994,900.0
1.1454E+03,-0.017351,0.001136,0.00994,900.0
1.1455E+03,-0.017377,-0.000396,0.00994,900.0
1.1456E+03,-0.017284,-0.001906,0.00994,900.0
1.1457E+03,-0.017086,-0.003221,0.00994,900.0
1.1458E+03,-0.016759,-0.004670,0.00994,900.0
1.1459E+03,-0.016354,-0.005973,0.00994,900.0
1.1460E+03,-0.015908,-0.007070,0.00994,900.0
1.1461E+03,-0.015229,-0.008444,0.00994,900.0
1.1462E+03,-0.014466,-0.009701,0.00994,900.0
1.1463E+03,-0.013564,-0.010934,0.00994,900.0
1.1464E+03,-0.012560,-0.012072,0.00994,900.0
1.1465E+03,-0.011446,-0.013126,0.00994,900.0
1.1466E+03,-0.010288,-0.014054,0.00994,900.0
1.1467E+03,-0.009022,-0.014894,0.00994,900.0
1.1468E+03,-0.007702,-0.015627,0.00994,900.0
1.1469E+03,-0.006341,-0.016226,0.00994,900.0
1.1470E+03,-0.004910,-0.016713,0.00994,900.0
1.1471E+03,-0.003442,-0.017079,0.00994,900.0
1.1472E+03,-0.001982,-0.017318,0.00994,900.0
1.1473E+03,-0.000471,-0.017425,0.00994,900.0
1.1474E+03,0.000871,-0.017413,0.00994,900.0
1.1475E+03,0.002451,-0.017255,0.00994,900.0
1.1476E+03,0.003933,-0.016981,0.00994,900.0
1.1477E+03,0.005391,-0.016566,0.00994,900.0
1.1478E+03,0.006744,-0.016064,0.00994,900.0
1.1479E+03,0.008111,-0.015409,0.00994,900.0
1.1480E+03,0.009415,-0.014656,0.00994,900.0
1.1481E+03,0.010646,-0.013781,0.00994,900.0
1.1482E+03,0.011843,-0.012761,0.00994,900.0
1.1483E+03,0.012900,-0.011698,0.00994,900.0
1.1484E+03,0.013861,-0.010554,0.00994,900.0
1.1485E+03,0.014712,-0.009322,0.00994,900.0
1.1486E+03,0.015444,-0.008044,0.00994,900.0
1.1487E+03,0.016063,-0.006714,0.00994,900.0
1.1488E+03,0.016582,-0.005289,0.00994,900.0
1.1489E+03,0.016971,-0.003810,0.00994,900.0
1.1490E+03,0.017237,-0.002293,0.00994,900.0
1.1491E+03,0.017358,-0.000957,0.00994,900.0
1.1492E+03,0.017379,0.000523,0.00994,900.0
1.1493E+03,0.017262,0.002019,0.00994,900.0
1.1494E+03,0.017021,0.003501,0.00994,900.0
1.1495E+03,0.016654,0.004981,0.00994,900.0
1.1496E+03,0.016157,0.006418,0.00994,900.0
1.1497E+03,0.015521,0.007821,0.00994,900.0
1.1498E+03,0.014768,0.009156,0.00994,900.0
1.1499E+03,0.013971,0.010331,0.00994,900.0
1.1500E+03,0.012993,0.011526,0.00994,900.0
1.1501E+03,0.011964,0.012579,0.00994,900.0
1.1502E+03,0.010823,0.013570,0.00994,0.0
1.1503E+03,0.009573,0.014478,0.00994,0.0
1.1504E+03,0.008276,0.015256,0.00994,0.0
1.1505E+03,0.006927,0.015910,0.00994,0.0
1.1506E+03,0.005518,0.016454,0.00994,0.0
1.1507E+03,0.004071,0.016871,0.00994,0.0
1.1508E+03,0.002747,0.017148,0.00994,900.0
1.1509E+03,0.001431,0.017309,0.00994,900.0
1.1510E+03,0.001353,0.017318,0.00994,900.0
1.1511E+03,0.001351,0.017318,0.00994,900.0
1.1512E+03,0.000338,0.014276,0.00994,900.0
1.1513E+03,-0.001821,0.007790,0.00994,900.0
1.1514E+03,-0.004355,0.000176,0.00994,900.0
1.1515E+03,-0.006103,-0.005075,0.00994,900.0
1.1517E+03,-0.006667,-0.006769,0.00994,900.0
1.1518E+03,-0.006895,-0.006508,0.00994,900.0
1.1519E+03,-0.007636,-0.005603,0.00994,900.0
1.1520E+03,-0.008415,-0.004330,0.00994,900.0
1.1521E+03,-0.009018,-0.002897,0.00994,900.0
1.1522E+03,-0.009351,-0.001457,0.00994,900.0
1.1523E+03,-0.009451,-0.000030,0.00994,900.0
1.1524E+03,-0.009321,0.001479,0.00994,900.0
1.1525E+03,-0.009001,0.002800,0.00994,900.0
1.1526E+03,-0.008420,0.004213,0.00994,900.0
1.1527E+03,-0.007633,0.005501,0.00994,900.0
1.1528E+03,-0.006675,0.006632,0.00994,900.0
1.1529E+03,-0.005526,0.007613,0.00994,900.0
1.1530E+03,-0.004220,0.008406,0.00994,900.0
1.1531E+03,-0.002848,0.008991,0.00994,900.0
1.1532E+03,-0.001383,0.009328,0.00994,900.0
1.1533E+03,0.000180,0.009421,0.00994,900.0
1.1534E+03,0.001655,0.009266,0.00994,900.0
1.1535E+03,0.003084,0.008888,0.00994,900.0
1.1536E+03,0.004476,0.008270,0.00994,900.0
1.1537E+03,0.005747,0.007450,0.00994,900.0
1.1538E+03,0.006848,0.006449,0.00994,900.0
1.1539E+03,0.007785,0.005295,0.00994,900.0
1.1540E+03,0.008534,0.003978,0.00994,900.0
1.1541E+03,0.009069,0.002570,0.00994,900.0
1.1542E+03,0.009358,0.001285,0.00994,900.0
1.1543E+03,0.009461,-0.000199,0.00994,900.0
1.1544E+03,0.009289,-0.001763,0.00994,900.0
1.1545E+03,0.008916,-0.003193,0.00994,900.0
1.1546E+03,0.008308,-0.004537,0.00994,900.0
1.1547E+03,0.007465,-0.005817,0.00994,900.0
1.1548E+03,0.006451,-0.006924,0.00994,900.0
1.1549E+03,0.005263,-0.007860,0.00994,900.0
1.1550E+03,0.003975,-0.008591,0.00994,900.0
1.1551E+03,0.002568,-0.009105,0.00994,0.0
1.1552E+03,0.001066,-0.009416,0.00994,0.0
1.1553E+03,-0.000394,-0.009465,0.00994,0.0
1.1554E+03,-0.001914,-0.009282,0.00994,0.0
1.1555E+03,-0.003377,-0.008867,0.00994,900.0
1.1556E+03,-0.004701,-0.008249,0.00994,900.0
1.1557E+03,-0.005976,-0.007374,0.00994,900.0
1.1558E+03,-0.006595,-0.006833,0.00994,900.0
1.1559E+03,-0.006667,-0.006769,0.00994,900.0
1.1560E+03,-0.006452,-0.006882,0.00994,900.0
1.1561E+03,-0.002797,-0.008812,0.00994,900.0
1.1562E+03,0.003454,-0.012112,0.00994,900.0
1.1563E+03,0.007018,-0.013994,0.00994,900.0
1.1564E+03,0.007111,-0.014043,0.00994,900.0
1.1565E+03,0.007122,-0.014037,0.00994,900.0
1.1566E+03,0.007360,-0.013900,0.00994,900.0
1.1567E+03,0.008545,-0.013207,0.00994,900.0
1.1568E+03,0.009797,-0.012305,0.00994,900.0
1.1569E+03,0.010923,-0.011308,0.00994,900.0
1.1570E+03,0.011968,-0.010174,0.00994,900.0
1.1571E+03,0.012866,-0.009014,0.00994,900.0
1.1572E+03,0.013652,-0.007761,0.00994,900.0
1.1573E+03,0.014186,-0.006745,0.00994,900.0
1.1574E+03,0.014658,-0.005603,0.00994,900.0
1.1575E+03,0.015127,-0.004168,0.00994,900.0
1.1576E+03,0.015458,-0.002699,0.00994,900.0
1.1577E+03,0.015621,-0.001523,0.00994,900.0
1.1578E+03,0.015689,-0.000370,0.00994,900.0
1.1579E+03,0.015665,0.001075,0.00994,900.0
1.1580E+03,0.015472,0.002598,0.00994,900.0
1.1581E+03,0.015134,0.004102,0.00994,900.0
1.1582E+03,0.014669,0.005527,0.00994,900.0
1.1583E+03,0.014069,0.006897,0.00994,900.0
1.1584E+03,0.013360,0.008175,0.00994,900.0
1.1585E+03,0.012511,0.009417,0.00994,900.0
1.1586E+03,0.011534,0.010594,0.00994,900.0
1.1587E+03,0.010460,0.011652,0.00994,900.0
1.1588E+03,0.009277,0.012613,0.00994,900.0
1.1589E+03,0.008059,0.013432,0.00994,900.0
1.1590E+03,0.006698,0.014159,0.00994,900.0
1.1591E+03,0.005270,0.014752,0.00994,900.0
1.1592E+03,0.003852,0.015185,0.00994,900.0
1.1593E+03,0.002439,0.015468,0.00994,900.0
1.1594E+03,0.001041,0.015616,0.00994,900.0
1.1595E+03,-0.000497,0.015640,0.00994,900.0
1.1596E+03,-0.002008,0.015516,0.00994,900.0
1.1597E+03,-0.003485,0.015257,0.00994,900.0
1.1598E+03,-0.004927,0.014851,0.00994,900.0
1.1599E+03,-0.006347,0.014311,0.00994,900.0
1.1600E+03,-0.007695,0.013647,0.00994,900.0
1.1601E+03,-0.008960,0.012849,0.00994,900.0
1.1602E+03,-0.010105,0.011973,0.00994,900.0
1.1603E+03,-0.011246,0.010919,0.00994,900.0
1.1604E+03,-0.012258,0.009759,0.00994,900.0
1.1605E+03,-0.013121,0.008570,0.00994,900.0
1.1606E+03,-0.013874,0.007287,0.00994,900.0
1.1607E+03,-0.014511,0.005909,0.00994,900.0
1.1608E+03,-0.015016,0.004465,0.00994,900.0
1.1609E+03,-0.015340,0.003300,0.00994,900.0
1.1610E+03,-0.015523,0.002191,0.00994,900.0
1.1611E+03,-0.015659,0.000862,0.00994,900.0
1.1612E+03,-0.015681,-0.000671,0.00994,900.0
1.1613E+03,-0.015560,-0.002112,0.00994,900.0
1.1614E+03,-0.015363,-0.003271,0.00994,900.0
1.1615E+03,-0.015043,-0.004507,0.00994,900.0
1.1616E+03,-0.014558,-0.005901,0.00994,900.0
1.1617E+03,-0.013907,-0.007293,0.00994,900.0
1.1618E+03,-0.013161,-0.008565,0.00994,900.0
1.1619E+03,-0.012292,-0.009774,0.00994,900.0
1.1620E+03,-0.011312,-0.010898,0.00994,900.0
1.1621E+03,-0.010220,-0.011930,0.00994,900.0
1.1622E+03,-0.009007,-0.012878,0.00994,900.0
1.1623E+03,-0.007718,-0.013695,0.00994,900.0
1.1624E+03,-0.006371,-0.014375,0.00994,900.0
1.1625E+03,-0.004959,-0.014929,0.00994,900.0
1.1626E+03,-0.003512,-0.015342,0.00994,0.0
1.1627E+03,-0.002055,-0.015603,0.00994,0.0
1.1628E+03,-0.000506,-0.015721,0.00994,0.0
1.1629E+03,0.000814,-0.015704,0.00994,0.0
1.1630E+03,0.002289,-0.015552,0.00994,0.0
1.1631E+03,0.003764,-0.015259,0.00994,0.0
1.1632E+03,0.005235,-0.014815,0.00994,900.0
1.1633E+03,0.006525,-0.014315,0.00994,900.0
1.1634E+03,0.007111,-0.014043,0.00994,900.0
1.1635E+03,0.007099,-0.014038,0.00994,900.0
1.1636E+03,0.006313,-0.013720,0.00994,900.0
1.1637E+03,0.000487,-0.011361,0.00994,900.0
1.1638E+03,-0.006722,-0.008441,0.00994,900.0
1.1639E+03,-0.007752,-0.008024,0.00994,900.0
1.1640E+03,-0.007864,-0.007979,0.00994,900.0
1.1641E+03,-0.007932,-0.007905,0.00994,900.0
1.1642E+03,-0.008599,-0.007125,0.00994,900.0
1.1643E+03,-0.009467,-0.005886,0.00994,900.0
1.1644E+03,-0.010197,-0.004522,0.00994,900.0
1.1645E+03,-0.010696,-0.003145,0.00994,900.0
1.1646E+03,-0.010997,-0.001885,0.00994,900.0
1.1647E+03,-0.011145,-0.000386,0.00994,900.0
1.1648E+03,-0.011096,0.001182,0.00994,900.0
1.1649E+03,-0.010839,0.002634,0.00994,900.0
1.1650E+03,-0.010369,0.004081,0.00994,900.0
1.1651E+03,-0.009737,0.005391,0.00994,900.0
1.1652E+03,-0.008903,0.006668,0.00994,900.0
1.1653E+03,-0.007907,0.007815,0.00994,900.0
1.1654E+03,-0.006783,0.008796,0.00994,900.0
1.1655E+03,-0.005525,0.009634,0.00994,900.0
1.1656E+03,-0.004159,0.010301,0.00994,900.0
1.1657E+03,-0.002725,0.010764,0.00994,900.0
1.1658E+03,-0.001235,0.011038,0.00994,900.0
1.1659E+03,0.000267,0.011115,0.00994,900.0
1.1660E+03,0.001764,0.010973,0.00994,900.0
1.1661E+03,0.003261,0.010632,0.00994,900.0
1.1662E+03,0.004594,0.010139,0.00994,900.0
1.1663E+03,0.005795,0.009490,0.00994,900.0
1.1664E+03,0.007062,0.008581,0.00994,900.0
1.1665E+03,0.008150,0.007555,0.00994,900.0
1.1666E+03,0.009087,0.006404,0.00994,900.0
1.1667E+03,0.009880,0.005113,0.00994,900.0
1.1668E+03,0.010472,0.003760,0.00994,900.0
1.1669E+03,0.010878,0.002349,0.00994,900.0
1.1670E+03,0.011122,0.000797,0.00994,900.0
1.1671E+03,0.011138,-0.000624,0.00994,900.0
1.1672E+03,0.010954,-0.002140,0.00994,900.0
1.1673E+03,0.010569,-0.003646,0.00994,900.0
1.1674E+03,0.009984,-0.005015,0.00994,900.0
1.1675E+03,0.009213,-0.006308,0.00994,900.0
1.1676E+03,0.008260,-0.007516,0.00994,900.0
1.1677E+03,0.007162,-0.008573,0.00994,900.0
1.1678E+03,0.005987,-0.009428,0.00994,900.0
1.1679E+03,0.004704,-0.010126,0.00994,900.0
1.1680E+03,0.003428,-0.010637,0.00994,900.0
1.1681E+03,0.001936,-0.011016,0.00994,0.0
1.1682E+03,0.000493,-0.011170,0.00994,0.0
1.1683E+03,-0.001037,-0.011152,0.00994,0.0
1.1684E+03,-0.002543,-0.010905,0.00994,0.0
1.1685E+03,-0.003931,-0.010482,0.00994,0.0
1.1686E+03,-0.005316,-0.009837,0.00994,0.0
1.1687E+03,-0.006577,-0.009037,0.00994,0.0
1.1688E+03,-0.007573,-0.008235,0.00994,900.0
1.1689E+03,-0.007863,-0.007979,0.00994,900.0
1.1690E+03,-0.007860,-0.007974,0.00994,900.0
1.1691E+03,-0.006135,-0.005828,0.00994,900.0
1.1692E+03,-0.001905,-0.000567,0.00994,900.0
1.1693E+03,0.003017,0.005556,0.00994,900.0
1.1694E+03,0.007043,0.010562,0.00994,900.0
1.1697E+03,0.007848,0.011564,0.00994,900.0
1.1698E+03,0.007017,0.012070,0.00994,900.0
1.1699E+03,0.005740,0.012715,0.00994,900.0
1.1700E+03,0.004330,0.013260,0.00994,900.0
1.1701E+03,0.002859,0.013648,0.00994,900.0
1.1702E+03,0.001363,0.013878,0.00994,900.0
1.1703E+03,-0.000129,0.013948,0.00994,900.0
1.1704E+03,-0.001600,0.013857,0.00994,900.0
1.1705E+03,-0.003039,0.013616,0.00994,900.0
1.1706E+03,-0.004518,0.013205,0.00994,900.0
1.1707E+03,-0.005932,0.012647,0.00994,900.0
1.1708E+03,-0.007223,0.011959,0.00994,900.0
1.1709E+03,-0.008484,0.011098,0.00994,900.0
1.1710E+03,-0.009663,0.010082,0.00994,900.0
1.1711E+03,-0.010703,0.008963,0.00994,900.0
1.1712E+03,-0.011574,0.007814,0.00994,900.0
1.1713E+03,-0.012327,0.006494,0.00994,900.0
1.1714E+03,-0.012934,0.005232,0.00994,900.0
1.1715E+03,-0.013338,0.004181,0.00994,900.0
1.1716E+03,-0.013673,0.002910,0.00994,900.0
1.1717E+03,-0.013893,0.001632,0.00994,900.0
1.1718E+03,-0.013988,0.000474,0.00994,900.0
1.1719E+03,-0.013961,-0.000989,0.00994,900.0
1.1720E+03,-0.013851,-0.002042,0.00994,900.0
1.1721E+03,-0.013588,-0.003378,0.00994,900.0
1.1722E+03,-0.013234,-0.004581,0.00994,900.0
1.1723E+03,-0.012739,-0.005806,0.00994,900.0
1.1724E+03,-0.012045,-0.007128,0.00994,900.0
1.1725E+03,-0.011195,-0.008408,0.00994,900.0
1.1726E+03,-0.010251,-0.009547,0.00994,900.0
1.1727E+03,-0.009193,-0.010568,0.00994,900.0
1.1728E+03,-0.008017,-0.011499,0.00994,900.0
1.1729E+03,-0.006759,-0.012281,0.00994,900.0
1.1730E+03,-0.005370,-0.012959,0.00994,900.0
1.1731E+03,-0.003969,-0.013468,0.00994,900.0
1.1732E+03,-0.002500,-0.013812,0.00994,900.0
1.1733E+03,-0.001121,-0.013981,0.00994,900.0
1.1734E+03,0.000420,-0.014013,0.00994,900.0
1.1735E+03,0.001881,-0.013894,0.00994,900.0
1.1736E+03,0.003336,-0.013612,0.00994,900.0
1.1737E+03,0.004773,-0.013175,0.00994,900.0
1.1738E+03,0.006147,-0.012597,0.00994,900.0
1.1739E+03,0.007467,-0.011856,0.00994,900.0
1.1740E+03,0.008739,-0.010960,0.00994,900.0
1.1741E+03,0.009843,-0.009985,0.00994,900.0
1.1742E+03,0.010873,-0.008855,0.00994,900.0
1.1743E+03,0.011776,-0.007604,0.00994,900.0
1.1744E+03,0.012519,-0.006294,0.00994,900.0
1.1745E+03,0.013105,-0.004918,0.00994,900.0
1.1746E+03,0.013556,-0.003468,0.00994,900.0
1.1747E+03,0.013845,-0.001984,0.00994,900.0
1.1748E+03,0.013972,-0.000532,0.00994,900.0
1.1749E+03,0.013938,0.000978,0.00994,900.0
1.1750E+03,0.013774,0.002364,0.00994,0.0
1.1751E+03,0.013441,0.003832,0.00994,0.0
1.1752E+03,0.012973,0.005215,0.00994,0.0
1.1753E+03,0.012333,0.006584,0.00994,0.0
1.1754E+03,0.011581,0.007836,0.00994,0.0
1.1755E+03,0.010667,0.009028,0.00994,0.0
1.1756E+03,0.009620,0.010123,0.00994,900.0
1.1757E+03,0.008452,0.011104,0.00994,900.0
1.1758E+03,0.007914,0.011519,0.00994,900.0
1.1759E+03,0.007848,0.011564,0.00994,900.0
1.1760E+03,0.006856,0.010346,0.00994,900.0
1.1761E+03,0.003790,0.006583,0.00994,900.0
1.1762E+03,-0.001095,0.000586,0.00994,900.0
1.1763E+03,-0.005641,-0.004994,0.00994,900.0
1.1764E+03,-0.009004,-0.009121,0.00994,900.0
1.1765E+03,-0.009060,-0.009190,0.00994,900.0
1.1766E+03,-0.009084,-0.009163,0.00994,900.0
1.1767E+03,-0.009378,-0.008842,0.00994,900.0
1.1768E+03,-0.010221,-0.007819,0.00994,900.0
1.1769E+03,-0.011070,-0.006543,0.00994,900.0
1.1770E+03,-0.011761,-0.005187,0.00994,900.0
1.1771E+03,-0.012285,-0.003759,0.00994,900.0
1.1772E+03,-0.012648,-0.002305,0.00994,900.0
1.1773E+03,-0.012819,-0.000825,0.00994,900.0
1.1774E+03,-0.012826,0.000686,0.00994,900.0
1.1775E+03,-0.012662,0.002161,0.00994,900.0
1.1776E+03,-0.012316,0.003652,0.00994,900.0
1.1777E+03,-0.011831,0.005089,0.00994,900.0
1.1778E+03,-0.011127,0.006420,0.00994,900.0
1.1779E+03,-0.010272,0.007704,0.00994,900.0
1.1780E+03,-0.009274,0.008859,0.00994,900.0
1.1781E+03,-0.008214,0.009857,0.00994,900.0
1.1782E+03,-0.007029,0.010724,0.00994,900.0
1.1783E+03,-0.005682,0.011475,0.00994,900.0
1.1784E+03,-0.004430,0.012019,0.00994,900.0
1.1785E+03,-0.003010,0.012449,0.00994,900.0
1.1786E+03,-0.001511,0.012727,0.00994,900.0
1.1787E+03,-0.000065,0.012821,0.00994,900.0
1.1788E+03,0.001458,0.012753,0.00994,900.0
1.1789E+03,0.002999,0.012482,0.00994,900.0
1.1790E+03,0.004411,0.012048,0.00994,900.0
1.1791E+03,0.005826,0.011412,0.00994,900.0
1.1792E+03,0.007088,0.010683,0.00994,900.0
1.1793E+03,0.008312,0.009749,0.00994,900.0
1.1794E+03,0.009380,0.008740,0.00994,900.0
1.1795E+03,0.010320,0.007617,0.00994,900.0
1.1796E+03,0.011139,0.006360,0.00994,900.0
1.1797E+03,0.011811,0.005012,0.00994,900.0
1.1798E+03,0.012329,0.003580,0.00994,900.0
1.1799E+03,0.012664,0.002104,0.00994,900.0
1.1800E+03,0.012840,0.000558,0.00994,900.0
1.1801E+03,0.012830,-0.000900,0.00994,900.0
1.1802E+03,0.012665,-0.002239,0.00994,900.0
1.1803E+03,0.012306,-0.003736,0.00994,900.0
1.1804E+03,0.011795,-0.005124,0.00994,900.0
1.1805E+03,0.011137,-0.006441,0.00994,900.0
1.1806E+03,0.010295,-0.007714,0.00994,900.0
1.1807E+03,0.009319,-0.008871,0.00994,900.0
1.1808E+03,0.008238,-0.009885,0.00994,900.0
1.1809E+03,0.007028,-0.010788,0.00994,900.0
1.1810E+03,0.005686,-0.011553,0.00994,900.0
1.1811E+03,0.004320,-0.012145,0.00994,900.0
1.1812E+03,0.002907,-0.012566,0.00994,900.0
1.1813E+03,0.001387,-0.012836,0.00994,0.0
1.1814E+03,-0.000162,-0.012889,0.00994,0.0
1.1815E+03,-0.001646,-0.012782,0.00994,0.0
1.1816E+03,-0.003101,-0.012504,0.00994,0.0
1.1817E+03,-0.004549,-0.012045,0.00994,0.0
1.1818E+03,-0.005923,-0.011430,0.00994,0.0
1.1819E+03,-0.007085,-0.010756,0.00994,0.0
1.1820E+03,-0.008253,-0.009891,0.00994,0.0
1.1821E+03,-0.009025,-0.009221,0.00994,0.0
1.1823E+03,-0.009060,-0.009190,0.00994,0.0
1.1824E+03,-0.009060,-0.009188,0.00994,0.0
1.1825E+03,-0.009060,-0.009186,0.00994,0.0
1.1826E+03,-0.009060,-0.009185,0.00994,0.0
1.1827E+03,-0.009060,-0.009184,0.00994,0.0
1.1828E+03,-0.009060,-0.009182,0.00994,0.0
1.1829E+03,-0.009060,-0.009181,0.00994,0.0
1.1830E+03,-0.009060,-0.009180,0.00994,0.0
1.1831E+03,-0.009060,-0.009179,0.00994,0.0
1.1832E+03,-0.009060,-0.009177,0.00994,0.0
1.1833E+03,-0.009060,-0.009176,0.00994,0.0
1.1834E+03,-0.009060,-0.009175,0.00994,0.0
1.1835E+03,-0.009060,-0.009174,0.00994,0.0
1.1836E+03,-0.009060,-0.009173,0.00994,0.0
1.1837E+03,-0.009060,-0.009171,0.00994,0.0
1.1839E+03,-0.009060,-0.009168,0.00994,0.0
1.1840E+03,-0.009060,-0.009167,0.00994,0.0
1.1841E+03,-0.009060,-0.009165,0.00994,0.0
1.1842E+03,-0.009060,-0.009164,0.00994,0.0
1.1843E+03,-0.009060,-0.009163,0.00994,0.0
1.1844E+03,-0.009060,-0.009162,0.00994,0.0
1.1845E+03,-0.009060,-0.009160,0.00994,0.0
1.1847E+03,-0.009060,-0.009158,0.00994,0.0
1.1848E+03,-0.009060,-0.009156,0.00994,0.0
1.1851E+03,-0.009060,-0.009154,0.00994,0.0
1.1852E+03,-0.009060,-0.024747,0.00994,0.0
1.1853E+03,-0.009054,-0.024663,0.00994,0.0
1.1854E+03,-0.009017,-0.024122,0.00994,0.0
1.1855E+03,-0.008951,-0.023154,0.00994,0.0
1.1856E+03,-0.008883,-0.022152,0.00994,0.0
1.1857E+03,-0.008814,-0.021135,0.00994,0.0
1.1858E+03,-0.008746,-0.020131,0.00994,0.0
1.1859E+03,-0.008677,-0.019128,0.00994,0.0
1.1860E+03,-0.008611,-0.018150,0.00994,0.0
1.1861E+03,-0.008545,-0.017180,0.00994,0.0
1.1862E+03,-0.008475,-0.016161,0.00994,0.0
1.1863E+03,-0.008423,-0.015386,0.00994,0.0
