2.3074E+03,-0.012671,0.014991,0.02130,0.0
2.3075E+03,-0.012671,0.014990,0.02130,0.0
2.3076E+03,-0.012671,0.014989,0.02130,0.0
2.3077E+03,-0.012671,0.014986,0.02130,0.0
2.3078E+03,-0.012671,0.014984,0.02130,0.0
2.3079E+03,-0.012671,0.014982,0.02130,0.0
2.3080E+03,-0.012671,0.014980,0.02130,0.0
2.3081E+03,-0.012671,0.014978,0.02130,0.0
2.3082E+03,-0.012671,0.014977,0.02130,0.0
2.3083E+03,-0.012671,0.014975,0.02130,0.0
2.3084E+03,-0.012671,0.014973,0.02130,0.0
2.3085E+03,-0.012671,0.014970,0.02130,0.0
2.3086E+03,-0.012671,0.014969,0.02130,0.0
2.3087E+03,-0.012671,0.014967,0.02130,0.0
2.3088E+03,-0.012671,0.014965,0.02130,0.0
2.3089E+03,-0.012671,0.014963,0.02130,0.0
2.3090E+03,-0.012671,0.014961,0.02130,0.0
2.3091E+03,-0.012671,0.014892,0.02130,0.0
2.3092E+03,-0.012671,0.014910,0.02130,0.0
2.3094E+03,-0.012671,0.014956,0.02130,0.0
2.3095E+03,-0.012557,0.014959,0.02130,0.0
2.3096E+03,-0.012107,0.014975,0.02130,0.0
2.3097E+03,-0.011254,0.015004,0.02130,0.0
2.3098E+03,-0.010366,0.015034,0.02130,900.0
2.3099E+03,-0.009546,0.015062,0.02130,900.0
2.3100E+03,-0.008649,0.015093,0.02130,900.0
2.3101E+03,-0.007817,0.015121,0.02130,900.0
2.3102E+03,-0.006966,0.015150,0.02130,900.0
2.3103E+03,-0.006198,0.015176,0.02130,900.0
2.3104E+03,-0.005339,0.015205,0.02130,900.0
2.3105E+03,-0.004669,0.015228,0.02130,900.0
2.3107E+03,-0.004372,0.015238,0.02130,900.0
2.3108E+03,-0.004505,0.015195,0.02130,900.0
2.3109E+03,-0.005212,0.014960,0.02130,900.0
2.3110E+03,-0.006300,0.014542,0.02130,900.0
2.3111E+03,-0.007552,0.013933,0.02130,900.0
2.3112E+03,-0.008820,0.013162,0.02130,900.0
2.3113E+03,-0.010013,0.012275,0.02130,900.0
2.3114E+03,-0.011137,0.011262,0.02130,900.0
2.3115E+03,-0.012182,0.010121,0.02130,900.0
2.3116E+03,-0.013102,0.008901,0.02130,900.0
2.3117E+03,-0.013878,0.007650,0.02130,900.0
2.3118E+03,-0.014496,0.006400,0.02130,900.0
2.3119E+03,-0.014971,0.005233,0.02130,900.0
2.3120E+03,-0.015280,0.004254,0.02130,900.0
2.3121E+03,-0.015632,0.002771,0.02130,900.0
2.3122E+03,-0.015824,0.001253,0.02130,900.0
2.3123E+03,-0.015876,-0.000239,0.02130,900.0
2.3124E+03,-0.015778,-0.001728,0.02130,900.0
2.3125E+03,-0.015549,-0.003194,0.02130,900.0
2.3126E+03,-0.015180,-0.004641,0.02130,900.0
2.3127E+03,-0.014818,-0.005735,0.02130,900.0
2.3128E+03,-0.014320,-0.006852,0.02130,900.0
2.3129E+03,-0.013603,-0.008193,0.02130,900.0
2.3130E+03,-0.012766,-0.009449,0.02130,900.0
2.3131E+03,-0.011840,-0.010605,0.02130,900.0
2.3132E+03,-0.010801,-0.011662,0.02130,900.0
2.3133E+03,-0.009667,-0.012633,0.02130,900.0
2.3134E+03,-0.008387,-0.013524,0.02130,900.0
2.3135E+03,-0.007130,-0.014219,0.02130,900.0
2.3136E+03,-0.006115,-0.014685,0.02130,900.0
2.3137E+03,-0.004924,-0.015117,0.02130,900.0
2.3138E+03,-0.003502,-0.015504,0.02130,900.0
2.3139E+03,-0.002339,-0.015735,0.02130,900.0
2.3140E+03,-0.001399,-0.015849,0.02130,900.0
2.3141E+03,-0.000246,-0.015902,0.02130,900.0
2.3142E+03,0.001236,-0.015851,0.02130,900.0
2.3143E+03,0.002768,-0.015669,0.02130,900.0
2.3144E+03,0.004209,-0.015341,0.02130,900.0
2.3145E+03,0.005726,-0.014849,0.02130,900.0
2.3146E+03,0.007059,-0.014261,0.02130,900.0
2.3147E+03,0.008355,-0.013525,0.02130,900.0
2.3148E+03,0.009609,-0.012663,0.02130,900.0
2.3149E+03,0.010762,-0.011690,0.02130,900.0
2.3150E+03,0.011839,-0.010590,0.02130,900.0
2.3151E+03,0.012791,-0.009415,0.02130,900.0
2.3152E+03,0.013615,-0.008173,0.02130,900.0
2.3153E+03,0.014319,-0.006871,0.02130,900.0
2.3154E+03,0.014836,-0.005663,0.02130,900.0
2.3155E+03,0.015304,-0.004246,0.02130,900.0
2.3156E+03,0.015639,-0.002782,0.02130,900.0
2.3157E+03,0.015785,-0.001739,0.02130,900.0
2.3158E+03,0.015874,-0.000271,0.02130,900.0
2.3159E+03,0.015822,0.001187,0.02130,900.0
2.3160E+03,0.015698,0.002312,0.02130,900.0
2.3161E+03,0.015434,0.003631,0.02130,900.0
2.3162E+03,0.015016,0.005072,0.02130,900.0
2.3163E+03,0.014451,0.006499,0.02130,900.0
2.3164E+03,0.013775,0.007874,0.02130,900.0
2.3165E+03,0.012979,0.009150,0.02130,900.0
2.3166E+03,0.012022,0.010320,0.02130,900.0
2.3167E+03,0.010999,0.011401,0.02130,900.0
2.3168E+03,0.009851,0.012416,0.02130,900.0
2.3169E+03,0.008703,0.013244,0.02130,900.0
2.3170E+03,0.007393,0.014015,0.02130,900.0
2.3171E+03,0.006093,0.014611,0.02130,900.0
2.3172E+03,0.004714,0.015113,0.02130,0.0
2.3173E+03,0.003270,0.015485,0.02130,0.0
2.3174E+03,0.001776,0.015728,0.02130,0.0
2.3175E+03,0.000278,0.015822,0.02130,0.0
2.3176E+03,-0.001029,0.015804,0.02130,0.0
2.3177E+03,-0.002001,0.015710,0.02130,900.0
2.3178E+03,-0.002998,0.015549,0.02130,900.0
2.3179E+03,-0.004256,0.015267,0.02130,900.0
2.3181E+03,-0.004372,0.015238,0.02130,900.0
2.3182E+03,-0.005597,0.012309,0.02130,900.0
2.3183E+03,-0.008383,0.005646,0.02130,900.0
2.3184E+03,-0.010404,0.000812,0.02130,900.0
2.3186E+03,-0.010973,-0.000549,0.02130,900.0
2.3187E+03,-0.010970,-0.000021,0.02130,900.0
2.3188E+03,-0.010893,0.001185,0.02130,900.0
2.3189E+03,-0.010672,0.002502,0.02130,900.0
2.3190E+03,-0.010219,0.003969,0.02130,900.0
2.3191E+03,-0.009589,0.005322,0.02130,900.0
2.3192E+03,-0.008758,0.006599,0.02130,900.0
2.3193E+03,-0.007785,0.007703,0.02130,900.0
2.3194E+03,-0.006690,0.008658,0.02130,900.0
2.3195E+03,-0.005408,0.009503,0.02130,900.0
2.3196E+03,-0.003984,0.010179,0.02130,900.0
2.3197E+03,-0.002570,0.010616,0.02130,900.0
2.3198E+03,-0.001136,0.010864,0.02130,900.0
2.3199E+03,0.000367,0.010916,0.02130,900.0
2.3200E+03,0.001865,0.010757,0.02130,900.0
2.3201E+03,0.003322,0.010390,0.02130,900.0
2.3202E+03,0.004792,0.009840,0.02130,900.0
2.3203E+03,0.006059,0.009128,0.02130,900.0
2.3204E+03,0.007295,0.008175,0.02130,900.0
2.3205E+03,0.008353,0.007092,0.02130,900.0
2.3206E+03,0.009125,0.006052,0.02130,900.0
2.3207E+03,0.009865,0.004737,0.02130,900.0
2.3208E+03,0.010422,0.003363,0.02130,900.0
2.3209E+03,0.010794,0.001871,0.02130,900.0
2.3210E+03,0.010956,0.000376,0.02130,900.0
2.3211E+03,0.010908,-0.001068,0.02130,900.0
2.3212E+03,0.010664,-0.002573,0.02130,900.0
2.3213E+03,0.010210,-0.004067,0.02130,900.0
2.3214E+03,0.009573,-0.005409,0.02130,900.0
2.3215E+03,0.008745,-0.006675,0.02130,900.0
2.3216E+03,0.007771,-0.007804,0.02130,900.0
2.3217E+03,0.006623,-0.008773,0.02130,900.0
2.3218E+03,0.005368,-0.009606,0.02130,900.0
2.3219E+03,0.003995,-0.010247,0.02130,900.0
2.3220E+03,0.002571,-0.010688,0.02130,900.0
2.3221E+03,0.001060,-0.010940,0.02130,900.0
2.3222E+03,-0.000438,-0.010990,0.02130,900.0
2.3223E+03,-0.001880,-0.010839,0.02130,900.0
2.3224E+03,-0.003202,-0.010522,0.02130,900.0
2.3225E+03,-0.004682,-0.009967,0.02130,900.0
2.3226E+03,-0.005993,-0.009238,0.02130,0.0
2.3227E+03,-0.007165,-0.008357,0.02130,0.0
2.3228E+03,-0.008254,-0.007269,0.02130,0.0
2.3229E+03,-0.009144,-0.006104,0.02130,0.0
2.3230E+03,-0.009862,-0.004822,0.02130,0.0
2.3231E+03,-0.010414,-0.003390,0.02130,900.0
2.3232E+03,-0.010794,-0.001895,0.02130,900.0
2.3233E+03,-0.010950,-0.000893,0.02130,900.0
2.3234E+03,-0.010973,-0.000549,0.02130,900.0
2.3235E+03,-0.010856,-0.000295,0.02130,900.0
2.3236E+03,-0.009641,0.002357,0.02130,900.0
2.3237E+03,-0.006676,0.008823,0.02130,900.0
2.3238E+03,-0.004588,0.013382,0.02130,900.0
2.3240E+03,-0.004585,0.013382,0.02130,900.0
2.3241E+03,-0.004874,0.013283,0.02130,900.0
2.3242E+03,-0.005927,0.012827,0.02130,900.0
2.3243E+03,-0.007229,0.012142,0.02130,900.0
2.3244E+03,-0.008494,0.011288,0.02130,900.0
2.3245E+03,-0.009662,0.010320,0.02130,900.0
2.3246E+03,-0.010704,0.009235,0.02130,900.0
2.3247E+03,-0.011652,0.008017,0.02130,900.0
2.3248E+03,-0.012445,0.006733,0.02130,900.0
2.3249E+03,-0.013081,0.005428,0.02130,900.0
2.3250E+03,-0.013582,0.004011,0.02130,900.0
2.3251E+03,-0.013951,0.002523,0.02130,900.0
2.3252E+03,-0.014137,0.000986,0.02130,900.0
2.3253E+03,-0.014160,-0.000551,0.02130,900.0
2.3254E+03,-0.014029,-0.002007,0.02130,900.0
2.3255E+03,-0.013733,-0.003482,0.02130,900.0
2.3256E+03,-0.013286,-0.004931,0.02130,900.0
2.3257E+03,-0.012699,-0.006302,0.02130,900.0
2.3258E+03,-0.012043,-0.007481,0.02130,900.0
2.3259E+03,-0.011233,-0.008676,0.02130,900.0
2.3260E+03,-0.010443,-0.009622,0.02130,900.0
2.3261E+03,-0.009426,-0.010626,0.02130,900.0
2.3262E+03,-0.008204,-0.011603,0.02130,900.0
2.3263E+03,-0.006910,-0.012414,0.02130,900.0
2.3264E+03,-0.005600,-0.013051,0.02130,900.0
2.3265E+03,-0.004156,-0.013577,0.02130,900.0
2.3266E+03,-0.002737,-0.013930,0.02130,900.0
2.3267E+03,-0.001213,-0.014135,0.02130,900.0
2.3268E+03,0.000305,-0.014190,0.02130,900.0
2.3269E+03,0.001781,-0.014086,0.02130,900.0
2.3270E+03,0.003283,-0.013807,0.02130,900.0
2.3271E+03,0.004764,-0.013382,0.02130,900.0
2.3272E+03,0.006120,-0.012810,0.02130,900.0
2.3273E+03,0.007442,-0.012100,0.02130,900.0
2.3274E+03,0.008650,-0.011262,0.02130,900.0
2.3275E+03,0.009694,-0.010371,0.02130,900.0
2.3276E+03,0.010749,-0.009260,0.02130,900.0
2.3277E+03,0.011685,-0.008034,0.02130,900.0
2.3278E+03,0.012442,-0.006793,0.02130,900.0
2.3279E+03,0.013075,-0.005476,0.02130,900.0
2.3280E+03,0.013583,-0.004046,0.02130,900.0
2.3281E+03,0.013931,-0.002563,0.02130,900.0
2.3282E+03,0.014119,-0.001038,0.02130,900.0
2.3283E+03,0.014159,0.000480,0.02130,900.0
2.3284E+03,0.014033,0.001908,0.02130,900.0
2.3285E+03,0.013753,0.003413,0.02130,900.0
2.3286E+03,0.013302,0.004875,0.02130,900.0
2.3287E+03,0.012692,0.006264,0.02130,900.0
2.3288E+03,0.011961,0.007562,0.02130,900.0
2.3289E+03,0.011082,0.008780,0.02130,900.0
2.3290E+03,0.010098,0.009895,0.02130,900.0
2.3291E+03,0.009022,0.010873,0.02130,900.0
2.3292E+03,0.008144,0.011557,0.02130,900.0
2.3293E+03,0.007147,0.012186,0.02130,900.0
2.3294E+03,0.005831,0.012877,0.02130,0.0
2.3295E+03,0.004487,0.013404,0.02130,0.0
2.3296E+03,0.003028,0.013814,0.02130,0.0
2.3297E+03,0.001513,0.014065,0.02130,0.0
2.3298E+03,-0.000026,0.014134,0.02130,0.0
2.3299E+03,-0.001432,0.014063,0.02130,0.0
2.3300E+03,-0.002972,0.013805,0.02130,900.0
2.3301E+03,-0.004179,0.013501,0.02130,900.0
2.3303E+03,-0.004585,0.013382,0.02130,900.0
2.3304E+03,-0.005997,0.010934,0.02130,900.0
2.3305E+03,-0.009248,0.005296,0.02130,900.0
2.3306E+03,-0.012170,0.000232,0.02130,900.0
2.3307E+03,-0.012671,-0.000638,0.02130,900.0
2.3308E+03,-0.012672,-0.000623,0.02130,900.0
2.3309E+03,-0.012677,-0.000509,0.02130,900.0
2.3310E+03,-0.012645,0.000899,0.02130,900.0
2.3311E+03,-0.012442,0.002365,0.02130,900.0
2.3312E+03,-0.012084,0.003772,0.02130,900.0
2.3313E+03,-0.011541,0.005179,0.02130,900.0
2.3314E+03,-0.010824,0.006533,0.02130,900.0
2.3315E+03,-0.009963,0.007779,0.02130,900.0
2.3316E+03,-0.008951,0.008916,0.02130,900.0
2.3317E+03,-0.007833,0.009922,0.02130,900.0
2.3318E+03,-0.006653,0.010751,0.02130,900.0
2.3319E+03,-0.005305,0.011477,0.02130,900.0
2.3320E+03,-0.003843,0.012060,0.02130,900.0
2.3321E+03,-0.002400,0.012419,0.02130,900.0
2.3322E+03,-0.001011,0.012598,0.02130,900.0
2.3323E+03,0.000576,0.012620,0.02130,900.0
2.3324E+03,0.002041,0.012469,0.02130,900.0
2.3325E+03,0.003483,0.012142,0.02130,900.0
2.3326E+03,0.004756,0.011704,0.02130,900.0
2.3327E+03,0.006112,0.011056,0.02130,900.0
2.3328E+03,0.007404,0.010242,0.02130,900.0
2.3329E+03,0.008603,0.009258,0.02130,900.0
2.3330E+03,0.009655,0.008171,0.02130,900.0
2.3331E+03,0.010524,0.007037,0.02130,900.0
2.3332E+03,0.011301,0.005742,0.02130,900.0
2.3333E+03,0.011927,0.004278,0.02130,900.0
2.3334E+03,0.012337,0.002877,0.02130,900.0
2.3335E+03,0.012595,0.001371,0.02130,900.0
2.3336E+03,0.012662,-0.000165,0.02130,900.0
2.3337E+03,0.012554,-0.001670,0.02130,900.0
2.3338E+03,0.012287,-0.003107,0.02130,900.0
2.3339E+03,0.011844,-0.004516,0.02130,900.0
2.3340E+03,0.011221,-0.005905,0.02130,900.0
2.3341E+03,0.010455,-0.007213,0.02130,900.0
2.3342E+03,0.009537,-0.008386,0.02130,900.0
2.3343E+03,0.008646,-0.009320,0.02130,900.0
2.3344E+03,0.007465,-0.010353,0.02130,900.0
2.3345E+03,0.006155,-0.011126,0.02130,900.0
2.3346E+03,0.004801,-0.011763,0.02130,900.0
2.3347E+03,0.003397,-0.012243,0.02130,900.0
2.3348E+03,0.001928,-0.012557,0.02130,900.0
2.3349E+03,0.000421,-0.012694,0.02130,900.0
2.3350E+03,-0.001096,-0.012648,0.02130,900.0
2.3351E+03,-0.002602,-0.012430,0.02130,900.0
2.3352E+03,-0.004054,-0.012034,0.02130,900.0
2.3353E+03,-0.005434,-0.011485,0.02130,900.0
2.3354E+03,-0.006794,-0.010742,0.02130,900.0
2.3355E+03,-0.008002,-0.009881,0.02130,0.0
2.3356E+03,-0.009141,-0.008837,0.02130,0.0
2.3357E+03,-0.010116,-0.007677,0.02130,0.0
2.3358E+03,-0.010921,-0.006466,0.02130,0.0
2.3359E+03,-0.011620,-0.005083,0.02130,0.0
2.3360E+03,-0.012138,-0.003650,0.02130,0.0
2.3361E+03,-0.012447,-0.002384,0.02130,0.0
2.3362E+03,-0.012626,-0.001209,0.02130,0.0
2.3364E+03,-0.012671,-0.000638,0.02130,0.0
2.3365E+03,-0.012671,-0.000637,0.02130,0.0
2.3366E+03,-0.012671,-0.000635,0.02130,0.0
2.3367E+03,-0.012671,-0.000634,0.02130,0.0
2.3368E+03,-0.012671,-0.000633,0.02130,0.0
2.3369E+03,-0.012671,-0.000632,0.02130,0.0
2.3370E+03,-0.012671,-0.000631,0.02130,0.0
2.3371E+03,-0.012671,-0.000630,0.02130,0.0
2.3372E+03,-0.012671,-0.000628,0.02130,0.0
2.3373E+03,-0.012671,-0.000627,0.02130,0.0
2.3374E+03,-0.012671,-0.000626,0.02130,0.0
2.3375E+03,-0.012671,-0.000625,0.02130,0.0
2.3376E+03,-0.012671,-0.000623,0.02130,0.0
2.3377E+03,-0.012671,-0.000622,0.02130,0.0
2.3378E+03,-0.012671,-0.000621,0.02130,0.0
2.3379E+03,-0.012671,-0.000619,0.02130,0.0
2.3380E+03,-0.012671,-0.000617,0.02130,0.0
2.3382E+03,-0.012671,-0.000616,0.02130,0.0
2.3383E+03,-0.012671,-0.000614,0.02130,0.0
2.3384E+03,-0.012671,-0.000613,0.02130,0.0
2.3385E+03,-0.012671,-0.000612,0.02130,0.0
2.3386E+03,-0.012671,-0.000611,0.02130,0.0
2.3387E+03,-0.012671,-0.000609,0.02130,0.0
2.3388E+03,-0.012671,-0.000608,0.02130,0.0
2.3390E+03,-0.012671,-0.000606,0.02130,0.0
2.3391E+03,-0.012671,-0.000604,0.02130,0.0
2.3392E+03,-0.012671,-0.000603,0.02130,0.0
2.3394E+03,-0.012671,-0.000602,0.02130,0.0
2.3395E+03,-0.012671,-0.016195,0.02130,0.0
2.3396E+03,-0.012571,-0.015724,0.02130,0.0
2.3397E+03,-0.012168,-0.013826,0.02130,0.0
2.3398E+03,-0.011529,-0.010820,0.02130,0.0
2.3399E+03,-0.010899,-0.007855,0.02130,0.0
2.3400E+03,-0.010261,-0.004850,0.02130,0.0
2.3401E+03,-0.009616,-0.001814,0.02130,0.0
2.3402E+03,-0.008978,0.001191,0.02130,0.0
2.3403E+03,-0.008388,0.003965,0.02130,0.0
2.3404E+03,-0.007745,0.006992,0.02130,0.0
2.3405E+03,-0.007114,0.009966,0.02130,0.0
2.3406E+03,-0.006482,0.012939,0.02130,0.0
2.3407E+03,-0.006193,0.014299,0.02130,0.0
