4.9956E+03,0.012058,0.019205,0.05396,0.0
4.9957E+03,0.012058,0.019204,0.05396,0.0
4.9958E+03,0.012058,0.019203,0.05396,0.0
4.9959E+03,0.012058,0.019201,0.05396,0.0
4.9960E+03,0.012058,0.019200,0.05396,0.0
4.9961E+03,0.012058,0.019198,0.05396,0.0
4.9962E+03,0.012058,0.019196,0.05396,0.0
4.9963E+03,0.012058,0.019195,0.05396,0.0
4.9964E+03,0.012058,0.019193,0.05396,0.0
4.9965E+03,0.012058,0.019192,0.05396,0.0
4.9967E+03,0.012058,0.019190,0.05396,0.0
4.9968E+03,0.012058,0.019188,0.05396,0.0
4.9969E+03,0.012058,0.019187,0.05396,0.0
4.9970E+03,0.012058,0.019185,0.05396,0.0
4.9971E+03,0.012058,0.019183,0.05396,0.0
4.9972E+03,0.012058,0.019182,0.05396,0.0
4.9973E+03,0.012058,0.019180,0.05396,0.0
4.9973E+03,0.012058,0.019179,0.05396,0.0
4.9974E+03,0.012058,0.019177,0.05396,0.0
4.9975E+03,0.012058,0.019176,0.05396,0.0
4.9976E+03,0.012058,0.019174,0.05396,0.0
4.9977E+03,0.012058,0.019172,0.05396,0.0
4.9978E+03,0.012058,0.019171,0.05396,0.0
4.9980E+03,0.012058,0.019170,0.05396,0.0
4.9981E+03,0.012033,0.019155,0.05396,0.0
4.9982E+03,0.011800,0.019020,0.05396,0.0
4.9984E+03,0.011269,0.018713,0.05396,0.0
4.9985E+03,0.010760,0.018419,0.05396,0.0
4.9986E+03,0.010230,0.018112,0.05396,900.0
4.9987E+03,0.009690,0.017800,0.05396,900.0
4.9988E+03,0.009154,0.017490,0.05396,900.0
4.9989E+03,0.008632,0.017188,0.05396,900.0
4.9990E+03,0.008108,0.016885,0.05396,900.0
4.9990E+03,0.007628,0.016607,0.05396,900.0
4.9991E+03,0.007149,0.016330,0.05396,900.0
4.9994E+03,0.006964,0.016223,0.05396,900.0
4.9995E+03,0.006329,0.016476,0.05396,900.0
4.9996E+03,0.004974,0.016922,0.05396,900.0
4.9997E+03,0.003523,0.017281,0.05396,900.0
4.9998E+03,0.002042,0.017508,0.05396,900.0
4.9999E+03,0.000527,0.017623,0.05396,900.0
5.0001E+03,-0.000986,0.017604,0.05396,900.0
5.0002E+03,-0.002474,0.017454,0.05396,900.0
5.0003E+03,-0.003955,0.017182,0.05396,900.0
5.0004E+03,-0.005412,0.016788,0.05396,900.0
5.0005E+03,-0.006803,0.016276,0.05396,900.0
5.0006E+03,-0.008183,0.015635,0.05396,900.0
5.0007E+03,-0.009514,0.014863,0.05396,900.0
5.0007E+03,-0.010603,0.014109,0.05396,900.0
5.0008E+03,-0.011751,0.013159,0.05396,900.0
5.0009E+03,-0.012826,0.012108,0.05396,900.0
5.0010E+03,-0.013814,0.010975,0.05396,900.0
5.0011E+03,-0.014711,0.009742,0.05396,900.0
5.0012E+03,-0.015508,0.008420,0.05396,900.0
5.0013E+03,-0.016181,0.007044,0.05396,900.0
5.0014E+03,-0.016696,0.005758,0.05396,900.0
5.0015E+03,-0.017029,0.004679,0.05396,900.0
5.0016E+03,-0.017374,0.003222,0.05396,900.0
5.0018E+03,-0.017591,0.001750,0.05396,900.0
5.0019E+03,-0.017672,0.000251,0.05396,900.0
5.0020E+03,-0.017625,-0.001271,0.05396,900.0
5.0021E+03,-0.017451,-0.002817,0.05396,900.0
5.0022E+03,-0.017157,-0.004263,0.05396,900.0
5.0023E+03,-0.016834,-0.005422,0.05396,900.0
5.0024E+03,-0.016377,-0.006658,0.05396,900.0
5.0024E+03,-0.015820,-0.007888,0.05396,900.0
5.0025E+03,-0.015099,-0.009208,0.05396,900.0
5.0026E+03,-0.014274,-0.010461,0.05396,900.0
5.0027E+03,-0.013307,-0.011665,0.05396,900.0
5.0028E+03,-0.012265,-0.012764,0.05396,900.0
5.0029E+03,-0.011153,-0.013753,0.05396,900.0
5.0030E+03,-0.009985,-0.014620,0.05396,900.0
5.0031E+03,-0.008649,-0.015449,0.05396,900.0
5.0032E+03,-0.007329,-0.016115,0.05396,900.0
5.0033E+03,-0.005962,-0.016690,0.05396,900.0
5.0035E+03,-0.004523,-0.017129,0.05396,900.0
5.0036E+03,-0.003049,-0.017437,0.05396,900.0
5.0037E+03,-0.001554,-0.017632,0.05396,900.0
5.0038E+03,-0.000032,-0.017704,0.05396,900.0
5.0039E+03,0.001500,-0.017641,0.05396,900.0
5.0040E+03,0.002995,-0.017454,0.05396,900.0
5.0041E+03,0.004403,-0.017156,0.05396,900.0
5.0041E+03,0.005787,-0.016743,0.05396,900.0
5.0042E+03,0.007214,-0.016172,0.05396,900.0
5.0043E+03,0.008562,-0.015490,0.05396,900.0
5.0044E+03,0.009840,-0.014711,0.05396,900.0
5.0045E+03,0.011044,-0.013824,0.05396,900.0
5.0046E+03,0.012168,-0.012839,0.05396,900.0
5.0047E+03,0.013208,-0.011766,0.05396,900.0
5.0048E+03,0.014158,-0.010601,0.05396,900.0
5.0049E+03,0.015020,-0.009345,0.05396,900.0
5.0050E+03,0.015767,-0.008012,0.05396,900.0
5.0052E+03,0.016374,-0.006683,0.05396,900.0
5.0053E+03,0.016878,-0.005309,0.05396,900.0
5.0054E+03,0.017281,-0.003801,0.05396,900.0
5.0055E+03,0.017521,-0.002337,0.05396,900.0
5.0056E+03,0.017648,-0.000812,0.05396,900.0
5.0057E+03,0.017651,0.000729,0.05396,900.0
5.0058E+03,0.017521,0.002207,0.05396,900.0
5.0058E+03,0.017302,0.003519,0.05396,900.0
5.0059E+03,0.016929,0.004999,0.05396,900.0
5.0060E+03,0.016439,0.006445,0.05396,900.0
5.0061E+03,0.015845,0.007792,0.05396,900.0
5.0062E+03,0.015113,0.009123,0.05396,0.0
5.0063E+03,0.014278,0.010390,0.05396,0.0
5.0064E+03,0.013372,0.011533,0.05396,0.0
5.0065E+03,0.012279,0.012672,0.05396,0.0
5.0066E+03,0.011158,0.013665,0.05396,0.0
5.0067E+03,0.009957,0.014561,0.05396,0.0
5.0068E+03,0.008680,0.015352,0.05396,900.0
5.0070E+03,0.007494,0.015970,0.05396,900.0
5.0071E+03,0.006966,0.016222,0.05396,900.0
5.0072E+03,0.006964,0.016223,0.05396,900.0
5.0073E+03,0.007214,0.014372,0.05396,900.0
5.0074E+03,0.007945,0.008953,0.05396,900.0
5.0075E+03,0.008766,0.002871,0.05396,900.0
5.0076E+03,0.008804,0.002589,0.05396,900.0
5.0077E+03,0.008877,0.002338,0.05396,900.0
5.0078E+03,0.009092,0.001051,0.05396,900.0
5.0079E+03,0.009145,-0.000475,0.05396,900.0
5.0080E+03,0.008954,-0.001957,0.05396,900.0
5.0081E+03,0.008505,-0.003398,0.05396,900.0
5.0082E+03,0.007842,-0.004770,0.05396,900.0
5.0083E+03,0.006981,-0.005967,0.05396,900.0
5.0084E+03,0.005941,-0.007007,0.05396,900.0
5.0085E+03,0.004668,-0.007926,0.05396,900.0
5.0087E+03,0.003322,-0.008584,0.05396,900.0
5.0088E+03,0.001965,-0.009015,0.05396,900.0
5.0089E+03,0.000465,-0.009200,0.05396,900.0
5.0090E+03,-0.001091,-0.009143,0.05396,900.0
5.0091E+03,-0.002532,-0.008848,0.05396,900.0
5.0092E+03,-0.003947,-0.008299,0.05396,900.0
5.0093E+03,-0.005252,-0.007531,0.05396,900.0
5.0093E+03,-0.006303,-0.006673,0.05396,900.0
5.0094E+03,-0.007294,-0.005558,0.05396,900.0
5.0095E+03,-0.008096,-0.004313,0.05396,900.0
5.0096E+03,-0.008698,-0.002925,0.05396,900.0
5.0097E+03,-0.009059,-0.001444,0.05396,900.0
5.0098E+03,-0.009179,0.000039,0.05396,900.0
5.0099E+03,-0.009064,0.001568,0.05396,900.0
5.0100E+03,-0.008642,0.003038,0.05396,900.0
5.0101E+03,-0.008047,0.004352,0.05396,900.0
5.0102E+03,-0.007225,0.005599,0.05396,900.0
5.0104E+03,-0.006216,0.006682,0.05396,900.0
5.0105E+03,-0.004991,0.007627,0.05396,900.0
5.0106E+03,-0.003675,0.008355,0.05396,900.0
5.0107E+03,-0.002263,0.008827,0.05396,900.0
5.0108E+03,-0.000760,0.009094,0.05396,900.0
5.0109E+03,0.000716,0.009092,0.05396,0.0
5.0110E+03,0.002243,0.008866,0.05396,0.0
5.0110E+03,0.003492,0.008454,0.05396,0.0
5.0111E+03,0.004882,0.007747,0.05396,0.0
5.0112E+03,0.006075,0.006834,0.05396,900.0
5.0113E+03,0.007108,0.005745,0.05396,900.0
5.0114E+03,0.007953,0.004517,0.05396,900.0
5.0115E+03,0.008560,0.003217,0.05396,900.0
5.0116E+03,0.008793,0.002624,0.05396,900.0
5.0117E+03,0.008804,0.002589,0.05396,900.0
5.0118E+03,0.008745,0.004093,0.05396,900.0
5.0119E+03,0.008566,0.008640,0.05396,900.0
5.0120E+03,0.008371,0.013573,0.05396,900.0
5.0122E+03,0.008371,0.013584,0.05396,900.0
5.0123E+03,0.008364,0.013588,0.05396,900.0
5.0124E+03,0.008256,0.013651,0.05396,900.0
5.0125E+03,0.006979,0.014335,0.05396,900.0
5.0126E+03,0.005616,0.014914,0.05396,900.0
5.0127E+03,0.004145,0.015381,0.05396,900.0
5.0128E+03,0.002706,0.015699,0.05396,900.0
5.0128E+03,0.001353,0.015869,0.05396,900.0
5.0129E+03,-0.000181,0.015926,0.05396,900.0
5.0130E+03,-0.001662,0.015847,0.05396,900.0
5.0131E+03,-0.003161,0.015616,0.05396,900.0
5.0132E+03,-0.004641,0.015247,0.05396,900.0
5.0133E+03,-0.005957,0.014791,0.05396,900.0
5.0134E+03,-0.007391,0.014134,0.05396,900.0
5.0135E+03,-0.008725,0.013353,0.05396,900.0
5.0136E+03,-0.009947,0.012458,0.05396,900.0
5.0137E+03,-0.011039,0.011501,0.05396,900.0
5.0139E+03,-0.012078,0.010394,0.05396,900.0
5.0140E+03,-0.013006,0.009223,0.05396,900.0
5.0141E+03,-0.013825,0.007942,0.05396,900.0
5.0142E+03,-0.014526,0.006582,0.05396,900.0
5.0143E+03,-0.015084,0.005182,0.05396,900.0
5.0144E+03,-0.015530,0.003715,0.05396,900.0
5.0145E+03,-0.015796,0.002323,0.05396,900.0
5.0145E+03,-0.015925,0.001251,0.05396,900.0
5.0146E+03,-0.015972,0.000005,0.05396,900.0
5.0147E+03,-0.015935,-0.001124,0.05396,900.0
5.0148E+03,-0.015790,-0.002434,0.05396,900.0
5.0149E+03,-0.015483,-0.003880,0.05396,900.0
5.0150E+03,-0.015064,-0.005318,0.05396,900.0
5.0151E+03,-0.014512,-0.006690,0.05396,900.0
5.0152E+03,-0.013823,-0.008018,0.05396,900.0
5.0153E+03,-0.013008,-0.009290,0.05396,900.0
5.0154E+03,-0.012216,-0.010332,0.05396,900.0
5.0156E+03,-0.011505,-0.011112,0.05396,900.0
5.0157E+03,-0.010444,-0.012124,0.05396,900.0
5.0158E+03,-0.009304,-0.013024,0.05396,900.0
5.0159E+03,-0.007991,-0.013880,0.05396,900.0
5.0160E+03,-0.006637,-0.014566,0.05396,900.0
5.0161E+03,-0.005239,-0.015122,0.05396,900.0
5.0162E+03,-0.003857,-0.015532,0.05396,900.0
5.0162E+03,-0.002547,-0.015796,0.05396,900.0
5.0163E+03,-0.001051,-0.015963,0.05396,900.0
5.0164E+03,0.000463,-0.015992,0.05396,900.0
5.0165E+03,0.001990,-0.015876,0.05396,900.0
5.0166E+03,0.003476,-0.015624,0.05396,900.0
5.0167E+03,0.004927,-0.015229,0.05396,900.0
5.0168E+03,0.006354,-0.014697,0.05396,900.0
5.0169E+03,0.007740,-0.014020,0.05396,900.0
5.0170E+03,0.009024,-0.013217,0.05396,900.0
5.0171E+03,0.010219,-0.012307,0.05396,900.0
5.0172E+03,0.011277,-0.011345,0.05396,900.0
5.0174E+03,0.012272,-0.010247,0.05396,900.0
5.0175E+03,0.013175,-0.009053,0.05396,900.0
5.0176E+03,0.013876,-0.007933,0.05396,900.0
5.0177E+03,0.014478,-0.006758,0.05396,900.0
5.0178E+03,0.014974,-0.005600,0.05396,900.0
5.0179E+03,0.015307,-0.004572,0.05396,900.0
5.0179E+03,0.015654,-0.003242,0.05396,900.0
5.0180E+03,0.015882,-0.001756,0.05396,900.0
5.0181E+03,0.015976,-0.000271,0.05396,900.0
5.0182E+03,0.015916,0.001275,0.05396,900.0
5.0183E+03,0.015790,0.002369,0.05396,900.0
5.0184E+03,0.015515,0.003725,0.05396,900.0
5.0185E+03,0.015092,0.005161,0.05396,900.0
5.0186E+03,0.014531,0.006559,0.05396,0.0
5.0187E+03,0.013906,0.007818,0.05396,0.0
5.0188E+03,0.013244,0.008883,0.05396,0.0
5.0189E+03,0.012413,0.009996,0.05396,0.0
5.0191E+03,0.011385,0.011171,0.05396,900.0
5.0192E+03,0.010328,0.012152,0.05396,900.0
5.0193E+03,0.009184,0.013044,0.05396,900.0
5.0194E+03,0.008406,0.013561,0.05396,900.0
5.0195E+03,0.008371,0.013584,0.05396,900.0
5.0196E+03,0.008439,0.013237,0.05396,900.0
5.0197E+03,0.009477,0.007944,0.05396,900.0
5.0197E+03,0.010184,0.004339,0.05396,900.0
5.0198E+03,0.010431,0.003082,0.05396,900.0
5.0199E+03,0.010435,0.003070,0.05396,900.0
5.0200E+03,0.010533,0.002641,0.05396,900.0
5.0201E+03,0.010776,0.001366,0.05396,900.0
5.0202E+03,0.010871,-0.000135,0.05396,900.0
5.0203E+03,0.010762,-0.001641,0.05396,900.0
5.0204E+03,0.010444,-0.003099,0.05396,900.0
5.0205E+03,0.009876,-0.004577,0.05396,900.0
5.0206E+03,0.009177,-0.005880,0.05396,900.0
5.0208E+03,0.008299,-0.007050,0.05396,900.0
5.0209E+03,0.007222,-0.008149,0.05396,900.0
5.0210E+03,0.006001,-0.009077,0.05396,900.0
5.0211E+03,0.004700,-0.009828,0.05396,900.0
5.0212E+03,0.003306,-0.010378,0.05396,900.0
5.0213E+03,0.001872,-0.010742,0.05396,900.0
5.0214E+03,0.000424,-0.010891,0.05396,900.0
5.0214E+03,-0.000944,-0.010872,0.05396,900.0
5.0215E+03,-0.002463,-0.010641,0.05396,900.0
5.0216E+03,-0.003882,-0.010206,0.05396,900.0
5.0217E+03,-0.005256,-0.009557,0.05396,900.0
5.0218E+03,-0.006514,-0.008733,0.05396,900.0
5.0219E+03,-0.007640,-0.007748,0.05396,900.0
5.0220E+03,-0.008621,-0.006633,0.05396,900.0
5.0221E+03,-0.009466,-0.005356,0.05396,900.0
5.0222E+03,-0.010129,-0.003957,0.05396,900.0
5.0223E+03,-0.010571,-0.002500,0.05396,900.0
5.0225E+03,-0.010826,-0.001009,0.05396,900.0
5.0226E+03,-0.010851,0.000493,0.05396,900.0
5.0227E+03,-0.010685,0.001985,0.05396,900.0
5.0228E+03,-0.010322,0.003441,0.05396,900.0
5.0229E+03,-0.009735,0.004838,0.05396,900.0
5.0230E+03,-0.009009,0.006052,0.05396,900.0
5.0231E+03,-0.008030,0.007282,0.05396,900.0
5.0231E+03,-0.007081,0.008206,0.05396,900.0
5.0232E+03,-0.005879,0.009094,0.05396,900.0
5.0233E+03,-0.004567,0.009818,0.05396,900.0
5.0234E+03,-0.003176,0.010346,0.05396,900.0
5.0235E+03,-0.001687,0.010692,0.05396,900.0
5.0236E+03,-0.000179,0.010832,0.05396,900.0
5.0237E+03,0.001276,0.010765,0.05396,900.0
5.0238E+03,0.002742,0.010493,0.05396,0.0
5.0239E+03,0.004186,0.010004,0.05396,0.0
5.0240E+03,0.005606,0.009287,0.05396,0.0
5.0241E+03,0.006818,0.008441,0.05396,0.0
5.0243E+03,0.007903,0.007421,0.05396,0.0
5.0244E+03,0.008857,0.006246,0.05396,0.0
5.0245E+03,0.009631,0.004981,0.05396,0.0
5.0246E+03,0.010194,0.003723,0.05396,900.0
5.0247E+03,0.010425,0.003100,0.05396,900.0
5.0248E+03,0.010431,0.003082,0.05396,900.0
5.0249E+03,0.009245,0.002362,0.05396,900.0
5.0249E+03,0.005289,-0.000038,0.05396,900.0
5.0250E+03,-0.001439,-0.004120,0.05396,900.0
5.0251E+03,-0.008043,-0.008127,0.05396,900.0
5.0252E+03,-0.010264,-0.009475,0.05396,900.0
5.0254E+03,-0.010559,-0.009654,0.05396,900.0
5.0255E+03,-0.010103,-0.010120,0.05396,900.0
5.0256E+03,-0.009189,-0.010943,0.05396,900.0
5.0257E+03,-0.008015,-0.011829,0.05396,900.0
5.0258E+03,-0.006713,-0.012617,0.05396,900.0
5.0260E+03,-0.005337,-0.013264,0.05396,900.0
5.0261E+03,-0.003943,-0.013748,0.05396,900.0
5.0262E+03,-0.002459,-0.014096,0.05396,900.0
5.0263E+03,-0.000989,-0.014279,0.05396,900.0
5.0264E+03,0.000548,-0.014309,0.05396,900.0
5.0265E+03,0.002033,-0.014164,0.05396,900.0
5.0266E+03,0.003561,-0.013854,0.05396,900.0
5.0266E+03,0.004825,-0.013455,0.05396,900.0
5.0267E+03,0.006226,-0.012867,0.05396,900.0
5.0268E+03,0.007563,-0.012124,0.05396,900.0
5.0269E+03,0.008794,-0.011261,0.05396,900.0
5.0270E+03,0.009934,-0.010273,0.05396,900.0
5.0271E+03,0.010942,-0.009190,0.05396,900.0
5.0272E+03,0.011838,-0.008005,0.05396,900.0
5.0273E+03,0.012591,-0.006763,0.05396,900.0
5.0274E+03,0.013076,-0.005665,0.05396,900.0
5.0275E+03,0.013614,-0.004322,0.05396,900.0
5.0276E+03,0.013982,-0.002865,0.05396,900.0
5.0278E+03,0.014171,-0.001729,0.05396,900.0
5.0279E+03,0.014257,-0.000383,0.05396,900.0
5.0280E+03,0.014211,0.001102,0.05396,900.0
5.0281E+03,0.014022,0.002553,0.05396,900.0
5.0282E+03,0.013766,0.003729,0.05396,900.0
5.0283E+03,0.013404,0.004830,0.05396,900.0
5.0283E+03,0.012872,0.006122,0.05396,900.0
5.0284E+03,0.012157,0.007449,0.05396,900.0
5.0285E+03,0.011347,0.008636,0.05396,900.0
5.0286E+03,0.010329,0.009817,0.05396,900.0
5.0287E+03,0.009252,0.010834,0.05396,900.0
5.0288E+03,0.008018,0.011765,0.05396,900.0
5.0289E+03,0.006729,0.012533,0.05396,900.0
5.0290E+03,0.005388,0.013173,0.05396,900.0
5.0291E+03,0.003958,0.013662,0.05396,900.0
5.0292E+03,0.002473,0.014007,0.05396,900.0
5.0293E+03,0.000960,0.014195,0.05396,900.0
5.0295E+03,-0.000532,0.014224,0.05396,900.0
5.0296E+03,-0.001979,0.014089,0.05396,900.0
5.0297E+03,-0.003535,0.013791,0.05396,900.0
5.0298E+03,-0.004978,0.013348,0.05396,900.0
5.0299E+03,-0.006298,0.012781,0.05396,900.0
5.0300E+03,-0.007648,0.012018,0.05396,900.0
5.0300E+03,-0.008704,0.011267,0.05396,900.0
5.0301E+03,-0.009872,0.010258,0.05396,900.0
5.0302E+03,-0.010911,0.009144,0.05396,900.0
5.0303E+03,-0.011807,0.007963,0.05396,900.0
5.0304E+03,-0.012577,0.006682,0.05396,900.0
5.0305E+03,-0.013212,0.005328,0.05396,900.0
5.0306E+03,-0.013692,0.003989,0.05396,900.0
5.0307E+03,-0.013987,0.002784,0.05396,900.0
5.0308E+03,-0.014203,0.001424,0.05396,900.0
5.0309E+03,-0.014276,-0.000125,0.05396,0.0
5.0310E+03,-0.014197,-0.001548,0.05396,0.0
5.0312E+03,-0.013976,-0.002915,0.05396,0.0
5.0313E+03,-0.013670,-0.004128,0.05396,0.0
5.0314E+03,-0.013174,-0.005489,0.05396,0.0
5.0315E+03,-0.012519,-0.006862,0.05396,0.0
5.0316E+03,-0.011757,-0.008114,0.05396,0.0
5.0317E+03,-0.010996,-0.009127,0.05396,900.0
5.0317E+03,-0.010559,-0.009654,0.05396,900.0
5.0318E+03,-0.010557,-0.009653,0.05396,900.0
5.0319E+03,-0.010022,-0.009339,0.05396,900.0
5.0320E+03,-0.005206,-0.006523,0.05396,900.0
5.0321E+03,0.001643,-0.002516,0.05396,900.0
5.0322E+03,0.008536,0.001516,0.05396,900.0
5.0323E+03,0.011595,0.003305,0.05396,900.0
5.0324E+03,0.012058,0.003576,0.05396,900.0
5.0325E+03,0.012059,0.003572,0.05396,900.0
5.0326E+03,0.012229,0.002860,0.05396,900.0
5.0327E+03,0.012464,0.001513,0.05396,900.0
5.0329E+03,0.012557,0.000050,0.05396,900.0
5.0330E+03,0.012482,-0.001464,0.05396,900.0
5.0331E+03,0.012224,-0.002977,0.05396,900.0
5.0332E+03,0.011803,-0.004380,0.05396,900.0
5.0333E+03,0.011202,-0.005779,0.05396,900.0
5.0334E+03,0.010408,-0.007116,0.05396,900.0
5.0335E+03,0.009504,-0.008280,0.05396,900.0
5.0335E+03,0.008556,-0.009242,0.05396,900.0
5.0336E+03,0.007389,-0.010203,0.05396,900.0
5.0337E+03,0.006122,-0.011021,0.05396,900.0
5.0338E+03,0.004765,-0.011667,0.05396,900.0
5.0339E+03,0.003355,-0.012148,0.05396,900.0
5.0340E+03,0.001892,-0.012452,0.05396,900.0
5.0341E+03,0.000388,-0.012602,0.05396,900.0
5.0342E+03,-0.001091,-0.012556,0.05396,900.0
5.0343E+03,-0.002640,-0.012336,0.05396,900.0
5.0344E+03,-0.004029,-0.011962,0.05396,900.0
5.0346E+03,-0.005485,-0.011350,0.05396,900.0
5.0347E+03,-0.006773,-0.010634,0.05396,900.0
5.0348E+03,-0.008010,-0.009713,0.05396,900.0
5.0349E+03,-0.009105,-0.008692,0.05396,900.0
5.0350E+03,-0.010056,-0.007558,0.05396,900.0
5.0351E+03,-0.010886,-0.006306,0.05396,900.0
5.0352E+03,-0.011558,-0.004960,0.05396,900.0
5.0352E+03,-0.012026,-0.003714,0.05396,900.0
5.0353E+03,-0.012375,-0.002284,0.05396,900.0
5.0354E+03,-0.012558,-0.000762,0.05396,900.0
5.0355E+03,-0.012561,0.000766,0.05396,900.0
5.0356E+03,-0.012370,0.002284,0.05396,900.0
5.0357E+03,-0.012016,0.003705,0.05396,900.0
5.0358E+03,-0.011461,0.005141,0.05396,900.0
5.0359E+03,-0.010746,0.006462,0.05396,900.0
5.0360E+03,-0.009879,0.007721,0.05396,900.0
5.0361E+03,-0.008894,0.008833,0.05396,900.0
5.0363E+03,-0.007774,0.009827,0.05396,900.0
5.0364E+03,-0.006513,0.010704,0.05396,900.0
5.0365E+03,-0.005205,0.011403,0.05396,900.0
5.0366E+03,-0.003834,0.011934,0.05396,900.0
5.0367E+03,-0.002350,0.012318,0.05396,900.0
5.0368E+03,-0.000867,0.012512,0.05396,900.0
5.0369E+03,0.000595,0.012531,0.05396,900.0
5.0369E+03,0.002005,0.012372,0.05396,900.0
5.0370E+03,0.003442,0.012053,0.05396,900.0
5.0371E+03,0.004855,0.011556,0.05396,900.0
5.0372E+03,0.006189,0.010908,0.05396,0.0
5.0373E+03,0.007460,0.010078,0.05396,0.0
5.0374E+03,0.008634,0.009092,0.05396,0.0
5.0375E+03,0.009667,0.007990,0.05396,0.0
5.0376E+03,0.010570,0.006771,0.05396,0.0
5.0377E+03,0.011301,0.005481,0.05396,0.0
5.0378E+03,0.011863,0.004192,0.05396,0.0
5.0379E+03,0.012056,0.003583,0.05396,0.0
5.0382E+03,0.012058,0.003576,0.05396,0.0
5.0383E+03,0.012058,0.003578,0.05396,0.0
5.0384E+03,0.012058,0.003579,0.05396,0.0
5.0385E+03,0.012058,0.003580,0.05396,0.0
5.0386E+03,0.012058,0.003581,0.05396,0.0
5.0387E+03,0.012058,0.003582,0.05396,0.0
5.0387E+03,0.012058,0.003583,0.05396,0.0
5.0388E+03,0.012058,0.003584,0.05396,0.0
5.0389E+03,0.012058,0.003585,0.05396,0.0
5.0390E+03,0.012058,0.003586,0.05396,0.0
5.0391E+03,0.012058,0.003587,0.05396,0.0
5.0392E+03,0.012058,0.003588,0.05396,0.0
5.0393E+03,0.012058,0.003590,0.05396,0.0
5.0394E+03,0.012058,0.003591,0.05396,0.0
5.0395E+03,0.012058,0.003592,0.05396,0.0
5.0396E+03,0.012058,0.003593,0.05396,0.0
5.0398E+03,0.012058,0.003594,0.05396,0.0
5.0399E+03,0.012058,0.003595,0.05396,0.0
5.0400E+03,0.012058,0.003596,0.05396,0.0
5.0401E+03,0.012058,0.003598,0.05396,0.0
5.0403E+03,0.012058,0.003599,0.05396,0.0
5.0404E+03,0.012058,0.003603,0.05396,0.0
5.0404E+03,0.012058,0.003695,0.05396,0.0
5.0405E+03,0.012058,0.003634,0.05396,0.0
5.0406E+03,0.012058,0.003604,0.05396,0.0
5.0407E+03,0.012058,0.003605,0.05396,0.0
5.0408E+03,0.012058,0.003606,0.05396,0.0
5.0409E+03,0.012058,0.003607,0.05396,0.0
5.0410E+03,0.012058,0.003608,0.05396,0.0
5.0411E+03,0.012058,0.003610,0.05396,0.0
5.0413E+03,0.012058,0.003611,0.05396,0.0
5.0415E+03,0.012058,0.003612,0.05396,0.0
5.0417E+03,0.012058,-0.011981,0.05396,0.0
5.0418E+03,0.012084,-0.010968,0.05396,0.0
5.0419E+03,0.012138,-0.008869,0.05396,0.0
5.0420E+03,0.012203,-0.006349,0.05396,0.0
5.0421E+03,0.012267,-0.003868,0.05396,0.0
5.0421E+03,0.012323,-0.001677,0.05396,0.0
5.0422E+03,0.012386,0.000763,0.05396,0.0
5.0423E+03,0.012448,0.003173,0.05396,0.0
5.0424E+03,0.012511,0.005636,0.05396,0.0
5.0425E+03,0.012574,0.008094,0.05396,0.0
5.0426E+03,0.012636,0.010496,0.05396,0.0
5.0427E+03,0.012678,0.012137,0.05396,0.0
