5.0813E+03,0.012343,0.017712,0.05467,0.0
5.0814E+03,0.012343,0.017710,0.05467,0.0
5.0815E+03,0.012343,0.017709,0.05467,0.0
5.0816E+03,0.012343,0.017707,0.05467,0.0
5.0817E+03,0.012343,0.017706,0.05467,0.0
5.0817E+03,0.012343,0.017704,0.05467,0.0
5.0818E+03,0.012343,0.017703,0.05467,0.0
5.0819E+03,0.012343,0.017701,0.05467,0.0
5.0820E+03,0.012343,0.017700,0.05467,0.0
5.0821E+03,0.012343,0.017698,0.05467,0.0
5.0822E+03,0.012343,0.017696,0.05467,0.0
5.0823E+03,0.012343,0.017695,0.05467,0.0
5.0824E+03,0.012343,0.017599,0.05467,0.0
5.0825E+03,0.012343,0.017666,0.05467,0.0
5.0826E+03,0.012343,0.017690,0.05467,0.0
5.0827E+03,0.012343,0.017689,0.05467,0.0
5.0829E+03,0.012343,0.017687,0.05467,0.0
5.0830E+03,0.012343,0.017685,0.05467,0.0
5.0831E+03,0.012343,0.017684,0.05467,0.0
5.0832E+03,0.012343,0.017649,0.05467,0.0
5.0833E+03,0.012343,0.017595,0.05467,0.0
5.0834E+03,0.012343,0.017679,0.05467,0.0
5.0834E+03,0.012343,0.017678,0.05467,0.0
5.0836E+03,0.012343,0.017677,0.05467,0.0
5.0837E+03,0.012345,0.017653,0.05467,0.0
5.0838E+03,0.012369,0.017272,0.05467,0.0
5.0839E+03,0.012404,0.016731,0.05467,0.0
5.0840E+03,0.012440,0.016179,0.05467,900.0
5.0841E+03,0.012475,0.015627,0.05467,900.0
5.0842E+03,0.012511,0.015076,0.05467,900.0
5.0843E+03,0.012546,0.014524,0.05467,900.0
5.0844E+03,0.012580,0.013993,0.05467,900.0
5.0846E+03,0.012616,0.013435,0.05467,900.0
5.0847E+03,0.012652,0.012877,0.05467,900.0
5.0848E+03,0.012681,0.012427,0.05467,900.0
5.0849E+03,0.012685,0.012374,0.05467,900.0
5.0850E+03,0.012685,0.012372,0.05467,900.0
5.0851E+03,0.012491,0.012571,0.05467,900.0
5.0852E+03,0.011703,0.013284,0.05467,900.0
5.0852E+03,0.010650,0.014133,0.05467,900.0
5.0853E+03,0.009386,0.015004,0.05467,900.0
5.0854E+03,0.008080,0.015744,0.05467,900.0
5.0855E+03,0.006718,0.016381,0.05467,900.0
5.0856E+03,0.005304,0.016891,0.05467,900.0
5.0857E+03,0.003851,0.017281,0.05467,900.0
5.0858E+03,0.002401,0.017543,0.05467,900.0
5.0859E+03,0.000883,0.017678,0.05467,900.0
5.0860E+03,-0.000666,0.017683,0.05467,900.0
5.0861E+03,-0.002108,0.017570,0.05467,900.0
5.0863E+03,-0.003586,0.017329,0.05467,900.0
5.0864E+03,-0.005049,0.016957,0.05467,900.0
5.0865E+03,-0.006475,0.016465,0.05467,900.0
5.0866E+03,-0.007873,0.015848,0.05467,900.0
5.0867E+03,-0.009208,0.015120,0.05467,900.0
5.0868E+03,-0.010458,0.014282,0.05467,900.0
5.0869E+03,-0.011641,0.013341,0.05467,900.0
5.0869E+03,-0.012626,0.012428,0.05467,900.0
5.0870E+03,-0.013617,0.011336,0.05467,900.0
5.0871E+03,-0.014535,0.010121,0.05467,900.0
5.0872E+03,-0.015334,0.008862,0.05467,900.0
5.0873E+03,-0.016032,0.007525,0.05467,900.0
5.0874E+03,-0.016639,0.006088,0.05467,900.0
5.0875E+03,-0.017095,0.004639,0.05467,900.0
5.0876E+03,-0.017422,0.003228,0.05467,900.0
5.0877E+03,-0.017635,0.001766,0.05467,900.0
5.0878E+03,-0.017732,0.000200,0.05467,900.0
5.0879E+03,-0.017683,-0.001328,0.05467,900.0
5.0881E+03,-0.017526,-0.002775,0.05467,900.0
5.0882E+03,-0.017238,-0.004245,0.05467,900.0
5.0883E+03,-0.016837,-0.005647,0.05467,900.0
5.0884E+03,-0.016251,-0.007126,0.05467,900.0
5.0885E+03,-0.015575,-0.008510,0.05467,900.0
5.0886E+03,-0.014803,-0.009793,0.05467,900.0
5.0886E+03,-0.014003,-0.010904,0.05467,900.0
5.0887E+03,-0.013042,-0.012042,0.05467,900.0
5.0888E+03,-0.011999,-0.013083,0.05467,900.0
5.0889E+03,-0.010824,-0.014080,0.05467,900.0
5.0890E+03,-0.009595,-0.014956,0.05467,900.0
5.0891E+03,-0.008346,-0.015688,0.05467,900.0
5.0892E+03,-0.006961,-0.016357,0.05467,900.0
5.0893E+03,-0.005511,-0.016901,0.05467,900.0
5.0894E+03,-0.004038,-0.017306,0.05467,900.0
5.0895E+03,-0.002599,-0.017576,0.05467,900.0
5.0896E+03,-0.001080,-0.017728,0.05467,900.0
5.0898E+03,0.000356,-0.017764,0.05467,900.0
5.0899E+03,0.001830,-0.017666,0.05467,900.0
5.0900E+03,0.003389,-0.017432,0.05467,900.0
5.0901E+03,0.004884,-0.017077,0.05467,900.0
5.0902E+03,0.006268,-0.016628,0.05467,900.0
5.0903E+03,0.007638,-0.016037,0.05467,900.0
5.0903E+03,0.008849,-0.015409,0.05467,900.0
5.0904E+03,0.010122,-0.014609,0.05467,900.0
5.0905E+03,0.011356,-0.013656,0.05467,900.0
5.0906E+03,0.012478,-0.012635,0.05467,900.0
5.0907E+03,0.013507,-0.011522,0.05467,900.0
5.0908E+03,0.014425,-0.010340,0.05467,900.0
5.0909E+03,0.015228,-0.009108,0.05467,900.0
5.0910E+03,0.015948,-0.007774,0.05467,900.0
5.0911E+03,0.016558,-0.006353,0.05467,900.0
5.0912E+03,0.017039,-0.004927,0.05467,900.0
5.0913E+03,0.017396,-0.003494,0.05467,900.0
5.0915E+03,0.017617,-0.002050,0.05467,900.0
5.0916E+03,0.017728,-0.000512,0.05467,900.0
5.0917E+03,0.017711,0.000966,0.05467,900.0
5.0918E+03,0.017566,0.002473,0.05467,0.0
5.0919E+03,0.017269,0.003993,0.05467,0.0
5.0920E+03,0.016849,0.005465,0.05467,0.0
5.0921E+03,0.016352,0.006822,0.05467,0.0
5.0921E+03,0.015774,0.008050,0.05467,0.0
5.0922E+03,0.015002,0.009403,0.05467,900.0
5.0923E+03,0.014149,0.010640,0.05467,900.0
5.0924E+03,0.013284,0.011720,0.05467,900.0
5.0925E+03,0.012689,0.012368,0.05467,900.0
5.0926E+03,0.012685,0.012371,0.05467,900.0
5.0927E+03,0.012651,0.012273,0.05467,900.0
5.0928E+03,0.010929,0.007193,0.05467,900.0
5.0929E+03,0.009224,0.002162,0.05467,900.0
5.0931E+03,0.008995,0.001487,0.05467,900.0
5.0933E+03,0.009065,0.000845,0.05467,900.0
5.0934E+03,0.009079,-0.000406,0.05467,900.0
5.0935E+03,0.008896,-0.001898,0.05467,900.0
5.0936E+03,0.008476,-0.003346,0.05467,900.0
5.0937E+03,0.007835,-0.004654,0.05467,900.0
5.0938E+03,0.006985,-0.005868,0.05467,900.0
5.0938E+03,0.006048,-0.006863,0.05467,900.0
5.0939E+03,0.004774,-0.007793,0.05467,900.0
5.0940E+03,0.003493,-0.008451,0.05467,900.0
5.0941E+03,0.002059,-0.008900,0.05467,900.0
5.0942E+03,0.000583,-0.009116,0.05467,900.0
5.0943E+03,-0.000906,-0.009081,0.05467,900.0
5.0944E+03,-0.002417,-0.008791,0.05467,900.0
5.0945E+03,-0.003844,-0.008283,0.05467,900.0
5.0946E+03,-0.005125,-0.007540,0.05467,900.0
5.0947E+03,-0.006291,-0.006597,0.05467,900.0
5.0948E+03,-0.007287,-0.005488,0.05467,900.0
5.0950E+03,-0.008094,-0.004208,0.05467,900.0
5.0951E+03,-0.008682,-0.002808,0.05467,900.0
5.0952E+03,-0.009029,-0.001359,0.05467,900.0
5.0953E+03,-0.009114,0.000148,0.05467,900.0
5.0954E+03,-0.008956,0.001665,0.05467,900.0
5.0955E+03,-0.008547,0.003082,0.05467,900.0
5.0956E+03,-0.007899,0.004467,0.05467,900.0
5.0956E+03,-0.007123,0.005605,0.05467,900.0
5.0957E+03,-0.006108,0.006699,0.05467,900.0
5.0958E+03,-0.004949,0.007595,0.05467,900.0
5.0959E+03,-0.003624,0.008299,0.05467,900.0
5.0960E+03,-0.002184,0.008806,0.05467,900.0
5.0961E+03,-0.000747,0.009045,0.05467,900.0
5.0962E+03,0.000764,0.009046,0.05467,900.0
5.0963E+03,0.002263,0.008786,0.05467,0.0
5.0964E+03,0.003675,0.008300,0.05467,0.0
5.0965E+03,0.004966,0.007532,0.05467,0.0
5.0967E+03,0.006201,0.006596,0.05467,0.0
5.0968E+03,0.007234,0.005484,0.05467,900.0
5.0969E+03,0.008027,0.004228,0.05467,900.0
5.0970E+03,0.008604,0.002911,0.05467,900.0
5.0971E+03,0.008918,0.001887,0.05467,900.0
5.0972E+03,0.008995,0.001487,0.05467,900.0
5.0973E+03,0.009109,0.001676,0.05467,900.0
5.0973E+03,0.009710,0.002675,0.05467,900.0
5.0974E+03,0.013163,0.008408,0.05467,900.0
5.0975E+03,0.013395,0.008792,0.05467,900.0
5.0976E+03,0.013399,0.008799,0.05467,900.0
5.0977E+03,0.013365,0.008847,0.05467,900.0
5.0978E+03,0.012734,0.009698,0.05467,900.0
5.0979E+03,0.011834,0.010819,0.05467,900.0
5.0980E+03,0.010787,0.011857,0.05467,900.0
5.0981E+03,0.009601,0.012794,0.05467,900.0
5.0982E+03,0.008350,0.013648,0.05467,900.0
5.0983E+03,0.007029,0.014371,0.05467,900.0
5.0985E+03,0.005618,0.014978,0.05467,900.0
5.0986E+03,0.004178,0.015451,0.05467,900.0
5.0987E+03,0.002710,0.015775,0.05467,900.0
5.0988E+03,0.001180,0.015965,0.05467,900.0
5.0989E+03,-0.000314,0.015998,0.05467,900.0
5.0990E+03,-0.001816,0.015890,0.05467,900.0
5.0990E+03,-0.003140,0.015682,0.05467,900.0
5.0991E+03,-0.004601,0.015313,0.05467,900.0
5.0992E+03,-0.006036,0.014808,0.05467,900.0
5.0993E+03,-0.007387,0.014191,0.05467,900.0
5.0994E+03,-0.008670,0.013445,0.05467,900.0
5.0995E+03,-0.009958,0.012527,0.05467,900.0
5.0996E+03,-0.011087,0.011553,0.05467,900.0
5.0997E+03,-0.012118,0.010469,0.05467,900.0
5.0998E+03,-0.013031,0.009325,0.05467,900.0
5.0999E+03,-0.013862,0.008009,0.05467,900.0
5.1000E+03,-0.014537,0.006724,0.05467,900.0
5.1002E+03,-0.015110,0.005302,0.05467,900.0
5.1003E+03,-0.015550,0.003825,0.05467,900.0
5.1004E+03,-0.015842,0.002355,0.05467,900.0
5.1005E+03,-0.015997,0.000889,0.05467,900.0
5.1006E+03,-0.016012,-0.000598,0.05467,900.0
5.1007E+03,-0.015883,-0.002124,0.05467,900.0
5.1008E+03,-0.015618,-0.003641,0.05467,900.0
5.1008E+03,-0.015278,-0.004913,0.05467,900.0
5.1009E+03,-0.014787,-0.006280,0.05467,900.0
5.1010E+03,-0.014106,-0.007660,0.05467,900.0
5.1011E+03,-0.013324,-0.008952,0.05467,900.0
5.1012E+03,-0.012404,-0.010184,0.05467,900.0
5.1013E+03,-0.011404,-0.011298,0.05467,900.0
5.1014E+03,-0.010281,-0.012329,0.05467,900.0
5.1015E+03,-0.009098,-0.013230,0.05467,900.0
5.1016E+03,-0.007854,-0.014002,0.05467,900.0
5.1017E+03,-0.006517,-0.014677,0.05467,900.0
5.1018E+03,-0.005111,-0.015229,0.05467,900.0
5.1020E+03,-0.003668,-0.015650,0.05467,900.0
5.1021E+03,-0.002190,-0.015925,0.05467,900.0
5.1022E+03,-0.000664,-0.016067,0.05467,900.0
5.1023E+03,0.000875,-0.016046,0.05467,900.0
5.1024E+03,0.002327,-0.015902,0.05467,900.0
5.1025E+03,0.003823,-0.015605,0.05467,900.0
5.1025E+03,0.005111,-0.015223,0.05467,900.0
5.1026E+03,0.006552,-0.014659,0.05467,900.0
5.1027E+03,0.007920,-0.013971,0.05467,900.0
5.1028E+03,0.009163,-0.013183,0.05467,900.0
5.1029E+03,0.010358,-0.012271,0.05467,900.0
5.1030E+03,0.011438,-0.011272,0.05467,900.0
5.1031E+03,0.012469,-0.010115,0.05467,900.0
5.1032E+03,0.013379,-0.008893,0.05467,900.0
5.1033E+03,0.014076,-0.007724,0.05467,900.0
5.1034E+03,0.014543,-0.006811,0.05467,900.0
5.1035E+03,0.015077,-0.005476,0.05467,900.0
5.1037E+03,0.015522,-0.004030,0.05467,900.0
5.1038E+03,0.015827,-0.002554,0.05467,900.0
5.1039E+03,0.015985,-0.001057,0.05467,0.0
5.1040E+03,0.016017,0.000466,0.05467,0.0
5.1041E+03,0.015895,0.001987,0.05467,0.0
5.1042E+03,0.015639,0.003450,0.05467,0.0
5.1043E+03,0.015257,0.004886,0.05467,900.0
5.1043E+03,0.014777,0.006196,0.05467,900.0
5.1044E+03,0.014165,0.007493,0.05467,900.0
5.1045E+03,0.013475,0.008672,0.05467,900.0
5.1046E+03,0.013401,0.008796,0.05467,900.0
5.1047E+03,0.013399,0.008799,0.05467,900.0
5.1048E+03,0.012115,0.005500,0.05467,900.0
5.1049E+03,0.010961,0.002536,0.05467,900.0
5.1050E+03,0.010669,0.001785,0.05467,900.0
5.1051E+03,0.010669,0.001782,0.05467,900.0
5.1052E+03,0.010715,0.001366,0.05467,900.0
5.1054E+03,0.010798,0.000094,0.05467,900.0
5.1055E+03,0.010716,-0.001453,0.05467,900.0
5.1056E+03,0.010423,-0.002930,0.05467,900.0
5.1057E+03,0.009922,-0.004356,0.05467,900.0
5.1058E+03,0.009220,-0.005696,0.05467,900.0
5.1059E+03,0.008344,-0.006909,0.05467,900.0
5.1060E+03,0.007278,-0.008025,0.05467,900.0
5.1060E+03,0.006227,-0.008863,0.05467,900.0
5.1061E+03,0.004957,-0.009622,0.05467,900.0
5.1062E+03,0.003567,-0.010220,0.05467,900.0
5.1063E+03,0.002116,-0.010625,0.05467,900.0
5.1064E+03,0.000670,-0.010830,0.05467,900.0
5.1065E+03,-0.000841,-0.010803,0.05467,900.0
5.1066E+03,-0.002383,-0.010582,0.05467,900.0
5.1067E+03,-0.003839,-0.010158,0.05467,900.0
5.1068E+03,-0.005225,-0.009518,0.05467,900.0
5.1069E+03,-0.006462,-0.008713,0.05467,900.0
5.1070E+03,-0.007559,-0.007761,0.05467,900.0
5.1072E+03,-0.008565,-0.006607,0.05467,900.0
5.1073E+03,-0.009406,-0.005335,0.05467,900.0
5.1074E+03,-0.010045,-0.004010,0.05467,900.0
5.1075E+03,-0.010495,-0.002573,0.05467,900.0
5.1076E+03,-0.010746,-0.001059,0.05467,900.0
5.1077E+03,-0.010790,0.000436,0.05467,900.0
5.1077E+03,-0.010653,0.001776,0.05467,900.0
5.1078E+03,-0.010322,0.003241,0.05467,900.0
5.1079E+03,-0.009777,0.004629,0.05467,900.0
5.1080E+03,-0.009043,0.005889,0.05467,900.0
5.1081E+03,-0.008106,0.007103,0.05467,900.0
5.1082E+03,-0.007027,0.008175,0.05467,900.0
5.1083E+03,-0.005824,0.009059,0.05467,900.0
5.1084E+03,-0.004506,0.009775,0.05467,900.0
5.1085E+03,-0.003090,0.010306,0.05467,900.0
5.1086E+03,-0.001620,0.010640,0.05467,900.0
5.1087E+03,-0.000112,0.010763,0.05467,900.0
5.1089E+03,0.001416,0.010675,0.05467,900.0
5.1090E+03,0.002883,0.010382,0.05467,900.0
5.1091E+03,0.004243,0.009907,0.05467,0.0
5.1092E+03,0.005655,0.009187,0.05467,0.0
5.1093E+03,0.006892,0.008312,0.05467,0.0
5.1094E+03,0.007931,0.007316,0.05467,0.0
5.1094E+03,0.008775,0.006257,0.05467,0.0
5.1095E+03,0.009575,0.004937,0.05467,900.0
5.1096E+03,0.010177,0.003574,0.05467,900.0
5.1097E+03,0.010545,0.002357,0.05467,900.0
5.1098E+03,0.010669,0.001785,0.05467,900.0
5.1099E+03,0.010668,0.001789,0.05467,900.0
5.1100E+03,0.010177,0.003113,0.05467,900.0
5.1101E+03,0.008127,0.008645,0.05467,900.0
5.1104E+03,0.006628,0.012690,0.05467,900.0
5.1106E+03,0.006232,0.012882,0.05467,900.0
5.1107E+03,0.005024,0.013380,0.05467,900.0
5.1108E+03,0.003634,0.013821,0.05467,900.0
5.1109E+03,0.002183,0.014122,0.05467,900.0
5.1110E+03,0.000692,0.014269,0.05467,900.0
5.1111E+03,-0.000807,0.014264,0.05467,900.0
5.1112E+03,-0.002323,0.014099,0.05467,900.0
5.1112E+03,-0.003680,0.013820,0.05467,900.0
5.1113E+03,-0.005127,0.013358,0.05467,900.0
5.1114E+03,-0.006455,0.012765,0.05467,900.0
5.1115E+03,-0.007803,0.011994,0.05467,900.0
5.1116E+03,-0.009019,0.011106,0.05467,900.0
5.1117E+03,-0.010157,0.010074,0.05467,900.0
5.1118E+03,-0.011155,0.008948,0.05467,900.0
5.1119E+03,-0.011992,0.007800,0.05467,900.0
5.1120E+03,-0.012584,0.006831,0.05467,900.0
5.1121E+03,-0.013065,0.005847,0.05467,900.0
5.1123E+03,-0.013538,0.004650,0.05467,900.0
5.1124E+03,-0.013898,0.003476,0.05467,900.0
5.1125E+03,-0.014122,0.002464,0.05467,900.0
5.1126E+03,-0.014258,0.001458,0.05467,900.0
5.1127E+03,-0.014337,-0.000029,0.05467,900.0
5.1128E+03,-0.014264,-0.001533,0.05467,900.0
5.1129E+03,-0.014129,-0.002510,0.05467,900.0
5.1129E+03,-0.013936,-0.003398,0.05467,900.0
5.1130E+03,-0.013578,-0.004602,0.05467,900.0
5.1131E+03,-0.013109,-0.005818,0.05467,900.0
5.1132E+03,-0.012635,-0.006807,0.05467,900.0
5.1133E+03,-0.012056,-0.007771,0.05467,900.0
5.1134E+03,-0.011229,-0.008935,0.05467,900.0
5.1135E+03,-0.010207,-0.010094,0.05467,900.0
5.1136E+03,-0.009136,-0.011076,0.05467,900.0
5.1137E+03,-0.007855,-0.012036,0.05467,900.0
5.1138E+03,-0.006559,-0.012793,0.05467,900.0
5.1139E+03,-0.005192,-0.013397,0.05467,900.0
5.1141E+03,-0.003803,-0.013857,0.05467,900.0
5.1142E+03,-0.002404,-0.014173,0.05467,900.0
5.1143E+03,-0.000841,-0.014337,0.05467,900.0
5.1144E+03,0.000668,-0.014344,0.05467,900.0
5.1145E+03,0.002165,-0.014192,0.05467,900.0
5.1146E+03,0.003682,-0.013875,0.05467,900.0
5.1146E+03,0.004990,-0.013477,0.05467,900.0
5.1147E+03,0.006349,-0.012883,0.05467,900.0
5.1148E+03,0.007658,-0.012162,0.05467,900.0
5.1149E+03,0.008904,-0.011279,0.05467,900.0
5.1150E+03,0.009978,-0.010334,0.05467,900.0
5.1151E+03,0.011017,-0.009199,0.05467,900.0
5.1152E+03,0.011927,-0.007969,0.05467,900.0
5.1153E+03,0.012670,-0.006718,0.05467,900.0
5.1154E+03,0.013269,-0.005433,0.05467,900.0
5.1155E+03,0.013711,-0.004183,0.05467,900.0
5.1156E+03,0.014040,-0.002843,0.05467,900.0
5.1158E+03,0.014262,-0.001362,0.05467,900.0
5.1159E+03,0.014319,0.000123,0.05467,900.0
5.1160E+03,0.014228,0.001680,0.05467,900.0
5.1161E+03,0.013977,0.003131,0.05467,900.0
5.1162E+03,0.013590,0.004541,0.05467,900.0
5.1163E+03,0.013126,0.005739,0.05467,0.0
5.1163E+03,0.012564,0.006852,0.05467,0.0
5.1164E+03,0.011788,0.008100,0.05467,0.0
5.1165E+03,0.010911,0.009250,0.05467,0.0
5.1166E+03,0.009972,0.010248,0.05467,0.0
5.1167E+03,0.009053,0.011077,0.05467,900.0
5.1168E+03,0.008004,0.011843,0.05467,900.0
5.1169E+03,0.006961,0.012505,0.05467,900.0
5.1170E+03,0.006628,0.012690,0.05467,900.0
5.1171E+03,0.006675,0.012604,0.05467,900.0
5.1172E+03,0.007421,0.011217,0.05467,900.0
5.1173E+03,0.011162,0.004275,0.05467,900.0
5.1175E+03,0.012229,0.002296,0.05467,900.0
5.1176E+03,0.012343,0.002083,0.05467,900.0
5.1177E+03,0.012347,0.002060,0.05467,900.0
5.1178E+03,0.012456,0.001047,0.05467,900.0
5.1179E+03,0.012490,-0.000375,0.05467,900.0
5.1180E+03,0.012363,-0.001868,0.05467,900.0
5.1181E+03,0.012050,-0.003379,0.05467,900.0
5.1181E+03,0.011623,-0.004659,0.05467,900.0
5.1182E+03,0.011008,-0.005994,0.05467,900.0
5.1183E+03,0.010224,-0.007270,0.05467,900.0
5.1184E+03,0.009287,-0.008443,0.05467,900.0
5.1185E+03,0.008197,-0.009502,0.05467,900.0
5.1186E+03,0.007007,-0.010415,0.05467,900.0
5.1187E+03,0.005726,-0.011159,0.05467,900.0
5.1188E+03,0.004299,-0.011776,0.05467,900.0
5.1189E+03,0.002840,-0.012205,0.05467,900.0
5.1190E+03,0.001359,-0.012462,0.05467,900.0
5.1191E+03,-0.000139,-0.012533,0.05467,900.0
5.1193E+03,-0.001638,-0.012427,0.05467,900.0
5.1194E+03,-0.003121,-0.012144,0.05467,900.0
5.1195E+03,-0.004511,-0.011701,0.05467,900.0
5.1196E+03,-0.005901,-0.011072,0.05467,900.0
5.1197E+03,-0.007210,-0.010272,0.05467,900.0
5.1198E+03,-0.008323,-0.009386,0.05467,900.0
5.1198E+03,-0.009275,-0.008428,0.05467,900.0
5.1199E+03,-0.010243,-0.007203,0.05467,900.0
5.1200E+03,-0.011058,-0.005892,0.05467,900.0
5.1201E+03,-0.011676,-0.004510,0.05467,900.0
5.1202E+03,-0.012130,-0.003072,0.05467,900.0
5.1203E+03,-0.012403,-0.001628,0.05467,900.0
5.1204E+03,-0.012502,-0.000179,0.05467,900.0
5.1205E+03,-0.012438,0.001366,0.05467,900.0
5.1206E+03,-0.012172,0.002884,0.05467,900.0
5.1207E+03,-0.011767,0.004248,0.05467,900.0
5.1208E+03,-0.011178,0.005616,0.05467,900.0
5.1210E+03,-0.010395,0.006930,0.05467,900.0
5.1211E+03,-0.009423,0.008178,0.05467,900.0
5.1212E+03,-0.008389,0.009234,0.05467,900.0
5.1213E+03,-0.007206,0.010176,0.05467,900.0
5.1214E+03,-0.005968,0.010950,0.05467,900.0
5.1215E+03,-0.004635,0.011574,0.05467,900.0
5.1216E+03,-0.003193,0.012056,0.05467,900.0
5.1216E+03,-0.001848,0.012332,0.05467,900.0
5.1217E+03,-0.000305,0.012469,0.05467,900.0
5.1218E+03,0.001197,0.012440,0.05467,900.0
5.1219E+03,0.002648,0.012211,0.05467,900.0
5.1220E+03,0.004087,0.011808,0.05467,900.0
5.1221E+03,0.005455,0.011232,0.05467,900.0
5.1222E+03,0.006791,0.010461,0.05467,0.0
5.1223E+03,0.008040,0.009537,0.05467,0.0
5.1224E+03,0.009151,0.008486,0.05467,0.0
5.1225E+03,0.010083,0.007359,0.05467,0.0
5.1226E+03,0.010871,0.006129,0.05467,0.0
5.1228E+03,0.011538,0.004766,0.05467,0.0
5.1229E+03,0.012037,0.003338,0.05467,0.0
5.1230E+03,0.012332,0.002143,0.05467,0.0
5.1232E+03,0.012343,0.002083,0.05467,0.0
5.1233E+03,0.012343,0.002084,0.05467,0.0
5.1233E+03,0.012343,0.002086,0.05467,0.0
5.1234E+03,0.012343,0.002087,0.05467,0.0
5.1236E+03,0.012343,0.002088,0.05467,0.0
5.1237E+03,0.012343,0.002090,0.05467,0.0
5.1238E+03,0.012343,0.002091,0.05467,0.0
5.1240E+03,0.012343,0.002092,0.05467,0.0
5.1241E+03,0.012343,0.002094,0.05467,0.0
5.1242E+03,0.012343,0.002095,0.05467,0.0
5.1243E+03,0.012343,0.002096,0.05467,0.0
5.1245E+03,0.012343,0.002097,0.05467,0.0
5.1246E+03,0.012343,0.002098,0.05467,0.0
5.1247E+03,0.012343,0.002099,0.05467,0.0
5.1248E+03,0.012343,0.002100,0.05467,0.0
5.1249E+03,0.012343,0.002101,0.05467,0.0
5.1250E+03,0.012343,0.002102,0.05467,0.0
5.1251E+03,0.012343,0.002104,0.05467,0.0
5.1251E+03,0.012343,0.002105,0.05467,0.0
5.1252E+03,0.012343,0.002106,0.05467,0.0
5.1253E+03,0.012343,0.002107,0.05467,0.0
5.1254E+03,0.012343,0.002108,0.05467,0.0
5.1255E+03,0.012343,0.002109,0.05467,0.0
5.1256E+03,0.012343,0.002110,0.05467,0.0
5.1257E+03,0.012343,0.002112,0.05467,0.0
5.1258E+03,0.012343,0.002113,0.05467,0.0
5.1259E+03,0.012343,0.002114,0.05467,0.0
5.1260E+03,0.012343,0.002115,0.05467,0.0
5.1261E+03,0.012343,0.002116,0.05467,0.0
5.1263E+03,0.012343,0.002117,0.05467,0.0
5.1265E+03,0.012343,0.002119,0.05467,0.0
5.1268E+03,0.012343,-0.013474,0.05467,0.0
5.1268E+03,0.012397,-0.012040,0.05467,0.0
5.1269E+03,0.012491,-0.009580,0.05467,0.0
5.1270E+03,0.012585,-0.007091,0.05467,0.0
5.1271E+03,0.012681,-0.004569,0.05467,0.0
5.1272E+03,0.012777,-0.002063,0.05467,0.0
5.1273E+03,0.012870,0.000387,0.05467,0.0
5.1274E+03,0.012966,0.002927,0.05467,0.0
5.1275E+03,0.013063,0.005474,0.05467,0.0
5.1276E+03,0.013157,0.007951,0.05467,0.0
5.1277E+03,0.013256,0.010569,0.05467,0.0
