3.4789E+03,-0.003214,0.027806,0.03976,0.0
3.4790E+03,-0.003214,0.027805,0.03976,0.0
3.4791E+03,-0.003214,0.027803,0.03976,0.0
3.4792E+03,-0.003214,0.027802,0.03976,0.0
3.4793E+03,-0.003214,0.027800,0.03976,0.0
3.4794E+03,-0.003214,0.027798,0.03976,0.0
3.4795E+03,-0.003214,0.027796,0.03976,0.0
3.4796E+03,-0.003214,0.027795,0.03976,0.0
3.4797E+03,-0.003214,0.027793,0.03976,0.0
3.4798E+03,-0.003214,0.027791,0.03976,0.0
3.4799E+03,-0.003214,0.027789,0.03976,0.0
3.4800E+03,-0.003214,0.027787,0.03976,0.0
3.4801E+03,-0.003214,0.027786,0.03976,0.0
3.4802E+03,-0.003214,0.027784,0.03976,0.0
3.4803E+03,-0.003214,0.027782,0.03976,0.0
3.4804E+03,-0.003214,0.027781,0.03976,0.0
3.4805E+03,-0.003214,0.027780,0.03976,0.0
3.4806E+03,-0.003214,0.027777,0.03976,0.0
3.4807E+03,-0.003214,0.027775,0.03976,0.0
3.4808E+03,-0.003214,0.027774,0.03976,0.0
3.4809E+03,-0.003214,0.027772,0.03976,0.0
3.4811E+03,-0.003214,0.027771,0.03976,0.0
3.4812E+03,-0.003208,0.027762,0.03976,0.0
3.4813E+03,-0.002859,0.027295,0.03976,0.0
3.4814E+03,-0.001360,0.025290,0.03976,0.0
3.4815E+03,0.000517,0.022780,0.03976,0.0
3.4816E+03,0.002288,0.020410,0.03976,900.0
3.4817E+03,0.004091,0.017999,0.03976,900.0
3.4818E+03,0.005959,0.015501,0.03976,900.0
3.4819E+03,0.007827,0.013002,0.03976,900.0
3.4820E+03,0.009609,0.010619,0.03976,900.0
3.4821E+03,0.011402,0.008221,0.03976,900.0
3.4822E+03,0.013066,0.005995,0.03976,900.0
3.4823E+03,0.014774,0.003710,0.03976,900.0
3.4824E+03,0.015759,0.002392,0.03976,900.0
3.4825E+03,0.015765,0.002384,0.03976,900.0
3.4826E+03,0.015760,0.002411,0.03976,900.0
3.4827E+03,0.015700,0.002701,0.03976,900.0
3.4828E+03,0.015388,0.004124,0.03976,900.0
3.4829E+03,0.014920,0.005570,0.03976,900.0
3.4830E+03,0.014355,0.006878,0.03976,900.0
3.4831E+03,0.013630,0.008204,0.03976,900.0
3.4832E+03,0.012761,0.009489,0.03976,900.0
3.4833E+03,0.011917,0.010534,0.03976,900.0
3.4834E+03,0.011120,0.011369,0.03976,900.0
3.4835E+03,0.010177,0.012208,0.03976,900.0
3.4836E+03,0.009175,0.012988,0.03976,900.0
3.4837E+03,0.008199,0.013614,0.03976,900.0
3.4838E+03,0.006877,0.014335,0.03976,900.0
3.4839E+03,0.005477,0.014929,0.03976,900.0
3.4840E+03,0.004147,0.015356,0.03976,900.0
3.4841E+03,0.002735,0.015664,0.03976,900.0
3.4842E+03,0.001247,0.015847,0.03976,900.0
3.4843E+03,-0.000256,0.015890,0.03976,900.0
3.4844E+03,-0.001411,0.015838,0.03976,900.0
3.4845E+03,-0.002668,0.015664,0.03976,900.0
3.4846E+03,-0.004105,0.015345,0.03976,900.0
3.4847E+03,-0.005473,0.014920,0.03976,900.0
3.4848E+03,-0.006648,0.014443,0.03976,900.0
3.4849E+03,-0.007759,0.013875,0.03976,900.0
3.4850E+03,-0.009050,0.013079,0.03976,900.0
3.4851E+03,-0.010302,0.012123,0.03976,900.0
3.4852E+03,-0.011428,0.011083,0.03976,900.0
3.4853E+03,-0.012375,0.010005,0.03976,900.0
3.4854E+03,-0.013270,0.008779,0.03976,900.0
3.4855E+03,-0.014046,0.007467,0.03976,900.0
3.4856E+03,-0.014702,0.006073,0.03976,900.0
3.4857E+03,-0.015163,0.004829,0.03976,900.0
3.4858E+03,-0.015548,0.003402,0.03976,900.0
3.4859E+03,-0.015807,0.001909,0.03976,900.0
3.4860E+03,-0.015919,0.000428,0.03976,900.0
3.4861E+03,-0.015898,-0.001140,0.03976,900.0
3.4862E+03,-0.015731,-0.002564,0.03976,900.0
3.4863E+03,-0.015424,-0.004073,0.03976,900.0
3.4864E+03,-0.014978,-0.005471,0.03976,900.0
3.4865E+03,-0.014355,-0.006936,0.03976,900.0
3.4866E+03,-0.013638,-0.008267,0.03976,900.0
3.4867E+03,-0.012836,-0.009462,0.03976,900.0
3.4868E+03,-0.011905,-0.010613,0.03976,900.0
3.4869E+03,-0.010836,-0.011703,0.03976,900.0
3.4870E+03,-0.009664,-0.012688,0.03976,900.0
3.4871E+03,-0.008412,-0.013563,0.03976,900.0
3.4872E+03,-0.007155,-0.014270,0.03976,900.0
3.4873E+03,-0.006030,-0.014792,0.03976,900.0
3.4874E+03,-0.005054,-0.015189,0.03976,900.0
3.4875E+03,-0.003571,-0.015568,0.03976,900.0
3.4876E+03,-0.002054,-0.015834,0.03976,900.0
3.4877E+03,-0.001045,-0.015944,0.03976,900.0
3.4878E+03,0.000374,-0.015958,0.03976,900.0
3.4879E+03,0.001835,-0.015857,0.03976,900.0
3.4880E+03,0.003297,-0.015615,0.03976,900.0
3.4881E+03,0.004771,-0.015227,0.03976,900.0
3.4882E+03,0.006202,-0.014701,0.03976,900.0
3.4883E+03,0.007578,-0.014043,0.03976,900.0
3.4884E+03,0.008807,-0.013314,0.03976,900.0
3.4885E+03,0.009661,-0.012707,0.03976,900.0
3.4886E+03,0.010677,-0.011864,0.03976,900.0
3.4887E+03,0.011538,-0.011036,0.03976,900.0
3.4888E+03,0.012349,-0.010113,0.03976,900.0
3.4889E+03,0.013210,-0.008937,0.03976,900.0
3.4890E+03,0.014007,-0.007609,0.03976,900.0
3.4891E+03,0.014598,-0.006410,0.03976,0.0
3.4892E+03,0.015120,-0.005035,0.03976,0.0
3.4893E+03,0.015520,-0.003581,0.03976,0.0
3.4894E+03,0.015798,-0.002096,0.03976,0.0
3.4895E+03,0.015923,-0.000759,0.03976,0.0
3.4896E+03,0.015941,0.000190,0.03976,900.0
3.4897E+03,0.015891,0.001228,0.03976,900.0
3.4898E+03,0.015765,0.002381,0.03976,900.0
3.4900E+03,0.015765,0.002384,0.03976,900.0
3.4901E+03,0.011572,0.004228,0.03976,900.0
3.4902E+03,0.005057,0.007093,0.03976,900.0
3.4903E+03,-0.000731,0.009637,0.03976,900.0
3.4904E+03,-0.002771,0.010535,0.03976,900.0
3.4905E+03,-0.002772,0.010535,0.03976,900.0
3.4906E+03,-0.002440,0.010606,0.03976,900.0
3.4907E+03,-0.001357,0.010775,0.03976,900.0
3.4908E+03,0.000167,0.010878,0.03976,900.0
3.4909E+03,0.001516,0.010781,0.03976,900.0
3.4910E+03,0.002919,0.010488,0.03976,900.0
3.4911E+03,0.004380,0.009963,0.03976,900.0
3.4912E+03,0.005723,0.009251,0.03976,900.0
3.4913E+03,0.006898,0.008406,0.03976,900.0
3.4914E+03,0.007998,0.007365,0.03976,900.0
3.4915E+03,0.008952,0.006177,0.03976,900.0
3.4916E+03,0.009721,0.004893,0.03976,900.0
3.4917E+03,0.010302,0.003512,0.03976,900.0
3.4918E+03,0.010700,0.002068,0.03976,900.0
3.4919E+03,0.010884,0.000576,0.03976,900.0
3.4920E+03,0.010869,-0.000983,0.03976,900.0
3.4921E+03,0.010662,-0.002419,0.03976,900.0
3.4922E+03,0.010234,-0.003864,0.03976,900.0
3.4923E+03,0.009597,-0.005245,0.03976,900.0
3.4924E+03,0.008775,-0.006521,0.03976,900.0
3.4925E+03,0.007794,-0.007658,0.03976,900.0
3.4926E+03,0.006790,-0.008553,0.03976,900.0
3.4927E+03,0.005573,-0.009403,0.03976,900.0
3.4928E+03,0.004230,-0.010080,0.03976,900.0
3.4929E+03,0.002780,-0.010575,0.03976,900.0
3.4930E+03,0.001295,-0.010864,0.03976,900.0
3.4931E+03,-0.000195,-0.010957,0.03976,900.0
3.4932E+03,-0.001707,-0.010816,0.03976,900.0
3.4933E+03,-0.003213,-0.010477,0.03976,900.0
3.4934E+03,-0.004611,-0.009932,0.03976,900.0
3.4935E+03,-0.005856,-0.009253,0.03976,900.0
3.4936E+03,-0.007066,-0.008339,0.03976,900.0
3.4937E+03,-0.008148,-0.007282,0.03976,900.0
3.4938E+03,-0.009057,-0.006109,0.03976,900.0
3.4939E+03,-0.009809,-0.004769,0.03976,900.0
3.4940E+03,-0.010379,-0.003368,0.03976,900.0
3.4941E+03,-0.010731,-0.001933,0.03976,900.0
3.4942E+03,-0.010894,-0.000423,0.03976,900.0
3.4943E+03,-0.010862,0.000936,0.03976,900.0
3.4944E+03,-0.010633,0.002481,0.03976,900.0
3.4945E+03,-0.010203,0.003865,0.03976,0.0
3.4946E+03,-0.009586,0.005187,0.03976,0.0
3.4947E+03,-0.008755,0.006474,0.03976,0.0
3.4948E+03,-0.007749,0.007618,0.03976,0.0
3.4949E+03,-0.006634,0.008615,0.03976,0.0
3.4950E+03,-0.005347,0.009452,0.03976,900.0
3.4951E+03,-0.004007,0.010101,0.03976,900.0
3.4952E+03,-0.003042,0.010457,0.03976,900.0
3.4953E+03,-0.002772,0.010535,0.03976,900.0
3.4954E+03,-0.002380,0.010427,0.03976,900.0
3.4955E+03,0.000183,0.009722,0.03976,900.0
3.4956E+03,0.007495,0.007711,0.03976,900.0
3.4957E+03,0.012706,0.006277,0.03976,900.0
3.4958E+03,0.012781,0.006256,0.03976,900.0
3.4959E+03,0.012782,0.006256,0.03976,900.0
3.4960E+03,0.012621,0.006563,0.03976,900.0
3.4961E+03,0.012073,0.007484,0.03976,900.0
3.4962E+03,0.011224,0.008695,0.03976,900.0
3.4963E+03,0.010274,0.009801,0.03976,900.0
3.4964E+03,0.009330,0.010710,0.03976,900.0
3.4965E+03,0.008444,0.011414,0.03976,900.0
3.4966E+03,0.007365,0.012144,0.03976,900.0
3.4967E+03,0.006266,0.012743,0.03976,900.0
3.4968E+03,0.004864,0.013346,0.03976,900.0
3.4969E+03,0.003498,0.013771,0.03976,900.0
3.4970E+03,0.001953,0.014058,0.03976,900.0
3.4971E+03,0.000493,0.014184,0.03976,900.0
3.4972E+03,-0.000998,0.014153,0.03976,900.0
3.4973E+03,-0.002505,0.013959,0.03976,900.0
3.4974E+03,-0.003994,0.013608,0.03976,900.0
3.4975E+03,-0.005419,0.013108,0.03976,900.0
3.4976E+03,-0.006785,0.012459,0.03976,900.0
3.4977E+03,-0.007981,0.011756,0.03976,900.0
3.4978E+03,-0.009158,0.010858,0.03976,900.0
3.4979E+03,-0.010225,0.009873,0.03976,900.0
3.4980E+03,-0.011225,0.008726,0.03976,900.0
3.4981E+03,-0.012088,0.007478,0.03976,900.0
3.4982E+03,-0.012822,0.006125,0.03976,900.0
3.4983E+03,-0.013386,0.004777,0.03976,900.0
3.4984E+03,-0.013820,0.003319,0.03976,900.0
3.4985E+03,-0.014099,0.001808,0.03976,900.0
3.4986E+03,-0.014216,0.000300,0.03976,900.0
3.4987E+03,-0.014175,-0.001188,0.03976,900.0
3.4988E+03,-0.013988,-0.002645,0.03976,900.0
3.4989E+03,-0.013632,-0.004096,0.03976,900.0
3.4990E+03,-0.013109,-0.005572,0.03976,900.0
3.4991E+03,-0.012460,-0.006918,0.03976,900.0
3.4992E+03,-0.011680,-0.008183,0.03976,900.0
3.4993E+03,-0.010776,-0.009329,0.03976,900.0
3.4994E+03,-0.009731,-0.010422,0.03976,900.0
3.4995E+03,-0.008673,-0.011306,0.03976,900.0
3.4996E+03,-0.007395,-0.012181,0.03976,900.0
3.4997E+03,-0.006046,-0.012905,0.03976,900.0
3.4998E+03,-0.004668,-0.013470,0.03976,900.0
3.4999E+03,-0.003241,-0.013882,0.03976,900.0
3.5000E+03,-0.001748,-0.014154,0.03976,900.0
3.5001E+03,-0.000264,-0.014264,0.03976,900.0
3.5002E+03,0.001181,-0.014218,0.03976,900.0
3.5003E+03,0.002689,-0.014018,0.03976,900.0
3.5004E+03,0.004143,-0.013661,0.03976,900.0
3.5005E+03,0.005565,-0.013138,0.03976,900.0
3.5006E+03,0.006931,-0.012466,0.03976,900.0
3.5007E+03,0.007902,-0.011878,0.03976,900.0
3.5008E+03,0.008997,-0.011045,0.03976,900.0
3.5009E+03,0.010097,-0.010052,0.03976,900.0
3.5010E+03,0.011092,-0.008934,0.03976,900.0
3.5011E+03,0.011988,-0.007685,0.03976,900.0
3.5012E+03,0.012666,-0.006499,0.03976,900.0
3.5013E+03,0.013252,-0.005136,0.03976,900.0
3.5014E+03,0.013742,-0.003764,0.03976,0.0
3.5015E+03,0.014069,-0.002268,0.03976,0.0
3.5016E+03,0.014194,-0.001203,0.03976,0.0
3.5017E+03,0.014221,0.000258,0.03976,0.0
3.5018E+03,0.014150,0.001482,0.03976,0.0
3.5019E+03,0.013966,0.002698,0.03976,0.0
3.5020E+03,0.013604,0.004105,0.03976,900.0
3.5021E+03,0.013114,0.005470,0.03976,900.0
3.5022E+03,0.012800,0.006218,0.03976,900.0
3.5023E+03,0.012782,0.006256,0.03976,900.0
3.5024E+03,0.011851,0.006601,0.03976,900.0
3.5025E+03,0.007858,0.008111,0.03976,900.0
3.5026E+03,0.001109,0.010778,0.03976,900.0
3.5027E+03,-0.003080,0.012134,0.03976,900.0
3.5029E+03,-0.003214,0.012177,0.03976,900.0
3.5030E+03,-0.002483,0.012331,0.03976,900.0
3.5031E+03,-0.001222,0.012505,0.03976,900.0
3.5032E+03,0.000281,0.012559,0.03976,900.0
3.5033E+03,0.001775,0.012447,0.03976,900.0
3.5034E+03,0.003256,0.012143,0.03976,900.0
3.5035E+03,0.004722,0.011653,0.03976,900.0
3.5036E+03,0.006041,0.011039,0.03976,900.0
3.5037E+03,0.007286,0.010262,0.03976,900.0
3.5038E+03,0.008507,0.009284,0.03976,900.0
3.5039E+03,0.009517,0.008252,0.03976,900.0
3.5040E+03,0.010457,0.007016,0.03976,900.0
3.5041E+03,0.011231,0.005705,0.03976,900.0
3.5042E+03,0.011836,0.004308,0.03976,900.0
3.5043E+03,0.012255,0.002916,0.03976,900.0
3.5044E+03,0.012507,0.001463,0.03976,900.0
3.5045E+03,0.012596,-0.000072,0.03976,900.0
3.5046E+03,0.012525,-0.001462,0.03976,900.0
3.5047E+03,0.012277,-0.002952,0.03976,900.0
3.5048E+03,0.011841,-0.004392,0.03976,900.0
3.5049E+03,0.011282,-0.005699,0.03976,900.0
3.5050E+03,0.010505,-0.007041,0.03976,900.0
3.5051E+03,0.009568,-0.008253,0.03976,900.0
3.5052E+03,0.008536,-0.009309,0.03976,900.0
3.5053E+03,0.007389,-0.010250,0.03976,900.0
3.5054E+03,0.006108,-0.011061,0.03976,900.0
3.5055E+03,0.004729,-0.011718,0.03976,900.0
3.5056E+03,0.003305,-0.012202,0.03976,900.0
3.5057E+03,0.001836,-0.012499,0.03976,900.0
3.5058E+03,0.000336,-0.012637,0.03976,900.0
3.5059E+03,-0.001162,-0.012581,0.03976,900.0
3.5060E+03,-0.002684,-0.012365,0.03976,900.0
3.5061E+03,-0.004074,-0.011985,0.03976,900.0
3.5062E+03,-0.005473,-0.011414,0.03976,900.0
3.5063E+03,-0.006680,-0.010741,0.03976,900.0
3.5064E+03,-0.007939,-0.009829,0.03976,900.0
3.5065E+03,-0.009054,-0.008790,0.03976,900.0
3.5066E+03,-0.010017,-0.007685,0.03976,900.0
3.5067E+03,-0.010846,-0.006450,0.03976,900.0
3.5068E+03,-0.011539,-0.005106,0.03976,900.0
3.5069E+03,-0.012065,-0.003689,0.03976,900.0
3.5070E+03,-0.012421,-0.002212,0.03976,900.0
3.5071E+03,-0.012593,-0.000740,0.03976,900.0
3.5072E+03,-0.012589,0.000777,0.03976,900.0
3.5073E+03,-0.012428,0.002294,0.03976,900.0
3.5074E+03,-0.012045,0.003758,0.03976,900.0
3.5075E+03,-0.011525,0.005111,0.03976,0.0
3.5076E+03,-0.010809,0.006458,0.03976,0.0
3.5077E+03,-0.009937,0.007728,0.03976,0.0
3.5078E+03,-0.008965,0.008823,0.03976,0.0
3.5079E+03,-0.007817,0.009837,0.03976,0.0
3.5080E+03,-0.006705,0.010635,0.03976,0.0
3.5081E+03,-0.005413,0.011345,0.03976,0.0
3.5082E+03,-0.004066,0.011914,0.03976,0.0
3.5085E+03,-0.003214,0.012177,0.03976,0.0
3.5086E+03,-0.003214,0.012178,0.03976,0.0
3.5087E+03,-0.003214,0.012180,0.03976,0.0
3.5088E+03,-0.003214,0.012181,0.03976,0.0
3.5089E+03,-0.003214,0.012182,0.03976,0.0
3.5090E+03,-0.003214,0.012183,0.03976,0.0
3.5091E+03,-0.003214,0.012184,0.03976,0.0
3.5092E+03,-0.003214,0.012185,0.03976,0.0
3.5093E+03,-0.003214,0.012186,0.03976,0.0
3.5094E+03,-0.003214,0.012187,0.03976,0.0
3.5095E+03,-0.003214,0.012189,0.03976,0.0
3.5096E+03,-0.003214,0.012190,0.03976,0.0
3.5097E+03,-0.003214,0.012191,0.03976,0.0
3.5098E+03,-0.003214,0.012192,0.03976,0.0
3.5099E+03,-0.003214,0.012193,0.03976,0.0
3.5100E+03,-0.003214,0.012194,0.03976,0.0
3.5101E+03,-0.003214,0.012196,0.03976,0.0
3.5102E+03,-0.003214,0.012197,0.03976,0.0
3.5103E+03,-0.003214,0.012198,0.03976,0.0
3.5104E+03,-0.003214,0.012199,0.03976,0.0
3.5105E+03,-0.003214,0.012200,0.03976,0.0
3.5106E+03,-0.003214,0.012201,0.03976,0.0
3.5107E+03,-0.003214,0.012202,0.03976,0.0
3.5108E+03,-0.003214,0.012204,0.03976,0.0
3.5109E+03,-0.003214,0.012205,0.03976,0.0
3.5110E+03,-0.003214,0.012206,0.03976,0.0
3.5111E+03,-0.003214,0.012207,0.03976,0.0
3.5112E+03,-0.003214,0.012208,0.03976,0.0
3.5113E+03,-0.003214,0.012210,0.03976,0.0
3.5114E+03,-0.003214,0.012211,0.03976,0.0
3.5115E+03,-0.003214,0.012212,0.03976,0.0
3.5116E+03,-0.003214,0.012213,0.03976,0.0
3.5117E+03,-0.003214,-0.003380,0.03976,0.0
3.5118E+03,-0.003223,-0.003374,0.03976,0.0
3.5119E+03,-0.003356,-0.003291,0.03976,0.0
3.5120E+03,-0.004554,-0.002533,0.03976,0.0
3.5121E+03,-0.005757,-0.001772,0.03976,0.0
3.5122E+03,-0.007047,-0.000956,0.03976,0.0
3.5123E+03,-0.008300,-0.000164,0.03976,0.0
3.5124E+03,-0.009580,0.000646,0.03976,0.0
3.5125E+03,-0.010822,0.001431,0.03976,0.0
3.5126E+03,-0.012067,0.002219,0.03976,0.0
3.5127E+03,-0.013360,0.003036,0.03976,0.0
3.5128E+03,-0.014603,0.003822,0.03976,0.0
3.5129E+03,-0.015398,0.004325,0.03976,0.0
